bad2_1 252.0 884.0 901.0
bad2_2 259.0 851.0 901.0
bad2_3 199.0 563.0 901.0
bad2_4 261.0 793.0 901.0
bad2_5 270.0 974.0 901.0
bad2_6 269.0 805.0 901.0
bad3_1 293.0 1137.0 901.0
bad3_2 196.0 656.0 901.0
bad3_3 192.0 572.0 901.0
bad3_4 276.0 936.0 901.0
bad3_5 160.0 488.0 901.0
bad3_6 310.0 1166.0 1009.0
bad7_1 175.0 519.0 901.0
bad7_2 191.0 719.0 901.0
bad7_3 356.0 1536.0 901.0
bad7_4 240.0 892.0 901.0
bad7_5 321.0 1085.0 901.0
bad7_6 303.0 1211.0 901.0
bad8_1 312.0 912.0 1009.0
bad8_2 315.0 1131.0 1009.0
bad8_3 351.0 1263.0 1009.0
bad8_4 227.0 799.0 1009.0
bad8_5 297.0 913.0 901.0
bad8_6 221.0 685.0 901.0
bad12_1 310.0 978.0 1009.0
bad12_2 222.0 658.0 901.0
bad12_3 247.0 623.0 901.0
bad12_4 265.0 789.0 901.0
bad12_5 228.0 604.0 901.0
bad12_6 308.0 1152.0 1009.0
bad28_1 203.0 815.0 901.0
bad28_2 261.0 873.0 901.0
bad28_3 262.0 926.0 901.0
bad28_4 262.0 882.0 901.0
bad28_5 283.0 1099.0 901.0
bad28_6 327.0 1331.0 1009.0
bad34_1 226.0 726.0 901.0
bad34_2 335.0 1167.0 1009.0
bad34_3 213.0 557.0 901.0
bad34_4 317.0 1017.0 1009.0
bad34_5 211.0 599.0 901.0
bad34_6 339.0 1171.0 901.0
bad38_1 184.0 580.0 901.0
bad38_2 271.0 1163.0 901.0
bad38_3 288.0 736.0 901.0
bad38_4 193.0 529.0 901.0
bad38_5 311.0 915.0 901.0
bad38_6 376.0 1564.0 901.0
bad41_1 240.0 656.0 901.0
bad41_2 224.0 732.0 901.0
bad41_3 351.0 1123.0 1009.0
bad41_4 226.0 450.0 901.0
bad41_5 270.0 886.0 1009.0
bad41_6 321.0 1105.0 901.0
bad56_1 430.0 1434.0 1009.0
bad56_2 673.0 3085.0 901.0
bad56_3 241.0 849.0 901.0
bad56_4 295.0 915.0 1009.0
bad56_5 303.0 939.0 901.0
bad56_6 789.0 3545.0 1009.0
bad60_1 315.0 927.0 901.0
bad60_2 257.0 757.0 901.0
bad60_3 395.0 1427.0 901.0
bad60_4 234.0 574.0 901.0
bad60_5 296.0 1148.0 1009.0
bad60_6 209.0 729.0 901.0
bad62_1 354.0 1314.0 1009.0
bad62_2 306.0 982.0 901.0
bad62_3 337.0 1117.0 901.0
bad62_4 240.0 700.0 901.0
bad62_5 182.0 562.0 901.0
bad62_6 248.0 784.0 901.0
bad65_1 283.0 887.0 1009.0
bad65_2 276.0 792.0 901.0
bad65_3 240.0 564.0 901.0
bad65_4 263.0 743.0 901.0
bad65_5 323.0 1103.0 901.0
bad65_6 368.0 1352.0 1009.0
bad67_1 302.0 986.0 901.0
bad67_2 410.0 1270.0 1009.0
bad67_3 385.0 1233.0 901.0
bad67_4 266.0 718.0 901.0
bad67_5 480.0 1844.0 901.0
bad67_6 409.0 1349.0 1009.0
