good1_1 206.0 410.0 901.0
good1_2 257.0 813.0 1009.0
good1_3 146.0 338.0 901.0
good1_4 176.0 548.0 901.0
good1_5 209.0 401.0 901.0
good1_6 168.0 348.0 901.0
good2_1 249.0 913.0 1009.0
good2_2 125.0 341.0 901.0
good2_3 246.0 954.0 1009.0
good2_4 238.0 938.0 1009.0
good2_5 118.0 342.0 901.0
good2_6 181.0 661.0 1009.0
good3_1 143.0 435.0 901.0
good3_2 276.0 900.0 1009.0
good3_3 241.0 637.0 901.0
good3_4 105.0 209.0 901.0
good3_5 230.0 654.0 901.0
good3_6 265.0 789.0 1009.0
good4_1 298.0 890.0 1009.0
good4_2 268.0 852.0 1009.0
good4_3 319.0 971.0 1009.0
good4_4 245.0 1009.0 1009.0
good4_5 155.0 463.0 901.0
good4_6 153.0 577.0 901.0
good5_1 201.0 521.0 901.0
good5_2 237.0 705.0 901.0
good5_3 372.0 840.0 901.0
good5_4 314.0 938.0 1009.0
good5_5 337.0 789.0 901.0
good5_6 278.0 1114.0 1009.0
good6_1 163.0 563.0 901.0
good6_2 312.0 1032.0 1009.0
good6_3 226.0 814.0 1009.0
good6_4 179.0 423.0 901.0
good6_5 196.0 440.0 901.0
good6_6 309.0 969.0 1009.0
good7_1 194.0 466.0 901.0
good7_2 332.0 1044.0 1009.0
good7_3 284.0 932.0 1009.0
good7_4 272.0 884.0 1009.0
good7_5 303.0 943.0 1009.0
good7_6 313.0 1133.0 1009.0
good8_1 187.0 555.0 901.0
good8_2 228.0 640.0 901.0
good8_3 234.0 574.0 901.0
good8_4 337.0 1005.0 1009.0
good8_5 158.0 378.0 901.0
good8_6 261.0 917.0 1009.0
good9_1 243.0 623.0 901.0
good9_2 244.0 636.0 901.0
good9_3 213.0 497.0 901.0
good9_4 148.0 460.0 901.0
good9_5 245.0 593.0 901.0
good9_6 122.0 330.0 901.0
good10_1 401.0 1057.0 1009.0
good10_2 243.0 495.0 901.0
good10_3 144.0 492.0 901.0
good10_4 336.0 988.0 1009.0
good10_5 159.0 367.0 901.0
good10_6 293.0 1029.0 1009.0
good11_1 140.0 508.0 901.0
good11_2 230.0 718.0 901.0
good11_3 205.0 505.0 901.0
good11_4 235.0 863.0 901.0
good11_5 208.0 604.0 901.0
good11_6 270.0 922.0 901.0
good12_1 308.0 896.0 1009.0
good12_2 181.0 473.0 901.0
good12_3 292.0 764.0 901.0
good12_4 199.0 451.0 901.0
good12_5 397.0 1217.0 1009.0
good12_6 353.0 1201.0 1009.0
good13_1 233.0 557.0 901.0
good13_2 180.0 384.0 901.0
good13_3 235.0 731.0 901.0
good13_4 148.0 428.0 901.0
good13_5 212.0 540.0 901.0
good13_6 360.0 1144.0 1009.0
good14_1 275.0 867.0 1009.0
good14_2 234.0 558.0 901.0
good14_3 178.0 558.0 901.0
good14_4 342.0 1122.0 1009.0
good14_5 363.0 1031.0 1009.0
good14_6 247.0 663.0 901.0
good15_1 206.0 422.0 901.0
good15_2 189.0 481.0 901.0
good15_3 349.0 977.0 1009.0
good15_4 263.0 655.0 901.0
good15_5 259.0 727.0 901.0
good15_6 281.0 757.0 901.0
good16_1 160.0 460.0 901.0
good16_2 240.0 540.0 901.0
good16_3 163.0 419.0 901.0
good16_4 180.0 428.0 901.0
good16_5 202.0 410.0 901.0
good16_6 288.0 924.0 1009.0
good17_1 248.0 796.0 901.0
good17_2 315.0 983.0 1009.0
good17_3 284.0 1064.0 1009.0
good17_4 264.0 824.0 1009.0
good17_5 285.0 1001.0 1009.0
good17_6 256.0 864.0 1009.0
good18_1 154.0 438.0 901.0
good18_2 257.0 809.0 1009.0
good18_3 198.0 538.0 901.0
good18_4 303.0 1019.0 901.0
good18_5 165.0 477.0 901.0
good18_6 115.0 331.0 901.0
good19_1 204.0 680.0 901.0
good19_2 360.0 1152.0 1009.0
good19_3 222.0 690.0 901.0
good19_4 192.0 480.0 901.0
good19_5 284.0 840.0 1009.0
good19_6 245.0 637.0 901.0
good20_1 199.0 419.0 901.0
good20_2 204.0 568.0 901.0
good20_3 328.0 1016.0 1009.0
good20_4 335.0 1175.0 1009.0
good20_5 177.0 489.0 901.0
good20_6 219.0 867.0 1009.0
good21_1 112.0 304.0 901.0
good21_2 235.0 819.0 1009.0
good21_3 266.0 874.0 1009.0
good21_4 192.0 508.0 901.0
good21_5 156.0 488.0 901.0
good21_6 133.0 269.0 901.0
good22_1 142.0 430.0 901.0
good22_2 247.0 815.0 901.0
good22_3 115.0 343.0 901.0
good22_4 322.0 962.0 1009.0
good22_5 233.0 777.0 1009.0
good22_6 228.0 712.0 901.0
good23_1 209.0 597.0 901.0
good23_2 270.0 838.0 901.0
good23_3 157.0 365.0 901.0
good23_4 359.0 1251.0 901.0
good23_5 120.0 400.0 901.0
good23_6 357.0 1145.0 1009.0
good24_1 177.0 553.0 901.0
good24_2 294.0 938.0 1009.0
good24_3 227.0 563.0 901.0
good24_4 179.0 487.0 901.0
good24_5 192.0 556.0 901.0
good24_6 191.0 419.0 901.0
good25_1 286.0 946.0 1009.0
good25_2 182.0 546.0 901.0
good25_3 246.0 734.0 901.0
good25_4 174.0 546.0 901.0
good25_5 238.0 962.0 901.0
good25_6 207.0 615.0 901.0
good27_1 382.0 1538.0 1009.0
good27_2 286.0 1018.0 1009.0
good27_3 345.0 1457.0 901.0
good27_4 265.0 1029.0 901.0
good27_5 275.0 1023.0 901.0
good27_6 282.0 1014.0 1009.0
good28_1 189.0 645.0 901.0
good28_2 198.0 558.0 901.0
good28_3 259.0 911.0 901.0
good28_4 327.0 1071.0 1009.0
good28_5 259.0 1071.0 901.0
good28_6 290.0 862.0 901.0
good29_1 142.0 434.0 901.0
good29_2 352.0 1160.0 1009.0
good29_3 302.0 1210.0 1009.0
good29_4 198.0 562.0 901.0
good29_5 172.0 564.0 901.0
good29_6 296.0 1052.0 1009.0
good30_1 371.0 1287.0 1009.0
good30_2 324.0 936.0 901.0
good30_3 198.0 522.0 901.0
good30_4 248.0 876.0 901.0
good30_5 235.0 731.0 1009.0
good30_6 173.0 513.0 901.0
good31_1 161.0 517.0 901.0
good31_2 177.0 429.0 901.0
good31_3 139.0 391.0 901.0
good31_4 222.0 546.0 901.0
good31_5 202.0 622.0 901.0
good31_6 268.0 728.0 901.0
good32_1 171.0 471.0 901.0
good32_2 251.0 611.0 901.0
good32_3 280.0 996.0 1009.0
good32_4 330.0 1106.0 1009.0
good32_5 137.0 501.0 901.0
good32_6 434.0 1410.0 1009.0
good33_1 157.0 573.0 901.0
good33_2 267.0 951.0 1009.0
good33_3 275.0 1047.0 901.0
good33_4 244.0 840.0 901.0
good33_5 452.0 1688.0 901.0
good33_6 215.0 531.0 901.0
good34_1 357.0 1221.0 1009.0
good34_2 185.0 493.0 901.0
good34_3 198.0 422.0 901.0
good34_4 180.0 492.0 901.0
good34_5 181.0 517.0 901.0
good34_6 167.0 359.0 901.0
good35_1 384.0 1320.0 1009.0
good35_2 302.0 1202.0 901.0
good35_3 273.0 877.0 901.0
good35_4 235.0 735.0 901.0
good35_5 216.0 664.0 901.0
good35_6 400.0 1528.0 1009.0
good36_1 162.0 322.0 901.0
good36_2 216.0 640.0 901.0
good36_3 132.0 336.0 901.0
good36_4 268.0 932.0 1009.0
good36_5 218.0 718.0 901.0
good36_6 211.0 555.0 901.0
good37_1 310.0 1174.0 901.0
good37_2 334.0 1254.0 901.0
good37_3 210.0 642.0 901.0
good37_4 256.0 868.0 1009.0
good37_5 182.0 522.0 901.0
good37_6 235.0 723.0 901.0
good38_1 253.0 857.0 1009.0
good38_2 203.0 607.0 901.0
good38_3 268.0 856.0 901.0
good38_4 251.0 731.0 901.0
good38_5 223.0 707.0 901.0
good38_6 303.0 975.0 1009.0
good39_1 185.0 637.0 901.0
good39_2 196.0 512.0 901.0
good39_3 270.0 970.0 901.0
good39_4 245.0 925.0 901.0
good39_5 204.0 652.0 901.0
good39_6 116.0 288.0 901.0
good40_1 242.0 558.0 901.0
good40_2 230.0 602.0 901.0
good40_3 353.0 1253.0 1009.0
good40_4 371.0 1219.0 1009.0
good40_5 297.0 1037.0 901.0
good40_6 227.0 579.0 901.0
good41_1 142.0 482.0 901.0
good41_2 222.0 586.0 901.0
good41_3 231.0 611.0 901.0
good41_4 287.0 827.0 1009.0
good41_5 265.0 837.0 1009.0
good41_6 153.0 393.0 901.0
good42_1 333.0 1437.0 1009.0
good42_2 166.0 562.0 901.0
good42_3 248.0 980.0 1009.0
good42_4 204.0 568.0 901.0
good42_5 234.0 726.0 901.0
good42_6 277.0 925.0 1009.0
good43_1 314.0 950.0 1009.0
good43_2 198.0 594.0 901.0
good43_3 208.0 444.0 901.0
good43_4 154.0 390.0 901.0
good43_5 335.0 1123.0 1009.0
good43_6 279.0 887.0 1009.0
good44_1 216.0 716.0 901.0
good44_2 120.0 348.0 901.0
good44_3 297.0 1101.0 1009.0
good44_4 198.0 622.0 901.0
good44_5 187.0 667.0 901.0
good44_6 161.0 377.0 901.0
good45_1 182.0 482.0 901.0
good45_2 221.0 465.0 901.0
good45_3 376.0 1256.0 1009.0
good45_4 186.0 434.0 901.0
good45_5 174.0 442.0 901.0
good45_6 265.0 725.0 901.0
good47_1 293.0 1105.0 1009.0
good47_2 217.0 833.0 1009.0
good47_3 149.0 549.0 901.0
good47_4 156.0 424.0 901.0
good47_5 182.0 590.0 901.0
good47_6 142.0 418.0 901.0
good48_1 233.0 757.0 901.0
good48_2 391.0 1587.0 901.0
good48_3 296.0 1176.0 1009.0
good48_4 246.0 714.0 901.0
good48_5 341.0 1429.0 1009.0
good48_6 175.0 583.0 901.0
good49_1 211.0 579.0 901.0
good49_2 326.0 1146.0 901.0
good49_3 287.0 955.0 1009.0
good49_4 157.0 449.0 901.0
good49_5 168.0 336.0 901.0
good49_6 322.0 1090.0 1009.0
good50_1 219.0 667.0 901.0
good50_2 223.0 707.0 901.0
good50_3 304.0 972.0 1009.0
good50_4 307.0 1015.0 901.0
good50_5 258.0 930.0 901.0
good50_6 245.0 821.0 901.0
good52_1 212.0 676.0 901.0
good52_2 212.0 580.0 901.0
good52_3 328.0 1188.0 1009.0
good52_4 232.0 784.0 901.0
good52_5 300.0 808.0 901.0
good52_6 183.0 527.0 901.0
good53_1 330.0 1202.0 1009.0
good53_2 301.0 941.0 901.0
good53_3 296.0 980.0 901.0
good53_4 179.0 519.0 901.0
good53_5 179.0 491.0 901.0
good53_6 165.0 501.0 901.0
good54_1 232.0 940.0 901.0
good54_2 295.0 1083.0 901.0
good54_3 304.0 1020.0 1009.0
good54_4 411.0 1719.0 1009.0
good54_5 328.0 1168.0 1009.0
good54_6 292.0 1132.0 901.0
good55_1 219.0 651.0 901.0
good55_2 331.0 1311.0 901.0
good55_3 340.0 1436.0 1009.0
good55_4 403.0 1443.0 1009.0
good55_5 317.0 1317.0 901.0
good55_6 441.0 1757.0 901.0
good56_1 309.0 1085.0 1009.0
good56_2 275.0 787.0 901.0
good56_3 252.0 928.0 1009.0
good56_4 305.0 965.0 1009.0
good56_5 261.0 753.0 901.0
good56_6 175.0 415.0 901.0
good57_1 253.0 785.0 901.0
good57_2 241.0 569.0 901.0
good57_3 237.0 641.0 901.0
good57_4 182.0 498.0 901.0
good57_5 321.0 977.0 1009.0
good57_6 188.0 436.0 901.0
good58_1 271.0 895.0 901.0
good58_2 344.0 1332.0 901.0
good58_3 229.0 841.0 901.0
good58_4 318.0 1178.0 1009.0
good58_5 349.0 1237.0 1009.0
good58_6 305.0 1017.0 1009.0
good60_1 346.0 1290.0 901.0
good60_2 373.0 1381.0 901.0
good60_3 344.0 1264.0 1009.0
good60_4 317.0 1109.0 901.0
good60_5 350.0 1278.0 1009.0
good60_6 268.0 928.0 901.0
good61_1 305.0 997.0 901.0
good61_2 291.0 903.0 1009.0
good61_3 251.0 907.0 901.0
good61_4 216.0 620.0 901.0
good61_5 250.0 778.0 901.0
good61_6 223.0 551.0 901.0
good62_1 281.0 1041.0 1009.0
good62_2 381.0 1457.0 1009.0
good62_3 269.0 1149.0 901.0
good62_4 304.0 972.0 1009.0
good62_5 291.0 1103.0 901.0
good62_6 347.0 1287.0 1009.0
good63_1 182.0 558.0 901.0
good63_2 198.0 518.0 901.0
good63_3 358.0 1186.0 1009.0
good63_4 404.0 1364.0 1009.0
good63_5 232.0 500.0 901.0
good63_6 244.0 688.0 901.0
good65_1 380.0 1496.0 901.0
good65_2 199.0 655.0 901.0
good65_3 325.0 1217.0 1009.0
good65_4 380.0 1548.0 901.0
good65_5 198.0 622.0 901.0
good65_6 235.0 891.0 901.0
good67_1 238.0 586.0 901.0
good67_2 156.0 488.0 901.0
good67_3 341.0 1257.0 1009.0
good67_4 358.0 1154.0 1009.0
good67_5 280.0 1048.0 1009.0
good67_6 254.0 790.0 901.0
good69_1 260.0 828.0 901.0
good69_2 190.0 550.0 901.0
good69_3 273.0 1041.0 1009.0
good69_4 151.0 431.0 901.0
good69_5 317.0 1201.0 1009.0
good69_6 245.0 877.0 1009.0
good70_1 330.0 890.0 901.0
good70_2 231.0 643.0 901.0
good70_3 350.0 1254.0 1009.0
good70_4 160.0 460.0 901.0
good70_5 209.0 481.0 901.0
good70_6 268.0 888.0 1009.0
