good1_1 136.0 312.0 901.0
good1_2 189.0 281.0 901.0
good1_3 155.0 515.0 901.0
good1_4 141.0 373.0 901.0
good1_5 104.0 176.0 901.0
good1_6 249.0 349.0 901.0
good3_1 185.0 469.0 901.0
good3_2 311.0 547.0 901.0
good3_3 143.0 351.0 901.0
good3_4 231.0 443.0 901.0
good3_5 114.0 370.0 901.0
good3_6 269.0 417.0 901.0
good5_1 111.0 223.0 901.0
good5_2 340.0 652.0 901.0
good5_3 120.0 436.0 901.0
good5_4 311.0 675.0 901.0
good5_5 179.0 323.0 901.0
good5_6 239.0 527.0 901.0
good6_1 221.0 405.0 901.0
good6_2 124.0 248.0 901.0
good6_3 167.0 263.0 901.0
good6_4 134.0 302.0 901.0
good6_5 110.0 282.0 901.0
good6_6 192.0 228.0 901.0
good7_1 187.0 455.0 901.0
good7_2 172.0 340.0 901.0
good7_3 103.0 215.0 901.0
good7_4 200.0 432.0 901.0
good7_5 216.0 508.0 901.0
good7_6 172.0 404.0 901.0
good8_1 111.0 215.0 901.0
good8_2 182.0 350.0 901.0
good8_3 133.0 413.0 901.0
good8_4 225.0 473.0 901.0
good8_5 149.0 241.0 901.0
good8_6 188.0 384.0 901.0
good9_1 152.0 244.0 901.0
good9_2 241.0 489.0 901.0
good9_3 113.0 309.0 901.0
good9_4 209.0 573.0 901.0
good9_5 201.0 257.0 901.0
good9_6 200.0 476.0 901.0
good10_1 192.0 336.0 901.0
good10_2 325.0 661.0 901.0
good10_3 246.0 422.0 901.0
good10_4 213.0 357.0 901.0
good10_5 83.0 159.0 901.0
good10_6 292.0 376.0 901.0
good11_1 182.0 382.0 901.0
good11_2 350.0 606.0 901.0
good11_3 225.0 697.0 901.0
good11_4 211.0 375.0 901.0
good11_5 138.0 346.0 901.0
good11_6 284.0 560.0 901.0
good12_1 252.0 400.0 901.0
good12_2 353.0 669.0 901.0
good12_3 180.0 308.0 901.0
good12_4 296.0 460.0 901.0
good12_5 92.0 200.0 901.0
good12_6 199.0 295.0 901.0
good13_1 99.0 219.0 901.0
good13_2 143.0 235.0 901.0
good13_3 119.0 331.0 901.0
good13_4 209.0 441.0 901.0
good13_5 211.0 455.0 901.0
good13_6 245.0 521.0 901.0
good14_1 242.0 386.0 901.0
good14_2 391.0 751.0 901.0
good14_3 199.0 403.0 901.0
good14_4 197.0 441.0 901.0
good14_5 135.0 387.0 901.0
good14_6 197.0 397.0 901.0
good15_1 281.0 581.0 901.0
good15_2 172.0 360.0 901.0
good15_3 168.0 248.0 901.0
good15_4 123.0 207.0 901.0
good15_5 112.0 344.0 901.0
good15_6 206.0 426.0 901.0
good16_1 206.0 350.0 901.0
good16_2 231.0 407.0 901.0
good16_3 175.0 371.0 901.0
good16_4 129.0 205.0 901.0
good16_5 104.0 284.0 901.0
good16_6 205.0 361.0 901.0
good17_1 272.0 684.0 901.0
good17_2 344.0 800.0 901.0
good17_3 147.0 243.0 901.0
good17_4 264.0 524.0 901.0
good17_5 130.0 314.0 901.0
good17_6 241.0 549.0 901.0
good18_1 106.0 334.0 901.0
good18_2 154.0 254.0 901.0
good18_3 124.0 292.0 901.0
good18_4 212.0 440.0 901.0
good18_5 125.0 189.0 901.0
good18_6 162.0 358.0 901.0
good19_1 228.0 464.0 901.0
good19_2 274.0 442.0 901.0
good19_3 155.0 435.0 901.0
good19_4 206.0 342.0 901.0
good19_5 117.0 221.0 901.0
good19_6 253.0 445.0 901.0
good20_1 145.0 413.0 901.0
good20_2 217.0 457.0 901.0
good20_3 161.0 545.0 901.0
good20_4 186.0 374.0 901.0
good20_5 173.0 297.0 901.0
good20_6 212.0 476.0 901.0
good21_1 274.0 590.0 901.0
good21_2 248.0 364.0 901.0
good21_3 138.0 290.0 901.0
good21_4 282.0 514.0 901.0
good21_5 84.0 240.0 901.0
good21_6 269.0 653.0 901.0
good22_1 298.0 566.0 901.0
good22_2 349.0 513.0 901.0
good22_3 135.0 175.0 901.0
good22_4 193.0 265.0 901.0
good22_5 163.0 547.0 901.0
good22_6 226.0 442.0 901.0
good23_1 90.0 314.0 901.0
good23_2 126.0 218.0 901.0
good23_3 144.0 392.0 901.0
good23_4 99.0 199.0 901.0
good23_5 246.0 506.0 901.0
good23_6 217.0 473.0 901.0
good24_1 136.0 364.0 901.0
good24_2 190.0 470.0 901.0
good24_3 89.0 285.0 901.0
good24_4 119.0 263.0 901.0
good24_5 115.0 275.0 901.0
good24_6 149.0 321.0 901.0
good25_1 199.0 435.0 901.0
good25_2 214.0 554.0 901.0
good25_3 157.0 457.0 901.0
good25_4 221.0 473.0 901.0
good25_5 127.0 207.0 901.0
good25_6 222.0 518.0 901.0
good27_1 173.0 509.0 901.0
good27_2 339.0 1367.0 901.0
good27_3 214.0 718.0 901.0
good27_4 298.0 1030.0 901.0
good27_5 126.0 426.0 901.0
good27_6 209.0 485.0 901.0
good28_1 128.0 208.0 901.0
good28_2 241.0 709.0 901.0
good28_3 196.0 364.0 901.0
good28_4 291.0 935.0 901.0
good28_5 182.0 458.0 901.0
good28_6 175.0 411.0 901.0
good29_1 160.0 356.0 901.0
good29_2 229.0 609.0 901.0
good29_3 168.0 388.0 901.0
good29_4 227.0 563.0 901.0
good29_5 129.0 261.0 901.0
good29_6 226.0 314.0 901.0
good30_1 283.0 719.0 901.0
good30_2 271.0 535.0 901.0
good30_3 149.0 241.0 901.0
good30_4 146.0 266.0 901.0
good30_5 109.0 241.0 901.0
good30_6 194.0 442.0 901.0
good31_1 118.0 294.0 901.0
good31_2 187.0 359.0 901.0
good31_3 164.0 512.0 901.0
good31_4 193.0 293.0 901.0
good31_5 137.0 353.0 901.0
good31_6 207.0 419.0 901.0
good32_1 49.0 109.0 901.0
good32_2 175.0 339.0 901.0
good32_3 124.0 316.0 901.0
good32_4 161.0 393.0 901.0
good32_5 142.0 370.0 901.0
good32_6 218.0 478.0 901.0
good33_1 139.0 395.0 901.0
good33_2 279.0 895.0 901.0
good33_3 82.0 182.0 901.0
good33_4 251.0 623.0 901.0
good33_5 146.0 382.0 901.0
good33_6 252.0 620.0 901.0
good34_1 136.0 284.0 901.0
good34_2 129.0 229.0 901.0
good34_3 156.0 340.0 901.0
good34_4 167.0 355.0 901.0
good34_5 256.0 480.0 901.0
good34_6 214.0 442.0 901.0
good35_1 181.0 409.0 901.0
good35_2 334.0 810.0 901.0
good35_3 118.0 234.0 901.0
good35_4 206.0 622.0 901.0
good35_5 168.0 476.0 901.0
good35_6 260.0 680.0 901.0
good36_1 121.0 201.0 901.0
good36_2 265.0 701.0 901.0
good36_3 106.0 318.0 901.0
good36_4 211.0 487.0 901.0
good36_5 114.0 222.0 901.0
good36_6 237.0 621.0 901.0
good37_1 255.0 691.0 901.0
good37_2 271.0 507.0 901.0
good37_3 206.0 454.0 901.0
good37_4 244.0 568.0 901.0
good37_5 187.0 387.0 901.0
good37_6 309.0 653.0 901.0
good38_1 146.0 370.0 901.0
good38_2 152.0 356.0 901.0
good38_3 165.0 449.0 901.0
good38_4 228.0 504.0 901.0
good38_5 136.0 228.0 901.0
good38_6 191.0 391.0 901.0
good39_1 77.0 193.0 901.0
good39_2 301.0 813.0 901.0
good39_3 76.0 160.0 901.0
good39_4 264.0 748.0 901.0
good39_5 130.0 362.0 901.0
good39_6 177.0 361.0 901.0
good40_1 176.0 396.0 901.0
good40_2 182.0 474.0 901.0
good40_3 213.0 425.0 901.0
good40_4 236.0 648.0 901.0
good40_5 182.0 326.0 901.0
good40_6 190.0 390.0 901.0
good41_1 123.0 323.0 901.0
good41_2 217.0 401.0 901.0
good41_3 126.0 362.0 901.0
good41_4 133.0 325.0 901.0
good41_5 125.0 245.0 901.0
good41_6 116.0 328.0 901.0
good42_1 220.0 556.0 901.0
good42_2 203.0 407.0 901.0
good42_3 122.0 298.0 901.0
good42_4 147.0 287.0 901.0
good42_5 131.0 279.0 901.0
good42_6 180.0 400.0 901.0
good43_1 102.0 266.0 901.0
good43_2 164.0 372.0 901.0
good43_3 85.0 221.0 901.0
good43_4 237.0 465.0 901.0
good43_5 114.0 206.0 901.0
good43_6 202.0 450.0 901.0
good44_1 215.0 627.0 901.0
good44_2 233.0 481.0 901.0
good44_3 171.0 531.0 901.0
good44_4 203.0 619.0 901.0
good44_5 79.0 195.0 901.0
good44_6 130.0 162.0 901.0
good45_1 148.0 364.0 901.0
good45_2 119.0 215.0 901.0
good45_3 180.0 568.0 901.0
good45_4 189.0 349.0 901.0
good45_5 129.0 249.0 901.0
good45_6 229.0 457.0 901.0
good46_1 275.0 723.0 901.0
good46_2 290.0 766.0 901.0
good46_3 250.0 594.0 901.0
good46_4 277.0 897.0 901.0
good46_5 135.0 343.0 901.0
good46_6 273.0 881.0 901.0
good47_1 118.0 270.0 901.0
good47_2 203.0 559.0 901.0
good47_3 230.0 586.0 901.0
good47_4 206.0 458.0 901.0
good47_5 166.0 334.0 901.0
good47_6 162.0 230.0 901.0
good48_1 231.0 571.0 901.0
good48_2 200.0 476.0 901.0
good48_3 271.0 747.0 901.0
good48_4 200.0 516.0 901.0
good48_5 177.0 561.0 901.0
good48_6 202.0 490.0 901.0
good49_1 158.0 362.0 901.0
good49_2 171.0 387.0 901.0
good49_3 151.0 319.0 901.0
good49_4 244.0 488.0 901.0
good49_5 141.0 449.0 901.0
good49_6 155.0 267.0 901.0
good50_1 141.0 305.0 901.0
good50_2 242.0 622.0 901.0
good50_3 152.0 360.0 901.0
good50_4 117.0 329.0 901.0
good50_5 201.0 749.0 901.0
good50_6 196.0 464.0 901.0
good51_1 162.0 358.0 901.0
good51_2 291.0 731.0 901.0
good51_3 154.0 354.0 901.0
good51_4 211.0 431.0 901.0
good51_5 272.0 580.0 901.0
good51_6 189.0 469.0 901.0
good52_1 97.0 213.0 901.0
good52_2 222.0 482.0 901.0
good52_3 162.0 466.0 901.0
good52_4 203.0 411.0 901.0
good52_5 153.0 345.0 901.0
good52_6 244.0 480.0 901.0
good53_1 201.0 497.0 901.0
good53_2 345.0 877.0 901.0
good53_3 115.0 303.0 901.0
good53_4 206.0 314.0 901.0
good53_5 150.0 354.0 901.0
good53_6 130.0 278.0 901.0
good54_1 132.0 436.0 901.0
good54_2 287.0 747.0 901.0
good54_3 242.0 666.0 901.0
good54_4 193.0 441.0 901.0
good54_5 217.0 681.0 901.0
good54_6 240.0 636.0 901.0
good55_1 179.0 443.0 901.0
good55_2 215.0 467.0 901.0
good55_3 174.0 350.0 901.0
good55_4 267.0 623.0 901.0
good55_5 186.0 538.0 901.0
good55_6 199.0 487.0 901.0
good56_1 241.0 669.0 901.0
good56_2 153.0 349.0 901.0
good56_3 194.0 386.0 901.0
good56_4 148.0 252.0 901.0
good56_5 191.0 467.0 901.0
good56_6 202.0 458.0 901.0
good57_1 244.0 528.0 901.0
good57_2 271.0 519.0 901.0
good57_3 160.0 456.0 901.0
good57_4 146.0 366.0 901.0
good57_5 88.0 280.0 901.0
good57_6 158.0 354.0 901.0
good58_1 172.0 392.0 901.0
good58_2 214.0 462.0 901.0
good58_3 94.0 226.0 901.0
good58_4 155.0 511.0 901.0
good58_5 210.0 474.0 901.0
good58_6 192.0 448.0 901.0
good59_1 120.0 328.0 901.0
good59_2 289.0 673.0 901.0
good59_3 163.0 511.0 901.0
good59_4 287.0 667.0 901.0
good59_5 157.0 325.0 901.0
good59_6 200.0 452.0 901.0
good60_1 266.0 818.0 901.0
good60_2 255.0 675.0 901.0
good60_3 256.0 860.0 901.0
good60_4 266.0 934.0 901.0
good60_5 319.0 987.0 901.0
good60_6 192.0 492.0 901.0
good61_1 166.0 370.0 901.0
good61_2 214.0 678.0 901.0
good61_3 123.0 291.0 901.0
good61_4 242.0 574.0 901.0
good61_5 110.0 314.0 901.0
good61_6 95.0 215.0 901.0
good62_1 113.0 233.0 901.0
good62_2 228.0 480.0 901.0
good62_3 196.0 452.0 901.0
good62_4 278.0 510.0 901.0
good62_5 165.0 301.0 901.0
good62_6 282.0 802.0 901.0
good63_1 171.0 251.0 901.0
good63_2 165.0 281.0 901.0
good63_3 236.0 424.0 901.0
good63_4 214.0 498.0 901.0
good63_5 160.0 324.0 901.0
good63_6 254.0 498.0 901.0
good64_1 94.0 226.0 901.0
good64_2 143.0 319.0 901.0
good64_3 212.0 456.0 901.0
good64_4 239.0 515.0 901.0
good64_5 150.0 362.0 901.0
good64_6 265.0 433.0 901.0
good65_1 264.0 824.0 901.0
good65_2 164.0 440.0 901.0
good65_3 314.0 962.0 901.0
good65_4 230.0 454.0 901.0
good65_5 216.0 692.0 901.0
good65_6 171.0 531.0 901.0
good66_1 151.0 335.0 901.0
good66_2 200.0 520.0 901.0
good66_3 155.0 335.0 901.0
good66_4 118.0 242.0 901.0
good66_5 149.0 489.0 901.0
good66_6 188.0 376.0 901.0
good67_1 187.0 427.0 901.0
good67_2 126.0 274.0 901.0
good67_3 131.0 299.0 901.0
good67_4 216.0 584.0 901.0
good67_5 158.0 318.0 901.0
good67_6 216.0 504.0 901.0
good68_1 310.0 1182.0 901.0
good68_2 138.0 346.0 901.0
good68_3 277.0 929.0 901.0
good68_4 226.0 534.0 901.0
good68_5 293.0 993.0 901.0
good68_6 372.0 1032.0 901.0
good69_1 193.0 569.0 901.0
good69_2 172.0 432.0 901.0
good69_3 150.0 274.0 901.0
good69_4 163.0 339.0 901.0
good69_5 176.0 464.0 901.0
good69_6 138.0 286.0 901.0
good70_1 139.0 387.0 901.0
good70_2 245.0 521.0 901.0
good70_3 146.0 398.0 901.0
good70_4 143.0 375.0 901.0
good70_5 246.0 498.0 901.0
good70_6 124.0 356.0 901.0
