bad2_1 207.0 819.0 901.0
bad2_2 177.0 771.0 901.0
bad2_3 216.0 576.0 901.0
bad2_4 335.0 1523.0 1009.0
bad2_5 296.0 1853.0 1009.0
bad2_6 252.0 1287.0 1009.0
bad3_1 331.0 2671.0 1009.0
bad3_2 146.0 758.0 901.0
bad3_3 295.0 1690.0 901.0
bad3_4 240.0 1095.0 901.0
bad3_5 121.0 670.0 901.0
bad3_6 286.0 1087.0 901.0
bad7_1 217.0 658.0 901.0
bad7_2 339.0 2058.0 901.0
bad7_3 256.0 1300.0 901.0
bad7_4 342.0 1404.0 901.0
bad7_5 265.0 1408.0 901.0
bad7_6 415.0 2593.0 1009.0
bad8_1 262.0 1072.0 1009.0
bad8_2 234.0 675.0 901.0
bad8_3 310.0 1516.0 1009.0
bad8_4 231.0 618.0 901.0
bad8_5 191.0 713.0 901.0
bad8_6 129.0 579.0 901.0
bad12_1 255.0 1407.0 1009.0
bad12_2 264.0 1335.0 1009.0
bad12_3 332.0 1709.0 1009.0
bad12_4 193.0 742.0 901.0
bad12_5 163.0 649.0 901.0
bad12_6 298.0 1963.0 1009.0
bad16_1 123.0 483.0 901.0
bad16_2 204.0 843.0 901.0
bad16_3 270.0 1593.0 1009.0
bad16_4 253.0 1612.0 1009.0
bad16_5 305.0 1934.0 1009.0
bad16_6 264.0 1587.0 1009.0
bad18_1 317.0 1685.0 1009.0
bad18_2 282.0 1389.0 1009.0
bad18_3 254.0 839.0 901.0
bad18_4 329.0 1238.0 901.0
bad18_5 211.0 913.0 901.0
bad18_6 365.0 1454.0 901.0
bad19_1 323.0 2123.0 1009.0
bad19_2 301.0 1687.0 1009.0
bad19_3 385.0 2095.0 1009.0
bad19_4 208.0 847.0 901.0
bad19_5 365.0 1823.0 1009.0
bad19_6 212.0 968.0 901.0
bad22_1 201.0 1128.0 1009.0
bad22_2 212.0 671.0 901.0
bad22_3 120.0 534.0 901.0
bad22_4 288.0 882.0 901.0
bad22_5 178.0 349.0 901.0
bad22_6 175.0 634.0 901.0
bad23_1 199.0 649.0 901.0
bad23_2 136.0 451.0 901.0
bad23_3 260.0 1511.0 1009.0
bad23_4 232.0 1213.0 1009.0
bad23_5 253.0 1513.0 1009.0
bad23_6 321.0 2049.0 1009.0
bad24_1 89.0 413.0 901.0
bad24_2 188.0 305.0 901.0
bad24_3 169.0 556.0 901.0
bad24_4 257.0 1436.0 1009.0
bad24_5 159.0 330.0 901.0
bad24_6 231.0 798.0 901.0
bad28_1 212.0 1490.0 901.0
bad28_2 225.0 1026.0 901.0
bad28_3 239.0 1373.0 901.0
bad28_4 248.0 1391.0 901.0
bad28_5 159.0 960.0 901.0
bad28_6 275.0 1625.0 1009.0
bad34_1 194.0 950.0 1009.0
bad34_2 127.0 379.0 901.0
bad34_3 190.0 910.0 901.0
bad34_4 219.0 597.0 901.0
bad34_5 269.0 1385.0 1009.0
bad34_6 404.0 1871.0 1009.0
bad36_1 366.0 2571.0 1009.0
bad36_2 412.0 2725.0 1009.0
bad36_3 363.0 2253.0 1009.0
bad36_4 287.0 1736.0 1009.0
bad36_5 264.0 1767.0 1009.0
bad36_6 318.0 921.0 901.0
bad38_1 217.0 1333.0 901.0
bad38_2 299.0 668.0 901.0
bad38_3 163.0 856.0 901.0
bad38_4 298.0 1180.0 901.0
bad38_5 333.0 2637.0 1009.0
bad38_6 355.0 2317.0 901.0
bad41_1 163.0 604.0 901.0
bad41_2 294.0 1410.0 1009.0
bad41_3 247.0 1408.0 1009.0
bad41_4 178.0 700.0 901.0
bad41_5 150.0 834.0 901.0
bad41_6 295.0 1546.0 1009.0
bad43_1 298.0 1450.0 901.0
bad43_2 526.0 2839.0 1009.0
bad43_3 294.0 1698.0 901.0
bad43_4 253.0 1009.0 901.0
bad43_5 432.0 2889.0 1009.0
bad43_6 282.0 1587.0 1009.0
bad56_1 222.0 1086.0 901.0
bad56_2 222.0 1275.0 901.0
bad56_3 245.0 1397.0 1009.0
bad56_4 262.0 919.0 901.0
bad56_5 691.0 6028.0 1009.0
bad56_6 732.0 6114.0 1009.0
bad58_1 315.0 2052.0 901.0
bad58_2 563.0 3317.0 901.0
bad58_3 379.0 1936.0 1009.0
bad58_4 397.0 2863.0 901.0
bad58_5 302.0 941.0 901.0
bad58_6 441.0 2286.0 1009.0
bad59_1 307.0 1675.0 1009.0
bad59_2 413.0 2051.0 1009.0
bad59_3 243.0 810.0 901.0
bad59_4 213.0 600.0 901.0
bad59_5 179.0 683.0 901.0
bad59_6 319.0 1507.0 1009.0
bad60_1 129.0 759.0 901.0
bad60_2 259.0 1123.0 901.0
bad60_3 164.0 812.0 901.0
bad60_4 250.0 1393.0 901.0
bad60_5 215.0 836.0 901.0
bad60_6 240.0 1716.0 1009.0
bad62_1 179.0 881.0 901.0
bad62_2 230.0 842.0 901.0
bad62_3 177.0 897.0 901.0
bad62_4 275.0 1814.0 1009.0
bad62_5 317.0 1856.0 901.0
bad62_6 314.0 1763.0 1009.0
bad65_1 233.0 1295.0 1009.0
bad65_2 277.0 1546.0 1009.0
bad65_3 274.0 1525.0 1009.0
bad65_4 285.0 1671.0 1009.0
bad65_5 176.0 644.0 901.0
bad65_6 253.0 1054.0 901.0
bad67_1 170.0 872.0 901.0
bad67_2 376.0 1492.0 1009.0
bad67_3 245.0 1694.0 1009.0
bad67_4 293.0 1400.0 901.0
bad67_5 242.0 728.0 901.0
bad67_6 199.0 676.0 901.0
bad69_1 318.0 2181.0 1009.0
bad69_2 233.0 1430.0 1009.0
bad69_3 190.0 973.0 901.0
bad69_4 157.0 679.0 901.0
bad69_5 345.0 2343.0 1009.0
bad69_6 316.0 2251.0 1009.0
