bad2_1 194.0 414.0 901.0
bad2_2 174.0 426.0 901.0
bad2_3 216.0 376.0 901.0
bad2_4 234.0 438.0 901.0
bad2_5 188.0 476.0 901.0
bad2_6 153.0 297.0 901.0
bad3_1 233.0 929.0 901.0
bad3_2 146.0 418.0 901.0
bad3_3 286.0 870.0 901.0
bad3_4 208.0 460.0 901.0
bad3_5 121.0 365.0 901.0
bad3_6 264.0 532.0 901.0
bad7_1 217.0 413.0 901.0
bad7_2 339.0 1103.0 901.0
bad7_3 251.0 695.0 901.0
bad7_4 324.0 724.0 901.0
bad7_5 264.0 768.0 901.0
bad7_6 308.0 896.0 901.0
bad8_1 179.0 295.0 901.0
bad8_2 234.0 430.0 901.0
bad8_3 229.0 465.0 901.0
bad8_4 230.0 398.0 901.0
bad8_5 178.0 358.0 901.0
bad8_6 128.0 324.0 901.0
bad12_1 168.0 380.0 901.0
bad12_2 181.0 373.0 901.0
bad12_3 224.0 424.0 901.0
bad12_4 176.0 352.0 901.0
bad12_5 163.0 379.0 901.0
bad12_6 180.0 476.0 901.0
bad18_1 232.0 636.0 901.0
bad18_2 205.0 429.0 901.0
bad18_3 248.0 484.0 901.0
bad18_4 319.0 683.0 901.0
bad18_5 211.0 523.0 901.0
bad18_6 350.0 774.0 901.0
bad22_1 113.0 265.0 901.0
bad22_2 212.0 416.0 901.0
bad22_3 120.0 304.0 901.0
bad22_4 288.0 552.0 901.0
bad22_5 178.0 254.0 901.0
bad22_6 175.0 379.0 901.0
bad23_1 199.0 399.0 901.0
bad23_2 135.0 271.0 901.0
bad23_3 160.0 388.0 901.0
bad23_4 162.0 366.0 901.0
bad23_5 146.0 314.0 901.0
bad23_6 234.0 722.0 901.0
bad24_1 87.0 223.0 901.0
bad24_2 188.0 240.0 901.0
bad24_3 162.0 306.0 901.0
bad24_4 157.0 321.0 901.0
bad24_5 159.0 235.0 901.0
bad24_6 228.0 468.0 901.0
bad28_1 159.0 515.0 901.0
bad28_2 225.0 581.0 901.0
bad28_3 238.0 738.0 901.0
bad28_4 248.0 756.0 901.0
bad28_5 133.0 385.0 901.0
bad28_6 174.0 410.0 901.0
bad34_1 107.0 195.0 901.0
bad34_2 124.0 224.0 901.0
bad34_3 154.0 330.0 901.0
bad34_4 218.0 382.0 901.0
bad34_5 177.0 353.0 901.0
bad34_6 298.0 570.0 901.0
bad38_1 217.0 713.0 901.0
bad38_2 299.0 463.0 901.0
bad38_3 146.0 386.0 901.0
bad38_4 267.0 535.0 901.0
bad38_5 232.0 948.0 901.0
bad38_6 342.0 1162.0 901.0
bad41_1 161.0 349.0 901.0
bad41_2 189.0 329.0 901.0
bad41_3 146.0 350.0 901.0
bad41_4 174.0 390.0 901.0
bad41_5 145.0 429.0 901.0
bad41_6 196.0 420.0 901.0
bad43_1 288.0 760.0 901.0
bad43_2 416.0 1016.0 901.0
bad43_3 286.0 878.0 901.0
bad43_4 252.0 584.0 901.0
bad43_5 339.0 1115.0 901.0
bad43_6 174.0 390.0 901.0
bad56_1 218.0 586.0 901.0
bad56_2 222.0 690.0 901.0
bad56_3 156.0 384.0 901.0
bad56_4 246.0 474.0 901.0
bad56_5 576.0 2492.0 901.0
bad56_6 626.0 2638.0 901.0
bad59_1 205.0 485.0 901.0
bad59_2 302.0 654.0 901.0
bad59_3 243.0 495.0 901.0
bad59_4 211.0 375.0 901.0
bad59_5 179.0 403.0 901.0
bad59_6 222.0 442.0 901.0
bad60_1 112.0 324.0 901.0
bad60_2 258.0 638.0 901.0
bad60_3 163.0 447.0 901.0
bad60_4 250.0 758.0 901.0
bad60_5 200.0 416.0 901.0
bad60_6 162.0 562.0 901.0
bad62_1 163.0 411.0 901.0
bad62_2 197.0 337.0 901.0
bad62_3 177.0 497.0 901.0
bad62_4 173.0 501.0 901.0
bad62_5 289.0 861.0 901.0
bad62_6 218.0 518.0 901.0
bad65_1 154.0 390.0 901.0
bad65_2 199.0 487.0 901.0
bad65_3 165.0 305.0 901.0
bad65_4 178.0 406.0 901.0
bad65_5 176.0 384.0 901.0
bad65_6 245.0 569.0 901.0
bad67_1 156.0 412.0 901.0
bad67_2 287.0 499.0 901.0
bad67_3 130.0 326.0 901.0
bad67_4 289.0 765.0 901.0
bad67_5 241.0 453.0 901.0
bad67_6 197.0 401.0 901.0
bad69_1 228.0 780.0 901.0
bad69_2 157.0 421.0 901.0
bad69_3 190.0 538.0 901.0
bad69_4 149.0 349.0 901.0
bad69_5 253.0 813.0 901.0
bad69_6 208.0 692.0 901.0
