good1_1 131.0 287.0 901.0
good1_2 188.0 276.0 901.0
good1_3 132.0 400.0 901.0
good1_4 134.0 338.0 901.0
good1_5 104.0 176.0 901.0
good1_6 249.0 349.0 901.0
good3_1 171.0 399.0 901.0
good3_2 309.0 537.0 901.0
good3_3 142.0 346.0 901.0
good3_4 230.0 438.0 901.0
good3_5 99.0 295.0 901.0
good3_6 268.0 412.0 901.0
good5_1 111.0 223.0 901.0
good5_2 318.0 542.0 901.0
good5_3 81.0 241.0 901.0
good5_4 299.0 615.0 901.0
good5_5 179.0 323.0 901.0
good5_6 238.0 522.0 901.0
good6_1 206.0 330.0 901.0
good6_2 121.0 233.0 901.0
good6_3 167.0 263.0 901.0
good6_4 132.0 292.0 901.0
good6_5 103.0 247.0 901.0
good6_6 192.0 228.0 901.0
good7_1 175.0 395.0 901.0
good7_2 171.0 335.0 901.0
good7_3 103.0 215.0 901.0
good7_4 191.0 387.0 901.0
good7_5 212.0 488.0 901.0
good7_6 166.0 374.0 901.0
good8_1 110.0 210.0 901.0
good8_2 178.0 330.0 901.0
good8_3 116.0 328.0 901.0
good8_4 208.0 388.0 901.0
good8_5 149.0 241.0 901.0
good8_6 185.0 369.0 901.0
good9_1 151.0 239.0 901.0
good9_2 235.0 459.0 901.0
good9_3 98.0 234.0 901.0
good9_4 196.0 508.0 901.0
good9_5 201.0 257.0 901.0
good9_6 170.0 326.0 901.0
good10_1 190.0 326.0 901.0
good10_2 304.0 556.0 901.0
good10_3 240.0 392.0 901.0
good10_4 212.0 352.0 901.0
good10_5 83.0 159.0 901.0
good10_6 292.0 376.0 901.0
good12_1 251.0 395.0 901.0
good12_2 337.0 589.0 901.0
good12_3 178.0 298.0 901.0
good12_4 295.0 455.0 901.0
good12_5 91.0 195.0 901.0
good12_6 199.0 295.0 901.0
good13_1 97.0 209.0 901.0
good13_2 143.0 235.0 901.0
good13_3 115.0 311.0 901.0
good13_4 198.0 386.0 901.0
good13_5 195.0 375.0 901.0
good13_6 223.0 411.0 901.0
good14_1 241.0 381.0 901.0
good14_2 375.0 671.0 901.0
good14_3 197.0 393.0 901.0
good14_4 190.0 406.0 901.0
good14_5 117.0 297.0 901.0
good14_6 194.0 382.0 901.0
good15_1 263.0 491.0 901.0
good15_2 160.0 300.0 901.0
good15_3 168.0 248.0 901.0
good15_4 123.0 207.0 901.0
good15_5 102.0 294.0 901.0
good15_6 199.0 391.0 901.0
good16_1 203.0 335.0 901.0
good16_2 227.0 387.0 901.0
good16_3 170.0 346.0 901.0
good16_4 129.0 205.0 901.0
good16_5 99.0 259.0 901.0
good16_6 205.0 361.0 901.0
good17_1 267.0 659.0 901.0
good17_2 343.0 795.0 901.0
good17_3 146.0 238.0 901.0
good17_4 263.0 519.0 901.0
good17_5 127.0 299.0 901.0
good17_6 239.0 539.0 901.0
good18_1 98.0 294.0 901.0
good18_2 152.0 244.0 901.0
good18_3 123.0 287.0 901.0
good18_4 209.0 425.0 901.0
good18_5 125.0 189.0 901.0
good18_6 159.0 343.0 901.0
good19_1 228.0 464.0 901.0
good19_2 267.0 407.0 901.0
good19_3 154.0 430.0 901.0
good19_4 206.0 342.0 901.0
good19_5 115.0 211.0 901.0
good19_6 253.0 445.0 901.0
good20_1 126.0 318.0 901.0
good20_2 217.0 457.0 901.0
good20_3 113.0 305.0 901.0
good20_4 183.0 359.0 901.0
good20_5 173.0 297.0 901.0
good20_6 209.0 461.0 901.0
good21_1 264.0 540.0 901.0
good21_2 248.0 364.0 901.0
good21_3 138.0 290.0 901.0
good21_4 282.0 514.0 901.0
good21_5 80.0 220.0 901.0
good21_6 262.0 618.0 901.0
good22_1 292.0 536.0 901.0
good22_2 346.0 498.0 901.0
good22_3 135.0 175.0 901.0
good22_4 193.0 265.0 901.0
good22_5 144.0 452.0 901.0
good22_6 226.0 442.0 901.0
good23_1 75.0 239.0 901.0
good23_2 126.0 218.0 901.0
good23_3 121.0 277.0 901.0
good23_4 99.0 199.0 901.0
good23_5 238.0 466.0 901.0
good23_6 202.0 398.0 901.0
good24_1 133.0 349.0 901.0
good24_2 170.0 370.0 901.0
good24_3 74.0 210.0 901.0
good24_4 116.0 248.0 901.0
good24_5 115.0 275.0 901.0
good24_6 145.0 301.0 901.0
good25_1 199.0 435.0 901.0
good25_2 214.0 554.0 901.0
good25_3 145.0 397.0 901.0
good25_4 212.0 428.0 901.0
good25_5 127.0 207.0 901.0
good25_6 215.0 483.0 901.0
good27_1 173.0 509.0 901.0
good27_2 323.0 1287.0 901.0
good27_3 214.0 718.0 901.0
good27_4 298.0 1030.0 901.0
good27_5 97.0 281.0 901.0
good27_6 209.0 485.0 901.0
good28_1 127.0 203.0 901.0
good28_2 241.0 709.0 901.0
good28_3 193.0 349.0 901.0
good28_4 279.0 875.0 901.0
good28_5 178.0 438.0 901.0
good28_6 171.0 391.0 901.0
good29_1 160.0 356.0 901.0
good29_2 219.0 559.0 901.0
good29_3 167.0 383.0 901.0
good29_4 227.0 563.0 901.0
good29_5 128.0 256.0 901.0
good29_6 226.0 314.0 901.0
good30_1 259.0 599.0 901.0
good30_2 252.0 440.0 901.0
good30_3 149.0 241.0 901.0
good30_4 142.0 246.0 901.0
good30_5 105.0 221.0 901.0
good30_6 186.0 402.0 901.0
good31_1 116.0 284.0 901.0
good31_2 186.0 354.0 901.0
good31_3 124.0 312.0 901.0
good31_4 193.0 293.0 901.0
good31_5 121.0 273.0 901.0
good31_6 196.0 364.0 901.0
good32_1 49.0 109.0 901.0
good32_2 175.0 339.0 901.0
good32_3 116.0 276.0 901.0
good32_4 152.0 348.0 901.0
good32_5 130.0 310.0 901.0
good32_6 210.0 438.0 901.0
good33_1 139.0 395.0 901.0
good33_2 279.0 895.0 901.0
good33_3 82.0 182.0 901.0
good33_4 245.0 593.0 901.0
good33_5 146.0 382.0 901.0
good33_6 229.0 505.0 901.0
good34_1 134.0 274.0 901.0
good34_2 127.0 219.0 901.0
good34_3 150.0 310.0 901.0
good34_4 166.0 350.0 901.0
good34_5 253.0 465.0 901.0
good34_6 203.0 387.0 901.0
good35_1 176.0 384.0 901.0
good35_2 330.0 790.0 901.0
good35_3 118.0 234.0 901.0
good35_4 205.0 617.0 901.0
good35_5 160.0 436.0 901.0
good35_6 260.0 680.0 901.0
good36_1 120.0 196.0 901.0
good36_2 258.0 666.0 901.0
good36_3 93.0 253.0 901.0
good36_4 211.0 487.0 901.0
good36_5 114.0 222.0 901.0
good36_6 232.0 596.0 901.0
good38_1 143.0 355.0 901.0
good38_2 149.0 341.0 901.0
good38_3 147.0 359.0 901.0
good38_4 226.0 494.0 901.0
good38_5 136.0 228.0 901.0
good38_6 179.0 331.0 901.0
good39_1 77.0 193.0 901.0
good39_2 281.0 713.0 901.0
good39_3 76.0 160.0 901.0
good39_4 264.0 748.0 901.0
good39_5 126.0 342.0 901.0
good39_6 173.0 341.0 901.0
good40_1 170.0 366.0 901.0
good40_2 182.0 474.0 901.0
good40_3 211.0 415.0 901.0
good40_4 220.0 568.0 901.0
good40_5 182.0 326.0 901.0
good40_6 186.0 370.0 901.0
good41_1 120.0 308.0 901.0
good41_2 217.0 401.0 901.0
good41_3 117.0 317.0 901.0
good41_4 130.0 310.0 901.0
good41_5 125.0 245.0 901.0
good41_6 105.0 273.0 901.0
good42_1 212.0 516.0 901.0
good42_2 203.0 407.0 901.0
good42_3 118.0 278.0 901.0
good42_4 147.0 287.0 901.0
good42_5 131.0 279.0 901.0
good42_6 176.0 380.0 901.0
good43_1 100.0 256.0 901.0
good43_2 164.0 372.0 901.0
good43_3 84.0 216.0 901.0
good43_4 234.0 450.0 901.0
good43_5 114.0 206.0 901.0
good43_6 187.0 375.0 901.0
good44_1 199.0 547.0 901.0
good44_2 232.0 476.0 901.0
good44_3 171.0 531.0 901.0
good44_4 203.0 619.0 901.0
good44_5 76.0 180.0 901.0
good44_6 130.0 162.0 901.0
good45_1 148.0 364.0 901.0
good45_2 118.0 210.0 901.0
good45_3 164.0 488.0 901.0
good45_4 189.0 349.0 901.0
good45_5 129.0 249.0 901.0
good45_6 224.0 432.0 901.0
good47_1 113.0 245.0 901.0
good47_2 190.0 494.0 901.0
good47_3 215.0 511.0 901.0
good47_4 206.0 458.0 901.0
good47_5 163.0 319.0 901.0
good47_6 162.0 230.0 901.0
good48_1 209.0 461.0 901.0
good48_2 198.0 466.0 901.0
good48_3 268.0 732.0 901.0
good48_4 197.0 501.0 901.0
good48_5 177.0 561.0 901.0
good48_6 198.0 470.0 901.0
good49_1 145.0 297.0 901.0
good49_2 156.0 312.0 901.0
good49_3 150.0 314.0 901.0
good49_4 239.0 463.0 901.0
good49_5 114.0 314.0 901.0
good49_6 150.0 242.0 901.0
good50_1 141.0 305.0 901.0
good50_2 240.0 612.0 901.0
good50_3 142.0 310.0 901.0
good50_4 103.0 259.0 901.0
good50_5 189.0 689.0 901.0
good50_6 192.0 444.0 901.0
good51_1 161.0 353.0 901.0
good51_2 269.0 621.0 901.0
good51_3 154.0 354.0 901.0
good51_4 208.0 416.0 901.0
good51_5 261.0 525.0 901.0
good51_6 189.0 469.0 901.0
good52_1 96.0 208.0 901.0
good52_2 219.0 467.0 901.0
good52_3 151.0 411.0 901.0
good52_4 202.0 406.0 901.0
good52_5 148.0 320.0 901.0
good52_6 237.0 445.0 901.0
good53_1 199.0 487.0 901.0
good53_2 338.0 842.0 901.0
good53_3 114.0 298.0 901.0
good53_4 205.0 309.0 901.0
good53_5 145.0 329.0 901.0
good53_6 130.0 278.0 901.0
good54_1 132.0 436.0 901.0
good54_2 285.0 737.0 901.0
good54_3 242.0 666.0 901.0
good54_4 186.0 406.0 901.0
good54_5 215.0 671.0 901.0
good54_6 240.0 636.0 901.0
good55_1 177.0 433.0 901.0
good55_2 215.0 467.0 901.0
good55_3 173.0 345.0 901.0
good55_4 264.0 608.0 901.0
good55_5 185.0 533.0 901.0
good55_6 199.0 487.0 901.0
good56_1 213.0 529.0 901.0
good56_2 147.0 319.0 901.0
good56_3 192.0 376.0 901.0
good56_4 148.0 252.0 901.0
good56_5 190.0 462.0 901.0
good56_6 200.0 448.0 901.0
good57_1 235.0 483.0 901.0
good57_2 259.0 459.0 901.0
good57_3 155.0 431.0 901.0
good57_4 143.0 351.0 901.0
good57_5 79.0 235.0 901.0
good57_6 158.0 354.0 901.0
good58_1 170.0 382.0 901.0
good58_2 214.0 462.0 901.0
good58_3 94.0 226.0 901.0
good58_4 151.0 491.0 901.0
good58_5 206.0 454.0 901.0
good58_6 192.0 448.0 901.0
good59_1 120.0 328.0 901.0
good59_2 289.0 673.0 901.0
good59_3 141.0 401.0 901.0
good59_4 261.0 537.0 901.0
good59_5 155.0 315.0 901.0
good59_6 197.0 437.0 901.0
good60_1 250.0 738.0 901.0
good60_2 238.0 590.0 901.0
good60_3 256.0 860.0 901.0
good60_4 265.0 929.0 901.0
good60_5 297.0 877.0 901.0
good60_6 192.0 492.0 901.0
good61_1 162.0 350.0 901.0
good61_2 199.0 603.0 901.0
good61_3 123.0 291.0 901.0
good61_4 233.0 529.0 901.0
good61_5 102.0 274.0 901.0
good61_6 95.0 215.0 901.0
good62_1 113.0 233.0 901.0
good62_2 228.0 480.0 901.0
good62_3 190.0 422.0 901.0
good62_4 276.0 500.0 901.0
good62_5 165.0 301.0 901.0
good62_6 266.0 722.0 901.0
good63_1 171.0 251.0 901.0
good63_2 165.0 281.0 901.0
good63_3 234.0 414.0 901.0
good63_4 197.0 413.0 901.0
good63_5 158.0 314.0 901.0
good63_6 245.0 453.0 901.0
good64_1 94.0 226.0 901.0
good64_2 138.0 294.0 901.0
good64_3 186.0 326.0 901.0
good64_4 220.0 420.0 901.0
good64_5 144.0 332.0 901.0
good64_6 264.0 428.0 901.0
good65_1 264.0 824.0 901.0
good65_2 164.0 440.0 901.0
good65_3 312.0 952.0 901.0
good65_4 227.0 439.0 901.0
good65_5 216.0 692.0 901.0
good65_6 165.0 501.0 901.0
good66_1 151.0 335.0 901.0
good66_2 163.0 335.0 901.0
good66_3 155.0 335.0 901.0
good66_4 115.0 227.0 901.0
good66_5 125.0 369.0 901.0
good66_6 188.0 376.0 901.0
good67_1 187.0 427.0 901.0
good67_2 125.0 269.0 901.0
good67_3 131.0 299.0 901.0
good67_4 203.0 519.0 901.0
good67_5 158.0 318.0 901.0
good67_6 211.0 479.0 901.0
good68_1 310.0 1182.0 901.0
good68_2 137.0 341.0 901.0
good68_3 276.0 924.0 901.0
good68_4 225.0 529.0 901.0
good68_5 293.0 993.0 901.0
good68_6 357.0 957.0 901.0
good69_1 173.0 469.0 901.0
good69_2 167.0 407.0 901.0
good69_3 150.0 274.0 901.0
good69_4 162.0 334.0 901.0
good69_5 172.0 444.0 901.0
good69_6 138.0 286.0 901.0
good70_1 112.0 252.0 901.0
good70_2 243.0 511.0 901.0
good70_3 129.0 313.0 901.0
good70_4 138.0 350.0 901.0
good70_5 240.0 468.0 901.0
good70_6 118.0 326.0 901.0
