bad2_1 207.0 819.0 901.0
bad2_2 177.0 771.0 901.0
bad2_3 216.0 576.0 901.0
bad2_4 234.0 693.0 901.0
bad2_5 190.0 856.0 901.0
bad2_6 154.0 487.0 901.0
bad3_1 233.0 1799.0 901.0
bad3_2 146.0 758.0 901.0
bad3_3 295.0 1690.0 901.0
bad3_4 240.0 1095.0 901.0
bad3_5 121.0 670.0 901.0
bad3_6 286.0 1087.0 901.0
bad7_1 217.0 658.0 901.0
bad7_2 339.0 2058.0 901.0
bad7_3 256.0 1300.0 901.0
bad7_4 342.0 1404.0 901.0
bad7_5 265.0 1408.0 901.0
bad7_6 308.0 1631.0 901.0
bad8_1 181.0 460.0 901.0
bad8_2 234.0 675.0 901.0
bad8_3 240.0 870.0 901.0
bad8_4 231.0 618.0 901.0
bad8_5 191.0 713.0 901.0
bad8_6 129.0 579.0 901.0
bad12_1 172.0 685.0 901.0
bad12_2 187.0 673.0 901.0
bad12_3 224.0 674.0 901.0
bad12_4 193.0 742.0 901.0
bad12_5 163.0 649.0 901.0
bad12_6 196.0 1006.0 901.0
bad16_1 123.0 483.0 901.0
bad16_2 204.0 843.0 901.0
bad16_3 187.0 898.0 901.0
bad16_4 154.0 694.0 901.0
bad16_5 211.0 1147.0 901.0
bad16_6 184.0 895.0 901.0
bad18_1 232.0 1141.0 901.0
bad18_2 206.0 719.0 901.0
bad18_3 254.0 839.0 901.0
bad18_4 329.0 1238.0 901.0
bad18_5 211.0 913.0 901.0
bad18_6 365.0 1454.0 901.0
bad19_1 246.0 1434.0 901.0
bad19_2 199.0 901.0 901.0
bad19_3 277.0 1087.0 901.0
bad19_4 208.0 847.0 901.0
bad19_5 259.0 817.0 901.0
bad19_6 212.0 968.0 901.0
bad22_1 113.0 455.0 901.0
bad22_2 212.0 671.0 901.0
bad22_3 120.0 534.0 901.0
bad22_4 288.0 882.0 901.0
bad22_5 178.0 349.0 901.0
bad22_6 175.0 634.0 901.0
bad23_1 199.0 649.0 901.0
bad23_2 136.0 451.0 901.0
bad23_3 160.0 673.0 901.0
bad23_4 162.0 621.0 901.0
bad23_5 146.0 524.0 901.0
bad23_6 234.0 1332.0 901.0
bad24_1 89.0 413.0 901.0
bad24_2 188.0 305.0 901.0
bad24_3 169.0 556.0 901.0
bad24_4 157.0 526.0 901.0
bad24_5 159.0 330.0 901.0
bad24_6 231.0 798.0 901.0
bad28_1 212.0 1490.0 901.0
bad28_2 225.0 1026.0 901.0
bad28_3 239.0 1373.0 901.0
bad28_4 248.0 1391.0 901.0
bad28_5 159.0 960.0 901.0
bad28_6 174.0 705.0 901.0
bad34_1 107.0 305.0 901.0
bad34_2 127.0 379.0 901.0
bad34_3 190.0 910.0 901.0
bad34_4 219.0 597.0 901.0
bad34_5 177.0 573.0 901.0
bad34_6 300.0 930.0 901.0
bad36_1 280.0 1774.0 901.0
bad36_2 312.0 2013.0 901.0
bad36_3 257.0 1265.0 901.0
bad36_4 197.0 908.0 901.0
bad36_5 157.0 787.0 901.0
bad36_6 318.0 921.0 901.0
bad38_1 217.0 1333.0 901.0
bad38_2 299.0 668.0 901.0
bad38_3 163.0 856.0 901.0
bad38_4 298.0 1180.0 901.0
bad38_5 232.0 1843.0 901.0
bad38_6 355.0 2317.0 901.0
bad41_1 163.0 604.0 901.0
bad41_2 193.0 544.0 901.0
bad41_3 159.0 735.0 901.0
bad41_4 178.0 700.0 901.0
bad41_5 150.0 834.0 901.0
bad41_6 216.0 900.0 901.0
bad43_1 298.0 1450.0 901.0
bad43_2 418.0 1786.0 901.0
bad43_3 294.0 1698.0 901.0
bad43_4 253.0 1009.0 901.0
bad43_5 342.0 2115.0 901.0
bad43_6 175.0 670.0 901.0
bad56_1 222.0 1086.0 901.0
bad56_2 222.0 1275.0 901.0
bad56_3 158.0 689.0 901.0
bad56_4 262.0 919.0 901.0
bad56_5 583.0 4957.0 901.0
bad56_6 626.0 5153.0 901.0
bad58_1 315.0 2052.0 901.0
bad58_2 563.0 3317.0 901.0
bad58_3 279.0 1152.0 901.0
bad58_4 397.0 2863.0 901.0
bad58_5 302.0 941.0 901.0
bad58_6 359.0 1592.0 901.0
bad59_1 206.0 845.0 901.0
bad59_2 314.0 1214.0 901.0
bad59_3 243.0 810.0 901.0
bad59_4 213.0 600.0 901.0
bad59_5 179.0 683.0 901.0
bad59_6 228.0 777.0 901.0
bad60_1 129.0 759.0 901.0
bad60_2 259.0 1123.0 901.0
bad60_3 164.0 812.0 901.0
bad60_4 250.0 1393.0 901.0
bad60_5 215.0 836.0 901.0
bad60_6 162.0 1062.0 901.0
bad62_1 179.0 881.0 901.0
bad62_2 230.0 842.0 901.0
bad62_3 177.0 897.0 901.0
bad62_4 173.0 911.0 901.0
bad62_5 317.0 1856.0 901.0
bad62_6 218.0 893.0 901.0
bad65_1 156.0 705.0 901.0
bad65_2 204.0 897.0 901.0
bad65_3 166.0 490.0 901.0
bad65_4 179.0 701.0 901.0
bad65_5 176.0 644.0 901.0
bad65_6 253.0 1054.0 901.0
bad67_1 170.0 872.0 901.0
bad67_2 287.0 764.0 901.0
bad67_3 138.0 651.0 901.0
bad67_4 293.0 1400.0 901.0
bad67_5 242.0 728.0 901.0
bad67_6 199.0 676.0 901.0
bad69_1 228.0 1470.0 901.0
bad69_2 157.0 751.0 901.0
bad69_3 190.0 973.0 901.0
bad69_4 157.0 679.0 901.0
bad69_5 253.0 1513.0 901.0
bad69_6 218.0 1397.0 901.0
bad2_1 207.0 479.0 901.0
bad2_2 177.0 441.0 901.0
bad2_3 216.0 376.0 901.0
bad2_4 234.0 438.0 901.0
bad2_5 190.0 486.0 901.0
bad2_6 154.0 302.0 901.0
bad3_1 233.0 929.0 901.0
bad3_2 146.0 418.0 901.0
bad3_3 295.0 915.0 901.0
bad3_4 240.0 620.0 901.0
bad3_5 121.0 365.0 901.0
bad3_6 286.0 642.0 901.0
bad7_1 217.0 413.0 901.0
bad7_2 339.0 1103.0 901.0
bad7_3 256.0 720.0 901.0
bad7_4 342.0 814.0 901.0
bad7_5 265.0 773.0 901.0
bad7_6 308.0 896.0 901.0
bad8_1 181.0 305.0 901.0
bad8_2 234.0 430.0 901.0
bad8_3 240.0 520.0 901.0
bad8_4 231.0 403.0 901.0
bad8_5 191.0 423.0 901.0
bad8_6 129.0 329.0 901.0
bad12_1 172.0 400.0 901.0
bad12_2 187.0 403.0 901.0
bad12_3 224.0 424.0 901.0
bad12_4 193.0 437.0 901.0
bad12_5 163.0 379.0 901.0
bad12_6 196.0 556.0 901.0
bad16_1 123.0 283.0 901.0
bad16_2 204.0 488.0 901.0
bad16_3 187.0 503.0 901.0
bad16_4 154.0 394.0 901.0
bad16_5 211.0 627.0 901.0
bad16_6 184.0 500.0 901.0
bad18_1 232.0 636.0 901.0
bad18_2 206.0 434.0 901.0
bad18_3 254.0 514.0 901.0
bad18_4 329.0 733.0 901.0
bad18_5 211.0 523.0 901.0
bad18_6 365.0 849.0 901.0
bad19_1 246.0 774.0 901.0
bad19_2 199.0 511.0 901.0
bad19_3 277.0 637.0 901.0
bad19_4 208.0 492.0 901.0
bad19_5 259.0 507.0 901.0
bad19_6 212.0 548.0 901.0
bad22_1 113.0 265.0 901.0
bad22_2 212.0 416.0 901.0
bad22_3 120.0 304.0 901.0
bad22_4 288.0 552.0 901.0
bad22_5 178.0 254.0 901.0
bad22_6 175.0 379.0 901.0
bad23_1 199.0 399.0 901.0
bad23_2 136.0 276.0 901.0
bad23_3 160.0 388.0 901.0
bad23_4 162.0 366.0 901.0
bad23_5 146.0 314.0 901.0
bad23_6 234.0 722.0 901.0
bad24_1 89.0 233.0 901.0
bad24_2 188.0 240.0 901.0
bad24_3 169.0 341.0 901.0
bad24_4 157.0 321.0 901.0
bad24_5 159.0 235.0 901.0
bad24_6 231.0 483.0 901.0
bad28_1 212.0 780.0 901.0
bad28_2 225.0 581.0 901.0
bad28_3 239.0 743.0 901.0
bad28_4 248.0 756.0 901.0
bad28_5 159.0 515.0 901.0
bad28_6 174.0 410.0 901.0
bad34_1 107.0 195.0 901.0
bad34_2 127.0 239.0 901.0
bad34_3 190.0 510.0 901.0
bad34_4 219.0 387.0 901.0
bad34_5 177.0 353.0 901.0
bad34_6 300.0 580.0 901.0
bad36_1 280.0 944.0 901.0
bad36_2 312.0 1068.0 901.0
bad36_3 257.0 705.0 901.0
bad36_4 197.0 513.0 901.0
bad36_5 157.0 437.0 901.0
bad36_6 318.0 586.0 901.0
bad38_1 217.0 713.0 901.0
bad38_2 299.0 463.0 901.0
bad38_3 163.0 471.0 901.0
bad38_4 298.0 690.0 901.0
bad38_5 232.0 948.0 901.0
bad38_6 355.0 1227.0 901.0
bad41_1 163.0 359.0 901.0
bad41_2 193.0 349.0 901.0
bad41_3 159.0 415.0 901.0
bad41_4 178.0 410.0 901.0
bad41_5 150.0 454.0 901.0
bad41_6 216.0 520.0 901.0
bad43_1 298.0 810.0 901.0
bad43_2 418.0 1026.0 901.0
bad43_3 294.0 918.0 901.0
bad43_4 253.0 589.0 901.0
bad43_5 342.0 1130.0 901.0
bad43_6 175.0 395.0 901.0
bad56_1 222.0 606.0 901.0
bad56_2 222.0 690.0 901.0
bad56_3 158.0 394.0 901.0
bad56_4 262.0 554.0 901.0
bad56_5 583.0 2527.0 901.0
bad56_6 626.0 2638.0 901.0
bad58_1 315.0 1087.0 901.0
bad58_2 563.0 1787.0 901.0
bad58_3 279.0 667.0 901.0
bad58_4 397.0 1493.0 901.0
bad58_5 302.0 586.0 901.0
bad58_6 359.0 907.0 901.0
bad59_1 206.0 490.0 901.0
bad59_2 314.0 714.0 901.0
bad59_3 243.0 495.0 901.0
bad59_4 213.0 385.0 901.0
bad59_5 179.0 403.0 901.0
bad59_6 228.0 472.0 901.0
bad60_1 129.0 409.0 901.0
bad60_2 259.0 643.0 901.0
bad60_3 164.0 452.0 901.0
bad60_4 250.0 758.0 901.0
bad60_5 215.0 491.0 901.0
bad60_6 162.0 562.0 901.0
bad62_1 179.0 491.0 901.0
bad62_2 230.0 502.0 901.0
bad62_3 177.0 497.0 901.0
bad62_4 173.0 501.0 901.0
bad62_5 317.0 1001.0 901.0
bad62_6 218.0 518.0 901.0
bad65_1 156.0 400.0 901.0
bad65_2 204.0 512.0 901.0
bad65_3 166.0 310.0 901.0
bad65_4 179.0 411.0 901.0
bad65_5 176.0 384.0 901.0
bad65_6 253.0 609.0 901.0
bad67_1 170.0 482.0 901.0
bad67_2 287.0 499.0 901.0
bad67_3 138.0 366.0 901.0
bad67_4 293.0 785.0 901.0
bad67_5 242.0 458.0 901.0
bad67_6 199.0 411.0 901.0
bad69_1 228.0 780.0 901.0
bad69_2 157.0 421.0 901.0
bad69_3 190.0 538.0 901.0
bad69_4 157.0 389.0 901.0
bad69_5 253.0 813.0 901.0
bad69_6 218.0 742.0 901.0
