good1_1 136.0 532.0 901.0
good1_2 286.0 1231.0 1009.0
good1_3 155.0 965.0 901.0
good1_4 235.0 1513.0 1009.0
good1_5 104.0 266.0 901.0
good1_6 249.0 474.0 901.0
good3_1 185.0 824.0 901.0
good3_2 411.0 1689.0 1009.0
good3_3 211.0 1255.0 1009.0
good3_4 311.0 1382.0 1009.0
good3_5 188.0 1385.0 1009.0
good3_6 269.0 602.0 901.0
good5_1 111.0 363.0 901.0
good5_2 421.0 1699.0 1009.0
good5_3 120.0 831.0 901.0
good5_4 407.0 1946.0 1009.0
good5_5 179.0 503.0 901.0
good5_6 239.0 887.0 901.0
good6_1 221.0 635.0 901.0
good6_2 231.0 1419.0 1009.0
good6_3 167.0 383.0 901.0
good6_4 134.0 512.0 901.0
good6_5 110.0 497.0 901.0
good6_6 192.0 273.0 901.0
good7_1 187.0 790.0 901.0
good7_2 245.0 1244.0 1009.0
good7_3 208.0 1369.0 1009.0
good7_4 200.0 722.0 901.0
good7_5 216.0 873.0 901.0
good7_6 172.0 694.0 901.0
good8_1 111.0 345.0 901.0
good8_2 182.0 560.0 901.0
good8_3 133.0 763.0 901.0
good8_4 225.0 783.0 901.0
good8_5 149.0 356.0 901.0
good8_6 188.0 629.0 901.0
good9_1 152.0 359.0 901.0
good9_2 314.0 1421.0 1009.0
good9_3 113.0 554.0 901.0
good9_4 312.0 1950.0 1009.0
good9_5 201.0 327.0 901.0
good9_6 200.0 821.0 901.0
good10_1 192.0 516.0 901.0
good10_2 325.0 1081.0 901.0
good10_3 246.0 642.0 901.0
good10_4 213.0 537.0 901.0
good10_5 191.0 1289.0 1009.0
good10_6 292.0 481.0 901.0
good11_1 182.0 632.0 901.0
good11_2 350.0 926.0 901.0
good11_3 225.0 1287.0 901.0
good11_4 211.0 580.0 901.0
good11_5 237.0 1497.0 1009.0
good11_6 284.0 905.0 901.0
good12_1 360.0 1638.0 1009.0
good12_2 447.0 1932.0 1009.0
good12_3 180.0 468.0 901.0
good12_4 296.0 665.0 901.0
good12_5 92.0 335.0 901.0
good12_6 199.0 415.0 901.0
good13_1 99.0 369.0 901.0
good13_2 241.0 1132.0 1009.0
good13_3 119.0 596.0 901.0
good13_4 306.0 1593.0 1009.0
good13_5 283.0 1408.0 1009.0
good13_6 245.0 866.0 901.0
good14_1 242.0 566.0 901.0
good14_2 488.0 2027.0 1009.0
good14_3 199.0 658.0 901.0
good14_4 197.0 746.0 901.0
good14_5 135.0 702.0 901.0
good14_6 197.0 647.0 901.0
good15_1 281.0 956.0 901.0
good15_2 261.0 1404.0 1009.0
good15_3 268.0 1186.0 1009.0
good15_4 123.0 312.0 901.0
good15_5 112.0 634.0 901.0
good15_6 288.0 1377.0 1009.0
good16_1 206.0 530.0 901.0
good16_2 231.0 627.0 901.0
good16_3 248.0 1292.0 1009.0
good16_4 235.0 1171.0 1009.0
good16_5 104.0 509.0 901.0
good16_6 205.0 556.0 901.0
good17_1 272.0 1199.0 901.0
good17_2 344.0 1370.0 901.0
good17_3 147.0 363.0 901.0
good17_4 264.0 849.0 901.0
good17_5 130.0 544.0 901.0
good17_6 317.0 1559.0 1009.0
good18_1 176.0 1247.0 1009.0
good18_2 154.0 379.0 901.0
good18_3 232.0 1555.0 1009.0
good18_4 313.0 1690.0 1009.0
good18_5 125.0 269.0 901.0
good18_6 162.0 603.0 901.0
good19_1 331.0 1762.0 1009.0
good19_2 371.0 1487.0 1009.0
good19_3 229.0 1453.0 1009.0
good19_4 206.0 512.0 901.0
good19_5 223.0 1348.0 1009.0
good19_6 338.0 1427.0 1009.0
good20_1 145.0 748.0 901.0
good20_2 294.0 1464.0 1009.0
good20_3 161.0 1025.0 901.0
good20_4 186.0 609.0 901.0
good20_5 266.0 1265.0 1009.0
good20_6 212.0 806.0 901.0
good21_1 355.0 1714.0 1009.0
good21_2 248.0 509.0 901.0
good21_3 218.0 1118.0 1009.0
good21_4 282.0 804.0 901.0
good21_5 84.0 435.0 901.0
good21_6 357.0 1806.0 1009.0
good22_1 298.0 901.0 901.0
good22_2 453.0 1731.0 1009.0
good22_3 135.0 225.0 901.0
good22_4 193.0 355.0 901.0
good22_5 163.0 1027.0 901.0
good22_6 226.0 712.0 901.0
good23_1 90.0 594.0 901.0
good23_2 126.0 333.0 901.0
good23_3 144.0 702.0 901.0
good23_4 99.0 324.0 901.0
good23_5 320.0 1472.0 1009.0
good23_6 217.0 793.0 901.0
good24_1 136.0 649.0 901.0
good24_2 190.0 820.0 901.0
good24_3 89.0 530.0 901.0
good24_4 119.0 443.0 901.0
good24_5 115.0 475.0 901.0
good24_6 149.0 536.0 901.0
good25_1 199.0 730.0 901.0
good25_2 214.0 979.0 901.0
good25_3 262.0 1720.0 1009.0
good25_4 221.0 788.0 901.0
good25_5 127.0 307.0 901.0
good25_6 319.0 1786.0 1009.0
good27_1 173.0 929.0 901.0
good27_2 339.0 2652.0 901.0
good27_3 214.0 1348.0 901.0
good27_4 398.0 2864.0 1009.0
good27_5 126.0 801.0 901.0
good27_6 294.0 1527.0 1009.0
good28_1 128.0 308.0 901.0
good28_2 241.0 1294.0 901.0
good28_3 293.0 1427.0 1009.0
good28_4 291.0 1740.0 901.0
good28_5 182.0 803.0 901.0
good28_6 273.0 1542.0 1009.0
good29_1 267.0 1464.0 1009.0
good29_2 229.0 1084.0 901.0
good29_3 257.0 1427.0 1009.0
good29_4 227.0 983.0 901.0
good29_5 129.0 426.0 901.0
good29_6 226.0 424.0 901.0
good30_1 283.0 1264.0 901.0
good30_2 355.0 1588.0 1009.0
good30_3 149.0 356.0 901.0
good30_4 146.0 416.0 901.0
good30_5 212.0 1409.0 1009.0
good30_6 270.0 1431.0 1009.0
good31_1 118.0 514.0 901.0
good31_2 187.0 574.0 901.0
good31_3 164.0 947.0 901.0
good31_4 193.0 418.0 901.0
good31_5 211.0 1273.0 1009.0
good31_6 310.0 1597.0 1009.0
good32_1 49.0 184.0 901.0
good32_2 273.0 1353.0 1009.0
good32_3 124.0 556.0 901.0
good32_4 252.0 1485.0 1009.0
good32_5 142.0 655.0 901.0
good32_6 218.0 803.0 901.0
good33_1 139.0 715.0 901.0
good33_2 279.0 1665.0 901.0
good33_3 82.0 307.0 901.0
good33_4 251.0 1088.0 901.0
good33_5 248.0 1562.0 1009.0
good33_6 252.0 1080.0 901.0
good34_1 136.0 469.0 901.0
good34_2 129.0 354.0 901.0
good34_3 264.0 1614.0 1009.0
good34_4 167.0 590.0 901.0
good34_5 256.0 760.0 901.0
good34_6 214.0 727.0 901.0
good35_1 267.0 1473.0 1009.0
good35_2 334.0 1405.0 901.0
good35_3 216.0 1197.0 1009.0
good35_4 206.0 1142.0 901.0
good35_5 168.0 861.0 901.0
good35_6 260.0 1205.0 901.0
good36_1 121.0 301.0 901.0
good36_2 265.0 1246.0 901.0
good36_3 106.0 583.0 901.0
good36_4 211.0 832.0 901.0
good36_5 210.0 1218.0 1009.0
good36_6 237.0 1101.0 901.0
good37_1 255.0 1236.0 901.0
good37_2 271.0 802.0 901.0
good37_3 206.0 764.0 901.0
good37_4 316.0 1612.0 1009.0
good37_5 187.0 637.0 901.0
good37_6 309.0 1083.0 901.0
good38_1 227.0 1352.0 1009.0
good38_2 152.0 611.0 901.0
good38_3 165.0 804.0 901.0
good38_4 228.0 849.0 901.0
good38_5 136.0 343.0 901.0
good38_6 279.0 1377.0 1009.0
good39_1 77.0 338.0 901.0
good39_2 301.0 1453.0 901.0
good39_3 76.0 265.0 901.0
good39_4 264.0 1353.0 901.0
good39_5 130.0 652.0 901.0
good39_6 265.0 1246.0 1009.0
good40_1 261.0 1386.0 1009.0
good40_2 182.0 839.0 901.0
good40_3 213.0 690.0 901.0
good40_4 332.0 2015.0 1009.0
good40_5 182.0 506.0 901.0
good40_6 190.0 640.0 901.0
good41_1 123.0 573.0 901.0
good41_2 325.0 1702.0 1009.0
good41_3 201.0 1353.0 1009.0
good41_4 224.0 1331.0 1009.0
good41_5 231.0 1338.0 1009.0
good41_6 116.0 593.0 901.0
good42_1 301.0 1624.0 1009.0
good42_2 311.0 1652.0 1009.0
good42_3 122.0 518.0 901.0
good42_4 147.0 462.0 901.0
good42_5 131.0 464.0 901.0
good42_6 180.0 675.0 901.0
good43_1 194.0 1220.0 1009.0
good43_2 164.0 632.0 901.0
good43_3 85.0 391.0 901.0
good43_4 345.0 1767.0 1009.0
good43_5 114.0 321.0 901.0
good43_6 202.0 760.0 901.0
good44_1 215.0 1142.0 901.0
good44_2 337.0 1732.0 1009.0
good44_3 171.0 981.0 901.0
good44_4 203.0 1139.0 901.0
good44_5 184.0 1282.0 1009.0
good44_6 130.0 202.0 901.0
good45_1 148.0 634.0 901.0
good45_2 119.0 335.0 901.0
good45_3 180.0 1053.0 901.0
good45_4 189.0 549.0 901.0
good45_5 129.0 399.0 901.0
good45_6 331.0 1618.0 1009.0
good46_1 275.0 1283.0 901.0
good46_2 290.0 1361.0 901.0
good46_3 250.0 1024.0 901.0
good46_4 277.0 1672.0 901.0
good46_5 233.0 1448.0 1009.0
good46_6 273.0 1641.0 901.0
good47_1 118.0 460.0 901.0
good47_2 203.0 1004.0 901.0
good47_3 307.0 1693.0 1009.0
good47_4 206.0 773.0 901.0
good47_5 270.0 1512.0 1009.0
good47_6 162.0 315.0 901.0
good48_1 231.0 996.0 901.0
good48_2 200.0 821.0 901.0
good48_3 271.0 1342.0 901.0
good48_4 200.0 911.0 901.0
good48_5 276.0 1950.0 1009.0
good48_6 202.0 850.0 901.0
good49_1 158.0 617.0 901.0
good49_2 171.0 657.0 901.0
good49_3 242.0 1286.0 1009.0
good49_4 244.0 793.0 901.0
good49_5 141.0 834.0 901.0
good49_6 155.0 407.0 901.0
good50_1 141.0 510.0 901.0
good50_2 325.0 1693.0 1009.0
good50_3 152.0 620.0 901.0
good50_4 117.0 594.0 901.0
good50_5 201.0 1434.0 901.0
good50_6 299.0 1739.0 1009.0
good51_1 270.0 1656.0 1009.0
good51_2 291.0 1281.0 901.0
good51_3 154.0 604.0 901.0
good51_4 296.0 1403.0 1009.0
good51_5 374.0 1859.0 1009.0
good51_6 189.0 819.0 901.0
good52_1 97.0 358.0 901.0
good52_2 222.0 807.0 901.0
good52_3 254.0 1712.0 1009.0
good52_4 203.0 671.0 901.0
good52_5 241.0 1276.0 1009.0
good52_6 351.0 1737.0 1009.0
good53_1 201.0 867.0 901.0
good53_2 345.0 1542.0 901.0
good53_3 115.0 538.0 901.0
good53_4 206.0 449.0 901.0
good53_5 150.0 609.0 901.0
good53_6 130.0 463.0 901.0
good54_1 228.0 1605.0 1009.0
good54_2 369.0 1953.0 1009.0
good54_3 242.0 1196.0 901.0
good54_4 193.0 751.0 901.0
good54_5 217.0 1261.0 901.0
good54_6 240.0 1131.0 901.0
good55_1 279.0 1584.0 1009.0
good55_2 215.0 782.0 901.0
good55_3 174.0 570.0 901.0
good55_4 368.0 1952.0 1009.0
good55_5 287.0 1880.0 1009.0
good55_6 199.0 847.0 901.0
good56_1 241.0 1204.0 901.0
good56_2 256.0 1570.0 1009.0
good56_3 194.0 626.0 901.0
good56_4 148.0 382.0 901.0
good56_5 191.0 812.0 901.0
good56_6 288.0 1485.0 1009.0
good57_1 346.0 1768.0 1009.0
good57_2 374.0 1805.0 1009.0
good57_3 248.0 1553.0 1009.0
good57_4 146.0 641.0 901.0
good57_5 88.0 520.0 901.0
good57_6 158.0 599.0 901.0
good58_1 272.0 1568.0 1009.0
good58_2 214.0 772.0 901.0
good58_3 182.0 1127.0 1009.0
good58_4 230.0 1598.0 1009.0
good58_5 210.0 804.0 901.0
good58_6 192.0 768.0 901.0
good59_1 120.0 588.0 901.0
good59_2 383.0 1958.0 1009.0
good59_3 163.0 946.0 901.0
good59_4 390.0 2028.0 1009.0
good59_5 157.0 535.0 901.0
good59_6 200.0 767.0 901.0
good60_1 266.0 1508.0 901.0
good60_2 255.0 1200.0 901.0
good60_3 357.0 2400.0 1009.0
good60_4 361.0 2539.0 1009.0
good60_5 319.0 1822.0 901.0
good60_6 192.0 867.0 901.0
good61_1 166.0 625.0 901.0
good61_2 214.0 1258.0 901.0
good61_3 123.0 501.0 901.0
good61_4 242.0 989.0 901.0
good61_5 110.0 569.0 901.0
good61_6 173.0 1037.0 1009.0
good62_1 113.0 383.0 901.0
good62_2 319.0 1489.0 1009.0
good62_3 279.0 1494.0 1009.0
good62_4 278.0 800.0 901.0
good62_5 253.0 1162.0 1009.0
good62_6 282.0 1452.0 901.0
good63_1 262.0 1126.0 1009.0
good63_2 165.0 426.0 901.0
good63_3 332.0 1520.0 1009.0
good63_4 302.0 1661.0 1009.0
good63_5 160.0 529.0 901.0
good63_6 254.0 803.0 901.0
good64_1 188.0 1169.0 1009.0
good64_2 218.0 1190.0 1009.0
good64_3 212.0 761.0 901.0
good64_4 239.0 860.0 901.0
good64_5 150.0 627.0 901.0
good64_6 373.0 1660.0 1009.0
good65_1 264.0 1524.0 901.0
good65_2 259.0 1582.0 1009.0
good65_3 419.0 2786.0 1009.0
good65_4 330.0 1545.0 1009.0
good65_5 216.0 1287.0 901.0
good65_6 268.0 1735.0 1009.0
good66_1 259.0 1645.0 1009.0
good66_2 200.0 920.0 901.0
good66_3 155.0 560.0 901.0
good66_4 201.0 1119.0 1009.0
good66_5 149.0 914.0 901.0
good66_6 280.0 1441.0 1009.0
good67_1 279.0 1431.0 1009.0
good67_2 126.0 459.0 901.0
good67_3 230.0 1418.0 1009.0
good67_4 216.0 1044.0 901.0
good67_5 256.0 1300.0 1009.0
good67_6 311.0 1634.0 1009.0
good68_1 310.0 2272.0 901.0
good68_2 138.0 606.0 901.0
good68_3 277.0 1744.0 901.0
good68_4 226.0 919.0 901.0
good68_5 394.0 2725.0 1009.0
good68_6 372.0 1857.0 901.0
good69_1 193.0 1039.0 901.0
good69_2 172.0 757.0 901.0
good69_3 150.0 429.0 901.0
good69_4 163.0 559.0 901.0
good69_5 176.0 824.0 901.0
good69_6 138.0 471.0 901.0
good70_1 139.0 697.0 901.0
good70_2 349.0 1834.0 1009.0
good70_3 146.0 713.0 901.0
good70_4 143.0 665.0 901.0
good70_5 246.0 813.0 901.0
good70_6 124.0 646.0 901.0
