bad2_1 882.0 1726.0 1961.0
bad2_2 630.0 1506.0 1961.0
bad2_3 831.0 1547.0 1961.0
bad2_4 491.0 639.0 1793.0
bad2_5 871.0 1891.0 1961.0
bad2_6 561.0 913.0 1793.0
bad8_1 837.0 1489.0 1961.0
bad8_2 707.0 1991.0 1961.0
bad8_3 571.0 1099.0 1961.0
bad8_4 849.0 1777.0 1961.0
bad8_5 889.0 1601.0 1961.0
bad8_6 554.0 1250.0 1961.0
bad9_1 930.0 2990.0 1961.0
bad9_2 783.0 1431.0 1961.0
bad9_3 836.0 2544.0 1961.0
bad9_4 667.0 1607.0 1961.0
bad9_5 928.0 2328.0 1961.0
bad9_6 682.0 1946.0 1961.0
bad12_1 734.0 1262.0 1961.0
bad12_2 639.0 1039.0 1961.0
bad12_3 816.0 1852.0 1961.0
bad12_4 427.0 691.0 1793.0
bad12_5 908.0 2528.0 1961.0
bad12_6 698.0 1482.0 1961.0
bad18_1 691.0 1527.0 1961.0
bad18_2 543.0 1023.0 1961.0
bad18_3 855.0 1563.0 1961.0
bad18_4 743.0 1459.0 1961.0
bad18_5 715.0 1267.0 1961.0
bad18_6 662.0 1514.0 1961.0
bad22_1 791.0 1495.0 1961.0
bad22_2 601.0 1177.0 1961.0
bad22_3 756.0 1696.0 1961.0
bad22_4 989.0 2369.0 1961.0
bad22_5 668.0 1156.0 1961.0
bad22_6 599.0 995.0 1793.0
bad24_1 395.0 631.0 1793.0
bad24_2 641.0 1101.0 1961.0
bad24_3 703.0 995.0 1793.0
bad24_4 443.0 1087.0 1961.0
bad24_5 640.0 1140.0 1961.0
bad24_6 657.0 1349.0 1961.0
bad28_1 748.0 2044.0 1961.0
bad28_2 771.0 2459.0 1961.0
bad28_3 942.0 2790.0 1961.0
bad28_4 740.0 2524.0 1961.0
bad28_5 795.0 1451.0 1961.0
bad28_6 603.0 2095.0 1961.0
bad34_1 627.0 1127.0 1961.0
bad34_2 288.0 396.0 1793.0
bad34_3 829.0 1345.0 1793.0
bad34_4 479.0 595.0 1793.0
bad34_5 653.0 1129.0 1961.0
bad34_6 834.0 1530.0 1961.0
bad38_1 698.0 1886.0 1961.0
bad38_2 749.0 1617.0 1961.0
bad38_3 880.0 1620.0 1793.0
bad38_4 876.0 1684.0 1961.0
bad38_5 819.0 3463.0 1961.0
bad38_6 898.0 2774.0 1961.0
bad41_1 787.0 1735.0 1793.0
bad41_2 733.0 1293.0 1961.0
bad41_3 659.0 1239.0 1961.0
bad41_4 420.0 860.0 1961.0
bad41_5 772.0 1384.0 1961.0
bad41_6 687.0 1431.0 1961.0
bad51_1 1290.0 5094.0 1961.0
bad51_2 998.0 2342.0 1961.0
bad51_3 473.0 1309.0 1793.0
bad51_4 627.0 1331.0 1961.0
bad51_5 939.0 3291.0 1793.0
bad51_6 630.0 1474.0 1961.0
bad58_1 1145.0 3645.0 1961.0
bad58_2 943.0 2427.0 1793.0
bad58_3 591.0 1655.0 1961.0
bad58_4 873.0 3489.0 1961.0
bad58_5 785.0 2069.0 1961.0
bad58_6 717.0 2081.0 1961.0
bad59_1 999.0 3087.0 1961.0
bad59_2 810.0 1902.0 1961.0
bad59_3 665.0 1529.0 1961.0
bad59_4 570.0 1162.0 1961.0
bad59_5 774.0 1622.0 1961.0
bad59_6 592.0 1456.0 1961.0
bad62_1 710.0 1378.0 1793.0
bad62_2 691.0 1431.0 1961.0
bad62_3 879.0 2155.0 1961.0
bad62_4 645.0 1817.0 1961.0
bad62_5 699.0 1723.0 1793.0
bad62_6 672.0 2128.0 1961.0
bad65_1 632.0 1148.0 1961.0
bad65_2 537.0 1009.0 1961.0
bad65_3 703.0 1019.0 1793.0
bad65_4 612.0 1308.0 1961.0
bad65_5 647.0 1259.0 1961.0
bad65_6 531.0 1023.0 1793.0
bad67_1 812.0 1628.0 1961.0
bad67_2 798.0 1778.0 1961.0
bad67_3 595.0 1023.0 1793.0
bad67_4 791.0 1955.0 1961.0
bad67_5 844.0 1576.0 1961.0
bad67_6 470.0 878.0 1793.0
bad69_1 829.0 2421.0 1793.0
bad69_2 539.0 1311.0 1961.0
bad69_3 797.0 1773.0 1961.0
bad69_4 486.0 1086.0 1961.0
bad69_5 798.0 2494.0 1961.0
bad69_6 678.0 2074.0 1961.0
