good1_1 551.0 1031.0 1961.0
good1_2 576.0 1000.0 1961.0
good1_3 684.0 812.0 1793.0
good1_4 477.0 1121.0 1961.0
good1_5 710.0 846.0 1793.0
good1_6 404.0 496.0 1793.0
good2_1 772.0 1568.0 1961.0
good2_2 456.0 848.0 1793.0
good2_3 678.0 1546.0 1961.0
good2_4 407.0 1295.0 1961.0
good2_5 687.0 1219.0 1961.0
good2_6 379.0 791.0 1961.0
good3_1 638.0 1226.0 1961.0
good3_2 779.0 1343.0 1961.0
good3_3 685.0 1013.0 1961.0
good3_4 588.0 1540.0 1961.0
good3_5 967.0 1763.0 1961.0
good3_6 414.0 798.0 1961.0
good4_1 592.0 1032.0 1961.0
good4_2 589.0 1333.0 1961.0
good4_3 718.0 1338.0 1961.0
good4_4 437.0 941.0 1961.0
good4_5 643.0 1187.0 1961.0
good4_6 666.0 1278.0 1961.0
good5_1 458.0 818.0 1961.0
good5_2 539.0 883.0 1793.0
good5_3 779.0 1367.0 1961.0
good5_4 861.0 1729.0 1961.0
good5_5 712.0 1524.0 1961.0
good5_6 730.0 1866.0 1961.0
good6_1 709.0 1125.0 1793.0
good6_2 363.0 935.0 1961.0
good6_3 481.0 925.0 1961.0
good6_4 423.0 619.0 1793.0
good6_5 1002.0 1982.0 1961.0
good6_6 537.0 1045.0 1961.0
good7_1 482.0 878.0 1961.0
good7_2 281.0 705.0 1961.0
good7_3 797.0 1381.0 1961.0
good7_4 595.0 955.0 1793.0
good7_5 652.0 1316.0 1961.0
good7_6 527.0 771.0 1793.0
good8_1 570.0 1010.0 1961.0
good8_2 420.0 860.0 1961.0
good8_3 704.0 1204.0 1961.0
good8_4 750.0 1514.0 1961.0
good8_5 406.0 454.0 1793.0
good8_6 569.0 1161.0 1961.0
good9_1 593.0 977.0 1961.0
good9_2 423.0 943.0 1961.0
good9_3 853.0 1629.0 1961.0
good9_4 597.0 1061.0 1793.0
good9_5 435.0 799.0 1961.0
good9_6 650.0 1422.0 1961.0
good10_1 711.0 943.0 1793.0
good10_2 520.0 1104.0 1961.0
good10_3 482.0 930.0 1961.0
good10_4 324.0 724.0 1961.0
good10_5 822.0 1494.0 1961.0
good10_6 392.0 760.0 1793.0
good12_1 858.0 1482.0 1961.0
good12_2 799.0 1575.0 1961.0
good12_3 379.0 671.0 1793.0
good12_4 402.0 1082.0 1961.0
good12_5 880.0 1588.0 1961.0
good12_6 385.0 1297.0 1961.0
good13_1 567.0 983.0 1961.0
good13_2 513.0 1209.0 1961.0
good13_3 782.0 1626.0 1961.0
good13_4 548.0 1240.0 1961.0
good13_5 503.0 871.0 1961.0
good13_6 678.0 1274.0 1961.0
good14_1 835.0 1491.0 1961.0
good14_2 385.0 609.0 1793.0
good14_3 434.0 622.0 1793.0
good14_4 413.0 433.0 1793.0
good14_5 990.0 1830.0 1961.0
good14_6 461.0 1089.0 1961.0
good15_1 759.0 1195.0 1793.0
good15_2 381.0 841.0 1961.0
good15_3 536.0 1136.0 1961.0
good15_4 264.0 292.0 1793.0
good15_5 848.0 1460.0 1961.0
good15_6 343.0 807.0 1961.0
good16_1 681.0 933.0 1793.0
good16_2 298.0 514.0 1793.0
good16_3 497.0 1057.0 1961.0
good16_4 498.0 882.0 1961.0
good16_5 785.0 1441.0 1961.0
good16_6 322.0 854.0 1961.0
good17_1 713.0 1621.0 1961.0
good17_2 668.0 1336.0 1793.0
good17_3 662.0 1342.0 1961.0
good17_4 549.0 973.0 1961.0
good17_5 862.0 1434.0 1961.0
good17_6 571.0 1187.0 1961.0
good18_1 478.0 1090.0 1961.0
good18_2 360.0 772.0 1961.0
good18_3 639.0 995.0 1793.0
good18_4 667.0 1403.0 1961.0
good18_5 632.0 1108.0 1961.0
good18_6 736.0 1548.0 1961.0
good19_1 764.0 1600.0 1961.0
good19_2 431.0 523.0 1793.0
good19_3 689.0 1373.0 1961.0
good19_4 349.0 757.0 1961.0
good19_5 962.0 1758.0 1961.0
good19_6 333.0 753.0 1961.0
good20_1 553.0 1237.0 1961.0
good20_2 582.0 1118.0 1961.0
good20_3 780.0 1636.0 1961.0
good20_4 494.0 1006.0 1961.0
good20_5 600.0 1144.0 1961.0
good20_6 289.0 609.0 1793.0
good21_1 709.0 1413.0 1961.0
good21_2 788.0 1416.0 1961.0
good21_3 771.0 1315.0 1961.0
good21_4 509.0 1253.0 1961.0
good21_5 842.0 1386.0 1961.0
good21_6 336.0 536.0 1793.0
good22_1 432.0 536.0 1793.0
good22_2 495.0 831.0 1793.0
good22_3 785.0 1405.0 1961.0
good22_4 331.0 459.0 1793.0
good22_5 824.0 1960.0 1961.0
good22_6 432.0 1092.0 1961.0
good23_1 737.0 1333.0 1961.0
good23_2 513.0 877.0 1961.0
good23_3 756.0 1120.0 1793.0
good23_4 571.0 1115.0 1961.0
good23_5 450.0 906.0 1961.0
good23_6 761.0 1309.0 1961.0
good24_1 501.0 697.0 1793.0
good24_2 529.0 1081.0 1961.0
good24_3 743.0 1347.0 1961.0
good24_4 428.0 856.0 1961.0
good24_5 763.0 1263.0 1793.0
good24_6 457.0 985.0 1961.0
good25_1 731.0 1855.0 1961.0
good25_2 580.0 1412.0 1961.0
good25_3 927.0 2027.0 1961.0
good25_4 792.0 1916.0 1961.0
good25_5 796.0 1392.0 1961.0
good25_6 556.0 996.0 1793.0
good27_1 640.0 1676.0 1793.0
good27_2 785.0 2821.0 1961.0
good27_3 938.0 2702.0 1961.0
good27_4 889.0 2789.0 1961.0
good27_5 853.0 1541.0 1961.0
good27_6 577.0 1253.0 1961.0
good28_1 521.0 769.0 1793.0
good28_2 626.0 1766.0 1961.0
good28_3 808.0 1412.0 1961.0
good28_4 795.0 2315.0 1793.0
good28_5 766.0 1474.0 1961.0
good28_6 727.0 1639.0 1961.0
good29_1 742.0 1550.0 1961.0
good29_2 724.0 1772.0 1961.0
good29_3 773.0 1405.0 1961.0
good29_4 624.0 1216.0 1961.0
good29_5 679.0 1359.0 1961.0
good29_6 571.0 1055.0 1961.0
good30_1 754.0 1698.0 1793.0
good30_2 767.0 1571.0 1961.0
good30_3 761.0 1769.0 1961.0
good30_4 264.0 396.0 1793.0
good30_5 991.0 2055.0 1961.0
good30_6 347.0 771.0 1961.0
good31_1 516.0 972.0 1961.0
good31_2 430.0 806.0 1793.0
good31_3 706.0 982.0 1793.0
good31_4 682.0 1282.0 1961.0
good31_5 399.0 591.0 1793.0
good31_6 628.0 1220.0 1961.0
good32_1 569.0 989.0 1961.0
good32_2 477.0 757.0 1793.0
good32_3 565.0 733.0 1793.0
good32_4 451.0 1167.0 1961.0
good32_5 493.0 905.0 1961.0
good32_6 716.0 1224.0 1793.0
good33_1 730.0 2202.0 1961.0
good33_2 737.0 2245.0 1961.0
good33_3 791.0 1851.0 1961.0
good33_4 788.0 2192.0 1961.0
good33_5 689.0 1557.0 1961.0
good33_6 772.0 1516.0 1961.0
good34_1 555.0 1059.0 1961.0
good34_2 520.0 1392.0 1961.0
good34_3 783.0 1163.0 1793.0
good34_4 735.0 1351.0 1961.0
good34_5 565.0 1057.0 1961.0
good34_6 471.0 811.0 1793.0
good35_1 872.0 1736.0 1961.0
good35_2 646.0 1578.0 1961.0
good35_3 850.0 1738.0 1961.0
good35_4 661.0 1533.0 1961.0
good35_5 708.0 1308.0 1793.0
good35_6 440.0 628.0 1793.0
good36_1 586.0 722.0 1793.0
good36_2 588.0 1212.0 1961.0
good36_3 617.0 881.0 1793.0
good36_4 618.0 1382.0 1961.0
good36_5 624.0 1248.0 1961.0
good36_6 626.0 1486.0 1961.0
good38_1 682.0 1262.0 1961.0
good38_2 445.0 1173.0 1961.0
good38_3 829.0 1485.0 1961.0
good38_4 730.0 1422.0 1793.0
good38_5 561.0 1021.0 1961.0
good38_6 514.0 618.0 1793.0
good39_1 703.0 1431.0 1961.0
good39_2 863.0 2123.0 1961.0
good39_3 666.0 1134.0 1793.0
good39_4 569.0 1189.0 1961.0
good39_5 837.0 1309.0 1961.0
good39_6 420.0 532.0 1793.0
good40_1 493.0 1105.0 1961.0
good40_2 476.0 1028.0 1793.0
good40_3 983.0 2375.0 1961.0
good40_4 568.0 1232.0 1793.0
good40_5 387.0 583.0 1793.0
good40_6 609.0 825.0 1793.0
good41_1 639.0 991.0 1793.0
good41_2 700.0 1440.0 1961.0
good41_3 475.0 647.0 1793.0
good41_4 438.0 1050.0 1961.0
good41_5 694.0 902.0 1793.0
good41_6 414.0 942.0 1961.0
good42_1 834.0 1454.0 1961.0
good42_2 641.0 1485.0 1961.0
good42_3 570.0 918.0 1793.0
good42_4 584.0 1272.0 1961.0
good42_5 774.0 1458.0 1961.0
good42_6 459.0 1095.0 1961.0
good43_1 596.0 1028.0 1961.0
good43_2 503.0 1095.0 1961.0
good43_3 875.0 1727.0 1961.0
good43_4 805.0 1577.0 1961.0
good43_5 621.0 1173.0 1961.0
good43_6 722.0 1326.0 1961.0
good44_1 929.0 1949.0 1961.0
good44_2 843.0 1695.0 1961.0
good44_3 737.0 1381.0 1961.0
good44_4 628.0 2116.0 1961.0
good44_5 711.0 1327.0 1961.0
good44_6 466.0 850.0 1961.0
good45_1 552.0 988.0 1961.0
good45_2 449.0 1021.0 1961.0
good45_3 866.0 1626.0 1961.0
good45_4 769.0 1453.0 1961.0
good45_5 547.0 1151.0 1961.0
good45_6 859.0 1595.0 1961.0
good46_1 913.0 2157.0 1793.0
good46_2 1006.0 2782.0 1961.0
good46_3 620.0 1672.0 1961.0
good46_4 601.0 1969.0 1961.0
good46_5 878.0 1590.0 1961.0
good46_6 534.0 1366.0 1793.0
good47_1 664.0 1424.0 1961.0
good47_2 676.0 1548.0 1961.0
good47_3 643.0 839.0 1793.0
good47_4 534.0 922.0 1793.0
good47_5 841.0 1481.0 1961.0
good47_6 703.0 1331.0 1961.0
good48_1 797.0 2173.0 1793.0
good48_2 712.0 1776.0 1961.0
good48_3 606.0 1306.0 1793.0
good48_4 788.0 1776.0 1961.0
good48_5 919.0 2739.0 1961.0
good48_6 705.0 1817.0 1961.0
good49_1 852.0 1668.0 1961.0
good49_2 634.0 938.0 1793.0
good49_3 427.0 647.0 1793.0
good49_4 402.0 1014.0 1961.0
good49_5 893.0 1749.0 1961.0
good49_6 483.0 979.0 1961.0
good50_1 638.0 1086.0 1961.0
good50_2 702.0 1422.0 1961.0
good50_3 883.0 1763.0 1961.0
good50_4 599.0 1191.0 1961.0
good50_5 692.0 1396.0 1961.0
good50_6 707.0 1839.0 1961.0
good51_1 693.0 1161.0 1793.0
good51_2 542.0 1086.0 1961.0
good51_3 675.0 1259.0 1961.0
good51_4 281.0 657.0 1961.0
good51_5 799.0 1559.0 1961.0
good51_6 659.0 1547.0 1961.0
good52_1 723.0 1371.0 1961.0
good52_2 647.0 1723.0 1961.0
good52_3 725.0 1257.0 1793.0
good52_4 957.0 2317.0 1961.0
good52_5 625.0 1225.0 1961.0
good52_6 692.0 900.0 1793.0
good53_1 906.0 2698.0 1961.0
good53_2 894.0 1578.0 1961.0
good53_3 577.0 941.0 1793.0
good53_4 375.0 763.0 1961.0
good53_5 838.0 1342.0 1961.0
good53_6 491.0 1003.0 1961.0
good54_1 743.0 1927.0 1961.0
good54_2 880.0 2044.0 1961.0
good54_3 1039.0 2603.0 1961.0
good54_4 758.0 1922.0 1961.0
good54_5 692.0 2380.0 1793.0
good54_6 872.0 2384.0 1961.0
good55_1 746.0 1090.0 1961.0
good55_2 702.0 1902.0 1961.0
good55_3 875.0 1699.0 1961.0
good55_4 743.0 1631.0 1961.0
good55_5 749.0 1849.0 1961.0
good55_6 809.0 1617.0 1961.0
good56_1 950.0 2330.0 1961.0
good56_2 593.0 1305.0 1961.0
good56_3 666.0 1226.0 1961.0
good56_4 485.0 1093.0 1961.0
good56_5 990.0 2070.0 1961.0
good56_6 448.0 936.0 1961.0
good57_1 1007.0 2207.0 1961.0
good57_2 703.0 1363.0 1961.0
good57_3 553.0 1117.0 1961.0
good57_4 466.0 1042.0 1961.0
good57_5 688.0 1380.0 1961.0
good57_6 647.0 1135.0 1961.0
good58_1 888.0 1832.0 1961.0
good58_2 693.0 1565.0 1961.0
good58_3 710.0 1358.0 1961.0
good58_4 384.0 504.0 1793.0
good58_5 1019.0 1887.0 1961.0
good58_6 479.0 1139.0 1961.0
good59_1 748.0 1772.0 1961.0
good59_2 716.0 1984.0 1961.0
good59_3 728.0 1304.0 1961.0
good59_4 787.0 1867.0 1961.0
good59_5 837.0 1813.0 1961.0
good59_6 647.0 1463.0 1961.0
good60_1 1003.0 2303.0 1961.0
good60_2 838.0 1614.0 1961.0
good60_3 823.0 1919.0 1961.0
good60_4 576.0 1616.0 1961.0
good60_5 890.0 1782.0 1961.0
good60_6 536.0 1508.0 1961.0
good61_1 936.0 2180.0 1961.0
good61_2 659.0 1851.0 1961.0
good61_3 502.0 1018.0 1961.0
good61_4 631.0 1307.0 1961.0
good61_5 761.0 1401.0 1961.0
good61_6 393.0 833.0 1961.0
good62_1 784.0 1528.0 1961.0
good62_2 687.0 1367.0 1961.0
good62_3 777.0 1541.0 1961.0
good62_4 607.0 963.0 1793.0
good62_5 608.0 972.0 1961.0
good62_6 757.0 1793.0 1961.0
good63_1 656.0 1256.0 1961.0
good63_2 628.0 1232.0 1961.0
good63_3 897.0 1737.0 1961.0
good63_4 501.0 905.0 1793.0
good63_5 475.0 939.0 1961.0
good63_6 613.0 1277.0 1961.0
good64_1 572.0 1164.0 1961.0
good64_2 466.0 878.0 1961.0
good64_3 683.0 871.0 1793.0
good64_4 517.0 1105.0 1961.0
good64_5 759.0 1459.0 1961.0
good64_6 685.0 1141.0 1793.0
good65_1 948.0 3284.0 1961.0
good65_2 580.0 1600.0 1961.0
good65_3 875.0 3343.0 1793.0
good65_4 681.0 1725.0 1961.0
good65_5 852.0 2660.0 1961.0
good65_6 683.0 1899.0 1961.0
good66_1 781.0 1461.0 1793.0
good66_2 771.0 1447.0 1961.0
good66_3 532.0 1128.0 1961.0
good66_4 483.0 1047.0 1961.0
good66_5 533.0 981.0 1793.0
good66_6 608.0 1316.0 1961.0
good67_1 913.0 2045.0 1961.0
good67_2 517.0 1269.0 1961.0
good67_3 789.0 1453.0 1961.0
good67_4 562.0 1250.0 1961.0
good67_5 557.0 693.0 1793.0
good67_6 671.0 1395.0 1961.0
good69_1 806.0 1878.0 1961.0
good69_2 660.0 1452.0 1961.0
good69_3 780.0 1460.0 1961.0
good69_4 591.0 1279.0 1961.0
good69_5 719.0 1523.0 1961.0
good69_6 479.0 999.0 1961.0
good70_1 815.0 1371.0 1793.0
good70_2 651.0 1115.0 1793.0
good70_3 461.0 937.0 1961.0
good70_4 365.0 509.0 1793.0
good70_5 990.0 1942.0 1961.0
good70_6 408.0 960.0 1961.0
