2 656.116 660.4606 656.6976 
2 657.2733 659.5587 656.6236 
3 660.1406 657.1058 656.4195 
4 659.9218 656.2117 657.7856 
5 656.514 656.169 656.4612 
6 327.5576 327.7888 328.5492 
7 659.8969 656.5674 655.7027 
8 656.8745 656.5871 656.4339 
2 657.7858 659.868 656.0632 
3 658.2472 656.532 659.3874 
4 658.519 656.9782 659.2428 
5 491.3781 494.0568 655.3972 
6 656.9076 658.8454 659.9327 
7 658.5448 657.912 660.2848 
8 658.853 659.4997 658.5027 
9 494.3075 492.1508 658.5102 
10 660.2789 660.842 657.7292 
11 661.0479 656.2234 656.1197 
12 655.1188 659.2746 658.8438 
13 658.0585 657.0466 656.642 
14 659.4602 661.7827 657.5817 
15 658.1036 658.6228 657.5396 
16 659.6057 657.6633 657.8011 
17 659.2248 657.4565 659.9981 
18 657.7204 658.9293 660.9393 
19 657.4096 659.1503 655.69 
2 656.6238 659.2095 656.414 
3 655.7072 658.2939 657.8252 
4 659.8401 657.3879 659.9147 
5 659.0336 657.7807 660.9867 
6 660.273 659.4511 660.7406 
7 659.3919 660.2003 656.6689 
8 658.2755 657.0629 660.3621 
9 658.5284 660.1409 659.0959 
10 658.9155 656.1978 661.8101 
11 657.4533 660.8962 660.7792 
12 651.5874 493.9136 493.4008 
13 657.2563 658.831 659.4953 
2 659.5791 654.7408 657.1211 
3 657.6013 660.8507 656.0277 
4 659.7686 658.2103 657.3589 
5 660.1721 659.9868 661.8787 
6 661.4853 657.6882 657.2692 
7 658.944 658.0975 660.115 
8 659.7598 660.5309 658.8628 
9 657.5086 659.457 658.3679 
10 657.6894 659.9157 654.9935 
11 658.0247 658.5737 659.6016 
12 657.5832 658.1981 657.694 
13 660.1951 656.636 655.8284 
14 658.1564 656.6722 659.8274 
15 656.2655 658.0056 658.7568 
16 657.3882 658.0804 656.8159 
17 659.608 658.0954 661.999 
18 658.5869 655.5782 659.1249 
19 657.9237 661.0238 659.5094 
20 660.2596 659.2736 662.3764 
21 656.0972 659.4988 658.8313 
22 658.2424 660.5594 659.6216 
23 658.8926 659.2144 657.8004 
24 658.6069 660.9095 658.9221 
25 657.7087 658.2938 657.6075 
26 659.2446 661.7157 659.0939 
27 660.8581 658.179 658.2894 
28 658.0195 655.1892 655.8485 
29 657.4491 661.3749 659.6437 
30 659.2794 658.6954 657.8106 
31 657.6027 660.2029 658.7209 
2 658.8928 656.5292 661.1718 
3 659.0735 659.6676 658.4711 
4 656.5256 659.8625 661.1383 
5 658.5335 659.8668 659.465 
6 656.265 660.8998 657.9265 
7 658.4503 659.5119 658.6662 
8 657.7263 661.4334 655.7775 
9 660.4397 658.5408 659.4336 
10 658.4548 657.6068 659.1527 
11 660.2975 658.2271 658.7503 
12 658.5722 657.2651 658.3214 
13 659.8494 657.9636 658.2216 
14 659.142 658.9554 657.3125 
15 660.1845 657.6471 657.4602 
16 657.6072 659.5798 657.7668 
17 660.5574 661.072 658.2985 
18 659.5186 660.5776 657.0108 
19 657.6019 659.2168 657.3924 
20 657.4395 655.8068 659.2561 
21 658.8909 660.4774 661.0732 
22 658.4405 657.7136 662.5523 
23 656.2414 656.8968 657.9423 
24 657.3746 659.1137 659.666 
25 658.9912 660.8258 659.5271 
26 654.8508 658.8948 658.4166 
27 656.0612 655.7553 659.3654 
28 662.1489 659.5294 656.8698 
29 658.8379 660.4825 658.9586 
30 659.683 661.1069 660.6008 
2 656.0695 660.088 655.5095 
3 657.8128 658.4983 661.4934 
4 656.8643 652.5098 654.0186 
5 660.2774 656.2811 656.9671 
6 657.7015 656.1254 660.0824 
7 657.1988 658.7088 657.3434 
8 658.4548 656.874 659.5624 
9 661.3746 658.2859 658.3261 
10 660.1312 655.8887 656.8625 
11 656.7192 656.6708 660.0131 
12 659.8395 659.5746 656.7978 
13 658.3332 659.0706 656.3616 
14 664.6724 659.148 656.6265 
15 661.2747 660.7565 661.604 
16 660.2213 657.7012 657.5544 
17 656.0219 658.7671 658.0758 
18 663.2414 493.2087 492.8068 
19 660.2255 659.0552 661.6972 
20 663.7056 659.8833 657.5236 
21 657.3162 659.6534 656.5956 
22 657.3771 659.0784 656.1236 
23 659.208 655.47 656.3908 
24 657.6462 655.829 660.7513 
25 660.8297 657.1337 656.5754 
26 659.926 658.3464 660.1661 
27 660.4665 656.4012 656.4234 
28 656.2601 657.0525 656.3521 
29 658.8749 660.8974 658.7013 
30 658.9584 657.3553 660.9324 
31 663.1166 658.5348 658.2887 
32 659.6661 658.1184 660.8136 
33 660.8076 656.4656 658.8203 
34 661.7843 657.1959 658.3318 
35 658.4638 660.0688 658.7058 
36 657.7726 656.6813 658.9219 
37 658.3702 657.4024 658.4248 
38 661.2341 657.3425 658.2892 
39 662.6617 658.5621 657.9674 
40 658.0258 658.0358 656.4624 
41 663.6049 658.5688 659.7799 
42 662.0258 657.4822 658.0938 
43 657.9692 658.7892 657.0657 
44 654.9674 658.2313 655.8321 
45 660.3915 657.7786 660.4686 
46 660.1318 662.1352 657.5407 
47 657.9712 657.7169 660.3093 
48 658.5596 655.7994 659.5651 
49 660.6703 659.7521 662.2236 
50 657.1668 661.2744 657.0595 
51 657.8008 658.2637 658.4815 
52 330.0967 331.3996 328.6944 
53 658.6148 659.6966 659.4113 
54 662.2804 657.8365 656.6901 
55 657.5944 659.4212 661.893 
56 663.5634 658.6902 660.2798 
57 657.7494 656.6009 659.9778 
58 658.2753 659.6058 658.1512 
59 657.5434 656.6971 660.7537 
60 659.5964 659.3139 657.6107 
61 656.3364 657.895 656.1045 
62 662.3757 658.5686 658.469 
63 665.4345 659.0731 662.8173 
64 663.0691 660.9052 661.899 
65 657.5929 656.613 658.4803 
66 660.064 656.935 659.0429 
67 661.5638 658.5113 658.2929 
68 664.2319 493.6974 492.0666 
69 658.8466 658.1434 660.7744 
70 658.9248 658.7008 661.1404 
71 661.4888 657.8311 658.012 
72 660.7951 661.2301 658.3098 
73 656.5361 658.5865 657.1477 
74 663.2084 657.7632 658.3764 
75 662.1736 658.3141 657.9992 
76 657.4183 660.0092 657.2774 
77 659.8257 659.8665 659.3309 
78 659.7199 657.2773 659.8955 
79 661.9773 657.3816 657.6214 
80 660.4318 659.3091 661.3123 
81 661.8144 660.0265 657.4968 
82 659.5482 657.0106 660.4882 
83 661.8781 659.1398 657.1192 
84 659.628 660.9162 657.4016 
85 657.6928 656.0331 661.5079 
86 657.774 657.0085 659.9759 
87 659.272 659.4042 656.7836 
88 656.4408 656.7728 660.1253 
89 660.2764 658.0883 660.4497 
90 660.4225 659.9142 657.7647 
91 658.5405 658.1111 661.0971 
92 663.2726 656.2749 657.1147 
93 658.7066 657.211 660.1629 
94 660.973 660.5283 657.1106 
95 662.5572 662.372 657.683 
96 657.4964 656.9938 658.8004 
97 658.2956 661.8428 658.9657 
98 658.951 656.0398 656.9609 
99 657.0494 660.2834 656.7145 
100 664.9078 660.265 660.0208 
101 657.158 661.424 657.2173 
102 659.8047 661.5484 658.369 
103 659.9996 662.7157 658.6608 
104 657.2217 655.8492 659.1139 
105 661.1768 656.8735 658.7018 
106 659.5284 656.5614 661.1424 
107 662.3685 658.4078 657.1662 
108 661.5812 656.7904 658.6924 
109 659.9778 657.4234 660.0538 
110 663.2266 658.8807 660.2984 
111 657.9299 656.1814 659.0438 
112 659.4399 660.3234 658.4423 
113 659.9593 660.3304 658.7688 
114 662.085 659.2283 662.4172 
115 660.5275 658.11 662.2379 
116 659.5982 659.8623 659.2879 
117 662.4251 656.6229 658.5304 
118 658.7962 658.6809 662.2907 
119 658.4585 658.1358 660.8359 
120 658.9058 657.2366 659.0406 
121 657.2863 656.4112 660.3869 
122 657.79 656.2838 659.5605 
123 659.3476 659.9946 656.4986 
124 500.9327 494.8215 660.2048 
125 662.3881 657.113 656.0779 
126 661.2629 656.8176 657.4934 
127 662.0465 657.049 658.0091 
128 660.8863 662.0335 659.9388 
129 663.7544 658.1292 657.5272 
130 662.4691 661.7176 658.0545 
131 658.7885 657.3357 660.0188 
132 661.0797 661.7925 658.0979 
133 660.6576 659.824 660.0616 
134 664.4782 658.0914 660.373 
135 658.683 661.8497 658.9831 
136 663.4757 658.9565 660.2446 
137 656.6892 659.4458 657.1861 
138 658.863 660.8895 658.0876 
139 658.1301 657.928 659.8532 
140 659.0957 659.8074 656.3934 
141 662.5284 658.7811 659.4755 
142 658.4329 657.1016 659.8951 
143 658.668 658.0742 660.3928 
144 658.1977 658.2535 659.7509 
145 662.4043 657.4325 658.1172 
146 658.4228 657.983 659.5085 
147 661.364 656.9903 656.9666 
148 659.6668 658.4898 656.2224 
149 658.9256 658.6802 657.73 
150 659.9935 657.7247 658.6218 
151 659.823 661.3849 658.2304 
152 659.2733 662.6051 659.0333 
153 659.3356 660.2671 658.3006 
154 659.7504 657.3397 660.7909 
155 659.2981 656.6774 660.458 
156 661.8428 659.4027 659.8198 
157 658.812 656.3596 656.493 
158 659.5381 662.2365 658.6612 
159 507.2653 497.2224 659.9156 
160 659.9314 661.1233 658.7466 
161 659.9797 657.8838 662.009 
162 660.8693 656.7234 655.3686 
163 657.7389 658.361 660.9394 
164 660.2612 658.9896 659.8485 
165 663.2699 657.6138 658.7367 
166 662.4097 658.8654 659.3001 
167 662.189 658.0324 658.6636 
168 657.7811 657.4657 659.8896 
169 661.7521 661.198 658.1321 
170 658.1794 495.4386 495.1202 
171 662.176 658.3309 657.3603 
172 662.9398 658.9334 657.7448 
173 660.7236 661.7627 658.2416 
174 664.171 659.0656 659.7947 
175 660.6244 660.8793 657.6963 
176 660.2153 657.1767 660.8114 
177 660.0513 662.0188 659.4238 
178 662.4094 496.7758 495.8336 
179 659.9262 658.0338 659.334 
180 660.0831 659.1098 657.5923 
181 657.1402 659.84 656.9137 
182 657.5483 657.1215 659.803 
183 657.597 659.8247 655.7222 
184 660.6598 658.8791 662.2966 
185 658.6122 660.8589 657.9516 
186 659.7961 656.0504 661.2849 
187 660.2986 658.7483 662.6518 
188 656.99 655.4881 658.1772 
189 659.3306 657.6264 661.4762 
190 659.5163 661.488 658.1802 
191 659.7098 658.0914 662.163 
192 660.8382 663.3043 660.2553 
193 660.8248 658.2447 660.964 
194 659.4821 491.6342 492.3309 
195 659.1796 659.0376 662.7442 
196 658.731 657.5379 660.4583 
197 663.9376 658.0357 660.0798 
198 662.0216 658.0595 658.3994 
199 657.2493 661.2826 658.354 
200 662.2666 658.4874 658.1479 
201 656.012 657.306 656.4094 
202 659.53 656.943 660.7659 
203 660.2857 656.6304 656.4282 
204 658.2245 656.7334 658.9163 
205 661.2679 659.3564 660.6329 
206 659.1581 661.0602 658.7506 
207 663.1089 659.4878 658.9382 
208 659.2072 660.1885 658.32 
209 659.414 658.6581 660.3564 
210 659.9056 662.1898 657.4569 
211 658.7236 660.3632 658.1642 
212 660.9367 659.6125 661.0524 
213 657.9436 657.1262 661.0245 
214 663.1092 660.2274 658.1137 
215 660.9936 657.7443 657.9176 
216 657.7134 660.767 658.5482 
217 661.8888 661.078 662.9239 
218 656.4832 657.1004 659.3017 
219 660.9148 660.5825 660.1344 
220 659.5949 660.0885 658.1326 
221 661.2854 658.8102 663.659 
222 662.8237 658.172 659.3824 
223 658.2399 660.254 658.9767 
224 658.2613 655.2818 659.4366 
225 658.1269 661.7248 657.4671 
226 659.2446 495.9757 492.2195 
227 658.614 661.1522 656.489 
228 658.995 661.0136 656.8727 
229 659.4831 660.8189 658.9929 
230 658.8504 660.4846 657.3706 
231 660.6394 657.7382 661.7641 
232 660.0356 658.7865 660.3337 
233 660.2433 659.9952 658.0825 
234 655.888 656.297 660.5708 
235 661.8774 657.6476 656.7289 
236 659.2635 657.6778 661.0205 
237 495.1256 330.2835 512.4204 
238 659.8441 660.4804 663.758 
239 662.788 659.2064 659.564 
240 659.8784 656.8007 657.207 
241 661.0311 662.1198 659.3553 
242 661.1502 656.5247 658.2039 
243 661.834 662.3072 661.6148 
244 661.734 659.4822 656.9549 
245 663.9897 657.7392 659.3689 
246 656.3683 658.3595 660.3947 
247 659.4009 658.1981 660.0275 
248 662.5248 658.1153 657.5707 
249 657.9828 657.019 659.4391 
250 661.5448 659.6618 662.5909 
251 658.9247 657.7875 658.0911 
252 662.5293 657.7384 657.4819 
253 663.5184 658.0239 659.3607 
254 661.0462 657.3594 663.4436 
255 656.3241 656.909 659.5216 
256 661.6474 660.4972 659.9596 
257 661.0454 661.0377 657.9602 
258 664.804 657.0692 660.0862 
259 657.0838 659.597 656.8484 
260 662.9732 329.4758 330.1755 
261 657.2414 659.529 657.8863 
262 657.8362 657.5035 661.3955 
263 659.0032 656.9822 661.3452 
264 660.6074 656.5434 660.9188 
265 660.8458 659.9817 660.0176 
266 661.3252 658.2419 659.1133 
267 659.4041 656.9617 660.702 
268 660.663 659.0022 661.2011 
269 662.2411 658.2503 658.514 
270 660.3926 658.3053 662.0033 
271 659.9103 660.3972 657.7303 
272 661.9052 657.1067 657.6514 
273 661.0268 657.8537 658.8088 
274 659.0309 656.4694 658.1401 
275 660.3379 662.1561 657.7694 
276 661.5466 655.7263 657.7938 
277 663.1818 657.694 656.5938 
278 660.5132 658.2195 661.3967 
279 660.0465 658.3898 659.8549 
280 662.8978 658.2411 658.7334 
281 657.6723 656.948 660.4851 
282 660.377 656.6022 656.7972 
283 660.5339 662.8056 657.8249 
284 663.4441 658.905 658.5192 
285 660.08 663.5281 658.6312 
286 661.8267 657.1694 657.5445 
287 659.2296 657.9258 661.2566 
288 661.4568 658.3426 663.6443 
289 664.0233 657.9825 658.6356 
290 660.9775 494.3402 494.7177 
291 662.918 657.5611 658.7554 
292 659.5764 657.0531 657.8193 
293 659.9572 657.8096 656.0807 
294 659.8288 660.8492 658.2868 
295 658.4707 659.5485 657.7119 
296 660.1466 656.7458 657.2757 
297 660.1053 662.3477 658.1213 
298 657.8941 660.6916 654.9334 
299 660.9542 656.718 656.915 
300 660.1086 657.6065 655.7166 
301 660.7148 655.3201 655.2976 
302 661.2208 659.4044 661.5602 
303 657.0232 656.8146 659.2825 
304 662.4135 657.9202 658.1164 
305 658.7133 657.5857 659.5903 
306 661.7657 493.6406 493.5105 
307 662.9632 660.0022 659.6625 
308 657.1349 661.2325 656.6883 
309 661.6258 659.308 659.8122 
310 662.31 658.5904 657.7948 
311 659.3937 662.331 659.4599 
312 662.2396 658.5292 658.8792 
313 663.3295 658.0453 659.1741 
314 658.9318 659.3899 656.376 
315 662.1242 656.3266 657.507 
316 659.1264 658.1626 655.6044 
317 662.9799 659.1285 659.7466 
318 661.4037 658.369 657.0268 
319 661.6033 658.6744 656.9846 
320 660.1161 662.2964 658.0495 
321 662.396 657.1768 657.9043 
322 659.9301 655.6815 655.8782 
323 665.0529 659.9238 659.1225 
324 660.5144 662.76 658.7166 
325 659.9185 656.9898 661.2806 
326 662.1342 656.6191 657.2266 
327 658.2936 655.9359 661.5235 
328 661.9885 662.6195 660.3905 
329 660.7144 659.3108 663.0722 
330 656.6491 655.0787 658.3262 
331 660.6707 662.3864 658.9991 
332 662.3377 493.1421 492.9547 
333 660.7412 659.8667 663.4702 
334 659.4985 658.2332 662.1769 
335 664.2349 656.7394 658.031 
336 660.3392 656.3453 660.915 
337 659.6589 658.3605 661.568 
338 657.837 494.4169 495.5496 
339 660.2667 660.3527 657.3371 
340 660.7462 657.2158 656.0572 
341 657.7485 659.0223 660.8418 
342 657.4739 660.4387 656.0659 
343 660.9776 658.4024 658.4266 
344 663.7013 659.143 660.9586 
345 659.9404 661.7827 658.5299 
346 659.6474 656.8351 660.0172 
347 661.5142 656.6441 656.036 
348 664.9967 656.4224 658.0623 
349 660.7564 662.4002 662.0031 
350 498.903 659.4325 495.8135 
351 659.096 657.9155 662.4276 
352 664.3664 659.6324 657.3541 
353 660.0505 658.1057 661.0437 
354 662.7115 657.2672 656.3417 
355 661.6259 656.8962 656.9083 
356 661.1472 660.9608 657.0192 
357 659.5124 657.7843 661.7941 
358 663.5237 657.5176 660.1929 
359 661.5259 656.9599 656.7933 
360 662.7089 656.9642 657.2408 
361 661.5418 658.5333 659.3252 
362 660.9158 662.8747 660.2319 
363 659.2173 657.9188 660.1392 
364 662.9123 657.6381 656.9331 
365 657.9046 656.9143 659.6854 
366 663.0776 657.3767 657.8669 
367 659.9383 661.8778 658.1968 
368 660.6146 661.1906 659.1579 
369 659.4657 656.9535 659.2239 
370 661.439 657.5286 656.0475 
371 661.0143 662.9846 658.9337 
372 660.7719 657.8448 657.9824 
373 656.9708 660.4178 656.5284 
374 663.415 657.6462 659.5301 
375 662.1096 662.4872 660.8428 
376 659.7529 660.4262 658.7914 
377 662.5818 657.5823 657.9835 
378 659.2182 662.0089 658.9974 
379 657.749 658.8064 656.4188 
380 667.1283 656.3944 661.4605 
381 660.8363 660.199 660.9874 
382 662.9596 657.7856 660.8382 
383 663.3177 657.5631 658.9506 
384 664.4698 660.2532 659.1789 
385 659.4522 657.6444 660.5088 
386 660.7238 495.2138 494.6898 
387 660.2808 657.111 656.1823 
388 659.1696 659.8646 657.7313 
389 661.3558 661.1042 659.1409 
390 661.119 656.9651 658.3352 
391 658.795 657.4468 658.7029 
392 659.5398 656.4825 660.2226 
393 661.2484 658.2727 659.8923 
394 663.7316 667.4423 659.9551 
395 657.6234 660.4392 656.9536 
396 662.7046 657.8778 655.2561 
397 655.3352 659.0889 655.0785 
398 660.3771 656.3356 657.1332 
399 659.3386 658.1492 661.1269 
400 660.7866 492.2289 505.3526 
401 664.8518 659.7758 657.7605 
402 663.1614 494.7183 496.6315 
403 661.1364 657.4636 657.6217 
404 664.4915 494.0227 493.7878 
405 660.5714 659.3701 662.7547 
406 659.5644 656.1568 656.4526 
407 662.0913 657.2802 658.5935 
408 658.7966 660.102 657.2693 
409 660.7507 658.2762 663.2512 
410 659.4604 656.8327 657.946 
411 661.2739 655.1222 656.4671 
412 660.8364 660.7138 659.3615 
413 662.8164 658.5285 658.3952 
414 659.8526 655.7536 660.3446 
415 660.8714 660.9843 657.7931 
416 662.8248 656.589 657.7669 
417 659.2521 660.4328 658.2974 
418 661.7695 658.7919 662.4524 
419 660.8158 660.4906 657.0312 
420 659.9351 659.8511 656.0567 
421 659.6454 659.8256 659.2043 
422 661.3527 660.7286 656.9782 
423 661.4608 656.5779 657.4675 
424 662.3753 662.2359 662.1057 
425 659.4326 656.3521 655.9291 
426 659.3414 661.4556 658.2931 
427 661.7687 661.0359 658.7219 
428 660.1842 658.7302 660.7589 
429 661.1472 660.3816 659.7048 
430 661.9594 660.4246 657.8148 
431 660.4922 657.2463 660.0575 
432 665.0502 494.2256 498.5709 
433 660.8501 657.5892 657.7872 
434 661.3653 656.6917 656.1175 
435 657.7414 657.2262 659.7219 
436 660.0323 656.8312 656.9026 
437 661.6021 658.505 660.5765 
438 663.13 657.6694 659.3432 
439 662.4461 660.1254 658.2503 
440 657.9341 659.5568 657.2913 
441 660.2258 657.8086 659.2996 
442 659.6754 656.2713 657.8771 
443 661.0744 657.0391 656.9126 
444 663.9594 657.7442 656.7632 
445 661.9372 655.9791 656.727 
446 663.7333 658.9511 658.4142 
447 658.3775 660.9119 657.4312 
448 658.5646 658.7267 660.356 
449 656.1514 659.0468 655.8434 
450 662.0925 656.0451 657.1636 
451 662.9222 657.8447 656.9051 
452 661.0962 660.6941 657.1826 
453 659.1422 657.8709 657.6628 
454 663.0437 657.3844 659.8162 
455 659.7223 658.6735 660.3142 
456 661.4354 657.6327 656.8482 
457 663.9516 658.4974 658.3481 
458 496.6224 326.7678 492.1057 
459 662.3926 657.4921 658.3846 
460 658.2144 660.7257 656.6663 
461 661.8353 657.8288 657.9429 
462 659.8668 655.7212 656.9072 
463 659.5413 657.0557 657.7888 
464 660.5798 661.231 658.4516 
465 662.4362 655.822 657.9456 
466 658.4259 660.7893 655.2173 
467 498.692 493.0852 656.129 
468 660.1115 663.2779 659.1806 
469 660.5397 658.7239 658.6687 
470 657.2175 657.34 659.2145 
471 659.255 658.8356 661.1007 
472 662.7817 656.6641 657.1846 
473 330.2124 329.072 328.1842 
474 660.165 495.331 491.5498 
475 660.6136 657.4475 658.171 
476 660.9274 660.9756 658.4552 
477 660.4977 658.7965 660.7979 
478 660.3675 656.0259 657.4141 
479 664.558 659.7874 658.3785 
480 663.2272 660.2543 661.0179 
481 662.4566 658.4358 658.4376 
482 658.5261 655.1197 659.2978 
483 660.841 661.5999 659.3995 
484 664.5949 658.8082 654.8269 
485 663.8063 659.7714 659.0082 
486 660.796 663.122 656.6353 
487 660.234 657.2153 662.2621 
488 664.3166 657.7206 658.1698 
489 660.3547 657.847 663.981 
490 661.7604 658.2962 660.0868 
491 658.8466 661.9592 658.123 
492 658.7223 657.1342 654.5091 
493 661.2387 659.9155 663.1199 
494 660.2357 659.1757 662.8559 
495 660.1338 657.1794 661.0342 
496 657.4855 660.2311 656.6066 
497 660.1449 660.1461 659.0085 
498 659.8128 659.4531 660.391 
499 661.2134 658.7389 661.9713 
500 658.458 660.4261 656.8228 
501 660.0646 657.0176 660.9987 
502 662.0844 658.854 659.7468 
503 659.255 656.8376 660.1262 
504 660.0673 659.3216 657.9924 
505 658.1912 660.9141 657.4247 
506 658.2106 657.1016 661.1955 
507 658.9717 656.5417 658.3963 
508 661.4536 661.5936 657.8107 
509 657.6739 659.6748 657.5708 
510 659.6894 660.7569 657.2904 
511 659.4267 661.4151 658.8232 
512 660.2923 660.6602 658.8652 
513 659.7768 658.9069 658.8408 
514 661.8153 658.7809 657.9837 
515 662.3078 659.4316 662.6306 
516 663.4526 658.5758 658.5772 
517 660.9728 657.5098 660.2837 
518 661.6626 658.1888 658.5082 
519 659.9736 657.766 660.0405 
520 659.3228 662.4921 659.4828 
521 661.2701 656.6744 657.8019 
522 660.8708 657.9282 658.7919 
523 659.1728 659.9671 655.1686 
524 662.8346 492.522 492.4558 
525 662.5174 660.6905 661.0911 
526 664.7043 660.0144 661.1483 
527 659.2029 658.6802 658.3092 
528 660.8621 661.224 660.9798 
529 660.5219 662.5458 659.8753 
530 658.4614 656.2518 659.9151 
531 659.268 655.0349 655.5643 
532 660.2121 494.3676 493.3054 
2 661.3082 656.9271 657.7221 
3 662.444 659.6141 656.7212 
4 328.5772 329.512 327.846 
5 663.5769 658.3609 658.1582 
6 658.3721 655.5991 657.9382 
7 655.7312 657.4964 655.9277 
8 659.3605 658.7203 661.4528 
9 658.375 661.5075 656.9238 
10 665.0648 658.3408 659.0891 
11 659.5682 661.7951 657.3624 
12 662.7736 657.9664 657.964 
13 658.9472 659.7679 658.2917 
14 659.4854 661.1358 658.1028 
15 661.5331 660.6003 658.0686 
16 661.4639 660.9139 658.3306 
17 657.5596 662.0737 658.9938 
18 663.3002 658.5995 656.624 
19 661.4347 656.7619 656.7937 
20 661.2592 661.65 656.484 
21 661.3934 659.0054 661.9192 
22 659.1665 655.1712 663.0996 
23 660.8499 658.2899 663.5709 
24 661.1727 657.2114 656.7739 
25 658.1781 661.7152 657.7728 
26 658.1686 656.0509 659.6823 
27 659.2245 657.8286 661.3596 
28 658.684 660.6385 657.0329 
29 658.2378 656.4516 660.1703 
30 660.728 655.9936 660.9486 
31 660.2173 658.2955 659.7354 
32 657.3681 659.1589 656.4607 
33 662.3119 660.3538 658.7728 
34 328.7362 328.4992 329.2448 
35 657.3835 662.2353 659.2728 
36 662.6135 657.2645 657.4749 
37 659.7444 659.8416 658.3489 
38 658.2712 658.9072 660.9305 
39 659.745 662.1225 659.4366 
40 662.6797 658.5176 661.4286 
41 659.793 661.3585 659.2724 
42 661.0301 662.7741 655.5293 
43 659.9504 660.2722 658.5803 
44 662.9326 657.9952 653.7962 
45 663.6347 657.0206 657.7854 
46 657.8608 657.4251 659.7104 
47 664.3196 659.6735 657.6049 
48 658.872 657.1081 660.9892 
49 661.3739 657.7612 656.507 
50 658.4866 655.6623 661.4303 
51 660.4061 656.5391 656.7052 
52 658.986 659.5115 656.7566 
53 659.7503 661.4007 658.7392 
54 658.991 660.3921 656.8634 
55 663.5283 658.8341 657.3002 
56 661.4762 659.8366 664.1884 
57 662.2318 656.38 657.3289 
58 660.5682 654.6294 657.0738 
59 657.8423 659.4674 656.74 
60 662.0645 656.7516 660.5196 
61 662.9008 658.0516 659.3568 
62 659.1803 661.3114 658.374 
63 660.9315 491.901 491.7665 
64 662.9616 656.5892 657.5665 
65 661.8844 660.677 661.1964 
66 661.8411 657.0479 660.8022 
67 660.4342 658.957 659.2291 
68 660.3554 660.9972 658.9263 
69 656.1878 658.7485 657.6592 
70 658.4676 656.4872 659.9211 
71 658.9959 660.9785 658.9256 
72 655.5419 658.0574 658.3595 
74 656.5817 655.8606 657.6553 
75 662.3423 657.1454 656.5427 
76 659.5334 659.6527 662.2158 
77 660.4387 660.1296 658.0547 
78 659.3085 654.8877 658.9394 
79 658.9033 659.0657 656.1181 
80 660.2856 658.9161 663.1048 
81 664.3964 657.9962 659.2312 
82 659.2616 660.9118 658.2365 
83 658.4474 658.6774 657.4876 
84 328.4018 329.3682 328.3647 
85 659.9176 656.3336 657.1823 
86 657.8343 659.674 659.267 
87 663.4885 659.4794 658.7256 
88 664.1278 658.4467 658.2624 
89 660.3693 655.844 656.7962 
90 656.8397 490.7958 495.0964 
91 659.3878 661.5803 658.3515 
92 658.7808 657.7379 656.043 
93 659.9026 658.753 661.1154 
94 660.2186 657.9846 655.0045 
95 659.0477 655.7417 655.4462 
96 660.1552 659.7624 655.8313 
97 658.3807 656.5104 659.2231 
98 666.155 658.4732 660.3948 
99 660.2517 657.6178 658.3806 
100 662.6842 658.2486 657.2082 
101 663.833 658.9738 660.1358 
102 661.7854 658.0606 661.9518 
103 660.981 657.7144 656.8736 
104 659.6432 656.9946 660.2414 
105 661.2182 656.4385 656.1874 
106 664.0383 658.0056 657.2266 
107 656.9067 660.3326 658.0662 
108 656.4866 653.0606 659.1342 
109 657.9083 657.2126 659.6321 
110 657.1338 659.2759 657.3286 
111 658.9254 660.5126 659.2707 
112 658.027 660.2338 657.3059 
113 660.4794 658.7041 660.567 
114 659.7046 657.1305 662.406 
115 660.4524 659.2877 662.9793 
116 658.5098 495.2524 495.0008 
117 656.3859 658.5261 656.7305 
118 657.3548 658.9828 657.2938 
119 657.2855 657.9473 660.9879 
120 657.0082 656.6515 658.4212 
121 658.797 655.9219 659.758 
122 659.376 655.7428 658.9987 
123 660.9726 660.5492 657.7371 
124 660.0372 658.6077 661.8043 
125 663.8917 658.877 659.3289 
126 660.2377 661.0944 659.2539 
127 659.1744 660.2759 658.1512 
128 659.6474 658.3015 661.8285 
129 659.0655 659.574 658.6862 
130 658.3065 657.5535 662.1578 
131 661.7186 658.0491 656.8965 
132 659.5409 659.4342 662.5072 
133 657.238 662.4173 658.2793 
134 658.47 657.5219 661.082 
135 657.1203 655.5773 658.744 
136 658.9882 656.8892 662.0996 
137 659.2907 656.3126 657.4185 
138 660.0644 656.5654 657.1822 
139 659.7962 656.866 660.983 
140 659.2023 655.4783 660.7288 
141 662.4685 658.4092 658.356 
142 657.1216 658.3778 656.5412 
143 660.9514 659.6404 660.7575 
144 659.4905 662.8458 659.6646 
145 660.5924 659.7148 658.1536 
146 659.6234 660.5942 657.7646 
147 657.2668 657.3154 660.7006 
148 661.1217 656.6378 656.8823 
149 660.4018 662.8451 658.833 
150 661.1802 657.4908 659.0817 
151 660.213 657.5143 656.9934 
152 659.2497 660.4608 659.0988 
153 659.6075 661.1222 660.5278 
154 661.7461 657.5911 659.532 
155 659.6748 660.9194 657.2832 
156 664.2115 657.0306 657.4863 
157 661.506 656.2573 657.444 
158 659.1357 660.4679 658.1364 
159 663.1007 660.1569 663.2466 
160 661.3628 658.5568 663.1842 
161 660.9263 657.8272 659.9154 
162 660.4535 659.4838 658.3343 
163 660.7861 660.6143 657.6904 
164 659.5658 661.5292 658.5504 
165 660.5012 661.5173 658.4451 
166 659.9654 656.211 657.9716 
167 662.6294 658.9964 663.5568 
168 659.6454 660.9203 659.2316 
169 659.7852 657.4833 662.2053 
170 658.5545 495.069 494.7068 
171 663.0951 657.4557 657.3574 
172 331.3277 329.8752 328.052 
173 663.8355 658.8436 658.5112 
174 662.6878 660.0685 657.4355 
175 658.5723 661.735 658.24 
176 659.1093 658.0951 662.8078 
177 659.9373 660.0615 658.0815 
178 663.954 495.5495 493.5686 
179 660.1078 656.4329 656.791 
180 660.1207 662.2525 658.2864 
181 657.5982 659.6458 656.8742 
182 661.7008 657.4907 658.6774 
183 660.9939 658.4848 660.8908 
184 660.0195 662.4499 658.8934 
185 659.8388 661.1949 658.1783 
186 662.284 657.276 657.5326 
187 662.1318 658.909 655.4946 
188 656.9977 658.3687 659.4223 
189 663.5512 657.5594 659.2372 
190 661.5266 657.1198 658.6161 
191 660.2018 660.6208 658.7876 
192 663.945 658.9781 659.52 
193 660.4398 655.9231 661.9805 
194 662.9222 657.7852 658.2269 
195 660.3988 661.6426 658.264 
196 660.9082 661.7927 658.339 
197 661.7887 657.2718 658.3445 
198 659.7452 659.5198 661.5588 
199 663.7502 658.0938 658.7578 
200 662.6269 658.0604 658.7083 
201 657.9147 658.5487 661.363 
202 661.2417 658.6836 660.4947 
203 658.3925 659.7726 656.5678 
204 659.3151 493.5688 492.6229 
205 661.1774 659.531 661.7109 
206 661.2222 657.2239 658.2549 
207 658.5623 662.1857 661.6707 
208 663.3448 662.3373 663.886 
209 659.8785 657.36 660.775 
210 661.934 656.0139 655.9952 
211 660.7492 656.5832 655.6022 
212 660.861 661.0558 658.4644 
2 657.3671 657.6828 656.8138 
3 660.2577 659.6594 658.8095 
4 0.0 0.0 0.0 
5 0.0 0.0 0.0 
6 520.1402 328.2106 496.351 
7 494.4098 503.3538 671.169 
8 328.9608 494.148 496.1996 
11 658.5673 657.7393 656.1615 
