1.0 197.823 206.3516 46.7332 6.89 656.9728 654.9971 0.0 
2.0 203.9315 210.2021 46.2014 8.87 656.7338 658.7007 0.0 
4.0 200.9056 207.9818 47.8548 17.57 655.224 660.9511 0.0 
2.0 208.4442 205.8458 46.7394 16.51 659.6779 662.3192 0.0 
2.0 208.1796 202.5542 46.6389 13.53 655.0716 655.3817 0.0 
2.0 207.7996 198.9857 47.0087 8.51 661.5993 655.4679 0.0 
1.0 207.8785 206.4206 45.0557 87.82 658.5135 655.1424 108.0 
2.0 210.3594 202.8347 45.3598 10.26 657.7136 656.4509 0.0 
4.0 207.1612 203.7329 47.2847 9.54 656.814 659.6811 0.0 
2.0 206.2693 208.6913 47.3089 25.72 657.491 659.8948 227.0 
2.0 217.6183 213.0387 40.9629 139.79 659.2677 656.1473 34.0 
2.0 205.4201 205.475 47.2885 34.36 660.1454 656.5607 0.0 
1.0 207.4207 202.8837 46.3843 15.44 655.6446 656.2528 0.0 
2.0 207.09 202.0 47.09 32.44 655.54 658.78 0.0 
4.0 209.4057 202.0333 47.2665 7.41 662.0905 656.1456 0.0 
2.0 203.2405 210.9044 46.6517 10.72 658.2693 660.624 0.0 
2.0 199.8626 205.5846 46.9879 7.94 657.8926 655.6159 0.0 
2.0 202.1929 205.9444 47.8978 17.44 656.009 661.7993 0.0 
1.0 207.1229 205.089 47.4074 6.86 655.057 656.4551 39.0 
2.0 208.3951 202.2803 47.8289 27.9 658.3937 659.2115 0.0 
4.0 207.1992 203.4685 47.2824 6.7 659.8343 656.1347 0.0 
2.0 202.1096 206.7871 45.2631 19.42 659.4468 658.7548 0.0 
2.0 206.3231 204.5661 45.7761 21.06 658.6716 656.847 29.0 
2.0 202.3689 206.6147 46.7242 16.95 654.9002 661.9699 0.0 
1.0 204.8937 209.0391 45.5593 15.95 656.4723 653.5474 0.0 
2.0 203.5223 204.9998 48.278 419.53 656.3762 655.7465 0.0 
4.0 203.9463 205.5861 47.5841 18.12 655.5856 655.5677 0.0 
2.0 207.0488 204.554 45.3005 24.18 659.5102 657.7967 0.0 
2.0 208.4444 206.259 46.5787 3.79 657.6316 656.4111 0.0 
2.0 205.3847 204.1567 47.3259 10.03 654.8392 657.0922 0.0 
1.0 208.2918 214.389 44.2086 105.82 656.2871 658.7637 0.0 
2.0 205.7652 203.9488 46.29 13.55 655.4329 655.1558 0.0 
4.0 204.0716 209.7896 47.0745 5.12 655.0745 654.8682 0.0 
0.0 -41.546 7.7043 9.5133 0.0 0.0 0.0 0.0 
0.0 -29.8169 9.593 12.9382 0.0 0.0 0.0 0.0 
0.0 -33.9651 8.4459 13.0052 0.0 0.0 0.0 0.0 
1.0 209.3829 204.9708 46.741 7.38 655.694 656.1215 0.0 
2.0 204.4715 210.0621 46.8449 39.15 654.5755 659.5349 0.0 
4.0 209.2867 202.0839 45.4366 75.26 659.0925 656.0093 0.0 
2.0 211.8062 208.6495 47.1759 19.68 656.4424 658.2513 0.0 
2.0 210.3388 204.4539 47.138 11.72 660.8036 655.6715 214.0 
2.0 207.8311 203.5239 47.9759 29.99 656.3148 660.1565 0.0 
1.0 212.7732 206.7638 46.6759 11.35 656.3353 657.6446 0.0 
2.0 208.8591 200.655 46.5711 15.35 655.7508 654.6098 0.0 
4.0 209.7324 206.4903 47.3835 4.51 656.4499 655.2036 0.0 
2.0 202.7722 214.1275 45.4468 36.76 657.5621 657.3715 0.0 
2.0 206.5153 205.1033 46.3714 10.92 655.3385 654.778 0.0 
2.0 208.6339 210.7203 46.0006 20.76 657.438 661.0997 0.0 
