4.0 176.3109 179.7081 47.9397 10.69 660.0736 658.718 0.0 
3.0 176.634 176.6183 48.1789 7.13 657.6336 658.1608 0.0 
2.0 187.8314 188.1508 49.7963 6.73 658.5939 660.5111 0.0 
3.0 182.85 187.1803 49.0244 65.21 656.442 661.2109 0.0 
1.0 179.7406 184.9485 49.7026 24.8 660.6632 656.4186 0.0 
4.0 186.5642 189.1355 50.261 9.92 655.6567 658.5414 0.0 
1.0 181.7901 188.8457 49.4386 6.39 653.7452 661.2889 0.0 
2.0 181.71 189.5 49.65 12.29 657.63 652.82 0.0 
4.0 179.4374 191.7003 49.7185 6.23 656.7169 657.9202 111.0 
2.0 185.5885 176.6414 47.9166 319.96 660.7846 656.6586 0.0 
2.0 185.4427 180.4638 49.213 69.04 654.2645 661.4952 128.0 
2.0 184.6479 172.6151 49.5 7.63 654.4946 658.243 0.0 
1.0 181.0803 177.4434 48.5263 9.65 660.2848 654.2216 0.0 
2.0 180.175 179.3186 48.7632 14.29 652.4141 656.7339 0.0 
4.0 181.6873 181.3881 48.357 12.86 659.032 658.582 0.0 
2.0 180.6492 185.9416 49.1532 10.32 655.8773 656.7629 0.0 
2.0 183.6673 186.556 49.3478 10.44 657.5378 653.4745 0.0 
2.0 181.8589 185.1423 49.8036 7.48 657.2807 656.533 0.0 
1.0 188.4919 172.4897 48.9615 9.03 660.1398 655.0983 0.0 
2.0 187.8569 190.5064 49.1956 9.65 656.7171 657.2709 0.0 
4.0 193.0514 178.7346 49.0152 11.2 654.2344 659.3209 0.0 
2.0 188.7718 193.5448 49.48 4.58 660.6237 660.9299 0.0 
2.0 191.6784 195.4195 49.7792 23.48 655.3882 658.9946 0.0 
2.0 184.9222 197.401 51.077 32.19 656.8569 653.1935 0.0 
1.0 179.5339 184.5779 49.1726 23.92 662.4364 656.8858 93.0 
2.0 179.0197 182.71 50.1318 12.56 656.8132 659.5469 0.0 
4.0 177.0218 182.3219 49.6439 6.95 657.2081 660.3078 140.0 
2.0 176.043 177.6758 48.4238 7.67 657.4076 658.6913 0.0 
2.0 177.4657 177.3204 48.2766 9.58 659.2732 657.7474 0.0 
2.0 175.2728 176.4161 48.8589 9.62 658.263 661.16 0.0 
1.0 179.0019 181.5405 49.3258 5.96 658.3948 658.1008 0.0 
2.0 178.176 183.4298 49.6499 7.89 653.0382 659.6746 6.0 
4.0 177.2758 183.8868 49.5347 4.49 657.6791 654.6961 0.0 
2.0 168.5997 178.0618 48.1527 10.71 658.7701 657.127 0.0 
2.0 182.5452 177.3008 48.4051 11.7 659.4372 654.7798 0.0 
2.0 178.2635 175.9397 48.9363 11.83 654.904 663.1933 0.0 
1.0 182.5748 182.728 49.7662 5.93 663.0117 658.461 112.0 
2.0 180.4347 182.7944 50.3843 13.59 657.6924 658.083 0.0 
4.0 176.7709 183.1424 49.8113 7.39 657.021 661.1051 67.0 
2.0 177.435 178.2287 49.0119 17.16 658.1847 659.4665 0.0 
2.0 177.4794 178.028 49.0693 13.01 658.3549 656.8924 0.0 
2.0 177.3061 174.5679 48.8537 26.38 659.2645 660.5038 0.0 
1.0 178.9957 174.9147 48.2906 21.26 660.3459 660.9398 0.0 
2.0 178.1979 180.611 48.6705 12.03 658.4699 660.8659 0.0 
4.0 185.4935 190.8167 48.7034 9.05 660.8223 662.1494 0.0 
2.0 184.4406 183.7476 49.1476 9.66 664.7917 658.7341 0.0 
2.0 181.2383 184.769 49.4982 14.24 659.4484 661.0451 0.0 
2.0 186.3142 186.8479 50.9696 27.19 655.619 659.094 0.0 
1.0 180.8146 184.1332 49.2694 7.37 658.5038 654.4738 0.0 
2.0 172.9706 182.5874 49.5584 7.16 651.355 657.9008 86.0 
4.0 173.4574 183.004 49.6037 15.11 657.0739 656.711 0.0 
2.0 179.9536 179.4394 48.6353 9.94 660.1529 658.8162 0.0 
2.0 176.1256 173.727 48.59 11.88 659.5003 658.1435 0.0 
2.0 173.5987 175.9479 49.3872 13.41 652.7391 660.8051 0.0 
1.0 178.2466 179.6116 48.6523 8.31 655.8199 659.0972 0.0 
2.0 182.58 177.89 49.0 7.28 655.8 659.64 0.0 
4.0 177.4488 180.1844 48.4721 9.36 661.2584 653.6492 0.0 
2.0 180.3374 185.1216 49.3518 12.63 658.3679 656.3233 0.0 
2.0 179.5688 185.0696 50.2329 261.15 658.659 654.9174 0.0 
2.0 181.8261 182.6928 50.0903 6.49 653.1072 659.6206 0.0 
1.0 175.8649 178.7059 49.1591 4.3 662.2647 656.6404 0.0 
2.0 179.6625 182.329 49.4446 4.96 655.1402 658.7836 0.0 
4.0 173.7075 176.1607 48.3221 6.28 658.0892 662.1526 0.0 
2.0 177.8979 183.432 49.5254 8.85 658.441 660.4212 65.0 
2.0 181.7811 184.191 49.9088 13.77 657.4894 656.9439 0.0 
2.0 177.7363 179.6919 50.5795 10.89 657.6333 655.9844 0.0 
1.0 176.9446 183.9433 47.9379 5.43 658.1109 659.2245 0.0 
2.0 180.1409 183.8665 48.4342 12.66 657.6698 658.1233 0.0 
4.0 180.818 184.472 48.3856 31.12 655.6357 657.5494 241.0 
2.0 187.1368 186.7309 48.7252 31.89 661.0769 656.0035 0.0 
2.0 185.5807 187.322 49.4837 17.25 654.7957 660.4807 0.0 
2.0 187.3752 188.4702 50.2657 12.21 656.0966 659.3535 0.0 
1.0 184.314 186.5306 48.8169 8.47 660.0817 660.3302 0.0 
2.0 183.0674 185.1208 49.807 12.79 653.1725 659.6569 0.0 
4.0 183.4187 184.0341 49.485 7.26 656.567 657.9336 0.0 
2.0 175.3389 181.0596 48.5142 8.81 657.1013 657.6044 0.0 
2.0 179.6942 184.0184 48.5482 6.47 659.4574 657.602 0.0 
2.0 174.7094 181.7126 48.7659 20.57 654.9621 660.8279 0.0 
1.0 181.2067 185.644 49.5088 10.12 656.9713 658.6761 14.0 
2.0 180.1914 183.8874 50.7062 9.42 659.2472 658.876 0.0 
4.0 184.0446 182.2485 49.6943 7.96 660.6061 656.741 0.0 
2.0 181.0853 180.2016 48.9101 6.02 662.0348 656.052 11.0 
2.0 178.7291 179.8243 48.8507 8.05 656.9661 660.7886 0.0 
2.0 179.1608 179.6257 49.1148 11.55 655.0314 659.51 0.0 
1.0 183.8209 184.7367 49.2696 17.7 662.3994 654.9623 0.0 
2.0 186.2675 186.4499 50.2664 12.98 656.2612 657.7127 187.0 
4.0 181.448 188.4754 49.9545 6.0 654.3058 661.045 0.0 
2.0 181.4529 176.7951 47.7857 73.59 660.3689 663.0834 0.0 
2.0 179.2205 179.0274 48.8735 21.74 657.8893 654.7101 0.0 
2.0 173.7478 180.8418 48.5936 21.07 658.4148 660.4647 0.0 
1.0 173.4534 173.8235 49.2704 7.3 661.6906 657.7048 0.0 
2.0 175.5051 179.2606 48.9515 17.47 658.6806 659.772 0.0 
4.0 177.2189 178.3815 49.4105 7.31 660.9325 662.6901 140.0 
2.0 176.4245 185.1252 49.5358 5.59 657.4575 663.6923 0.0 
2.0 180.5155 181.8563 50.079 18.51 658.8461 656.6646 0.0 
2.0 180.206 182.4222 50.4329 6.69 657.0324 658.9185 0.0 
1.0 182.6491 180.7719 49.8577 6.33 658.31 656.8963 0.0 
2.0 179.7456 183.8308 49.6613 7.84 656.4339 660.4405 0.0 
4.0 178.012 184.1384 50.1226 5.73 660.4238 660.0611 0.0 
2.0 178.6608 181.095 48.67 9.73 661.8451 661.013 0.0 
2.0 176.1466 178.5691 48.8596 10.27 661.7971 657.6009 0.0 
2.0 174.7424 176.3679 49.1773 8.7 653.5002 662.9907 81.0 
1.0 172.937 177.6115 48.4709 6.33 658.8492 656.5645 19.0 
2.0 176.04 174.72 49.07 101.76 653.73 657.07 0.0 
4.0 172.5687 169.7807 48.8565 13.78 657.3184 658.8927 0.0 
2.0 176.9968 180.6028 49.4406 10.56 656.0301 658.592 0.0 
2.0 179.558 179.6291 49.5839 10.86 659.2217 653.7435 0.0 
2.0 172.7152 181.2645 49.8289 9.34 654.2503 661.897 0.0 
1.0 177.7936 182.1678 48.9585 9.18 660.6651 656.6404 0.0 
2.0 186.4612 186.1981 50.0601 10.55 657.6873 655.8881 0.0 
4.0 181.0412 185.2701 49.6755 38.0 659.0821 660.9089 0.0 
2.0 175.3858 180.6889 48.4671 9.36 658.934 660.8748 0.0 
2.0 176.3331 185.9524 48.3182 61.17 655.8032 656.2171 0.0 
2.0 177.2325 177.1563 49.1638 9.98 656.1541 657.6889 0.0 
1.0 176.214 179.0556 48.7406 5.98 657.8378 659.8683 0.0 
2.0 178.339 174.6462 48.854 13.71 660.1768 658.1133 0.0 
4.0 174.3117 175.158 48.9294 4.89 657.4174 658.6403 0.0 
2.0 179.8377 182.3372 49.8155 12.62 665.0872 656.5947 0.0 
2.0 175.4361 181.6697 49.2819 6.15 657.4083 660.4515 0.0 
2.0 176.265 181.3436 50.0087 24.96 656.7205 661.0397 0.0 
1.0 182.0509 191.7804 49.3659 5.23 655.8103 658.7442 0.0 
2.0 185.5478 192.7598 49.8441 4.87 659.4837 656.5662 0.0 
4.0 182.0856 191.6476 49.5472 10.64 657.168 659.4362 0.0 
2.0 187.6843 179.6883 48.3473 6.31 660.8559 655.6679 0.0 
2.0 187.6106 182.6333 48.4196 6.5 654.7841 660.3073 0.0 
2.0 185.4562 176.5563 49.0873 5.69 655.05 658.0447 0.0 
1.0 177.6151 181.1764 48.5633 4.89 660.1888 662.04 29.0 
2.0 177.3274 182.7485 48.6468 11.69 657.4104 663.5481 33.0 
4.0 178.5576 183.0213 48.8836 8.17 660.3956 659.2872 0.0 
2.0 183.5748 186.5814 49.172 13.44 659.8156 659.0601 0.0 
2.0 182.7768 185.4974 49.519 10.46 659.0108 657.0089 0.0 
2.0 183.6779 183.4543 50.0922 7.57 654.424 661.0284 0.0 
1.0 177.7788 180.6704 48.292 7.95 659.4937 660.9295 0.0 
2.0 175.257 178.9203 48.6644 7.86 658.8233 658.5835 0.0 
4.0 175.5961 179.1427 48.7829 22.1 658.5339 661.2654 0.0 
2.0 182.8896 185.2212 49.678 8.76 664.0354 658.6167 47.0 
2.0 180.5722 183.9947 49.2941 10.19 658.5586 663.4684 0.0 
2.0 181.4768 185.0079 50.3835 67.51 656.1487 661.2755 0.0 
1.0 174.8162 174.866 48.0847 70.15 659.1572 656.5647 52.0 
2.0 173.0016 173.4404 49.3168 6.63 656.6033 659.3304 0.0 
4.0 171.9323 176.4169 48.7443 7.74 657.8184 659.2755 0.0 
2.0 176.9559 181.815 49.1053 10.37 659.4685 659.4438 0.0 
2.0 177.2732 181.3459 49.1386 8.76 661.2454 657.1891 0.0 
2.0 174.1593 179.5446 50.1918 10.33 655.8919 658.0609 0.0 
1.0 172.2312 173.5465 48.1961 38.65 657.3895 658.5339 0.0 
2.0 175.1904 172.215 48.9506 12.0 657.3737 658.0008 198.0 
4.0 180.2728 175.8984 48.7709 13.73 658.9238 658.9011 0.0 
2.0 186.1036 183.7439 50.7672 21.75 666.7832 663.8035 0.0 
2.0 182.9501 185.1963 49.7323 8.86 657.7075 658.6862 0.0 
2.0 179.6239 186.1018 51.0398 18.0 653.7539 660.9612 0.0 
1.0 186.5378 186.9577 49.8393 5.34 657.1057 656.9834 0.0 
2.0 181.95 184.75 50.58 9.93 653.64 658.1 5.0 
4.0 184.1992 185.8564 48.9672 9.27 660.7171 658.1909 0.0 
2.0 182.7402 190.8729 48.4493 8.74 659.2261 659.7165 0.0 
2.0 178.8873 181.1577 48.835 10.03 659.2411 655.7129 0.0 
2.0 176.9843 181.6041 49.0362 4.0 652.4623 660.7246 0.0 
1.0 175.6024 176.8418 48.5495 8.82 656.1006 660.5124 0.0 
2.0 175.4786 179.0863 49.2358 7.45 658.7916 656.4155 0.0 
4.0 186.9426 190.6619 48.4383 4.63 661.7299 658.251 0.0 
2.0 179.3932 182.469 49.124 6.59 661.1033 655.55 0.0 
2.0 181.76 185.1805 49.0354 6.48 657.0436 660.7041 0.0 
2.0 184.8506 186.8793 50.1156 6.19 654.1851 659.462 0.0 
1.0 176.108 175.2868 48.2546 8.46 657.0672 659.6146 33.0 
2.0 173.951 176.6249 48.7661 16.05 656.9377 659.2967 0.0 
4.0 183.3634 188.9822 48.5916 10.62 658.8887 658.9306 0.0 
2.0 179.8143 183.1802 49.0327 7.99 662.4761 658.7426 0.0 
2.0 179.1885 182.7289 49.5414 15.67 661.701 659.0141 0.0 
2.0 183.8899 185.5835 50.6111 9.62 655.3851 660.601 0.0 
1.0 194.7243 191.1622 49.5283 3.95 661.1423 658.3161 0.0 
2.0 182.1125 185.7717 49.6678 8.86 654.3027 661.3173 0.0 
4.0 189.6866 189.8844 49.6646 14.04 663.9895 661.0992 0.0 
2.0 187.919 189.7213 48.549 17.28 660.7274 658.7999 0.0 
2.0 178.7816 177.3897 48.1765 33.59 661.6389 658.3292 0.0 
2.0 184.1729 185.1067 49.2903 16.25 656.593 663.2205 0.0 
1.0 176.5364 182.1703 49.7604 5.22 661.2613 656.6773 53.0 
2.0 178.5472 179.2707 49.5522 116.16 659.6165 660.1339 153.0 
4.0 176.2639 182.64 50.2496 4.92 659.1225 660.6906 0.0 
2.0 176.8013 173.4569 48.5278 11.77 658.9181 660.7466 0.0 
2.0 175.1005 177.9664 48.4817 18.48 657.1212 661.7965 0.0 
2.0 173.1895 174.8094 49.4292 9.56 657.1475 659.3532 0.0 
1.0 182.3985 187.9212 49.2459 8.09 658.8815 657.4697 0.0 
2.0 179.6422 187.8246 49.9519 5.1 654.2396 660.5152 0.0 
4.0 182.6893 186.5982 50.0587 23.06 661.3093 658.2796 0.0 
2.0 180.2962 182.198 48.7394 9.84 658.0464 658.4783 0.0 
2.0 184.66 180.9564 48.4601 5.37 661.284 654.681 0.0 
2.0 179.4178 179.43 48.5325 10.31 653.9412 661.9202 0.0 
1.0 178.019 181.6958 49.313 9.24 661.7978 656.1652 0.0 
2.0 177.9665 182.6732 49.7008 8.41 656.9043 658.8988 0.0 
4.0 179.3861 183.9768 49.6442 10.83 656.0862 662.3597 0.0 
2.0 176.1871 178.0787 48.4489 5.98 658.877 663.1994 70.0 
2.0 178.0067 177.9428 48.4056 14.48 656.5634 658.0438 0.0 
2.0 176.1237 177.8974 49.6785 202.15 659.5277 658.8698 0.0 
1.0 183.1587 185.671 49.2853 8.87 656.3623 656.6444 0.0 
2.0 183.88 185.3437 49.334 7.2 655.804 660.3505 0.0 
4.0 183.4116 185.0872 49.6614 8.42 659.6738 659.3311 0.0 
2.0 181.5364 179.7395 48.4825 15.96 661.8451 656.4216 0.0 
2.0 177.1126 181.9443 48.1075 7.28 658.6281 657.94 0.0 
2.0 177.9797 178.3315 48.9849 6.52 654.6126 661.1368 0.0 
1.0 183.7855 183.995 48.0853 10.96 659.755 656.1943 0.0 
2.0 185.39 184.38 48.62 4.22 650.96 659.65 0.0 
4.0 185.5751 178.5667 48.3032 15.67 660.9877 656.9577 0.0 
2.0 185.2837 186.9604 49.2038 9.86 653.0117 655.3862 0.0 
2.0 185.7781 189.7559 49.1346 13.3 658.5523 654.1412 0.0 
2.0 181.0035 188.4158 50.5036 9.63 652.5503 661.2522 0.0 
1.0 172.2359 179.4752 48.7501 6.87 661.699 657.0598 0.0 
2.0 173.6691 180.1066 48.895 7.29 657.4385 660.0871 0.0 
4.0 177.4228 179.5909 48.6939 16.75 658.9818 663.2258 0.0 
2.0 182.0967 181.078 49.1021 9.29 659.4862 660.7368 0.0 
2.0 179.1467 182.4394 49.2555 7.87 659.0302 657.8452 0.0 
2.0 178.9391 183.7448 50.0516 6.91 659.6612 657.9044 0.0 
1.0 184.3678 181.7743 48.4902 11.16 655.6724 661.2826 0.0 
2.0 185.7901 182.1122 48.4146 7.86 659.8259 656.9099 0.0 
4.0 187.1377 177.8011 48.6661 7.16 657.5275 659.6212 0.0 
2.0 183.5748 189.4981 50.4026 8.68 663.5205 656.2302 0.0 
2.0 182.93 192.816 49.7865 20.57 656.4468 661.8793 0.0 
2.0 178.534 188.3399 50.8762 33.58 655.0342 656.9752 0.0 
1.0 176.465 178.1113 48.5927 13.63 656.8904 658.7053 219.0 
2.0 178.2102 178.4277 50.8092 11.51 659.5537 657.8365 0.0 
4.0 179.0968 184.9412 48.6285 11.07 658.35 657.8935 0.0 
2.0 178.7186 184.3645 49.2029 5.34 660.8559 658.9383 0.0 
2.0 173.8471 180.2094 52.6154 43.25 655.8216 657.9801 0.0 
2.0 182.3678 185.377 50.2798 8.07 656.4075 660.076 0.0 
1.0 179.8198 187.5039 49.5012 3.04 658.8043 662.6933 0.0 
2.0 179.1306 184.6602 50.573 8.97 657.8097 657.0591 0.0 
4.0 180.3229 187.2254 49.7772 9.87 657.3683 659.2471 0.0 
2.0 179.1265 180.4382 48.4995 1.9 663.0409 658.8924 0.0 
2.0 181.6408 176.5258 48.2728 14.09 657.7704 660.9243 0.0 
2.0 182.8322 177.8234 48.9448 13.95 656.0993 659.9802 0.0 
1.0 174.2171 179.3965 48.6783 1.46 653.9641 658.5679 0.0 
2.0 175.9967 174.1714 49.0969 10.22 657.182 656.7217 0.0 
4.0 173.3462 174.9403 48.5616 10.02 658.1532 657.3177 0.0 
2.0 178.1046 184.8116 49.8596 4.68 662.049 655.2469 0.0 
2.0 178.6798 182.7154 49.5262 7.15 656.9679 659.259 0.0 
2.0 179.4284 181.7367 49.9093 5.23 655.5919 659.4782 5.0 
1.0 186.0712 189.4415 49.3485 9.1 657.7053 660.0433 0.0 
2.0 183.8571 187.1116 49.6821 7.16 661.6913 658.0257 0.0 
4.0 184.8259 188.3379 49.1767 11.08 658.5594 658.5345 0.0 
2.0 182.9934 186.0766 48.7171 5.0 663.1553 658.1328 0.0 
2.0 182.2482 184.4387 48.3572 4.81 657.6708 659.2191 51.0 
2.0 183.8177 184.2084 48.6907 13.03 658.4067 659.0647 170.0 
1.0 183.1813 177.8837 48.9832 15.28 662.4476 659.7161 0.0 
2.0 177.0945 188.214 48.3054 51.18 657.7236 660.9405 129.0 
4.0 173.8196 174.6506 49.3667 21.65 656.084 662.9411 0.0 
2.0 183.5784 185.9272 49.3158 9.43 661.3405 662.1609 0.0 
2.0 187.4542 187.3507 49.4343 14.09 661.8649 663.2505 0.0 
2.0 181.2885 181.3766 50.5502 27.35 659.3257 660.4831 0.0 
1.0 175.8039 176.8544 48.2894 11.17 656.3654 659.4186 0.0 
2.0 178.56 176.88 48.86 16.22 659.48 656.03 0.0 
4.0 179.6416 183.0154 48.3265 11.71 656.9174 656.3161 0.0 
2.0 177.3836 183.8501 48.9967 19.6 659.7785 656.0273 49.0 
2.0 178.3897 183.6315 49.3271 5.07 655.7875 657.7988 0.0 
2.0 183.6587 183.7914 50.0229 9.81 655.5889 658.9465 0.0 
1.0 186.0104 182.8976 49.1591 6.17 656.8516 660.688 14.0 
2.0 180.3319 182.0563 50.2249 6.61 656.9212 657.5697 0.0 
4.0 182.4519 184.0788 49.4781 20.27 659.1022 657.9501 0.0 
2.0 173.9982 183.4903 47.8395 10.27 661.6851 656.2501 190.0 
2.0 177.3974 184.7748 48.9005 16.27 659.4275 661.8283 0.0 
2.0 177.3353 181.5885 48.6679 11.01 656.4088 659.0408 0.0 
1.0 177.2391 182.5398 48.9321 32.21 659.6911 661.6631 0.0 
2.0 176.0072 182.8058 49.8497 14.55 658.7228 656.5087 0.0 
4.0 179.4465 182.7099 49.4732 6.95 656.6767 660.7721 0.0 
2.0 175.5984 175.444 48.5784 14.08 660.4266 656.91 205.0 
2.0 170.9746 176.5716 48.9431 7.93 658.3989 662.9671 85.0 
2.0 173.1476 178.6774 48.8038 15.68 656.74 657.5113 0.0 
1.0 184.3361 174.7651 48.0437 128.44 658.8071 654.6187 0.0 
2.0 178.9575 183.6153 48.6935 18.0 655.1829 659.7569 0.0 
4.0 177.3121 174.8714 49.0775 12.87 654.9543 660.2577 0.0 
2.0 184.2694 187.0084 49.7386 6.51 656.7752 657.9996 0.0 
2.0 187.2817 186.8777 49.8206 14.33 656.4421 658.8722 0.0 
2.0 183.2338 185.6373 50.3306 13.68 655.8898 656.8435 0.0 
1.0 182.1432 179.2379 49.2877 13.79 660.3155 653.8691 205.0 
2.0 178.77 179.9317 48.8954 8.38 655.4839 657.0491 0.0 
4.0 178.8837 179.3015 48.2899 17.33 656.9975 658.6958 37.0 
2.0 186.6583 188.2577 49.5117 5.54 657.192 659.3461 0.0 
2.0 182.5011 186.64 49.6235 7.21 657.7607 655.5455 0.0 
2.0 184.4514 184.7475 50.0497 14.92 657.657 656.5809 57.0 
1.0 185.1492 185.6186 49.3011 5.85 659.3577 660.5894 0.0 
2.0 184.7882 189.1993 49.6669 13.95 662.7664 659.7445 0.0 
4.0 186.6128 187.4941 49.7397 13.49 659.5158 660.0731 0.0 
2.0 177.1793 180.5303 48.2398 3.7 665.2906 661.9667 0.0 
2.0 182.7783 180.3867 48.5979 26.29 658.384 661.354 0.0 
2.0 179.3756 180.2154 48.8231 22.26 658.0534 663.317 287.0 
1.0 182.0167 170.4914 49.2207 6.2 658.9915 654.4795 0.0 
2.0 178.1243 184.6726 49.3168 8.21 655.409 657.1023 181.0 
4.0 184.3552 175.8615 48.9313 24.37 656.0161 661.6988 0.0 
2.0 183.8413 188.1975 48.8089 10.56 659.8924 660.1535 0.0 
2.0 186.9044 186.5706 49.8024 16.05 654.2127 659.3162 0.0 
2.0 180.7278 188.7828 49.7874 7.0 656.6425 653.8603 0.0 
1.0 181.4941 187.7607 48.8162 7.49 657.0891 657.4971 0.0 
2.0 177.3365 185.5095 49.5958 8.98 655.2342 661.0705 0.0 
4.0 182.4129 188.5008 49.8664 8.77 661.4637 655.691 0.0 
2.0 187.2031 185.058 48.3436 10.28 660.1529 660.4886 0.0 
2.0 179.0024 177.9536 48.1359 6.7 661.9425 657.5524 0.0 
2.0 186.4253 179.518 48.7576 2.11 652.7781 662.3565 0.0 
1.0 182.5241 174.574 48.9547 21.21 660.1057 663.1981 0.0 
2.0 183.49 177.33 49.78 10.39 657.5 657.16 0.0 
4.0 185.9728 191.2049 48.6585 62.87 659.6644 657.6695 0.0 
2.0 183.9123 182.8035 49.3148 8.28 663.0534 656.8756 65.0 
2.0 178.1949 187.3021 49.4198 31.25 658.465 659.6227 0.0 
2.0 188.3651 190.2036 50.2253 12.16 654.9343 660.1677 241.0 
1.0 185.4626 189.0718 49.5603 10.55 656.403 659.2445 0.0 
2.0 186.4717 187.3497 49.5765 8.56 659.9557 658.3657 0.0 
4.0 190.6149 189.6246 49.3561 13.0 662.9535 656.9571 0.0 
2.0 182.8981 180.3776 48.4671 11.52 661.7344 654.8499 0.0 
2.0 180.0318 184.2503 48.2401 5.97 655.0474 659.3958 0.0 
2.0 183.0 180.4805 48.9398 8.34 654.4887 659.5208 0.0 
1.0 181.6224 179.193 49.153 4.5 657.3013 658.5807 0.0 
2.0 180.9782 186.7734 48.9321 13.87 659.1038 657.9127 0.0 
4.0 182.6063 190.4297 48.855 14.51 659.149 657.6395 0.0 
2.0 184.5208 186.1259 49.5639 4.46 662.4859 657.2253 0.0 
2.0 189.1477 186.9063 49.0584 10.62 659.4672 661.4422 0.0 
2.0 189.9101 189.7031 50.6994 8.15 654.7905 659.909 0.0 
1.0 183.464 186.2657 49.4742 5.41 659.245 655.942 0.0 
2.0 181.7389 187.8265 49.4915 13.81 655.3729 657.9465 0.0 
4.0 182.7091 189.864 49.3814 7.65 656.9677 660.6183 0.0 
2.0 184.0464 180.6255 48.5003 8.28 659.6307 658.3652 0.0 
2.0 182.0606 181.2284 48.3552 30.55 657.5183 657.8056 0.0 
2.0 178.0899 179.65 48.6982 9.9 655.8703 657.3513 0.0 
1.0 186.3275 183.0166 49.2877 23.74 663.5818 662.6933 0.0 
2.0 179.2473 179.3521 49.4368 10.5 656.1327 665.2652 0.0 
4.0 177.8943 179.8785 49.0751 16.26 662.9617 661.7331 0.0 
2.0 187.0626 186.6603 49.3489 14.53 661.5318 661.437 58.0 
2.0 184.343 187.8123 49.6165 13.31 664.2825 659.5093 0.0 
2.0 183.9873 186.6414 50.4661 11.05 655.9523 664.7117 0.0 
1.0 182.5278 187.1276 49.8057 7.05 659.7172 661.6487 0.0 
2.0 188.3809 185.8875 49.8733 16.4 661.1551 659.6244 0.0 
4.0 179.4087 188.4754 49.8829 4.93 659.7362 661.0049 0.0 
2.0 181.2216 177.117 48.747 27.59 667.366 658.3696 166.0 
2.0 179.2637 183.1752 49.0548 9.84 657.1231 663.546 168.0 
2.0 182.2476 178.6445 49.764 36.91 656.2659 662.9263 0.0 
1.0 180.9378 184.9402 49.3982 8.33 655.0939 659.1859 0.0 
2.0 178.9869 184.4527 49.6259 10.52 658.5501 654.523 0.0 
4.0 186.2159 185.499 49.5215 10.26 656.5768 656.0111 0.0 
2.0 176.8429 180.3185 48.6395 6.4 658.5714 655.5107 0.0 
2.0 178.6977 176.9318 48.7513 15.98 654.3196 659.8893 0.0 
2.0 183.2243 183.4244 49.2429 7.17 657.7927 658.324 0.0 
1.0 180.9505 181.5901 48.1961 5.66 655.655 659.4351 0.0 
2.0 182.1652 180.3492 48.3896 8.38 658.4035 658.3807 0.0 
4.0 177.8693 196.7098 48.7837 6.12 658.6339 660.4011 0.0 
2.0 186.7198 186.1238 49.2603 9.08 661.7066 655.432 0.0 
2.0 183.9895 187.7097 49.6259 11.27 657.785 661.3802 0.0 
2.0 189.6932 188.1178 50.4103 6.41 654.6419 659.5952 0.0 
1.0 181.4461 185.8549 49.4537 3.65 655.4303 657.4996 0.0 
2.0 186.18 187.42 50.41 40.98 656.58 652.23 0.0 
4.0 191.1216 187.8179 49.4564 6.14 655.7645 657.2384 85.0 
2.0 177.3133 181.8939 48.5233 10.19 659.3445 655.3862 0.0 
2.0 186.373 184.3858 48.3786 2.81 653.2265 656.4697 0.0 
2.0 187.4072 195.0777 49.129 7.69 656.5855 657.608 0.0 
1.0 183.6594 180.5502 48.48 49.66 660.7041 657.1768 0.0 
2.0 180.949 191.6026 49.5215 15.04 654.8019 660.296 0.0 
4.0 184.9611 176.9926 49.722 15.22 658.7913 660.5679 100.0 
2.0 184.3217 186.7684 49.2846 12.06 657.7606 660.6382 37.0 
2.0 192.0236 188.1492 49.6177 18.76 659.9314 657.7192 64.0 
2.0 184.3365 187.1288 50.0116 29.03 659.622 659.8833 44.0 
1.0 186.583 186.8484 49.4181 4.91 659.0668 657.6735 0.0 
2.0 185.8643 185.1108 49.9571 8.94 655.0725 662.887 0.0 
4.0 185.2176 187.3355 49.685 7.87 661.7514 658.1099 0.0 
2.0 170.8452 187.8418 48.4456 7.03 661.3331 659.6096 0.0 
2.0 179.014 178.7692 48.4313 14.1 660.7298 654.6336 0.0 
2.0 185.8319 181.7847 48.6994 7.51 655.4046 663.3204 222.0 
1.0 178.8053 178.0916 48.7087 12.96 658.6417 656.769 0.0 
2.0 175.5326 177.0749 48.6192 6.09 653.6026 662.3475 116.0 
4.0 175.4414 175.2689 48.6907 9.8 659.7223 657.7032 147.0 
2.0 182.2509 184.0192 49.4951 9.7 661.5673 658.7407 0.0 
2.0 181.1692 182.1485 49.456 9.13 659.4283 655.7208 0.0 
2.0 178.3508 184.7963 50.2629 9.73 654.3761 663.7088 0.0 
1.0 181.9654 184.3254 48.8912 10.58 658.3363 659.5537 0.0 
2.0 179.4701 184.1213 48.6912 7.46 655.8732 663.7577 0.0 
4.0 177.4333 177.0243 49.0495 5.9 662.25 656.6809 0.0 
2.0 185.2808 183.6331 49.8656 9.81 659.9438 657.2947 9.0 
2.0 182.6886 183.1328 50.4032 66.21 659.9024 657.5322 0.0 
2.0 181.9969 182.0186 50.6956 10.43 656.834 662.821 0.0 
1.0 192.543 191.6741 49.3405 11.95 656.4519 655.9439 0.0 
2.0 184.989 190.4386 49.4703 12.14 653.5491 659.9447 88.0 
4.0 184.6511 195.163 49.245 12.7 660.3875 656.2557 0.0 
2.0 193.2997 195.0225 48.2398 13.65 659.9044 658.2214 0.0 
2.0 189.5804 182.0958 48.3948 6.93 659.4897 655.7479 0.0 
2.0 195.9317 177.9485 48.1959 10.87 653.0816 659.82 0.0 
1.0 180.7333 184.1023 48.5249 11.33 658.4653 658.2894 0.0 
2.0 179.5549 173.7649 48.7642 7.76 654.7166 662.4717 34.0 
4.0 176.6497 174.8741 48.6216 10.03 659.8611 657.3529 0.0 
2.0 182.756 186.4334 49.6064 7.17 659.015 659.2072 0.0 
2.0 175.4341 184.2685 49.1662 12.37 661.1677 655.363 0.0 
2.0 178.9783 185.0121 49.9118 10.14 655.9699 663.0022 0.0 
1.0 181.0524 187.7213 49.6431 43.07 657.2441 653.7858 0.0 
2.0 191.8543 190.649 49.6894 17.87 655.6141 656.8109 0.0 
4.0 185.0469 186.7888 49.2258 7.9 654.2041 659.0811 0.0 
2.0 179.1562 179.874 49.3436 11.82 657.9363 662.1114 0.0 
2.0 185.6379 194.4806 48.143 18.2 655.7402 657.8238 0.0 
2.0 184.2705 181.7441 48.4603 10.92 657.6278 656.5119 10.0 
1.0 183.0057 180.7144 48.1156 9.2 660.7388 657.636 0.0 
2.0 183.76 183.65 48.88 87.8 653.32 662.07 0.0 
4.0 179.3299 179.3756 48.4488 9.2 662.0504 661.76 25.0 
2.0 188.4015 193.6605 49.3222 14.69 658.8808 658.0002 0.0 
2.0 187.6062 191.3448 49.7693 28.61 662.132 656.6831 0.0 
2.0 180.8265 194.3386 50.0735 10.95 653.3124 662.581 0.0 
