1  3 192.3061 192.7319 49.1071 4.18 655.3643 654.9777 0.0 
2  1 188.7052 196.9902 49.6084 13.46 658.3435 654.6811 0.0 
3  1 188.1588 195.6464 49.52 6.21 653.9841 657.731 0.0 
4  4 192.2453 190.0829 50.4595 11.76 655.1852 656.6096 0.0 
5  3 196.6095 187.4943 48.8099 8.82 655.7015 658.6475 0.0 
6  1 192.0573 187.3699 48.3445 9.15 655.6239 648.734 0.0 
1  3 187.2352 192.6111 49.5221 3.84 660.5148 655.756 0.0902 
2  1 188.1837 181.9357 48.2932 9.75 656.58 655.65 0.0 
3  1 187.8495 182.0122 48.3958 8.99 661.1582 655.0929 0.035 
4  4 181.1423 187.0928 48.7291 12.37 657.7761 654.9521 0.0 
5  3 187.444 195.8299 49.1702 5.96 658.5426 659.5063 0.103 
6  1 184.7939 192.7727 48.6603 11.24 652.9839 653.8793 0.0735 
 1 3 184.1703 185.524 48.315 5.61 657.3783 656.4844 0.0 
 2 1 184.7368 191.7646 49.8617 6.73 660.7915 653.7587 0.0 
 3 1 186.6038 193.7916 49.4683 6.21 658.019 661.5107 0.0 
 4 4 189.9244 191.0416 49.5121 11.17 656.6267 656.6741 0.0 
 5 3 185.0899 182.4988 48.1691 10.83 655.4544 661.3631 0.0 
 6 1 185.6232 182.4423 47.4791 6.79 656.4525 648.1734 0.0427 
 1 4 189.5743 188.6218 50.137 13.38 652.6292 653.9473 0.0 
 2 3 187.0819 195.3153 50.2575 14.23 655.9951 654.6334 0.0 
 3 2 182.8967 198.6443 49.0477 15.82 655.6857 655.6077 0.0 
 4 3 195.1717 184.4696 49.522 11.29 652.4848 656.4174 0.0 
 5 1 194.5025 190.5194 49.5555 8.13 667.1465 664.9597 0.0 
 6 4 190.9037 195.0387 49.5574 7.72 655.9992 654.1486 0.0 
 1 3 194.4845 183.7498 49.2229 4.46 655.4114 653.6263 0.0 
 2 1 188.9393 196.6023 49.8965 11.0 655.763 655.1658 0.0 
 3 1 188.4411 195.1596 49.7829 5.03 656.7173 652.0131 0.0 
 4 4 192.6168 187.271 49.9989 5.42 655.7674 652.4271 0.0 
 5 3 194.3916 189.1136 48.8485 8.65 655.6083 655.5463 0.0 
 6 1 191.6453 187.1656 48.458 4.81 649.1995 651.9585 0.0 
 1 4 191.3247 196.2327 48.8524 5.78 655.265 654.4151 0.0 
 2 3 193.2236 184.9124 48.9668 13.31 656.0429 652.0675 0.1053 
 3 2 190.4739 190.5852 50.0665 13.09 652.8877 655.9291 0.0 
 4 3 192.206 194.9629 50.3116 14.93 656.4819 654.0005 0.0 
 5 1 193.7028 200.4184 50.2507 5.13 665.4376 667.3052 0.0 
 6 4 176.3745 198.9616 48.6686 10.06 658.5387 652.0258 0.3097 
