1.0 189.3868 181.6689 49.2773 7.27 654.4631 652.8459 0.0 
2.0 195.6942 192.825 49.0348 7.56 653.5445 653.0013 0.0 
4.0 179.3619 195.957 49.2065 4.89 655.724 654.371 0.0 
2.0 188.5295 191.7275 50.3614 11.06 654.641 654.7888 0.0 
2.0 191.6128 195.3062 50.2413 11.34 655.2072 655.6821 0.1743 
2.0 191.5424 187.8227 50.3111 10.01 655.2078 654.8727 0.0 
3.0 188.7276 196.5072 49.7024 5.74 656.4433 656.4866 0.0 
1.0 187.0814 181.6041 49.2616 5.3 658.57 653.2 0.0 
1.0 186.0 186.5403 48.4609 5.63 655.5038 658.3112 0.0 
4.0 182.001 189.1938 49.0797 3.52 655.9414 656.3627 0.0 
3.0 185.0858 193.4063 49.0133 7.46 656.2629 659.1377 0.0 
1.0 187.3353 192.9593 48.389 8.61 656.4569 648.7374 0.1283 
4.0 186.042 186.1825 49.7847 10.53 652.2248 649.0571 0.0 
3.0 192.2881 195.5643 50.4828 32.29 661.8027 659.1007 0.0 
2.0 165.663 192.3984 48.993 7.51 657.2139 654.581 0.0 
3.0 182.5755 186.8377 49.3089 40.17 658.1045 660.4193 0.0 
1.0 192.1335 198.4285 49.5311 22.76 670.7613 672.1453 0.0 
4.0 189.9501 189.6803 49.2685 9.32 652.6415 653.497 0.0 
4.0 189.0346 192.558 49.5545 3.71 654.5732 657.5386 0.05 
3.0 185.8597 193.4228 49.3039 2.65 654.72 656.45 0.0302 
2.0 177.0777 194.4006 48.5326 6.54 657.2483 655.5741 0.0 
3.0 184.8383 185.4542 48.7082 5.81 655.0832 660.1012 0.0 
1.0 191.9965 189.3231 49.0248 13.29 669.7708 664.9347 0.0 
4.0 193.399 194.7228 49.2202 3.6 659.3603 657.3246 0.0 
4.0 191.0747 191.9961 49.7245 2.32 662.1964 657.5767 0.0 
3.0 196.1544 192.8726 49.4132 11.41 654.7422 652.1866 0.0 
2.0 172.1815 193.9759 48.3661 8.61 661.6797 656.576 0.0 
3.0 185.4222 184.9397 48.7591 5.91 659.2101 653.7948 0.0 
1.0 196.7923 205.6094 49.4105 7.53 667.7985 667.4223 0.0 
4.0 192.0098 192.8075 49.1443 11.7 658.3779 661.2351 0.0 
1.0 192.2388 188.3598 49.0204 8.32 659.8569 654.0058 0.0 
2.0 192.7007 193.5968 49.0004 6.66 658.2314 657.4915 0.0 
4.0 187.2035 195.1706 48.9294 7.89 655.1552 655.5777 0.0 
2.0 193.7114 195.3062 49.5888 8.09 657.983 654.0626 0.0 
2.0 193.1607 193.8077 49.3917 24.28 658.3698 659.1306 0.0 
2.0 193.5127 190.7602 49.972 19.82 654.6053 652.6769 0.0 
1.0 186.2459 187.7866 49.3891 7.34 656.5693 655.9615 0.0 
2.0 177.7536 187.0636 49.0925 3.49 658.1834 653.4954 0.0 
4.0 184.5046 192.5751 49.5817 4.25 656.2365 658.6448 0.0 
2.0 190.7791 198.3957 50.3751 18.27 655.7971 657.7131 0.0 
2.0 190.6162 185.5887 49.5559 22.98 654.3575 657.825 0.0 
2.0 192.8477 186.6088 50.6124 13.74 660.812 652.7126 0.0 
2.0 193.8593 183.2447 50.2812 19.05 653.822 656.8333 0.0 
4.0 181.1782 191.7068 49.01 7.44 652.1698 653.9543 0.0 
3.0 194.5589 192.5357 51.2979 18.44 655.7645 654.8865 0.1864 
1.0 189.9734 180.8851 49.2359 5.24 645.6745 651.9509 0.0 
4.0 186.1287 194.8093 50.4701 56.41 655.3865 654.2177 0.0 
3.0 196.3217 192.089 49.7182 7.15 659.9103 657.1589 0.6849 
4.0 193.7007 193.125 50.224 23.62 654.4597 657.703 0.0 
3.0 189.0121 196.7558 49.0504 4.21 655.1804 655.881 0.4279 
2.0 169.0208 195.813 48.9003 5.73 657.6623 655.4541 0.0 
3.0 190.5845 179.087 48.9816 8.01 653.3421 656.3635 0.0 
1.0 198.4065 187.1004 49.6503 6.64 667.5241 666.0283 0.0 
4.0 192.8938 192.7126 49.23 23.62 656.3147 655.9128 0.0 
1.0 191.9656 194.235 50.9035 13.64 655.5227 652.8035 0.0 
2.0 193.587 195.172 50.5344 7.01 656.7939 655.6872 0.0 
4.0 192.2687 192.8429 51.7422 22.2 656.1663 652.4864 0.0 
2.0 183.0858 197.7959 49.7602 6.05 654.1748 653.4308 0.0 
2.0 194.228 193.9305 49.095 7.25 656.5343 656.6452 0.0 
2.0 184.4904 190.4485 49.1933 8.11 654.1277 652.2619 0.0 
3.0 182.4414 195.4641 49.5394 10.11 656.7015 652.0998 0.0 
1.0 198.1694 194.8607 49.0811 5.48 663.9622 660.2505 0.1864 
1.0 187.717 184.1041 48.3291 10.93 659.0538 653.811 0.4225 
4.0 172.1435 193.8999 48.7864 9.86 659.7076 658.836 0.0 
3.0 195.1396 194.3062 49.1363 10.6 658.3956 657.2617 0.0 
1.0 186.6293 192.6372 48.5464 16.05 648.5011 651.3989 0.0 
2.0 193.5581 188.6317 51.0773 326.27 651.5536 655.0546 0.0 
4.0 177.4862 192.8447 49.5124 6.75 652.62 653.76 0.0 
3.0 191.2987 194.7273 50.0444 8.56 655.7244 655.5942 0.0 
1.0 194.313 180.3149 49.5758 7.67 646.9331 649.8087 0.0 
4.0 192.6831 192.8667 49.9784 19.68 655.2055 654.7428 0.0 
3.0 194.2482 187.0974 48.7664 17.5 658.0413 657.9988 0.0 
3.0 187.8691 193.9873 49.6755 2.31 659.9239 657.1573 0.0 
1.0 182.4492 183.7734 48.8605 6.54 654.3243 653.311 0.0 
1.0 186.4862 184.3783 49.0003 10.23 660.8373 654.7205 0.093 
4.0 177.6971 187.6598 49.1339 13.01 658.51 656.9897 0.0433 
3.0 188.2301 191.9689 49.2981 7.3 656.1715 655.4806 0.0 
1.0 187.4481 191.1657 48.5797 9.37 655.0861 653.0093 0.0 
2.0 195.1994 188.8048 49.4469 6.62 658.306 658.1612 0.0 
4.0 179.2122 193.8821 48.4598 6.89 663.2756 660.3798 0.0 
3.0 182.6357 194.0441 49.3323 8.18 655.6957 658.4001 0.0 
1.0 187.1075 181.5183 48.6423 13.4 653.5385 652.9084 0.0 
4.0 190.4975 193.4217 49.3995 5.24 658.7485 663.8024 0.2512 
3.0 187.9987 177.2541 48.5789 2.23 659.2061 650.2402 0.0 
4.0 191.0602 194.7853 48.6704 7.13 657.9023 656.5647 0.0 
3.0 184.839 182.851 48.7888 5.0 660.0738 654.2356 0.0 
2.0 188.064 194.302 49.5623 5.69 656.1764 658.6549 0.0 
3.0 191.8855 197.0019 49.8012 6.9 656.8938 658.6023 0.0 
1.0 192.3797 197.9037 49.7208 9.43 667.3078 670.2908 0.0 
4.0 178.4549 189.9495 48.4159 6.63 659.8549 653.5427 0.0 
2.0 192.9051 190.6369 49.2931 5.49 655.1967 658.8321 0.0 
4.0 177.6257 192.9619 48.3987 11.11 651.9901 653.8046 0.0 
3.0 196.3027 196.4781 49.4436 12.81 656.7368 656.6308 0.0 
1.0 184.4799 184.2323 48.8267 8.12 648.4872 655.115 0.0 
4.0 192.8914 191.2532 49.0684 14.76 658.1193 652.9385 0.0 
3.0 196.6311 192.8018 48.6558 3.38 660.3021 659.7451 0.0137 
3.0 184.6235 185.1195 48.9911 6.79 658.2206 660.9295 0.0 
1.0 187.5762 191.4287 49.5567 5.1 659.1435 658.7336 0.0 
1.0 191.3421 195.8097 49.1005 20.06 658.8746 658.0191 0.0 
4.0 188.6414 187.2295 49.9738 10.51 656.3663 656.5414 0.0 
3.0 187.0932 182.6155 48.7792 8.11 659.897 661.6838 0.0 
1.0 195.3603 193.9791 47.8707 6.34 658.3743 655.0302 0.0 
2.0 173.8235 194.3027 49.3486 6.15 655.9027 655.8241 0.0 
4.0 190.5223 191.8751 49.438 19.82 654.9875 657.5238 0.0 
3.0 191.9044 183.4948 49.0732 6.67 653.0021 657.8937 0.0 
1.0 183.45 195.0665 50.1636 53.03 645.8146 652.3573 0.0 
4.0 171.0691 190.1827 48.7779 9.31 656.9131 654.1489 0.0 
3.0 190.775 191.1346 50.0751 22.97 657.1396 651.4822 0.0 
1.0 184.2684 195.0748 49.4602 9.67 652.6027 653.3692 0.0 
2.0 195.9467 187.385 49.7829 9.14 662.3826 656.4909 0.0 
4.0 192.828 186.3763 49.7575 11.86 653.6541 658.361 0.0494 
2.0 180.6111 198.9613 49.608 4.26 658.2233 660.7755 0.0 
2.0 183.9335 190.9041 48.8095 8.61 655.5076 659.8103 0.0452 
2.0 178.4221 190.3322 49.327 6.01 655.7445 650.3844 0.0 
2.0 180.2191 186.1971 48.6068 12.04 655.1673 658.425 0.0 
4.0 184.6558 192.8055 49.5857 10.38 653.88 656.11 0.1557 
3.0 184.128 186.2857 48.6095 10.68 658.4112 658.0405 0.0 
1.0 183.2533 191.8259 49.2986 5.59 647.4893 652.7164 0.0 
4.0 181.8204 189.3985 48.5276 7.1 661.9477 657.6242 0.1075 
3.0 188.8025 190.1836 49.6687 8.34 661.3632 658.9269 0.0 
4.0 178.4766 187.9308 48.9071 7.92 663.24 658.5423 0.2412 
3.0 185.2186 180.3215 48.7269 12.71 655.4188 655.1418 0.0725 
2.0 185.1329 193.9375 49.841 5.43 661.9205 658.0905 0.0 
3.0 182.0847 192.4005 50.2042 6.52 655.4829 654.8598 0.0 
1.0 192.0657 198.0714 49.962 13.49 669.5734 671.6526 0.0 
4.0 179.9159 190.6597 48.8606 6.98 661.5323 659.6873 0.0 
1.0 188.9985 196.7905 49.7716 13.13 658.228 660.0731 0.0 
2.0 196.1242 185.1618 49.2444 4.73 663.8171 657.5718 0.0 
4.0 195.3116 186.811 49.9998 6.23 657.4774 662.3835 0.0 
2.0 177.0275 197.1311 49.6291 9.62 658.3476 658.4076 0.0 
2.0 170.6848 189.709 48.9666 16.88 659.4381 663.4236 0.9128 
2.0 182.4009 187.6099 49.3497 9.55 661.2335 650.0647 0.0 
3.0 186.9853 184.4325 48.5859 8.3 660.5974 656.8761 0.4685 
1.0 186.7743 195.4009 49.4022 9.11 656.203 657.1963 0.3621 
1.0 188.7542 195.0343 49.4693 7.79 661.3851 655.5794 0.4371 
4.0 191.5032 188.7492 49.5936 7.73 659.6307 656.5966 0.0 
3.0 189.0751 184.4735 48.684 8.23 656.3548 657.3595 0.0 
1.0 186.6059 183.6962 48.1072 7.87 651.4198 656.3802 0.0 
3.0 192.5309 194.4709 49.8018 10.09 653.2175 655.0684 0.0 
1.0 188.4155 185.2683 48.219 4.79 653.5872 649.8612 0.738 
1.0 188.3194 186.1002 48.9947 5.81 652.5368 657.3625 0.0 
4.0 190.3909 191.5863 49.4225 12.19 654.5585 653.9414 0.0 
3.0 186.262 192.9091 49.2197 5.05 650.6963 656.5437 0.0 
1.0 185.4994 194.0204 48.8116 7.56 652.3824 648.3156 0.0 
2.0 193.5116 194.3235 49.9304 12.41 656.4033 657.1296 0.0 
4.0 171.0245 199.1361 48.8107 13.54 657.0919 653.3487 0.0 
3.0 189.1461 196.1925 49.87 4.77 654.0052 655.6946 0.0 
1.0 189.5504 192.7049 48.6255 8.89 647.8111 648.0976 0.0 
4.0 194.0869 190.6098 49.6998 9.77 654.3007 657.6392 0.0 
3.0 193.2181 181.2992 49.1367 9.28 657.184 652.2596 0.0 
2.0 179.6441 188.9309 48.6572 11.78 661.0475 656.3211 0.0 
4.0 190.1749 193.9345 49.3755 8.83 660.7981 659.6917 0.0 
3.0 187.2323 182.5386 48.5858 16.29 662.6147 656.2715 0.0214 
1.0 183.4263 191.4867 49.0299 10.55 657.0375 652.2498 0.0 
4.0 180.4989 193.9248 48.566 6.21 660.7208 660.7343 0.0 
3.0 184.9329 191.1842 49.0874 5.95 656.5548 658.0901 0.0 
1.0 189.2622 193.3301 49.6351 5.57 649.6667 650.3168 0.0 
2.0 195.4838 188.7942 50.0166 17.84 657.1237 654.4911 0.0 
4.0 192.7622 186.2526 49.7959 9.32 650.1543 655.361 0.0 
2.0 195.4824 197.5285 49.2739 10.95 657.4316 655.9664 0.1136 
2.0 184.281 195.2763 49.6034 307.93 653.9571 658.1145 0.5493 
2.0 176.6256 191.3128 49.9121 7.28 653.5783 649.194 0.0 
4.0 188.621 190.3754 49.6295 7.29 653.5796 655.5125 0.0 
3.0 185.2693 194.9381 49.6157 9.01 655.36 657.48 0.0 
2.0 187.5771 199.17 48.7367 6.67 658.5816 658.4014 0.0 
3.0 188.2726 186.0802 49.226 7.38 656.7009 659.1247 0.0 
1.0 193.3035 187.5883 49.5188 10.64 668.8337 667.2232 0.0691 
4.0 195.7855 198.24 49.2714 3.98 660.6011 658.3212 0.1738 
2.0 192.5256 189.1088 49.9206 5.22 657.9732 654.9044 0.0 
4.0 181.3588 202.8654 48.8218 11.73 652.4937 650.6941 0.0 
3.0 187.2145 193.4544 49.4997 5.94 656.7954 653.898 0.0 
1.0 182.6912 184.4666 49.3567 5.26 649.2772 645.8643 0.0 
4.0 195.1609 196.8698 49.5182 48.68 654.6113 654.7053 0.0 
3.0 197.0538 180.0812 49.5157 8.51 656.3794 656.817 0.0 
2.0 192.8726 190.915 49.3464 3.41 656.8819 656.5615 0.0578 
4.0 180.2558 193.6507 48.6925 11.41 665.3213 658.2136 0.0718 
3.0 187.1083 193.5538 49.3109 14.81 655.4655 658.6804 0.0 
1.0 186.44 182.0662 48.6971 8.31 651.638 650.5181 0.0 
4.0 191.9908 193.5897 49.0128 8.47 657.991 660.976 0.0 
3.0 186.302 179.1485 48.5147 12.41 656.8374 650.0452 0.0 
2.0 189.4987 186.4576 49.4804 4.86 654.3898 659.5615 0.4081 
4.0 177.4617 193.5596 48.4418 7.52 654.9328 658.7267 0.0 
3.0 190.9978 195.5018 49.3864 8.24 655.4151 656.2606 0.0 
1.0 175.0037 170.8462 48.2055 5.86 646.3687 648.9243 0.0 
4.0 191.6881 193.4393 49.1359 9.74 659.2247 653.5293 0.0 
3.0 193.9702 186.969 48.8843 5.94 657.5696 655.1931 0.0 
3.0 187.1113 184.1294 49.2876 11.18 659.7367 655.4483 0.0421 
1.0 187.2333 193.4286 49.6503 6.72 656.8417 655.7408 0.0 
1.0 187.4535 192.8646 49.3026 9.78 660.7883 656.2056 0.0 
4.0 189.3343 189.1942 50.0024 16.62 658.0958 656.9565 0.0 
3.0 190.8673 182.2357 48.4818 6.64 657.482 658.0563 0.0 
1.0 186.8307 183.8919 47.9371 5.62 654.6208 652.5472 0.2087 
3.0 184.7743 193.5321 49.721 4.33 652.8041 654.918 0.0 
1.0 191.841 186.7246 49.0703 6.84 654.3152 655.4263 0.0 
1.0 196.0401 181.9455 49.1314 8.87 654.2738 652.6166 0.0 
4.0 182.2798 192.3424 49.7592 11.32 651.5527 656.2796 0.0 
3.0 188.7009 191.8855 49.8232 9.12 655.4366 653.265 0.0 
1.0 185.2204 195.1037 49.6022 6.33 653.9213 652.0121 0.0 
4.0 188.5806 191.6742 49.8368 8.59 654.3662 656.47 0.0 
3.0 187.8351 195.2509 49.0194 10.15 655.0742 657.0009 0.0 
2.0 175.1227 193.5204 48.7318 2.66 656.654 655.171 0.0 
3.0 184.0496 183.3196 48.8505 5.81 654.918 658.7767 0.0 
1.0 193.0221 190.2882 49.3524 5.84 671.7608 670.8194 0.0 
4.0 191.8583 192.5766 48.9271 4.26 657.257 656.3558 0.0 
3.0 185.6734 184.9312 48.7858 7.48 655.6251 660.1589 0.3228 
1.0 185.4094 193.2509 50.0267 7.2 656.17 657.84 0.1297 
1.0 198.3715 196.9557 49.1588 10.2 656.0652 657.5392 0.1432 
4.0 190.6965 189.3397 49.766 3.04 655.5468 661.2258 0.0 
3.0 188.0065 180.9063 48.7423 5.79 658.1158 655.742 0.4153 
1.0 195.1376 198.1568 48.4238 7.79 654.2451 651.6091 0.0 
1.0 186.5011 185.5211 48.9585 5.86 657.115 659.4103 0.0387 
2.0 181.2419 184.703 50.2359 368.64 655.8267 655.9378 0.0 
4.0 186.3396 187.1598 48.357 9.19 657.327 659.615 0.0 
2.0 189.5067 193.1721 49.7006 10.93 656.6464 660.3226 0.0 
2.0 191.8849 189.3833 48.7688 8.61 659.5244 657.8064 0.0 
2.0 189.4578 186.6057 50.4774 297.74 658.6228 655.8276 0.0 
4.0 190.1145 189.9995 50.1591 11.92 654.6385 654.7862 0.0 
3.0 187.9342 190.8138 49.4185 11.44 660.1668 651.364 0.0 
2.0 172.7733 193.8516 49.3074 8.07 654.6247 659.1608 0.0 
3.0 188.4098 187.9013 49.5918 9.61 655.3127 656.1907 0.0 
1.0 192.1137 191.8969 49.7666 10.18 665.2744 672.0536 0.0 
4.0 190.9037 190.3222 49.8763 101.61 661.2238 654.519 0.0 
4.0 186.459 183.6827 51.3817 10.91 656.5693 652.0306 0.0 
3.0 183.4475 192.5354 50.4981 12.03 656.213 655.1558 0.0 
2.0 155.3808 190.7375 49.073 8.07 655.5854 652.0632 0.0 
3.0 189.5267 183.7824 49.4255 6.49 656.3504 654.8972 0.0 
1.0 196.423 188.6952 49.9792 9.96 666.9324 666.803 0.0 
4.0 184.8909 181.2652 49.2088 15.49 654.1027 655.1443 0.0 
1.0 195.5141 197.8758 48.7387 15.7 657.4685 658.5494 0.0 
2.0 182.6098 191.2395 48.2918 13.1 660.9541 655.6015 0.0 
4.0 184.4606 188.2042 49.241 14.49 657.3884 658.7659 0.0 
2.0 193.0232 198.0712 50.8139 28.64 658.9772 658.2316 0.1545 
2.0 190.9378 189.4134 49.3437 33.11 656.2005 660.8661 0.0 
2.0 192.1462 188.9946 49.9118 9.94 660.8214 655.1017 0.0 
1.0 185.6664 181.1799 49.3169 8.31 660.6891 655.215 0.0967 
2.0 194.5518 189.293 48.1042 6.04 659.0935 658.8337 0.0 
4.0 182.1019 187.0462 49.0172 24.33 663.0927 656.6665 0.0 
2.0 190.5166 191.3082 49.8903 8.34 659.934 657.7174 0.0 
2.0 192.803 191.0884 49.0751 10.96 657.5111 656.8536 0.0 
2.0 190.009 188.895 49.239 4.79 657.8092 659.4879 0.6268 
2.0 175.4589 189.1252 48.9112 4.37 655.2596 656.3503 0.0451 
4.0 188.9711 192.5939 49.2416 8.98 658.1086 656.9618 0.3231 
3.0 190.4488 194.1025 48.4523 5.5 656.5468 655.7808 0.0362 
1.0 182.055 192.0895 49.2462 11.77 648.0904 650.9702 0.0 
4.0 181.4353 192.6497 48.4169 9.24 657.797 656.3829 0.0 
3.0 194.9392 194.0122 49.1496 11.84 656.4475 655.137 0.0 
1.0 185.1403 192.5119 49.7464 9.73 655.8875 654.9874 0.0 
2.0 194.7895 185.3748 49.9512 5.65 656.9938 653.2813 0.0 
4.0 194.5731 187.1292 49.8151 7.91 654.8441 657.671 0.0 
2.0 175.8992 197.6888 49.5156 8.78 655.1357 656.7085 0.0 
2.0 177.4125 191.8802 49.2702 6.92 654.2478 659.0835 0.0 
2.0 174.4823 189.7417 49.3802 10.37 660.5649 653.6433 0.0 
3.0 189.4217 185.3423 49.2441 12.45 655.1868 656.4963 0.0 
1.0 186.2763 195.9943 50.9831 8.9 656.88 653.41 0.0 
1.0 185.2219 193.9307 50.3535 17.52 654.4311 656.9778 0.0 
4.0 189.8052 188.6685 52.1607 9.9 654.8366 655.6328 0.0 
3.0 189.7589 184.597 49.3129 17.23 654.6428 659.0212 0.0 
1.0 189.0629 182.0326 48.716 54.31 653.954 645.0895 0.0 
2.0 201.3989 196.2693 48.6492 11.68 656.364 654.4069 0.0 
4.0 190.4126 190.5552 49.9031 10.64 658.7817 653.3209 0.0 
3.0 185.9281 183.198 48.4786 8.05 656.7353 659.264 0.0 
1.0 194.1928 194.3088 50.0434 10.75 650.3031 647.9355 0.0 
4.0 180.9515 192.8515 48.4633 6.25 654.8536 660.0451 0.0 
3.0 189.3741 188.5863 49.4757 11.13 660.4547 653.3492 0.0 
2.0 178.9662 191.9364 49.5165 14.03 656.6283 658.727 0.0 
4.0 190.0289 194.8844 49.4801 26.13 656.8776 658.4844 0.2998 
3.0 186.9652 183.6885 49.3465 10.54 658.0279 662.1533 0.304 
1.0 185.7257 192.0807 51.1334 9.96 653.4797 655.8472 0.0 
4.0 180.1448 195.9601 49.0128 7.93 660.6812 656.3625 0.0 
3.0 190.6869 195.2259 49.2858 71.66 657.393 657.5113 0.0 
4.0 179.5396 194.1223 49.5547 5.29 658.5055 652.9841 0.0 
3.0 191.9085 185.9247 49.9807 8.76 658.4335 656.4661 0.0 
2.0 190.8234 193.9851 51.7222 41.18 661.1447 656.4409 0.0 
3.0 185.4781 196.1239 51.7282 69.14 658.5932 656.152 0.1953 
1.0 195.8193 200.6417 51.0847 20.65 669.9953 669.6584 0.24 
4.0 177.5354 193.1694 49.7001 5.41 657.052 657.1072 0.8026 
4.0 179.3252 192.8582 48.9444 6.12 655.9475 654.4151 0.1722 
3.0 187.4877 184.0371 48.2988 12.65 659.1374 653.4651 0.0649 
2.0 188.8088 193.8775 49.2476 6.06 654.6719 657.4327 0.0 
3.0 188.8318 196.4223 49.7241 11.47 658.8885 655.5786 0.0 
1.0 194.8777 197.8945 49.7581 10.36 664.5696 669.0706 0.4843 
4.0 178.5034 193.292 48.1154 6.34 659.9299 651.3009 0.3026 
3.0 190.4284 193.9464 49.721 9.07 654.6444 653.1547 0.0 
1.0 189.8052 185.0186 49.0975 4.54 656.5615 652.0475 0.0 
1.0 187.1443 186.9158 49.0437 7.16 652.0916 658.0993 0.0 
4.0 185.2451 191.5834 49.4885 19.76 653.9351 654.0017 0.0 
3.0 187.2229 194.2192 49.4247 4.9 652.0991 656.3589 0.0 
1.0 186.7697 194.0538 48.9185 10.78 653.2047 649.2495 0.2441 
2.0 192.9206 191.0388 49.7156 6.52 657.2181 656.2237 0.0 
4.0 179.7259 191.3408 48.3491 6.29 660.5773 652.576 0.0 
3.0 185.2719 193.5248 49.447 15.93 655.4153 658.8149 0.0 
1.0 186.0862 181.3317 48.4333 8.98 650.9621 651.2535 0.0 
4.0 191.1516 193.6753 49.0212 7.86 657.0102 660.8509 0.0 
3.0 189.2813 177.9371 48.434 11.97 662.7638 653.948 0.0 
3.0 185.8615 185.4394 48.7149 7.08 657.0891 660.6948 0.3107 
1.0 186.8123 192.489 49.3308 6.62 657.3737 658.9307 0.0 
1.0 190.4956 193.9169 49.5268 9.08 658.2239 657.441 0.0 
4.0 190.1131 187.6574 49.6158 5.59 656.1946 657.0648 0.0 
3.0 187.9162 182.2418 48.2707 4.53 660.043 657.8625 0.0 
1.0 189.7937 191.1616 47.9119 13.78 657.2133 653.87 0.0 
4.0 180.0132 187.6088 48.8415 6.57 657.5342 653.3305 0.5079 
3.0 183.557 181.6982 50.1873 101.19 655.77 652.03 0.0 
2.0 187.4602 188.7969 49.7125 14.15 660.5366 657.3888 0.0 
3.0 180.5249 193.2203 50.1211 5.97 656.622 656.1062 0.0 
1.0 189.3372 198.2753 50.7804 20.1 669.031 667.5191 0.0 
4.0 167.3677 193.218 49.0154 16.21 657.5625 655.4194 0.6837 
3.0 191.6132 194.3962 49.6918 5.82 656.7346 656.2405 0.0 
1.0 186.8945 182.8889 49.0817 6.54 660.0055 655.2413 0.0 
1.0 186.4039 185.1336 48.6209 17.8 655.0804 658.1507 0.0 
4.0 193.7179 192.1721 50.099 309.18 657.1197 656.5164 0.0 
3.0 186.818 194.9871 49.1135 5.88 655.3575 658.7562 0.0 
1.0 184.4417 192.3345 48.5284 5.49 652.6538 645.5277 0.0 
2.0 192.3896 194.3647 49.7793 16.76 658.5889 656.1323 0.0 
4.0 176.327 192.7641 48.7999 9.6 660.0966 654.503 0.0 
3.0 187.1322 193.834 49.6312 5.21 657.6276 659.421 0.0 
1.0 185.9951 192.7515 49.786 11.47 652.5295 653.0259 0.0 
4.0 190.5421 192.5258 49.6549 8.86 656.5245 661.4325 0.0 
3.0 188.6324 179.1786 49.1251 9.5 660.1613 655.0064 0.0 
1.0 188.0564 176.9436 49.103 9.6 657.3866 655.1831 0.0 
2.0 181.1162 184.1036 48.545 14.69 661.7141 653.6455 0.0 
4.0 174.9898 184.7272 48.9877 15.03 656.6672 660.0974 0.0 
2.0 190.6285 190.0572 50.1907 8.32 655.9947 656.814 0.0 
2.0 188.3242 184.392 50.1262 20.69 656.8493 659.5607 0.0 
2.0 189.8118 185.4816 50.1281 9.05 664.6012 656.2478 0.0 
3.0 187.8148 194.8736 49.7496 7.29 657.3418 657.6426 0.0 
1.0 191.0005 185.1168 49.0142 8.15 659.9559 654.2438 0.0 
1.0 190.9216 188.8904 49.0078 8.23 656.3359 661.6128 0.0 
4.0 181.7718 190.5937 49.105 10.88 656.7876 658.2119 0.0 
3.0 186.4937 193.2966 49.3171 5.82 656.3847 659.1023 0.0 
1.0 186.1979 193.326 49.4278 182.84 653.8845 646.3773 0.0 
1.0 185.3255 193.281 49.5928 7.76 658.6288 654.4375 0.0 
2.0 193.4846 190.7302 49.2639 6.15 657.1619 656.2713 0.0 
4.0 193.0411 187.2488 49.1799 11.25 659.0449 653.6606 0.0 
2.0 176.8464 193.2458 48.9536 5.61 659.6672 653.5669 0.0 
2.0 184.4291 186.8552 48.5761 5.3 655.998 657.2222 0.0 
2.0 179.6007 188.2782 48.4877 8.52 658.4343 658.3646 0.0507 
3.0 185.245 189.6691 47.9704 18.72 659.434 657.9525 0.0 
1.0 184.7398 192.3174 49.5436 5.0 659.3432 653.8112 0.0 
1.0 186.0196 192.8468 49.0692 9.89 657.9339 662.0211 0.0 
4.0 190.877 192.4487 49.8393 4.92 657.1743 656.4512 0.0 
3.0 184.672 181.1954 48.441 13.23 656.1376 662.7175 0.0 
1.0 185.9595 182.1513 47.7749 11.22 657.0485 651.6703 0.0 
1.0 180.953 188.8176 50.618 732.53 654.0472 653.5156 0.0 
2.0 188.17 185.25 49.63 5.15 655.94 649.82 0.0 
4.0 193.4756 186.1092 49.7011 9.7 651.3633 655.6945 0.9351 
2.0 177.6174 194.1965 49.3473 8.89 653.1695 652.6242 0.0 
2.0 174.5757 188.1857 49.1049 10.69 652.3922 657.3137 0.0 
2.0 175.6001 194.6281 49.7289 6.94 655.7159 650.8959 0.0 
1.0 188.4069 180.4615 48.6344 8.61 651.3898 656.1918 0.0 
2.0 177.9157 190.4409 49.1918 5.82 652.3444 654.4951 0.0 
4.0 184.2504 194.585 48.4906 12.31 655.612 656.5359 0.0 
2.0 192.0785 191.3772 50.8029 22.72 653.6291 657.818 0.0 
2.0 191.9313 185.3008 50.2655 14.1 659.1368 651.5169 0.0 
2.0 193.2369 189.9898 51.2162 36.67 655.39 653.6039 0.0 
1.0 190.7424 191.8048 51.2813 12.55 654.1801 656.7566 0.0 
2.0 190.0191 188.0993 49.3909 28.36 658.7929 653.4299 0.0 
4.0 189.6611 190.2409 52.1007 19.74 652.6229 654.9572 0.0 
2.0 182.2369 192.9327 49.1986 17.09 657.4213 654.1611 0.0 
2.0 182.7677 188.1533 48.8432 7.18 653.5234 656.9064 0.0 
2.0 182.4487 195.157 49.9131 7.89 658.2411 653.6223 0.0 
2.0 184.1808 195.2819 49.3226 4.67 655.9466 652.9549 0.0 
4.0 194.6709 192.9015 47.3143 39.51 654.7928 654.7257 0.0 
3.0 188.3601 185.0006 48.8223 9.9 655.3049 653.055 0.0 
1.0 184.2632 190.5237 49.9536 5.28 646.6124 644.0899 0.0 
4.0 181.3864 207.7798 49.0621 6.02 654.2509 654.1596 0.0 
3.0 186.8544 189.8825 49.84 7.3 654.4542 655.3201 0.0 
1.0 188.7575 188.4289 49.2267 7.1 654.836 655.9362 0.0 
2.0 185.4314 188.86 48.4249 11.78 653.3776 656.0308 0.0 
4.0 182.6728 189.3377 48.9921 17.1 653.1082 652.4707 0.0 
2.0 189.3427 192.0593 50.1303 9.34 653.2467 655.6575 0.0 
2.0 191.1558 188.6963 49.5584 11.31 655.3768 654.1305 0.0 
2.0 190.4532 187.4063 49.8797 6.0 656.5891 653.9948 0.0 
4.0 169.8191 188.1347 48.9909 14.16 656.3936 650.9583 0.0 
3.0 180.0134 178.7876 48.7048 74.9 656.5014 651.7972 0.0 
2.0 185.7799 193.1152 49.4388 2.81 656.2495 656.4561 0.0 
3.0 179.4439 194.6031 50.2986 4.94 654.4786 653.2902 0.0 
1.0 189.0374 200.8776 50.3313 11.01 666.1702 671.9378 0.0 
4.0 171.0292 183.6769 47.9301 7.57 659.3036 655.19 0.0 
3.0 187.4372 179.411 49.146 5.4 659.3131 653.7974 0.0 
1.0 186.3147 195.302 49.6146 18.44 658.0082 655.1453 0.0 
1.0 187.3641 195.1508 49.7981 8.46 658.5394 658.134 0.0 
4.0 192.2846 186.013 50.6834 11.38 659.6657 656.9696 0.0 
3.0 190.5187 186.1903 49.1939 6.4 656.2526 657.9176 0.6971 
1.0 189.2672 186.446 48.6115 17.27 655.4172 656.0527 0.0 
4.0 190.32 190.9901 49.6805 9.97 654.5116 656.9835 0.0 
3.0 187.6524 196.2766 50.73 167.46 657.8036 657.0609 0.0 
2.0 186.9442 195.3337 48.9996 11.06 657.5339 656.301 0.0 
3.0 188.6772 188.2657 49.3228 4.36 654.1165 661.1219 0.0 
1.0 196.2416 195.4602 49.8747 4.92 672.9285 670.948 0.0 
4.0 191.9226 196.4758 49.5017 10.86 658.0962 654.5117 0.0 
3.0 184.0422 193.8257 49.8752 35.32 656.1121 657.4607 0.0 
1.0 183.019 187.1411 48.5442 3.88 657.71 657.98 0.0 
1.0 192.2365 193.72 48.4313 6.27 658.4112 659.033 0.0 
4.0 178.0445 186.8204 48.7067 14.51 656.6121 659.2135 0.0 
3.0 187.5197 192.6219 49.3913 6.01 658.8142 657.7794 0.469 
1.0 193.7109 196.5891 48.7786 9.24 655.3025 652.9964 0.0 
1.0 186.1815 193.9243 49.4137 5.53 658.734 656.3381 0.0 
2.0 192.1617 187.0365 49.4556 8.4 658.0454 654.107 0.0 
4.0 194.1687 187.5295 49.2283 13.54 654.3182 659.6451 0.0 
2.0 175.0699 193.7903 48.7627 6.98 656.7253 658.6068 0.0 
2.0 179.1602 189.7193 48.141 7.56 656.2878 658.8434 0.0 
2.0 180.84 185.0947 48.8052 10.19 660.7779 655.5337 0.0 
3.0 188.1585 195.3747 49.4997 9.94 657.2623 656.6005 0.0 
1.0 187.1393 184.0176 48.8204 17.5 661.1295 655.0245 0.5049 
1.0 187.7131 185.4442 48.7978 10.84 657.7176 658.6603 0.6293 
4.0 181.5609 187.8471 48.455 4.53 657.0075 658.112 0.0 
3.0 187.4897 193.5684 49.2242 6.09 656.0777 659.4705 0.218 
1.0 184.8564 193.8035 48.9714 7.82 656.641 650.1561 0.521 
3.0 185.5563 183.1429 48.3637 12.05 655.8687 659.6588 0.3476 
1.0 185.7892 192.8964 49.47 7.12 656.103 657.2363 0.4582 
1.0 188.1396 194.7355 49.5781 5.13 657.128 656.8116 0.3764 
4.0 190.4454 190.276 49.9059 6.47 657.0618 662.0308 0.0 
3.0 188.1412 180.3677 48.3695 10.23 661.2996 656.9814 0.0554 
1.0 187.9445 184.587 48.5913 113.13 653.4171 650.5815 0.0 
2.0 186.0173 198.6605 48.8414 9.95 654.6507 655.7705 0.0 
4.0 201.9008 198.8843 48.9826 14.31 655.424 658.3469 0.0 
3.0 204.4236 199.7702 48.6824 4.94 656.1755 655.9792 0.0 
1.0 188.1965 201.6796 49.3963 9.5 648.702 649.7341 0.0 
4.0 187.718 202.3626 48.6331 9.59 658.1968 658.3076 0.0 
3.0 198.2296 203.2897 50.3897 16.35 658.96 654.1809 0.0 
1.0 184.3733 182.1303 48.3945 7.01 657.3654 657.4114 0.0538 
2.0 183.7421 184.617 48.6546 9.33 661.6155 656.982 0.0561 
4.0 180.4949 183.5691 48.5811 12.0 657.7624 660.2835 0.0 
2.0 189.8111 193.5853 50.2416 8.77 657.1767 657.5296 0.0 
2.0 190.6944 186.6677 49.2415 5.82 656.9776 661.0145 0.0 
2.0 190.5211 188.1887 49.3668 8.09 663.2497 654.4769 0.0 
3.0 185.7362 193.7532 49.6605 4.99 655.8442 657.9678 0.0 
1.0 182.2956 183.0816 49.1533 9.75 658.9315 657.574 0.0 
1.0 193.0382 192.7934 48.5528 7.62 657.3879 656.642 0.0 
4.0 177.2265 188.1458 48.888 8.5 654.579 657.699 0.0 
3.0 185.3417 190.9146 49.1801 9.14 657.2142 654.9648 0.0 
1.0 193.3259 195.7907 49.0612 6.15 654.4847 653.2553 0.0 
2.0 194.5175 187.4749 49.5978 8.96 657.0019 659.4157 0.0 
4.0 176.6897 195.2481 48.6315 10.46 655.3741 661.2804 0.211 
3.0 190.6127 195.8874 49.8922 3.65 656.004 657.091 0.0 
1.0 194.2388 181.8991 49.6033 6.02 661.7836 665.0232 0.0 
4.0 192.4409 192.0426 49.5937 5.23 660.0043 657.7365 0.0 
3.0 191.6948 189.4304 48.7138 10.88 659.9502 655.5752 0.0 
4.0 177.5539 191.2178 48.3312 10.13 658.1089 659.2433 0.0 
3.0 182.506 182.6169 48.6933 15.18 654.75 656.1 0.0 
2.0 186.1156 195.7565 49.7189 7.51 657.3485 657.5994 0.0 
3.0 184.0999 194.9027 49.7735 4.2 654.876 660.6438 0.0 
1.0 193.1796 197.0676 49.9527 17.76 673.164 667.0555 0.0 
4.0 180.9689 189.2115 47.9231 5.03 659.1063 654.4815 0.0 
3.0 188.2989 184.3924 48.5757 26.29 656.2469 657.84 0.3475 
1.0 185.3217 193.6252 49.7918 8.34 655.18 657.3806 0.3624 
1.0 193.9635 195.1228 49.3292 9.0 656.3742 657.4987 0.0 
4.0 190.3308 190.2158 49.2317 10.91 654.201 661.289 0.0 
3.0 186.3122 183.2113 48.5241 9.54 659.1755 658.2522 0.0 
1.0 192.408 190.6702 47.8607 12.23 653.2837 647.3206 0.0 
2.0 174.1918 192.8229 48.9367 6.67 657.5647 653.8693 0.0 
4.0 192.6318 193.7182 50.3931 5.97 655.1427 654.4127 0.0 
3.0 191.6764 178.5757 48.8128 8.98 656.997 653.2157 0.0 
1.0 185.4096 192.6192 51.9717 65.46 652.9409 650.8511 0.0 
4.0 185.0593 200.9528 48.502 12.21 655.0288 655.4495 0.0 
3.0 185.423 191.7679 51.1171 19.44 654.0302 653.6711 0.0 
3.0 186.8024 194.8345 49.8377 5.57 652.7552 655.0079 0.0 
1.0 190.1069 184.2729 48.8692 9.22 654.7028 656.5762 0.1281 
1.0 192.8124 186.4849 49.002 6.74 653.0912 654.1569 0.0 
4.0 182.6173 192.5614 49.2945 8.66 654.9177 653.5239 0.0 
3.0 186.6556 188.9652 49.5347 8.97 655.7925 655.3814 0.0 
1.0 187.4271 192.0227 49.1175 28.45 651.7106 648.8555 0.0 
4.0 185.0061 190.3718 50.2485 5.32 653.4515 654.1421 0.0 
3.0 184.849 187.5954 49.6261 9.58 656.2924 653.7347 0.0 
2.0 178.091 193.3597 48.9306 5.9 654.4313 655.1071 0.0 
3.0 184.2951 185.5756 49.7949 6.97 652.1026 653.3003 0.0 
1.0 186.9677 189.0171 49.7992 7.34 666.8678 663.9519 0.0 
4.0 184.4707 193.2353 49.5491 59.9 657.8921 652.3099 0.0 
4.0 186.7511 190.3272 49.1999 7.44 657.4529 658.7137 0.0 
3.0 185.6362 193.5627 49.3575 8.06 654.4598 655.9811 0.0 
2.0 189.4788 197.3941 48.9003 5.11 659.2453 655.905 0.0 
3.0 177.9463 181.1837 48.8832 10.23 656.1192 658.8044 0.0 
1.0 191.254 190.9043 49.6213 4.6 671.2698 668.9732 0.0 
4.0 194.6264 195.1514 49.1348 4.02 659.0594 655.3561 0.0 
1.0 185.333 192.3157 49.3343 3.93 656.614 658.6889 0.0 
2.0 192.9033 185.5728 49.1482 8.3 659.654 659.7519 0.0 
4.0 194.9722 184.2854 49.2527 9.18 657.1576 656.3917 0.0 
2.0 176.7061 189.5485 49.1865 9.68 654.786 657.9455 0.0 
2.0 178.0239 183.3027 48.3777 11.75 659.5844 659.9087 0.0 
2.0 178.0301 188.9225 48.7681 11.38 659.6934 659.1719 0.0 
4.0 190.3082 191.4333 49.3606 13.01 657.6123 659.2316 0.0 
3.0 186.5791 193.7409 49.6127 5.71 657.4037 657.8208 0.4922 
2.0 197.641 201.2142 48.7449 9.39 658.2439 659.9211 0.0 
3.0 185.0041 184.6958 48.9894 5.95 655.9373 658.0939 0.0 
1.0 194.6145 188.2255 49.6067 4.04 672.3941 671.3042 0.0 
4.0 194.8814 201.6123 49.4351 8.43 657.8425 654.8239 0.0 
3.0 186.275 191.9291 50.3936 11.63 652.6543 655.5806 0.0 
1.0 190.4378 188.4676 49.5963 8.64 652.35 653.41 0.0 
1.0 197.255 186.4158 48.9163 9.07 655.2131 656.4063 0.0 
4.0 180.3923 191.9562 49.5497 5.53 653.3964 655.1889 0.0 
3.0 190.1808 193.3762 49.2915 8.64 655.4771 654.345 0.0 
1.0 188.4387 194.7696 49.1056 11.55 652.0332 648.9508 0.0 
3.0 186.8398 184.535 48.7712 8.11 656.9101 655.9187 0.1333 
1.0 185.7766 196.0551 49.9315 7.06 658.3439 657.1717 0.1867 
1.0 187.9205 195.2361 49.424 4.89 657.9288 659.0835 0.0 
3.0 188.0659 195.5424 49.7809 5.78 657.1887 659.1393 0.0 
1.0 196.4323 201.4734 49.6392 27.3 668.7156 671.0313 0.0 
4.0 178.2693 192.4542 48.4823 8.52 658.7991 658.5314 0.0 
3.0 191.4201 184.0468 49.5647 8.38 651.0003 654.0741 0.0 
1.0 187.1154 194.6744 49.9519 5.73 653.0167 655.0245 0.0 
1.0 186.3621 194.7918 50.2662 8.41 653.6138 653.606 0.0 
4.0 190.1828 185.653 50.5073 11.45 651.401 657.2351 0.0 
3.0 195.6054 182.8477 48.7412 16.64 654.2713 651.8364 0.0 
1.0 192.688 187.1991 48.4509 10.42 654.8249 651.1468 0.0 
2.0 179.4861 188.9331 48.8335 5.05 655.6936 658.6177 0.0 
4.0 188.2265 192.6658 49.1653 7.88 659.5237 657.3263 0.0 
3.0 190.3999 193.9701 48.8631 7.84 654.8441 653.4456 0.0 
1.0 183.144 191.9164 49.7585 7.34 645.3745 652.8816 0.0 
4.0 179.5569 191.4403 48.154 9.43 660.7663 653.7911 0.0 
3.0 194.4606 191.7148 49.4763 15.4 657.511 654.0798 0.0 
2.0 193.1244 186.3046 49.6813 7.56 661.1346 657.6621 0.0 
4.0 174.838 190.7851 49.0191 6.67 659.3769 657.0591 0.1745 
3.0 185.3045 193.2661 49.2354 6.97 659.6037 653.2225 0.0 
1.0 184.9677 178.9507 48.5779 9.57 653.878 648.7379 0.0 
4.0 192.7314 191.1875 49.2676 4.85 658.0127 659.9842 0.0 
3.0 183.1004 179.7581 49.2423 7.12 656.6871 655.1213 0.0 
2.0 193.1801 194.3039 49.5091 7.04 657.21 656.8186 0.0 
4.0 171.444 203.1125 49.0593 6.53 659.2036 656.3514 0.0 
3.0 184.7262 194.2355 49.2249 4.43 654.0954 659.3116 0.0 
1.0 189.8932 189.3856 49.0322 10.58 651.6221 652.5646 0.0 
4.0 197.3339 191.9094 50.438 88.28 656.997 661.4025 0.0 
3.0 187.453 177.0735 48.999 8.64 662.4781 653.7736 0.0 
4.0 191.9985 193.6301 49.6197 7.69 657.5299 657.4319 0.0 
3.0 185.4653 194.4831 49.0679 11.43 662.2633 654.2821 0.0 
2.0 168.7709 195.4871 48.7495 4.37 656.4967 662.0392 0.0 
3.0 187.3462 198.4452 48.9288 7.09 656.5506 658.2511 0.0 
1.0 193.8353 186.5298 49.3675 7.32 665.0677 672.0611 0.08 
4.0 194.1704 189.8035 48.9217 4.42 661.136 654.1039 0.0 
2.0 193.9719 187.4749 49.7148 7.09 656.9825 654.0087 0.0 
4.0 178.6878 194.8594 48.8343 4.42 656.8438 654.8511 0.0 
3.0 187.8795 192.9433 49.5813 8.14 656.084 653.881 0.2592 
1.0 195.6726 183.1951 49.6676 19.81 663.4157 659.2455 0.0 
4.0 194.0452 192.4638 49.5007 13.11 656.6027 657.2133 0.1464 
3.0 187.9878 182.2586 48.7751 8.69 655.8909 656.3948 0.0 
3.0 189.387 184.4827 48.4477 11.69 661.1382 653.7104 0.0 
1.0 186.4993 193.1605 49.5604 6.0 656.52 654.88 0.0 
1.0 184.7144 193.7488 49.076 6.36 658.5415 655.3736 0.0 
4.0 190.7726 188.367 49.8108 4.2 659.6108 654.1334 0.0 
3.0 187.8983 187.0708 48.3358 4.13 657.136 658.1772 0.0 
1.0 185.9754 181.9486 48.2568 5.39 653.1877 655.4995 0.0 
1.0 186.9347 193.0268 49.4137 4.03 659.1436 654.4264 0.0 
2.0 192.3186 189.3297 49.5435 7.31 658.3141 657.5398 0.0 
4.0 196.2255 184.4075 49.0308 8.08 659.5234 654.6904 0.0 
2.0 175.0348 191.8159 48.927 14.38 659.1312 655.6585 0.0 
2.0 179.7518 188.9681 48.1848 12.06 656.9952 657.4866 0.0 
2.0 177.9556 189.8242 49.0893 4.23 657.4178 660.2065 0.0 
2.0 183.3346 189.9033 49.5783 4.98 659.3204 653.7522 0.0 
4.0 189.1081 193.9495 49.677 11.73 656.9177 655.5761 0.0 
3.0 183.9596 185.2994 49.4106 7.88 658.9288 653.3458 0.0 
1.0 181.4985 190.8997 50.3657 12.45 653.6659 652.9182 0.0449 
4.0 180.8357 192.3952 49.042 9.9 656.641 656.5665 0.1112 
3.0 190.6358 192.6299 49.9926 8.37 655.9309 657.9986 0.0 
2.0 183.8796 196.2527 48.8571 5.49 653.9422 654.7939 0.0 
4.0 187.1162 194.1686 49.8888 6.33 655.1128 656.3761 0.0 
3.0 193.7528 187.6835 49.5631 92.16 656.0261 656.0803 0.0 
1.0 182.6963 189.8889 51.1866 18.11 644.5167 649.3532 0.0 
4.0 183.3248 192.7365 48.9735 4.97 656.7039 653.9463 0.0 
3.0 190.308 188.5409 49.8062 18.38 657.7649 651.902 0.0 
2.0 193.4206 192.8322 49.2578 3.93 657.3905 657.1745 0.0 
4.0 188.0981 191.7166 49.521 5.54 661.1638 654.8827 0.0 
3.0 182.8009 180.6684 48.9297 8.77 655.2433 655.3476 0.0 
1.0 191.4136 193.6576 49.9499 7.95 652.335 653.3864 0.0 
4.0 179.142 189.3672 48.1831 13.18 655.1055 659.112 0.0676 
3.0 185.658 189.2583 49.1658 10.79 658.3036 655.7483 0.0 
3.0 188.9772 190.5184 50.7779 11.26 655.0428 652.5133 0.0 
1.0 189.5725 184.9028 49.032 7.28 654.4398 655.0002 0.0 
1.0 195.5161 184.9295 48.9679 9.03 655.3578 651.9774 0.0 
4.0 187.2556 192.3732 49.5313 7.93 654.6664 652.5391 0.0 
3.0 190.4996 192.5601 49.8453 12.1 655.7556 654.8459 0.0 
1.0 183.8899 190.6727 50.1138 36.19 649.8683 648.9003 0.0 
3.0 186.4049 185.5151 48.8736 4.75 655.9319 659.1566 0.0 
1.0 186.9804 194.9345 49.4117 10.97 656.5531 661.2975 0.0 
1.0 187.421 194.298 49.1691 10.0 656.717 656.642 0.0 
4.0 191.8889 187.6817 49.7668 5.23 655.5845 656.0824 0.0 
3.0 185.1397 183.678 48.9311 10.84 659.1181 658.7723 0.0 
1.0 184.8732 187.02 48.1548 9.82 655.8835 656.7617 0.0 
3.0 188.0136 194.1904 49.8756 11.49 658.8042 659.0378 0.0 
1.0 181.4573 184.8995 48.6463 4.06 656.3439 655.951 0.0 
1.0 183.9153 185.6425 48.9347 7.97 657.2239 660.9911 0.0 
4.0 176.3964 184.7549 48.9812 9.04 655.2941 658.9845 0.0 
3.0 189.1656 192.1005 49.335 5.5 659.8104 656.5543 0.0 
1.0 188.3039 192.2366 48.8997 7.47 655.8468 652.0191 0.0 
4.0 176.3689 189.5617 48.9391 4.43 659.57 658.7465 0.0 
3.0 175.5507 181.5562 48.5245 8.75 658.66 656.15 0.0 
2.0 182.9354 192.9404 49.5148 6.35 657.4287 657.5693 0.0 
3.0 184.9086 196.1155 49.7956 3.98 657.5689 660.6931 0.0 
1.0 189.5288 197.6235 50.0862 14.9 669.2776 674.0886 0.0 
4.0 178.7702 187.2728 48.0682 9.27 665.1346 653.1039 0.1272 
3.0 185.3806 193.0173 49.2274 5.54 658.6462 654.4557 0.0 
1.0 186.4135 184.3834 48.5695 14.52 654.9014 654.9727 0.0 
1.0 185.6632 185.1053 48.6652 4.6 658.8815 653.7576 0.0 
4.0 178.2955 187.473 48.7361 8.0 655.8871 650.5901 0.0 
3.0 188.2828 195.9371 49.2555 5.74 657.5088 661.2177 0.0 
1.0 185.7636 193.8117 48.4844 4.26 648.9618 653.0384 0.0 
4.0 191.758 191.5248 49.6798 5.29 660.9688 655.6641 0.0 
3.0 187.0376 191.5922 49.4 9.51 660.2069 652.9686 0.1552 
2.0 171.5687 192.9828 48.6308 10.47 655.5756 661.5928 0.0 
3.0 186.1792 186.354 48.872 13.74 657.2144 654.6833 0.0 
1.0 188.6381 186.976 49.3093 9.12 665.7769 670.9008 0.0 
4.0 189.7259 192.0875 49.1854 5.76 660.9801 656.4294 0.0 
3.0 189.5117 186.3574 49.1488 7.03 657.2601 659.221 0.0 
1.0 187.4433 193.9247 49.315 7.56 655.883 657.1463 0.6188 
1.0 186.8874 195.0536 49.8917 6.03 658.5704 659.5665 0.0 
4.0 189.7773 191.1902 49.8594 4.89 656.5677 663.009 0.0 
3.0 185.4989 181.268 48.6555 5.63 660.1652 655.1002 0.0 
1.0 186.4035 183.3774 48.016 13.23 653.7273 648.5743 0.0 
4.0 182.4903 196.0058 49.4968 11.21 657.9463 657.6523 0.0 
3.0 191.1775 187.8618 49.6876 8.16 657.3705 655.1523 0.0 
2.0 185.7834 192.4707 49.8552 11.41 651.0533 650.6362 0.0 
3.0 183.8907 196.5604 50.3257 5.36 653.3059 655.4208 0.0 
1.0 194.1914 197.9042 50.5722 18.66 664.2244 668.7945 0.0 
4.0 180.8969 194.1155 49.0348 4.09 658.764 653.4168 0.0 
3.0 186.3693 184.8393 48.8922 9.82 657.4626 660.2298 0.0 
1.0 186.7312 195.4179 49.2756 10.71 656.4714 661.5462 0.0 
1.0 186.8589 195.0074 49.5679 6.94 655.6083 655.3639 0.0 
4.0 187.8008 186.7063 49.9667 2.31 654.2118 659.8816 0.0 
3.0 184.0976 181.626 48.2715 9.48 657.8602 653.7887 0.0 
1.0 188.3438 184.0133 48.1585 9.75 654.3686 651.0923 0.0 
2.0 195.7717 194.1278 48.6219 4.48 657.7151 656.5062 0.0 
4.0 189.2565 191.5643 49.1792 16.31 656.8541 652.4355 0.0 
3.0 192.0805 184.3713 49.3068 2.61 656.6369 656.5018 0.0 
1.0 189.1362 191.8669 50.9914 16.32 649.6044 653.1094 0.0 
4.0 180.7193 193.7215 48.8172 7.25 656.2332 657.2571 0.0 
3.0 189.3938 192.2062 49.834 13.05 659.7226 655.2735 0.0 
2.0 191.3156 188.5201 49.6602 5.6 659.2209 656.2083 0.1468 
4.0 188.0241 196.2977 48.5386 11.5 658.5034 657.9408 0.0 
3.0 186.8517 193.9146 49.4036 7.35 658.9338 652.8109 0.0 
1.0 193.3741 181.9094 49.0189 9.16 665.8889 664.2622 0.0554 
4.0 194.5242 198.8002 48.9211 8.93 657.1648 657.6978 0.0 
3.0 186.1087 179.4235 48.6526 4.9 657.6766 655.7118 0.0 
4.0 189.247 189.8106 49.8547 16.1 654.1543 657.8406 0.0 
3.0 185.6472 193.9153 50.3821 4.11 654.44 655.22 0.0 
2.0 185.7649 197.3779 48.7495 7.58 654.1604 656.687 0.0 
4.0 180.8488 193.1332 49.0871 14.85 653.8008 657.7437 0.0467 
3.0 185.843 193.7784 49.32 20.8 657.6598 654.1995 0.0 
1.0 189.7874 193.3326 48.9108 7.0 652.8966 648.2329 0.6448 
3.0 192.3371 194.9762 48.8038 4.92 655.5739 656.5916 0.0 
1.0 188.1423 193.493 49.6871 4.65 659.4981 654.6543 0.0 
1.0 187.4738 194.7924 49.1837 4.94 654.94 659.6752 0.0 
4.0 194.9824 195.082 49.8055 8.5 655.6702 656.9305 0.0 
3.0 187.4397 185.23 48.5241 5.52 655.4253 660.7332 0.0 
1.0 187.6937 182.2459 47.9047 6.32 651.7429 647.7083 0.0 
1.0 184.4857 195.1123 49.9042 7.4 657.3599 660.1804 0.0 
2.0 195.3398 184.5397 49.9571 6.68 656.5968 662.3555 0.0 
4.0 196.5623 191.6254 50.3891 17.62 659.5794 658.0198 0.0 
2.0 172.6071 197.201 50.0126 14.63 656.2094 665.6986 0.0 
2.0 177.5772 187.4951 48.6992 5.79 662.6625 654.4297 0.0 
2.0 192.4721 195.314 49.1899 20.54 660.1321 658.6127 0.0 
2.0 193.2793 190.3504 49.3857 4.84 655.6449 654.755 0.0 
4.0 176.6531 196.8205 48.6298 9.41 656.7131 653.3554 0.0 
3.0 188.5828 195.762 49.8486 3.4 653.2314 652.8145 0.0 
1.0 188.7751 186.2794 49.1342 10.58 646.2225 646.2245 0.0 
4.0 192.1891 194.2883 49.3722 19.51 653.8824 656.5741 0.0 
3.0 192.8016 184.6061 48.7236 11.3 657.4427 652.3806 0.0 
4.0 191.8349 194.1409 49.374 4.71 656.6495 658.5201 0.109 
3.0 187.6442 195.5873 49.4063 7.02 657.2906 658.7662 0.0 
2.0 191.799 198.049 48.8051 2.16 657.1679 656.4704 0.0 
3.0 189.072 186.5222 48.995 11.19 656.5016 658.2119 0.0 
1.0 191.4461 188.5916 49.6008 6.93 670.4086 668.3408 0.0 
4.0 194.4529 197.7122 48.7777 4.54 661.3112 655.8364 0.0541 
2.0 193.2657 188.4007 49.3842 5.81 658.2984 659.2482 0.0727 
4.0 171.6728 192.7779 48.9261 8.53 655.4606 658.5434 0.5302 
3.0 186.9362 193.6202 50.2089 16.14 660.2372 657.3378 0.0 
1.0 180.1211 183.7059 48.6016 5.54 648.5164 653.6323 0.0904 
4.0 190.7168 193.7154 48.9917 11.14 659.9261 658.3182 0.4752 
3.0 184.6233 179.6686 48.2877 16.49 658.9911 656.411 0.0 
4.0 187.7263 194.7819 48.798 16.71 658.29 657.8412 0.0774 
3.0 185.9675 181.4287 49.1155 15.4 662.1328 652.5559 0.1188 
2.0 186.2464 192.2084 49.8496 6.53 655.6456 659.4157 0.0 
3.0 188.8273 197.1965 49.6981 8.0 657.4969 658.8918 0.0 
1.0 189.256 197.1894 50.2009 14.68 666.4478 671.5978 0.0 
4.0 180.211 191.2372 48.2513 14.07 663.4461 655.7121 0.0 
4.0 188.8626 198.4762 48.9589 13.99 657.8352 659.2607 0.0 
3.0 187.7894 181.4711 48.436 6.69 661.8627 654.9511 0.187 
2.0 188.5812 192.3383 49.9203 3.65 657.0339 659.5611 0.0 
3.0 191.142 199.1614 49.6353 11.44 656.9665 658.2027 0.0 
1.0 191.7989 200.29 50.1153 4.32 670.8405 673.7187 0.0 
4.0 182.2423 193.3545 48.6024 12.81 662.6629 655.6533 0.2753 
1.0 185.7695 181.2659 48.6674 11.93 651.0471 659.0874 0.0 
2.0 184.61 185.25 48.94 6.78 657.31 656.6 0.0 
4.0 191.9385 187.4539 48.7925 4.09 654.4612 655.6443 0.0 
2.0 189.2917 190.7653 49.3896 6.65 652.8243 654.8535 0.0 
2.0 190.4257 190.9558 49.1819 32.25 657.621 659.1959 0.0 
2.0 193.4619 192.2029 49.4899 7.12 660.0149 654.2373 0.0 
3.0 188.6157 184.7157 48.4372 4.94 656.9101 659.1275 0.0 
1.0 185.3997 193.0863 49.6871 6.4 656.8714 658.1667 0.0 
1.0 193.8577 197.3133 49.8034 4.81 660.1954 664.3291 0.0 
4.0 193.413 188.4463 49.623 8.32 656.8239 659.2872 0.0592 
3.0 187.3344 179.0353 48.5383 8.75 661.5884 659.4055 0.1221 
1.0 190.8756 193.9239 47.8753 7.49 652.3825 649.6271 0.0 
1.0 189.4345 194.3565 49.396 4.35 655.9553 658.7953 0.0 
2.0 194.4707 184.2949 49.0785 4.14 654.9321 658.8454 0.0 
4.0 198.2081 193.2722 49.2385 12.61 655.5656 654.2966 0.0 
2.0 180.1369 191.1575 48.768 6.82 654.8201 662.7329 0.0 
2.0 167.4498 189.1107 48.5073 13.26 657.5151 652.9825 0.3159 
2.0 195.6298 197.797 49.1815 5.85 658.3288 655.0161 0.0 
2.0 193.7467 188.4186 50.0879 9.18 655.7617 656.8274 0.0 
4.0 172.1396 192.2532 49.1841 5.56 654.4727 655.776 0.0 
3.0 187.1291 192.5286 50.236 7.79 655.4752 652.2135 0.0 
1.0 190.5304 180.8318 48.4942 8.64 644.1171 645.7176 0.0 
4.0 186.9402 191.6228 49.6823 13.04 657.208 655.3717 0.0 
3.0 189.7654 182.874 49.2395 5.37 657.4134 654.1482 0.0 
1.0 193.1671 197.9053 49.7375 4.48 659.2235 657.8668 0.0527 
2.0 192.3897 187.2533 49.3037 7.36 660.0757 654.114 0.0 
4.0 194.1077 184.7524 49.9751 7.11 656.1254 659.1669 0.0 
2.0 186.0255 197.7496 49.172 6.74 656.8073 658.6064 0.0 
2.0 177.0974 185.9949 48.3296 5.12 656.8692 657.4063 0.0 
2.0 176.3944 188.4946 49.0598 7.48 664.0739 653.8968 0.0 
2.0 192.9449 186.7099 50.9135 30.91 652.1662 656.7505 0.0 
4.0 165.151 196.1145 48.8196 26.02 654.73 656.6016 0.3221 
3.0 190.4841 191.9557 52.2418 25.4 653.2738 654.2818 0.0 
1.0 186.5216 180.6592 49.2953 18.55 647.3114 654.7981 0.4877 
4.0 192.5642 194.7665 49.6395 53.52 658.5489 652.7412 0.0 
3.0 189.7548 185.4554 49.0679 7.42 656.6664 652.9434 0.0 
1.0 186.8322 189.1102 50.1012 29.76 653.0185 658.3089 0.1154 
2.0 193.566 184.6621 50.038 17.47 654.566 656.5202 0.0 
4.0 189.5433 192.4521 51.1227 37.6 653.2124 655.7808 0.0 
2.0 171.8826 192.2045 49.2971 6.0 653.8397 658.1722 0.0 
2.0 169.475 176.9241 48.826 8.68 657.1754 655.0522 0.0 
2.0 193.9306 195.9381 48.9514 4.89 658.6894 655.868 0.0 
2.0 185.1589 190.4232 48.8339 7.02 657.1085 654.7645 0.0 
4.0 191.0855 194.7914 49.9496 8.43 657.5436 654.8711 0.0 
3.0 195.1797 184.8823 49.061 12.95 657.9439 654.681 0.0 
1.0 191.7105 194.3549 49.9306 5.55 666.3495 660.5472 0.0 
4.0 186.3468 199.4798 49.0499 8.97 657.2908 657.0098 0.0 
3.0 182.4936 191.4465 49.8681 7.29 654.759 657.6047 0.0386 
3.0 188.4268 187.8368 48.9436 14.48 654.6024 660.7434 0.0 
1.0 184.2947 195.11 49.7278 9.03 656.96 659.8 0.5522 
1.0 187.1503 195.4145 49.7206 4.98 657.7194 655.8248 0.0 
4.0 191.5117 186.3633 50.1689 11.15 653.8206 660.3972 0.0 
3.0 188.4068 178.7844 48.5498 13.38 659.6582 655.7905 0.0 
1.0 193.2873 185.5318 48.4168 26.97 654.3712 651.1531 0.0 
2.0 180.478 190.1331 48.5726 9.48 657.3295 658.9617 0.0 
4.0 188.6144 191.9109 49.2936 10.87 656.5729 659.1617 0.078 
3.0 187.7129 186.0318 48.5205 3.88 658.6509 657.4486 0.0 
1.0 184.1569 190.4439 50.0278 7.18 650.4887 652.6447 0.0 
4.0 178.5531 191.301 48.5924 6.62 661.5206 656.8664 0.0 
3.0 187.8011 190.493 49.4197 8.26 658.3191 655.3966 0.0 
1.0 184.8863 194.1995 49.6243 5.98 659.3789 655.43 0.0 
2.0 195.6366 190.1392 49.4983 31.14 657.7801 656.6692 0.145 
4.0 194.0388 185.6992 49.5362 4.68 658.0379 654.4968 0.0 
2.0 178.3734 194.4385 48.667 6.42 659.796 655.9838 0.0 
2.0 193.2814 190.3473 48.2056 13.37 659.3118 659.0335 0.0 
2.0 177.9633 188.4735 49.0301 11.3 659.5765 660.718 0.0 
4.0 191.272 196.8138 49.9859 5.94 661.2299 659.4448 0.1067 
3.0 187.981 195.7983 49.5464 12.6 657.1532 656.5261 0.0 
2.0 179.5897 196.9358 48.9332 4.15 660.714 659.3862 0.0 
3.0 189.9375 189.2281 49.1195 12.78 660.0358 657.3179 0.0 
1.0 197.5619 191.8215 50.252 8.45 670.5684 672.0495 0.0 
4.0 193.0919 193.9421 49.5622 8.74 660.3236 660.3006 0.0 
4.0 190.2349 191.1512 49.7653 6.04 655.9182 652.8746 0.0 
3.0 190.9538 194.2078 50.4172 8.36 656.1028 653.4352 0.0 
2.0 175.8162 196.2514 49.1485 11.93 655.2733 652.5208 0.0 
3.0 192.7746 181.2961 49.5896 7.05 655.1701 652.4127 0.0 
1.0 200.438 199.5675 49.7786 18.16 667.6864 667.7885 0.0 
4.0 191.905 191.7777 49.5647 4.73 656.4813 655.4544 0.0 
2.0 192.1535 188.5767 49.4701 9.05 655.7036 657.6058 0.0 
4.0 172.0161 191.7248 48.6153 13.37 655.4306 656.0111 0.0 
3.0 194.2111 196.1622 49.6354 8.38 655.2576 655.2337 0.0 
1.0 184.2128 183.1887 48.7212 7.17 647.9188 652.2805 0.0 
4.0 192.0603 194.2027 49.391 9.81 659.5479 657.7556 0.0 
3.0 192.3206 194.1952 48.5478 14.25 657.9655 658.1595 0.0 
3.0 187.226 191.5327 48.7525 16.79 658.7577 658.2991 0.0 
1.0 188.3745 194.3676 49.2733 6.49 662.6547 654.8843 0.0 
1.0 186.4772 195.0838 49.6346 13.51 658.7596 659.9364 0.0 
4.0 191.9002 189.4097 49.9183 4.29 658.2067 656.3486 0.0 
3.0 190.6675 182.8773 48.2465 7.37 657.9816 660.8509 0.0 
1.0 187.4833 184.5921 48.2111 14.47 659.3998 654.4889 0.0 
3.0 185.338 193.5486 49.5394 6.36 655.1899 659.125 0.0 
1.0 183.5178 178.4706 49.007 10.34 657.2837 655.921 0.0 
1.0 188.0077 190.8976 48.8068 5.65 657.4039 660.6011 0.0 
4.0 176.7955 185.1922 49.111 10.8 656.2837 661.2505 0.0 
3.0 188.5146 192.5929 48.8525 10.43 662.0878 658.5021 0.0 
1.0 191.2951 193.4581 48.9646 6.55 656.4186 651.8156 0.0 
3.0 185.523 194.8908 49.6723 2.79 656.794 660.081 0.0 
1.0 183.4649 183.433 49.3213 11.29 657.41 657.89 0.8668 
1.0 191.6839 195.941 48.8808 7.92 657.7796 660.7073 0.0 
4.0 182.6314 190.2735 49.4825 9.53 656.5727 659.4305 0.0643 
3.0 186.1351 192.6018 49.5767 11.47 659.3963 655.9361 0.0 
1.0 193.3877 193.0247 49.5161 9.73 654.7107 650.7747 0.0 
3.0 186.3307 195.0999 49.2519 5.11 654.1792 659.0104 0.0 
1.0 186.4525 184.9528 48.7674 4.45 654.2547 657.1816 0.0 
1.0 189.4136 193.716 48.6146 4.56 656.7453 655.2922 0.0 
4.0 179.6277 191.1989 48.6187 9.58 653.7474 658.8435 0.0 
3.0 187.503 193.9085 49.2555 6.24 657.5766 656.0233 0.0 
1.0 191.7412 194.513 48.6971 4.6 650.8611 648.532 0.0 
3.0 188.2051 191.1816 48.5728 10.4 654.2776 654.6009 0.0803 
1.0 187.0198 194.3714 48.9013 14.53 657.0079 651.6448 0.5088 
1.0 186.8396 193.5971 49.532 5.47 653.5938 654.697 0.0 
4.0 189.4384 192.627 50.1959 10.08 654.9679 657.1366 0.0 
3.0 191.9838 185.7382 48.3015 9.58 653.5234 654.42 0.0 
1.0 188.7722 187.0588 48.3876 11.93 656.4176 648.1164 0.0 
2.0 192.7081 189.234 49.725 8.19 657.9898 657.3723 0.0 
4.0 178.7288 190.8781 49.2781 7.92 660.0838 654.5057 0.0 
3.0 186.0506 195.7921 50.0253 4.68 653.5119 658.6849 0.0 
1.0 182.4254 181.874 48.9859 19.75 647.4605 648.1836 0.0 
4.0 191.6228 196.4151 49.0695 15.13 654.4351 662.363 0.0 
3.0 186.9691 180.6713 49.3495 7.01 660.1674 654.0407 0.0 
4.0 180.786 195.394 49.305 5.39 652.9347 654.9319 0.0 
3.0 194.3529 192.9234 49.1338 8.41 653.9266 655.2621 0.0 
2.0 184.5405 195.7923 51.4665 25.31 652.4666 654.5457 0.0 
3.0 187.0121 191.9752 51.1468 9.94 652.6648 653.103 0.0 
1.0 196.0526 196.2602 51.4753 11.05 666.996 664.6818 0.0 
4.0 192.1587 193.3015 49.3465 7.0 657.0789 652.2903 0.2401 
4.0 185.6656 194.4048 50.9138 14.54 656.1215 653.1061 0.0 
3.0 188.6089 192.1835 51.4593 8.85 654.8801 653.4387 0.172 
2.0 182.1527 198.3527 49.1761 13.21 655.5883 653.2298 0.2447 
3.0 189.0261 195.9002 49.905 3.85 655.2791 655.7113 0.0 
1.0 194.2932 190.9237 50.027 5.55 667.0695 666.0678 0.0 
4.0 188.7058 194.1609 50.0384 10.5 654.2733 653.9788 0.0 
2.0 181.1288 196.3134 48.8971 10.17 657.1207 659.8777 0.0 
4.0 190.0011 194.4687 49.6701 8.26 658.3795 656.3195 0.0 
3.0 190.4958 191.5327 49.2935 6.82 655.8559 656.9324 0.0 
1.0 182.2205 194.9923 49.8652 7.78 647.4653 653.1387 0.0 
4.0 182.2615 193.3796 48.4797 5.17 658.6518 657.5582 0.0 
3.0 191.0717 193.3275 49.4763 6.41 657.2663 656.3261 0.0 
4.0 188.0635 191.9825 49.4946 9.88 657.5251 657.6037 0.0626 
3.0 187.6752 192.5918 49.3754 7.32 660.463 654.0212 0.0 
2.0 176.6597 191.8875 49.0649 16.92 657.5539 660.9511 0.0 
3.0 180.4127 186.3618 48.8505 8.89 657.016 656.6986 0.1013 
1.0 190.1256 190.0367 49.538 9.87 668.6634 675.2426 0.0 
4.0 191.8154 192.1267 49.2269 4.77 661.7359 655.0191 0.0 
1.0 186.4805 185.2287 48.4482 9.29 655.1771 658.2984 0.0 
2.0 182.45 186.53 48.68 13.41 654.73 656.14 0.0 
4.0 183.9627 188.7986 48.6818 2.16 656.7069 655.3135 0.0 
2.0 190.8247 192.6495 49.6992 9.28 655.0635 657.2505 0.0 
2.0 190.9943 189.8558 48.797 8.09 658.921 655.6062 0.0 
2.0 189.5626 193.4656 49.8483 14.05 658.139 657.5786 0.0 
2.0 179.6897 187.1368 48.9019 6.07 657.1832 659.3225 0.0709 
4.0 192.3492 188.8333 50.2373 7.73 657.8962 657.7388 0.0 
3.0 190.7494 196.9059 48.7234 5.85 658.5205 658.592 0.0 
1.0 182.3891 193.9394 49.5049 8.66 649.5116 655.5953 0.0 
4.0 177.9348 195.253 48.5278 4.8 659.5534 654.9088 0.0 
3.0 189.1479 190.7425 49.9236 19.56 657.2807 654.8676 0.0 
1.0 186.6655 186.3282 49.072 10.66 662.627 655.1764 0.0 
2.0 184.5818 185.8554 48.6001 10.17 659.2442 655.4256 0.0 
4.0 182.2882 183.4127 48.8263 6.14 660.9707 655.1674 0.0 
2.0 188.1308 193.2817 49.5215 5.39 659.4708 653.432 0.0 
2.0 192.4606 191.165 49.2134 4.69 659.5158 662.7243 0.0 
2.0 188.3216 189.3961 49.7281 3.04 657.393 660.835 0.0 
3.0 190.0833 194.1613 49.6821 7.29 660.0915 658.7442 0.0 
1.0 184.8405 183.5093 48.7723 9.17 657.4533 654.1356 0.0 
1.0 185.1481 186.3788 48.6692 7.06 655.4251 659.8971 0.0 
4.0 178.3971 191.1124 48.9091 6.48 657.3977 657.3278 0.0 
3.0 187.3135 194.2979 49.0986 5.19 655.6761 659.2989 0.0 
1.0 187.7758 191.5538 48.6685 5.59 655.5307 648.6034 0.0 
1.0 187.2995 189.2063 48.8531 2.69 657.0688 656.1117 0.0 
2.0 185.6647 188.3312 48.6113 8.28 658.3188 654.0741 0.0 
4.0 183.1001 186.1228 48.507 12.61 656.1655 655.2975 0.0 
2.0 191.8393 193.7742 49.5875 7.12 656.3142 653.2608 0.0 
2.0 192.2456 190.6511 49.1957 11.56 654.1171 658.0265 0.5086 
2.0 190.1146 189.1809 49.743 16.5 660.9585 652.6331 0.0 
2.0 181.9946 189.8765 49.0643 5.54 656.0924 657.0324 0.0 
4.0 187.081 193.4865 49.2991 4.63 654.9202 654.4397 0.0 
3.0 193.0763 197.8569 48.6711 8.34 656.7104 659.6222 0.0 
1.0 185.6872 192.752 49.2235 9.58 650.3975 652.9956 0.0 
4.0 180.3488 191.3934 48.6377 8.27 658.7622 656.7372 0.0 
3.0 196.4385 193.3699 49.5345 11.44 658.2878 655.3854 0.0 
3.0 188.5047 194.2146 49.0325 8.72 658.29 654.5867 0.1053 
1.0 194.4534 186.1892 48.9227 7.88 656.824 654.8743 0.0 
1.0 189.4109 183.8142 49.0371 7.91 657.2577 652.4564 0.0 
4.0 187.3557 186.8029 49.0243 11.6 657.2308 652.7211 0.0 
3.0 190.7738 195.0483 49.2492 9.74 656.3303 655.3436 0.0 
1.0 186.4656 195.9225 48.9137 5.75 654.4556 657.5193 0.0 
2.0 180.2685 188.6187 48.6858 8.15 662.6026 657.4293 0.0 
4.0 191.3543 193.3434 49.2906 6.15 657.9436 655.451 0.0906 
3.0 185.5201 182.0083 48.8452 12.65 661.5137 656.031 0.0 
1.0 188.208 193.8921 49.7085 6.4 666.69 661.5085 0.0 
4.0 191.8838 197.0008 48.363 7.63 660.0818 661.9713 0.0 
3.0 185.9964 189.3044 49.5271 2.98 656.8764 657.2632 0.0 
3.0 198.5611 201.5244 48.7933 3.01 659.3654 655.5806 0.0 
1.0 187.4158 192.0451 49.5365 9.58 660.01 652.38 0.0 
1.0 180.9026 196.5632 49.0227 15.7 656.1555 659.4641 0.0 
4.0 193.6529 199.5529 50.1315 5.54 656.691 658.7005 0.0 
3.0 184.599 181.932 48.507 4.67 657.0002 661.437 0.0 
1.0 192.1504 179.4012 48.1733 9.86 654.9823 650.7844 0.2169 
4.0 174.5299 191.3429 48.8994 6.08 656.4615 654.8458 0.0 
3.0 186.9926 181.0478 49.0486 11.73 655.9163 654.704 0.1341 
2.0 186.6414 194.2155 49.0054 6.69 658.0491 655.9541 0.0 
3.0 186.8816 195.4062 49.8466 5.84 657.662 654.8795 0.0 
1.0 191.1715 198.5475 50.1234 6.95 668.6268 669.2761 0.1966 
4.0 177.8687 193.9698 48.2502 10.27 655.0373 657.2677 0.0 
