4.0 190.4492 195.5665 50.3724 59.62 653.1647 653.6986 0.0 
3.0 186.7618 193.4655 49.4545 8.12 657.2337 651.3615 0.0 
2.0 178.9715 192.729 49.091 8.98 653.3141 657.701 0.3353 
3.0 199.1044 190.8318 49.795 5.14 653.5326 654.8086 0.0 
1.0 202.9922 188.4972 49.7648 7.03 667.5748 671.8485 0.2882 
4.0 191.2151 191.6955 49.6932 9.76 657.7742 653.1067 0.0 
2.0 178.5146 193.7627 49.2224 5.26 653.9595 651.8596 0.0 
4.0 188.1847 189.3352 48.1932 554.66 654.0 651.1 0.0 
3.0 187.4246 180.9489 48.7745 6.73 658.7721 652.6266 0.0 
1.0 181.6448 189.981 49.7606 13.65 647.3429 644.5886 0.5017 
4.0 181.6005 193.2239 48.8724 16.93 655.4577 653.9278 0.0 
3.0 186.1265 184.3308 49.753 4.94 654.5532 653.6511 0.5961 
2.0 191.5776 190.0374 49.9742 8.68 656.0031 659.0787 0.0 
4.0 177.4355 188.5562 48.8218 7.94 658.3638 653.7488 0.6995 
3.0 179.1249 195.4743 50.1432 7.83 654.8798 658.6823 0.0 
1.0 181.1919 182.0795 49.4347 14.7 649.541 650.5344 0.0 
4.0 186.4093 189.7882 49.3603 7.15 655.435 657.8646 0.0 
3.0 190.0526 168.8209 49.7077 4.61 659.3183 652.8986 0.7319 
1.0 187.2782 186.554 49.2414 9.48 655.7992 662.4434 0.0 
2.0 177.1625 185.478 48.8832 10.96 658.2314 659.1162 0.0 
4.0 182.3869 190.7339 49.3072 14.67 658.5484 659.5211 0.0 
2.0 189.2446 194.9372 50.3356 7.41 656.0419 664.2995 0.0 
2.0 192.2071 187.1561 49.0558 4.11 660.856 658.5673 0.0 
2.0 192.7592 190.2695 50.4093 27.62 660.7072 655.7374 0.0 
4.0 190.0364 191.0053 49.562 14.89 652.0157 656.2534 0.6626 
3.0 186.7017 194.9282 49.7497 5.01 653.1025 652.6152 0.0 
2.0 192.9328 196.7378 49.1778 9.37 654.6037 654.7179 0.0 
3.0 188.4354 186.9492 49.6829 10.34 652.5661 655.8457 0.0 
1.0 198.0858 192.6458 49.6992 7.66 668.1971 666.141 0.5518 
4.0 193.0285 195.6716 49.4933 20.9 656.5149 652.6735 0.0 
1.0 186.5053 194.1462 49.4554 3.71 653.3052 659.7389 0.0 
2.0 191.5093 184.1518 49.5522 12.01 654.4158 659.3851 0.0 
4.0 195.5357 191.6767 49.3368 5.27 656.3158 655.0068 0.0 
2.0 178.9692 192.5757 48.6761 5.58 654.6966 658.7741 0.0 
2.0 164.262 183.8043 48.2556 10.06 658.9527 657.1543 0.0 
2.0 184.3581 195.6128 48.9794 6.92 657.4414 654.6315 0.0 
4.0 189.8958 195.3175 49.172 4.79 659.0564 656.8283 0.0 
3.0 193.9206 198.3712 49.4151 7.06 655.971 655.8209 0.0 
2.0 165.7289 193.5896 48.8215 7.22 657.0411 653.9111 0.0 
3.0 183.4375 187.4643 48.9286 7.67 658.0958 653.7942 0.0 
1.0 201.5143 203.6388 49.7227 6.21 669.3129 671.1275 0.0 
4.0 191.512 190.0215 49.0001 4.55 656.2073 659.3903 0.0 
2.0 172.016 178.1485 48.8265 6.51 655.1134 654.1482 0.9191 
4.0 185.9432 187.7175 49.3398 10.79 654.9374 654.1115 0.0 
3.0 180.142 178.674 48.5858 51.06 655.936 655.2301 0.0 
1.0 181.5349 190.8375 49.731 7.6 647.4457 650.4525 0.0 
4.0 174.0765 192.0583 49.0997 5.55 657.0685 655.3048 0.0 
3.0 186.9383 189.2691 49.6707 7.61 656.8569 654.8057 0.0 
1.0 189.9756 188.5099 49.166 10.07 655.7228 653.5823 0.0 
2.0 182.6597 187.8202 49.1563 9.36 658.7734 650.8415 0.4057 
4.0 173.8305 189.3052 48.9183 6.59 652.0942 654.371 0.3865 
2.0 187.6101 197.3382 52.1597 36.79 654.9972 653.4035 0.0 
2.0 191.0916 186.2133 50.5745 40.56 653.1818 657.0291 0.0 
2.0 189.8574 187.3165 49.8412 28.9 660.7504 651.1455 0.0 
1.0 184.1754 193.3132 49.4915 3.04 661.9271 653.5837 0.0 
2.0 194.27 189.99 49.48 8.81 657.63 655.9 0.0 
4.0 196.2166 184.7342 49.1361 9.65 659.1832 655.514 0.0 
2.0 175.1646 194.3056 49.1151 3.38 660.0251 654.2715 0.0 
2.0 194.9034 191.7358 48.4751 3.39 658.9986 658.2063 0.0 
2.0 174.6192 189.9381 49.0518 6.01 658.4028 659.9626 0.0 
4.0 176.2803 191.4014 48.6397 9.52 660.6944 655.314 0.0 
3.0 192.6401 200.7557 48.9842 6.36 657.6176 655.2712 0.0 
2.0 187.782 195.3466 49.3916 5.94 661.1081 656.5359 0.0 
3.0 187.0849 195.0074 49.6641 4.42 660.4624 654.5541 0.0 
1.0 202.4944 200.4518 50.1637 10.17 668.262 671.0018 0.0 
4.0 179.7713 193.291 48.0439 5.54 658.5052 660.3829 0.0 
3.0 190.0223 186.3442 49.4428 6.7 656.9307 656.2689 0.0 
1.0 185.3234 192.5848 49.5983 13.1 659.0136 651.7451 0.0 
1.0 184.3472 193.1861 49.8576 47.08 655.5156 660.3518 0.0 
4.0 190.8716 185.7607 50.564 13.6 654.6329 654.2301 0.0 
3.0 189.6495 185.5303 48.6836 10.18 657.0004 658.5867 0.0 
1.0 188.7722 182.4562 48.5635 5.85 659.9917 649.5248 0.0 
3.0 196.6565 207.1614 50.1043 9.4 656.9098 655.7279 0.0 
1.0 198.0248 188.8952 48.9176 5.61 656.9032 655.6559 0.0 
1.0 200.3607 190.3789 48.7396 6.95 657.9594 657.8134 0.0 
4.0 198.7634 204.8051 48.949 3.62 658.3166 657.2685 0.0 
3.0 191.4946 204.7258 49.0129 13.67 655.6858 657.1074 0.0 
1.0 190.5992 201.4275 48.4159 5.38 653.5043 647.5659 0.0 
2.0 175.7515 188.9856 49.2578 4.68 653.9292 657.233 0.0 
4.0 187.4073 191.9029 50.1323 9.08 655.0846 658.5765 0.0 
3.0 192.3792 196.8283 48.8646 8.02 655.2934 656.3902 0.0 
1.0 182.5868 187.589 52.1404 40.38 645.4987 653.3474 0.0 
4.0 171.1632 181.2041 48.9356 7.41 657.1115 654.0045 0.0 
3.0 192.8978 188.0771 50.9506 16.44 657.1867 651.8201 0.0 
1.0 178.155 191.2429 51.3981 9.69 652.9826 657.2559 0.0 
2.0 191.3501 174.7337 49.3229 25.04 654.4598 658.5734 0.0 
4.0 187.566 183.7397 51.6924 31.03 654.2357 654.1716 0.0 
2.0 173.8048 194.7339 49.4439 4.91 652.4526 652.0055 0.0 
2.0 158.9942 185.9967 49.2921 4.44 656.3278 657.9981 0.0 
2.0 178.0049 194.4954 49.2465 9.04 656.8422 655.991 0.0 
1.0 192.5448 189.5974 48.7947 10.76 655.8247 655.2493 0.0 
2.0 182.3213 196.3444 48.8204 11.33 657.2756 650.6691 0.0 
4.0 186.2706 191.115 49.2936 7.7 654.1837 659.7462 0.0 
2.0 190.2497 196.0286 50.3064 6.34 654.1453 653.421 0.0 
2.0 192.323 188.7054 50.5089 311.82 653.3676 658.9568 0.0 
2.0 190.5355 189.0216 50.1388 10.76 656.6327 653.6848 0.0 
2.0 193.9822 187.958 50.2137 19.17 654.3469 655.1812 0.0 
4.0 169.4567 196.6864 48.5301 7.86 656.7638 651.7114 0.0 
3.0 190.2506 197.8 50.4062 10.21 653.4641 660.4211 0.3895 
1.0 196.8328 176.9518 49.0014 5.61 662.104 662.8003 0.0 
4.0 195.3264 191.3439 49.5436 19.13 654.1218 656.0213 0.0 
3.0 192.9203 176.6829 49.1073 9.7 655.6079 650.9991 0.0 
3.0 189.1441 185.5665 48.9211 10.73 656.6089 653.272 0.0 
1.0 184.7901 198.7176 45.4359 95.69 652.99 652.39 0.0 
1.0 188.8307 193.0499 49.561 7.89 657.0778 650.7317 0.0 
4.0 190.1313 188.2017 50.1315 6.54 656.2866 653.6698 0.0 
3.0 203.8435 184.7277 48.8422 6.74 655.8069 654.8689 0.0 
1.0 195.1265 186.3062 48.7577 6.71 650.8885 650.9397 0.0 
4.0 189.6476 189.0129 49.7932 4.79 658.4999 653.1585 0.0 
3.0 193.2128 194.5189 50.1209 8.59 658.4932 656.6145 0.0 
2.0 170.906 203.9735 48.613 4.22 659.2827 657.2781 0.0 
3.0 186.8457 183.9086 48.8613 10.84 660.3934 655.2542 0.0 
1.0 196.8387 197.4664 49.5719 10.88 670.1355 671.8794 0.0 
4.0 196.616 191.5523 49.9009 53.98 658.2603 659.6384 0.0 
4.0 176.5411 189.0351 48.699 10.5 654.7946 655.9665 0.0 
3.0 184.7684 184.5398 48.3396 7.99 655.9449 657.3411 0.0 
2.0 188.9318 192.3909 49.3485 9.73 659.5394 655.7979 0.2133 
3.0 184.2172 195.6673 49.6128 6.53 655.835 658.9692 0.0 
1.0 191.6495 197.4638 49.6399 10.58 669.7183 666.9696 0.0 
4.0 182.4503 192.6759 48.0252 9.89 658.8649 657.716 0.0 
3.0 189.2831 188.3771 49.1562 6.64 657.912 655.0371 0.0 
1.0 192.357 194.505 49.7026 7.42 656.103 655.2558 0.0 
1.0 185.0786 193.8584 49.5845 7.56 658.0495 653.8263 0.0 
4.0 191.7816 190.1885 49.9989 7.79 657.5854 658.5233 0.0 
3.0 191.4097 193.2096 48.7412 7.5 658.0322 657.1462 0.0 
1.0 191.8477 184.7745 48.5843 6.95 651.953 652.1815 0.6437 
2.0 187.0812 193.5025 49.159 8.62 662.1973 655.3902 0.0 
4.0 189.7139 193.9523 49.4936 5.23 659.8661 657.8278 0.13 
3.0 191.3329 186.0517 48.9882 9.21 659.4834 654.3352 0.0 
1.0 183.7018 192.3965 50.2629 11.95 652.4327 648.4547 0.0 
4.0 183.0567 193.674 48.6258 7.63 657.7898 658.734 0.0 
3.0 187.1534 189.4008 49.6417 7.96 658.3036 655.7385 0.0 
1.0 191.344 195.9952 49.3563 10.16 657.346 656.6339 0.0 
2.0 194.2348 185.0752 50.6398 330.4 658.7132 654.5598 0.0 
4.0 193.1297 188.1021 49.193 9.74 655.8688 657.9991 0.0 
2.0 191.8003 197.2607 49.8976 162.35 657.74 657.915 0.0 
2.0 176.7179 188.661 48.3953 5.99 655.4355 660.549 0.0 
2.0 178.6361 188.5568 48.7356 12.41 662.0581 654.3597 0.0 
2.0 184.9698 194.8369 49.4968 10.13 657.9879 652.8425 0.0 
4.0 191.0187 194.2842 49.8218 8.75 655.8807 656.7812 0.0 
3.0 194.9214 182.2896 48.9129 4.96 655.4353 651.4951 0.0 
1.0 185.0223 193.2859 49.8727 8.17 649.829 646.0569 0.0 
4.0 187.1748 198.674 49.1703 4.02 654.5527 655.9652 0.0 
3.0 187.3475 194.2008 49.6318 6.57 653.9522 657.2032 0.0 
