1.0 174.3487 180.3185 48.8242 14.94 655.6744 658.5242 0.0 
2.0 178.378 183.7376 48.9974 14.92 657.6436 656.7709 116.0 
4.0 175.8499 180.5392 50.3789 40.78 655.374 656.701 0.0 
2.0 182.6722 183.6197 49.4131 8.96 659.6582 656.2039 0.0 
2.0 185.8689 185.0835 49.562 10.07 656.593 660.1979 0.0 
2.0 183.0246 182.7732 49.9468 10.89 657.3839 659.0976 0.0 
1.0 171.4462 172.5832 48.4028 24.59 662.0148 655.0839 0.0 
2.0 176.09 175.75 49.09 22.97 655.1 658.02 0.0 
4.0 163.9158 174.108 48.7051 14.79 658.2408 661.3791 0.0 
2.0 176.6452 183.3317 49.8104 16.99 658.3285 659.2825 68.0 
2.0 182.9006 182.3544 48.5355 101.69 657.7859 657.013 0.0 
2.0 176.9218 183.2121 51.0433 18.86 658.2074 656.885 0.0 
1.0 188.521 178.2029 49.0896 4.0 659.485 657.6742 0.0 
2.0 183.9195 174.5101 49.3017 12.9 654.3144 658.0373 0.0 
4.0 183.1519 173.1311 49.1353 11.63 658.5205 661.4004 0.0 
2.0 183.0417 193.0717 49.2554 3.99 659.4369 658.4195 0.0 
2.0 183.5619 189.5742 48.7584 9.61 660.7551 657.2056 0.0 
2.0 180.5121 188.8758 51.0434 139.71 655.5663 658.3649 0.0 
1.0 180.8329 176.072 46.362 10.83 660.9786 653.879 382.0 
2.0 167.3055 182.4998 47.3213 21.93 656.2859 660.5202 0.0 
4.0 173.7193 178.3361 48.1795 14.45 658.7886 662.0032 145.0 
2.0 183.5632 183.5869 49.5639 18.43 656.1207 660.2107 0.0 
2.0 188.635 175.9084 49.3828 21.82 661.8564 657.9165 0.0 
2.0 179.2393 185.0322 49.9203 9.48 656.3891 658.3885 78.0 
1.0 175.0077 182.0364 49.5592 7.07 662.6115 657.6545 0.0 
2.0 177.3384 182.588 50.8464 234.27 656.2531 659.957 0.0 
4.0 172.2268 179.6312 50.2448 7.38 657.6989 660.2176 0.0 
2.0 172.4403 170.0696 48.5629 7.28 659.9864 659.6991 0.0 
2.0 178.3889 164.6269 48.391 40.23 660.0876 659.9292 0.0 
2.0 173.2069 172.8317 49.0196 7.77 659.1127 657.8299 0.0 
1.0 186.1853 182.4852 48.2812 7.85 667.5111 665.9305 39.0 
2.0 154.5641 182.8095 49.2504 11.22 662.4515 653.9842 11.0 
4.0 178.2878 177.8795 48.9219 21.18 654.8624 662.9661 175.0 
2.0 188.4401 181.3848 50.0072 16.47 663.4551 661.0622 0.0 
2.0 186.5378 183.3414 50.0273 13.1 656.8595 663.289 0.0 
2.0 177.9954 189.1055 51.1546 19.24 658.3525 658.5206 0.0 
1.0 182.6689 180.4744 48.3866 16.91 655.14 658.8886 252.0 
2.0 180.6355 173.609 45.9617 350.78 660.4846 657.0521 0.0 
4.0 178.7991 177.5748 49.0433 13.14 663.0326 657.5382 294.0 
2.0 184.789 187.4838 49.3752 8.13 663.5018 657.2826 10.0 
2.0 179.7071 183.9248 49.5189 16.83 659.0144 661.4995 284.0 
2.0 181.2234 184.3418 49.9322 7.56 654.4589 658.9116 95.0 
1.0 180.2904 179.3575 49.384 12.34 659.5567 660.0044 0.0 
2.0 172.4441 163.9668 50.038 13.01 661.5508 661.8996 0.0 
4.0 178.1711 184.3676 48.9313 12.54 659.2903 663.2008 113.0 
2.0 179.545 179.4563 50.3545 16.68 664.6833 656.8809 0.0 
2.0 176.6035 179.4241 50.2311 18.85 659.6815 659.4328 0.0 
2.0 177.3413 182.1742 50.1529 11.68 657.7829 661.7937 0.0 
1.0 184.5855 181.5211 48.5221 27.06 660.8584 653.7761 10.0 
2.0 189.8766 191.4676 49.175 4.35 655.4841 658.5207 0.0 
4.0 181.93 167.3078 48.9951 6.64 657.1739 661.1111 0.0 
2.0 185.2216 188.1208 49.3367 12.5 657.2436 663.0416 0.0 
2.0 192.1894 190.7464 49.7181 20.61 658.289 657.0582 0.0 
2.0 178.2453 187.4248 51.206 24.91 657.7839 657.1852 0.0 
1.0 178.086 180.2378 48.3121 6.64 656.1608 660.6265 0.0 
2.0 177.24 176.53 48.8 14.2 657.42 654.87 0.0 
4.0 177.1048 181.1146 48.5362 10.51 658.5616 659.8852 0.0 
2.0 182.6816 182.0504 49.3444 7.08 658.9203 655.2875 72.0 
2.0 181.8297 183.8126 49.2915 12.13 657.4173 662.4654 0.0 
2.0 180.1184 181.5542 49.7699 10.49 653.9572 659.9626 0.0 
1.0 175.5796 173.7942 48.7733 19.62 664.8005 659.5761 0.0 
2.0 180.0808 178.0963 48.8071 11.68 659.1498 660.6443 0.0 
4.0 172.4905 171.796 48.3396 16.29 658.9217 663.3662 0.0 
2.0 176.917 178.2571 49.7006 12.43 659.8412 659.7211 0.0 
2.0 180.5587 183.6368 49.9017 10.78 660.2512 660.7041 0.0 
2.0 176.5849 180.6901 50.3075 10.8 662.169 660.4612 0.0 
1.0 181.104 181.2934 48.3798 25.8 662.3149 657.6637 17.0 
2.0 188.4187 197.6358 48.3561 12.31 657.4993 657.7021 0.0 
4.0 178.5029 179.7311 48.3226 12.56 657.017 662.7338 0.0 
2.0 184.4974 185.3027 49.3682 7.29 658.9486 662.2305 0.0 
2.0 192.9329 188.5693 49.6927 11.04 658.7194 659.2374 0.0 
2.0 182.0194 184.7215 49.8882 7.07 659.8591 658.2716 0.0 
1.0 171.8173 181.4574 48.7087 15.63 654.7206 657.4696 0.0 
2.0 173.4049 171.9991 48.6285 13.26 656.5231 657.5864 0.0 
4.0 175.8607 181.3027 48.518 7.15 658.5704 656.471 0.0 
2.0 183.6474 180.6946 49.7456 9.81 667.3473 654.5909 0.0 
2.0 177.9432 180.1599 50.7355 129.88 655.1041 657.6698 0.0 
2.0 184.7154 185.5973 50.1191 13.36 654.4445 661.4725 43.0 
1.0 174.7109 174.9376 48.4185 12.04 661.2028 657.0283 268.0 
2.0 176.1075 180.0944 48.7356 5.71 658.0593 659.4051 42.0 
4.0 171.6427 174.8398 48.7623 13.6 659.5736 663.8382 21.0 
2.0 178.4062 181.2665 49.8444 7.46 659.3718 660.3817 70.0 
2.0 181.5305 180.5198 49.7001 16.57 659.4081 659.9842 0.0 
2.0 174.7777 181.4789 50.6021 16.57 656.6969 659.3043 0.0 
1.0 184.9611 185.8734 49.7741 10.47 664.3625 656.3326 25.0 
2.0 176.43 183.7109 50.286 24.62 653.8994 663.7382 0.0 
4.0 181.3483 186.7369 50.1172 16.53 663.7439 666.3653 42.0 
2.0 179.4805 171.5288 48.4064 60.88 661.0706 662.0557 29.0 
2.0 175.9871 177.3983 47.8291 123.42 661.4973 662.4888 206.0 
2.0 173.6422 179.3405 49.435 13.44 654.8496 663.0142 0.0 
1.0 178.2234 175.6844 49.1497 17.76 661.9829 656.6816 0.0 
2.0 187.2968 165.8406 50.4501 6.73 657.2054 659.4408 0.0 
4.0 168.7691 176.7358 48.6274 10.05 658.4693 660.7175 0.0 
2.0 178.4823 181.7754 51.505 121.92 659.1333 659.1974 0.0 
2.0 163.3686 182.7471 50.3003 24.92 656.7674 658.1021 0.0 
2.0 179.2341 176.5875 49.4996 5.42 657.4125 658.6846 0.0 
1.0 176.2625 170.8851 50.0247 16.68 658.7364 658.9215 22.0 
2.0 166.7742 177.4996 49.1937 12.21 655.6541 662.6103 68.0 
4.0 173.0733 173.0315 48.3994 8.34 660.2438 658.581 0.0 
2.0 170.9159 173.6966 53.7673 117.59 660.0144 658.7668 0.0 
2.0 179.0759 182.5393 49.6046 16.68 661.4095 658.0951 0.0 
2.0 174.048 179.455 50.3928 4.7 651.4998 662.337 0.0 
1.0 177.2489 182.3407 48.7279 11.65 658.5083 659.1166 0.0 
2.0 177.83 177.81 48.94 16.37 659.04 658.16 316.0 
4.0 180.179 187.6864 48.4896 11.76 661.1281 661.339 0.0 
2.0 185.1782 182.3047 49.5145 42.81 664.7401 659.4995 139.0 
2.0 179.6229 183.7723 49.5981 9.07 657.6792 661.6989 0.0 
2.0 187.3031 183.8114 50.318 9.27 657.1717 658.6729 0.0 
1.0 175.3628 180.1163 49.923 3.97 658.5292 658.5813 23.0 
2.0 176.4932 183.4503 50.071 12.72 655.7173 658.694 0.0 
4.0 173.8044 181.7373 49.5536 11.25 659.4933 661.4505 0.0 
2.0 172.0962 173.2767 48.3212 5.14 656.6069 658.3505 0.0 
2.0 176.5439 176.1953 48.1762 17.26 657.3925 659.5121 37.0 
2.0 170.036 165.4368 48.8918 3.35 656.2423 658.022 0.0 
1.0 163.3942 178.2999 48.5786 14.88 659.3399 657.5955 0.0 
2.0 172.1386 175.1562 48.7856 9.12 655.5839 661.4428 0.0 
4.0 176.7145 176.1334 48.7462 10.48 661.8415 658.3901 0.0 
2.0 178.9852 180.9883 49.6198 8.6 660.4069 657.9248 0.0 
2.0 172.5018 177.6704 49.4981 16.45 660.6327 655.3718 0.0 
2.0 174.047 181.8047 51.1974 22.84 653.4648 660.1527 0.0 
1.0 177.0721 180.7313 49.5051 8.9 659.7023 655.2998 0.0 
2.0 185.5271 185.0597 49.2131 10.13 656.123 659.4869 0.0 
4.0 182.5264 187.9683 49.8097 7.78 659.1814 660.7686 180.0 
2.0 175.8904 178.1592 48.876 14.16 660.1049 659.373 133.0 
2.0 176.0968 182.3464 48.3195 11.01 658.3812 657.8638 0.0 
2.0 182.3261 158.5643 49.0873 6.83 656.6809 657.3025 0.0 
