2.0 187.6504 194.0125 49.6056 6.53 657.0019 657.1676 0.0 
4.0 186.061 183.8003 48.547 12.92 654.8942 661.0105 11.0 
3.0 186.6414 193.7044 49.7018 10.34 655.964 659.4111 0.0 
1.0 194.1731 185.5196 49.0832 85.4 664.7274 664.9131 0.0 
4.0 188.9538 195.1726 49.4148 9.17 660.1399 657.0194 0.0 
3.0 187.4772 173.3438 48.88 6.14 661.8335 652.853 0.0 
3.0 189.6068 183.6325 49.2667 5.39 658.6446 653.8175 0.0 
1.0 183.6135 192.4571 49.8952 3.58 655.07 653.03 0.0 
1.0 185.8421 195.1751 50.2352 69.2 659.5742 654.3711 0.0 
4.0 184.2836 193.425 49.6914 6.82 654.9352 655.4453 0.0 
3.0 191.7169 180.9767 49.1274 13.53 656.9614 656.0719 0.0 
1.0 186.8783 179.7465 48.9456 4.55 650.1513 650.5904 0.0 
4.0 192.8696 184.1871 49.3425 6.02 653.7403 656.7379 0.0 
3.0 191.5061 177.5614 49.6384 9.0 655.9163 651.4005 0.0 
2.0 186.9357 193.3624 49.9993 48.06 657.9087 652.4136 0.0 
3.0 189.0946 195.416 50.0217 22.79 653.915 654.6428 0.0 
1.0 191.276 201.9892 50.7017 50.93 664.1107 670.3608 0.0 
4.0 184.5443 177.5775 48.8778 6.73 650.9719 655.7689 0.0 
1.0 191.0605 184.8855 48.3208 14.42 656.8819 657.4101 0.0 
2.0 187.062 184.8661 48.7563 7.72 657.9807 656.8296 0.0 
4.0 192.821 197.8033 48.6546 6.84 657.9178 657.8797 0.0 
2.0 190.4396 196.8918 49.3129 7.03 658.2392 656.0725 21.0 
2.0 186.4493 194.9446 49.0626 9.16 657.6996 658.3439 0.0 
2.0 189.8167 197.1689 50.0056 8.61 656.0577 658.9051 19.0 
4.0 186.9297 194.2509 49.5547 1.29 656.4525 657.0318 109.0 
3.0 187.6556 192.6111 49.4725 7.54 660.6339 654.3956 0.0 
2.0 187.5366 181.1627 48.6606 9.56 661.2649 656.8216 0.0 
3.0 187.4261 187.5904 49.2795 147.61 656.874 661.3886 0.0 
1.0 191.628 188.4489 49.2111 7.75 669.0171 670.3797 107.0 
4.0 186.9306 193.5557 49.476 5.3 651.3193 659.3826 0.0 
3.0 186.768 197.4341 49.5183 6.67 653.315 655.5365 20.0 
1.0 197.6094 182.8037 48.1629 19.23 655.8332 659.8843 74.0 
1.0 193.0767 195.1921 48.7663 5.83 653.9101 651.348 0.0 
4.0 194.3569 184.6578 48.7594 4.85 661.7981 653.5173 0.0 
3.0 185.5672 195.224 49.4007 5.51 657.9352 650.3702 0.0 
1.0 190.7492 191.9836 49.587 10.46 649.3008 644.3905 0.0 
2.0 191.0949 194.0596 48.2685 13.2 658.347 658.7526 0.0 
4.0 184.4876 194.2641 49.3702 19.7 653.7993 659.4943 0.0 
3.0 182.6238 185.4392 48.632 8.12 656.4399 655.895 0.0 
1.0 190.0304 194.0214 49.1518 16.49 652.2883 652.1139 0.0 
4.0 189.5859 183.4909 48.7884 9.54 661.6428 656.0971 48.0 
3.0 187.3158 187.6925 49.9628 10.49 659.2548 654.3695 79.0 
3.0 195.0856 191.5231 51.2646 12.06 655.2206 655.5318 0.0 
1.0 187.4577 187.155 48.895 10.66 654.9173 652.295 0.0 
1.0 192.2081 187.9636 49.4836 4.25 653.9233 653.8883 0.0 
4.0 190.9732 195.8478 49.494 7.92 659.3403 654.0814 0.0 
3.0 194.2606 191.1848 50.9019 20.55 654.3001 654.8288 0.0 
1.0 190.5004 192.7511 51.1409 30.31 653.7756 647.583 0.0 
1.0 186.9521 186.8341 48.7526 8.69 656.6337 657.0804 0.0 
2.0 184.8584 180.8155 48.5766 9.06 654.4143 660.4705 0.0 
4.0 186.9345 181.4055 48.6044 4.07 659.7138 655.831 0.0 
2.0 191.598 194.3024 49.2668 9.44 663.4681 659.0933 0.0 
2.0 186.0879 192.8163 49.0505 4.59 656.845 655.9244 0.0 
2.0 176.3531 198.3353 50.0717 4.48 650.0264 659.4976 0.0 
4.0 187.2348 195.1331 49.7646 12.54 661.1382 658.2399 0.0 
3.0 183.6987 194.6256 50.4471 3.54 658.07 659.95 0.0 
2.0 181.9182 182.4915 48.6091 10.33 651.6541 658.5217 0.0 
3.0 180.689 185.8161 49.0855 5.73 654.0573 657.7141 0.0 
1.0 193.0106 185.8247 49.1516 12.94 671.6943 666.9568 0.0 
4.0 185.3112 195.6644 49.5189 7.61 656.3998 660.0212 0.0 
4.0 186.9831 194.1799 49.6939 8.39 655.0668 657.2061 0.0 
3.0 186.8579 194.1412 50.271 4.8 658.7916 653.7587 0.0 
2.0 190.7868 185.972 48.8472 7.54 659.3329 656.1848 0.0 
3.0 188.7118 187.9163 48.635 9.47 658.1057 657.177 0.0 
1.0 197.0478 192.9634 49.6056 8.16 668.0944 674.8672 0.0 
4.0 187.6596 195.1413 49.7461 4.31 653.2348 659.4914 0.0 
4.0 191.7235 189.2221 49.0308 6.64 656.6381 660.1804 0.0 
3.0 188.5763 183.7708 50.359 336.99 659.2342 653.6606 0.0 
2.0 187.3743 191.8753 49.9704 18.19 659.4092 655.3675 0.0 
3.0 185.4668 195.4788 49.6338 7.75 657.5494 658.4766 0.0 
1.0 189.8608 198.6607 50.6249 27.82 665.235 667.4524 0.0 
4.0 187.5465 185.9643 48.3883 4.43 652.802 661.1566 0.0 
3.0 188.1056 195.7069 49.2451 6.77 656.6568 657.6545 0.0 
1.0 185.85 184.0184 48.2877 15.04 659.9537 654.6657 0.0 
1.0 185.4612 181.839 48.65 5.61 655.6455 658.3543 0.0 
4.0 189.009 187.2516 48.6366 8.23 662.7826 657.802 0.0 
3.0 188.1625 193.2195 49.3059 8.3 655.4143 660.1813 0.0 
1.0 183.2202 192.3602 49.1175 3.55 654.6096 648.1089 0.0 
3.0 189.9646 181.5823 49.1901 7.35 655.9377 651.6558 0.0 
1.0 194.7825 196.1772 50.0807 10.74 654.4457 656.0208 0.0 
1.0 186.9782 194.803 49.9346 9.33 656.1254 649.2629 0.0 
4.0 181.9859 193.046 49.2743 6.49 652.6155 655.8547 0.0 
3.0 193.1774 196.2573 48.7671 21.57 656.0843 657.3287 0.0 
1.0 193.8359 179.5495 48.7908 7.51 647.8375 647.298 0.0 
3.0 186.6203 196.9821 49.6754 15.86 656.9087 658.0625 0.0 
1.0 188.8009 186.629 48.8165 7.37 658.3129 653.8191 0.0 
1.0 190.6048 187.7181 49.0879 8.7 655.1474 660.0731 0.0 
4.0 191.1858 185.0674 48.9389 8.99 658.7184 656.3537 0.0 
3.0 188.5423 192.9898 49.3304 15.33 656.0077 659.6179 0.0 
1.0 186.672 194.4648 49.339 6.59 656.774 649.0458 0.0 
3.0 191.2966 187.8318 49.32 5.56 652.6677 653.9241 0.0 
1.0 183.3506 192.6038 50.0574 12.4 655.5395 649.5049 0.0 
1.0 185.2605 194.94 50.0748 5.09 650.9294 656.3316 0.0 
4.0 185.6939 194.0605 50.1986 6.53 654.0664 653.4801 0.0 
3.0 192.8574 183.9082 49.1247 6.69 651.7455 656.5869 0.0 
1.0 195.3613 184.7427 48.9066 10.82 653.4162 649.9918 0.0 
4.0 190.4963 190.4891 51.3619 11.35 653.9496 655.8207 0.0 
3.0 188.8627 192.9432 51.3431 12.46 655.754 654.4712 0.0 
2.0 193.6921 189.1025 49.3587 6.59 651.5242 656.261 0.0 
3.0 188.6893 195.1673 49.1353 4.0 656.6993 650.0291 0.0 
1.0 194.1645 190.892 50.129 4.69 668.8217 671.9375 0.0 
4.0 191.7404 192.3891 50.8257 11.45 655.8421 654.4044 0.0 
2.0 190.0391 185.6055 49.3056 13.55 660.057 656.847 0.0 
4.0 186.2339 194.7171 49.68 21.61 658.04 656.04 0.0 
3.0 194.6916 198.2388 48.5777 8.46 656.747 661.8503 0.0 
1.0 181.3748 193.2672 49.3679 5.92 646.9331 652.5212 0.0 
4.0 193.6066 184.0316 48.6569 17.05 656.8449 660.3213 0.0 
3.0 193.3111 190.9128 52.207 139.28 660.1224 655.4097 0.0 
4.0 186.9273 187.6968 49.1363 3.94 653.4868 656.1723 0.0 
3.0 193.3138 189.667 49.1344 11.34 656.8316 656.7239 53.0 
2.0 185.9055 193.5158 50.455 13.76 654.1677 657.1176 0.0 
3.0 187.8864 195.1533 49.6203 6.99 656.7548 654.6428 0.0 
1.0 194.2954 197.7342 50.2915 13.64 666.9703 667.3237 0.0 
4.0 195.1251 188.4003 48.9552 5.53 654.7239 655.2497 0.0 
