2.0 184.1602 194.5351 49.3172 13.53 654.5407 660.4332 0.0 
4.0 189.8469 180.71 48.2344 10.3 656.074 660.3305 0.0 
3.0 189.8652 194.6957 49.5305 13.2 657.4539 658.021 0.0 
1.0 195.0488 182.362 48.7034 5.14 663.4958 668.6681 0.0 
4.0 184.0517 196.637 49.4864 8.47 659.0933 654.5387 0.0 
3.0 191.1025 193.5885 48.9849 9.17 659.3257 656.59 0.0 
1.0 183.3268 195.6965 49.6427 11.63 659.9985 655.4832 0.0 
2.0 192.4 195.13 49.65 4.09 655.62 655.72 0.0 
4.0 187.8001 194.1268 49.1885 4.23 660.4464 654.1806 26.0 
2.0 194.551 176.1876 48.5027 4.81 658.0128 657.2899 0.0 
2.0 195.4957 194.586 48.783 8.27 657.6792 659.2929 0.0 
2.0 181.4007 188.044 49.1713 6.56 658.3344 657.2953 0.0 
4.0 188.1314 196.6562 49.9995 12.3 660.7822 656.6502 0.0 
3.0 185.9484 194.1606 50.6356 7.41 663.1196 658.3955 0.0 
2.0 186.2612 178.0735 48.6952 22.03 657.327 661.6611 235.0 
3.0 190.3028 185.4261 49.3868 12.32 657.7803 659.307 0.0 
1.0 189.7547 191.5153 50.1234 18.24 666.3293 674.1177 0.0 
4.0 185.935 196.9544 48.981 8.62 661.7184 654.2015 0.0 
3.0 190.8726 193.8805 51.0933 17.74 654.6092 654.1131 0.0 
1.0 190.0423 176.9861 48.8608 6.24 657.9406 653.5001 0.0 
1.0 188.9709 181.5924 49.0213 12.92 652.8531 655.5277 0.0 
4.0 188.0829 188.7776 49.0636 10.37 654.9186 656.0331 0.0 
3.0 186.6606 194.192 51.0119 38.75 652.4648 659.2083 0.0 
1.0 183.088 193.6632 50.1531 22.58 654.349 647.4171 0.0 
4.0 187.1768 194.3103 49.562 15.96 659.5855 654.6577 0.0 
3.0 192.0544 194.3986 49.8513 20.43 657.9934 656.6562 0.0 
2.0 187.2178 184.252 49.1079 10.52 659.3317 653.7963 0.0 
3.0 192.3197 189.9482 49.4464 5.53 662.6343 659.6595 0.0 
1.0 197.3 198.1406 50.3812 11.27 668.3551 667.8602 0.0 
4.0 189.1182 193.6753 49.295 12.13 656.7102 656.4431 0.0 
3.0 186.3065 184.2195 49.2647 7.2 661.0663 656.3067 0.0 
1.0 186.811 193.7025 49.5381 8.59 658.5384 657.9176 0.0 
1.0 187.368 192.2596 49.4385 10.18 658.882 654.0545 0.0 
4.0 186.3124 193.3184 48.837 10.4 661.0288 657.5609 0.0 
3.0 182.9312 182.4175 48.6001 7.33 657.7607 657.7455 36.0 
1.0 184.1137 183.2992 47.9738 10.82 649.2814 652.3763 0.0 
1.0 186.8419 193.232 49.7584 7.69 655.7231 651.9204 0.0 
2.0 192.7978 196.6768 48.3303 29.02 655.2004 654.0893 0.0 
4.0 184.5402 193.6591 49.7332 6.06 655.5783 653.2098 0.0 
2.0 201.3301 181.7903 48.8438 10.21 655.3384 655.7706 0.0 
2.0 200.478 185.8586 49.3572 6.09 653.5927 655.3211 0.0 
2.0 180.4462 190.5662 49.3217 9.41 656.8129 656.1277 108.0 
4.0 183.3956 195.0181 49.5909 5.8 661.7588 655.259 92.0 
3.0 188.8918 194.2398 49.373 9.57 659.5035 657.0421 0.0 
2.0 186.4344 184.078 48.7367 4.64 661.9138 656.7021 53.0 
3.0 186.8375 186.0865 48.6112 11.06 663.4905 660.2324 0.0 
1.0 191.912 188.0358 49.5566 9.41 667.8969 667.0241 0.0 
4.0 186.7899 195.182 48.7389 8.21 658.9136 659.9321 0.0 
3.0 186.3152 184.0199 48.6668 6.64 659.5019 657.5552 89.0 
1.0 192.0236 195.658 49.2291 21.62 656.2539 654.2412 0.0 
1.0 187.0776 192.8659 49.446 9.46 659.8738 654.641 0.0 
4.0 182.7132 192.3791 49.0965 6.18 658.916 656.1643 119.0 
3.0 193.7957 190.7874 49.0015 7.2 657.4846 656.1473 0.0 
1.0 189.2163 182.9038 48.6041 16.04 653.1721 651.2923 357.0 
3.0 181.2426 191.1723 49.5972 11.42 657.2031 652.746 0.0 
1.0 178.7585 176.8609 47.8269 50.32 656.27 651.22 0.0 
1.0 177.5306 177.8479 48.5851 17.05 659.3035 655.2934 0.0 
4.0 183.1423 176.1015 48.7141 7.69 655.9315 654.3899 0.0 
3.0 185.3346 191.8677 49.4983 7.3 652.4989 654.8689 0.0 
1.0 186.6108 191.1398 48.9456 13.05 652.0332 646.0209 0.0 
3.0 186.6588 181.2162 48.7224 7.15 655.6227 659.0787 0.0 
1.0 185.9066 194.8249 49.9315 7.31 656.4734 658.6045 0.0 
1.0 198.1489 194.2542 49.3102 9.13 657.5878 655.4125 0.0 
4.0 184.7986 194.1972 49.1469 9.08 655.5519 659.6422 0.0 
3.0 187.2711 183.4191 48.4744 6.35 660.2899 657.8452 0.0 
1.0 189.6005 199.7489 48.1322 7.11 649.2622 648.5708 0.0 
1.0 185.4401 175.3948 48.6596 7.35 656.2967 656.9127 0.0 
2.0 182.9602 185.5494 48.278 73.34 659.505 656.248 0.0 
4.0 186.4245 190.3563 48.8664 31.22 655.1953 657.6395 0.0 
2.0 187.2838 193.3316 48.9496 10.07 654.4949 658.0529 0.0 
2.0 181.9107 191.7135 49.7071 9.59 656.9615 658.441 0.0 
2.0 185.1759 196.3936 50.1149 6.09 657.5782 655.1526 0.0 
3.0 187.0081 195.1569 49.7192 11.2 652.0254 652.8673 0.0 
1.0 191.0069 186.0954 49.0727 6.48 653.8926 657.1863 0.0 
1.0 191.8384 198.9187 49.0916 6.07 653.1713 654.4675 0.0 
4.0 192.8951 186.8626 48.6699 8.1 653.4653 660.1437 0.0 
3.0 187.6212 192.0916 49.8063 11.38 655.9864 651.2894 176.0 
1.0 188.9569 193.9261 49.4824 12.82 649.9848 647.8762 0.0 
3.0 193.4313 196.9834 49.3915 12.38 658.034 656.219 0.0 
1.0 188.5555 183.7228 48.6587 3.88 658.5284 656.9393 13.0 
1.0 189.076 184.6956 48.5966 7.08 654.8924 655.2073 0.0 
4.0 192.4302 193.0362 48.5478 7.31 657.123 657.9653 0.0 
3.0 185.115 194.2206 49.3032 6.19 655.9001 660.8371 0.0 
1.0 185.9388 192.6965 48.7354 7.17 652.2177 646.7649 0.0 
4.0 184.58 195.3274 50.2031 9.59 655.0331 656.9741 0.0 
3.0 184.8642 196.5857 50.7683 6.63 655.3805 660.4051 0.0 
2.0 183.254 187.9865 49.0776 14.73 656.7204 653.3701 0.0 
3.0 187.1754 180.9692 49.1784 8.14 654.6664 660.0002 156.0 
1.0 199.5262 191.4064 50.3676 7.4 669.4414 665.2773 0.0 
4.0 190.4916 194.8711 49.7927 29.79 658.1608 652.3964 0.0 
2.0 186.2501 194.5747 49.6662 12.82 660.0536 654.08 0.0 
4.0 196.4293 203.4639 48.8311 11.66 656.9846 655.2356 0.0 
3.0 187.0915 193.8833 49.5271 3.99 659.1201 655.4504 0.0 
1.0 184.4194 183.9469 48.0604 2.33 650.9132 649.2804 0.0 
4.0 198.1249 197.8425 49.8374 18.77 655.9903 657.0725 0.0 
3.0 186.9792 179.5049 48.7218 6.98 658.0656 657.9439 0.0 
3.0 181.2549 181.696 48.4907 12.15 659.7926 655.0455 0.0 
1.0 185.9857 193.7606 49.2013 7.56 657.9236 656.001 0.0 
1.0 185.7057 193.2577 49.52 7.96 661.5737 657.021 0.0 
4.0 183.4999 192.3393 49.2336 3.86 661.103 659.5881 0.0 
3.0 185.7324 179.831 48.3133 2.69 656.9128 654.3545 0.0 
1.0 186.1211 181.7311 48.3301 4.65 654.5967 651.4571 14.0 
4.0 188.0173 186.7568 49.0141 11.71 663.2421 659.555 0.0 
3.0 190.2053 195.3927 48.1477 8.38 660.6 660.45 51.0 
2.0 182.7951 194.192 49.4638 5.72 661.108 653.4086 0.0 
3.0 185.9635 197.3675 49.0633 15.83 661.1397 659.6672 0.0 
1.0 197.0219 200.6235 50.2397 8.3 667.8177 667.815 0.0 
4.0 186.1067 182.6939 49.0496 3.59 657.67 659.2689 0.0 
3.0 193.2081 190.7256 49.146 10.06 659.4167 658.0351 0.0 
1.0 185.1267 199.3796 50.6416 16.81 660.9009 654.8732 0.0 
1.0 187.1446 194.5375 48.994 8.09 656.1937 657.6993 0.0 
0.0 -25.7451 13.6902 5.5444 0.0 0.0 0.0 0.0 
0.0 -29.4209 1.7214 16.1321 0.0 0.0 0.0 0.0 
0.0 -20.5495 7.3788 12.1373 0.0 0.0 0.0 0.0 
3.0 183.5807 190.5466 49.8737 8.47 658.3743 659.3903 0.0 
1.0 181.8828 182.931 48.679 10.7 658.0408 661.3024 0.0 
1.0 184.6383 181.6211 48.4084 8.32 659.7996 657.2592 0.0 
4.0 176.3388 179.8054 48.179 8.68 657.1455 659.452 0.0 
3.0 187.806 189.2227 49.6639 9.62 656.3399 656.5956 0.0 
1.0 186.2459 191.9513 48.9785 3.61 655.4561 652.6911 0.0 
3.0 195.2504 199.4144 48.8007 10.08 657.2212 656.8274 52.0 
1.0 186.7014 193.5174 49.1018 8.99 661.294 654.5657 115.0 
1.0 185.6699 194.5909 49.4181 9.35 656.2064 665.1964 60.0 
4.0 197.082 196.6264 49.5005 8.64 658.7908 656.8733 98.0 
3.0 186.1144 183.3753 48.6054 12.5 655.5792 659.5995 108.0 
1.0 186.1448 181.3333 48.3668 8.63 653.7273 650.0191 189.0 
