4.0 206.3197 189.3304 53.4111 189.31 657.5062 657.4004 0.0 
3.0 190.0374 199.1979 51.1243 6.27 659.5751 655.215 0.0 
2.0 183.0427 199.4463 48.7812 7.26 652.0824 653.8462 0.0981 
3.0 192.4155 189.6072 49.1655 14.38 652.6031 651.8753 0.0 
1.0 198.6121 194.3763 49.5907 7.59 665.3237 667.7874 0.2865 
4.0 198.8728 198.2198 46.5196 77.42 656.3696 651.6924 0.0 
3.0 205.6777 198.9607 48.3614 7.29 656.8527 658.5514 0.0848 
1.0 191.8821 203.064 49.0124 8.74 658.4821 655.4557 0.0 
1.0 192.0224 203.5086 50.2471 10.97 656.4565 656.1982 0.0 
4.0 205.26 196.3491 49.7926 7.64 654.4555 656.9888 0.0 
3.0 199.0633 189.6384 48.4457 9.07 658.3406 658.6547 0.0 
1.0 196.9942 188.5368 48.3876 23.12 654.5724 649.2917 0.0 
3.0 189.5803 204.0133 49.3192 8.73 655.5282 654.2879 0.0 
1.0 196.845 191.6645 48.5009 11.51 660.6839 659.7169 0.0 
1.0 200.0824 188.4319 48.554 5.93 659.7824 656.8216 0.0 
4.0 186.292 198.2796 48.4971 7.57 659.443 658.6616 0.0 
3.0 190.7305 201.3026 49.5775 5.32 657.4698 656.8165 0.3299 
1.0 188.5632 203.9592 48.5071 3.99 654.2218 651.4833 0.0 
4.0 181.1918 194.8612 50.0644 29.83 653.9682 655.0587 0.0 
3.0 185.3633 185.4833 48.4921 9.93 651.9601 651.6282 0.0 
2.0 182.0076 188.2894 48.64 11.7 657.3182 657.573 0.0 
3.0 177.4584 184.8755 48.7048 7.93 654.4205 656.5944 0.0 
1.0 182.2682 194.4422 49.4845 11.12 666.5423 669.3271 0.0 
4.0 186.8421 195.4122 49.5569 2.31 663.0453 660.2447 0.0 
1.0 187.7117 187.2549 49.9397 5.09 650.8348 654.593 0.0618 
2.0 198.1234 179.4202 50.4433 18.46 654.6099 654.1694 0.0 
4.0 194.1161 186.7582 49.9155 10.03 654.0253 652.9392 0.0 
2.0 178.5465 198.4492 49.6269 8.04 652.1858 655.2172 0.0 
2.0 182.1278 190.526 49.0968 13.05 655.096 654.8168 0.0 
2.0 175.3849 191.2824 49.0136 14.08 654.5273 652.3377 0.0 
3.0 191.6016 179.9782 48.692 13.09 654.5288 651.907 0.0 
1.0 182.4966 197.9266 50.4634 12.49 658.801 657.9554 0.0 
1.0 175.834 193.7038 49.1188 10.87 653.1223 650.1633 0.0 
4.0 189.594 180.1279 50.4258 7.96 654.2241 648.8176 0.0 
3.0 192.9106 180.9655 48.5923 12.98 655.3201 659.7727 0.0 
1.0 191.087 176.9977 48.19 10.62 648.54 648.4668 0.0 
2.0 170.9202 188.5102 48.1011 8.54 653.7073 654.5029 0.0 
4.0 189.3211 191.497 49.0963 7.38 654.2644 654.6711 0.0 
3.0 184.4689 167.0077 48.5026 10.39 652.9542 656.111 0.0 
1.0 191.7542 201.5754 49.4163 5.18 664.6974 667.0159 0.0 
4.0 172.2646 186.3092 47.905 10.32 654.0055 653.0269 0.0 
3.0 183.4739 196.2451 49.4484 12.18 655.442 651.8285 0.0 
4.0 173.4065 190.1839 49.5845 7.38 658.4011 653.272 0.0 
3.0 181.1716 178.7434 49.0311 19.11 653.95 652.74 0.0 
2.0 184.315 185.4119 49.5467 19.9 657.3986 653.7094 0.0 
3.0 179.9271 191.9586 50.1359 42.5 657.056 654.7055 0.0 
1.0 183.6695 196.7225 50.0995 6.74 666.2789 670.9716 0.0 
4.0 171.3343 190.7993 48.8703 9.08 658.9792 661.0177 0.0 
3.0 196.7034 182.1101 48.6409 22.68 663.0352 657.3134 0.0726 
1.0 178.3548 193.5743 50.6765 3.52 653.1205 650.6742 0.0 
1.0 183.4294 196.1992 49.2912 29.86 662.8933 656.8167 0.0 
4.0 191.8663 183.4916 50.1316 36.79 655.9759 651.5367 0.4692 
3.0 194.9741 179.352 48.3821 20.51 656.0552 655.122 0.0 
1.0 194.2563 178.2629 48.1322 21.08 653.2159 651.2455 0.0 
1.0 199.0022 200.6673 50.3976 9.19 654.063 656.0348 0.0 
2.0 203.6918 198.1049 50.0645 3.73 655.9249 656.8096 0.0 
4.0 200.8413 199.7752 51.0245 38.04 653.9841 651.164 0.0 
0.0 -26.7153 13.2085 5.3065 0.0 0.0 0.0 0.0 
0.0 -25.8425 1.6162 13.296 0.0 0.0 0.0 0.0 
0.0 -29.6169 9.9042 11.6158 0.0 0.0 0.0 0.0 
4.0 156.9222 186.7107 48.8239 9.5 653.2514 656.9442 0.0 
3.0 186.9711 172.0695 48.7149 10.35 659.5737 657.9465 0.0 
2.0 188.1376 196.8665 50.1984 43.15 654.5937 660.1675 0.0 
0.0 -25.6704 14.0934 3.7858 0.0 0.0 0.0 0.0 
0.0 -26.0792 3.9272 15.6027 0.0 0.0 0.0 0.0 
0.0 -24.6919 14.0883 11.0604 0.0 0.0 0.0 0.0 
2.0 188.6167 190.2678 49.8789 9.65 657.4978 656.9015 0.0 
4.0 170.9896 188.1181 48.3257 7.94 653.8268 653.8046 0.0 
3.0 177.5572 188.4132 49.847 7.51 655.0929 656.5907 0.0 
1.0 181.5299 187.3425 48.8186 13.29 650.2939 651.3063 0.0 
4.0 185.6914 191.0749 50.4996 33.05 654.9892 655.3323 0.0 
3.0 186.514 181.7131 51.4775 365.1 661.2524 657.394 0.0 
3.0 166.925 183.1486 55.6137 290.03 657.968 653.0186 0.0 
1.0 169.7935 163.441 48.3574 16.95 655.4306 655.861 0.0 
1.0 171.3878 165.8109 48.6458 12.55 657.5821 653.7508 0.0 
4.0 162.5383 169.587 47.7613 71.87 659.3608 655.5334 0.0 
3.0 169.9852 180.9664 50.6213 11.13 654.5529 656.8439 0.0 
1.0 168.2828 183.9293 48.4167 64.65 651.2843 654.7198 0.0 
3.0 185.3726 199.9631 49.4864 6.84 656.7017 657.7242 0.0 
1.0 191.0246 168.8979 48.526 17.16 661.3601 661.2172 0.0 
1.0 187.1708 174.1449 48.559 7.81 655.8959 656.0512 0.0 
4.0 177.5883 187.6422 48.4713 15.79 659.1826 656.2993 0.0 
3.0 181.9399 201.5643 49.4567 4.9 656.6314 659.1317 0.0 
1.0 184.3464 196.8447 48.478 10.94 653.1928 651.4196 0.0 
1.0 195.6602 189.9786 48.7685 4.35 656.2073 655.6463 0.0 
2.0 189.3926 196.5864 48.8291 6.44 659.4432 657.2309 0.0 
4.0 187.8674 200.7318 48.6684 14.82 654.9341 659.2211 0.0 
2.0 199.0681 197.9794 49.9421 3.61 658.7378 659.2714 0.0745 
2.0 203.3112 191.7308 49.6317 9.57 658.037 655.1104 0.0 
2.0 202.445 193.8013 49.3181 9.08 659.2184 657.6828 0.0853 
4.0 194.9818 186.5271 49.7346 1.98 658.6252 652.5804 0.0 
3.0 181.1126 198.2623 48.9921 43.83 654.97 651.72 0.0 
2.0 171.8163 199.8053 48.4242 8.33 661.0178 655.6443 0.0 
3.0 197.966 186.3247 49.2112 11.85 658.0325 658.9964 0.0 
1.0 200.7516 185.8056 49.5455 10.0 665.5194 663.6523 0.0 
4.0 194.5591 187.2913 49.2629 8.4 657.8459 656.6896 0.0 
0.0 -13.0134 -0.5717 19.875 0.0 0.0 0.0 0.0 
4.0 166.7972 185.6172 47.77 14.78 655.3392 655.7488 0.0 
3.0 191.0971 193.8663 49.9754 7.92 659.4632 658.0303 0.0 
1.0 187.1218 185.8496 48.4827 10.62 649.5507 647.3102 0.0 
4.0 192.2615 193.9483 49.2526 7.29 656.3459 657.6901 0.0 
3.0 186.4338 175.8586 48.6599 12.72 660.2587 659.2563 0.0 
3.0 191.3269 192.3863 50.5811 23.26 655.0092 659.4 0.0 
1.0 185.8371 188.9698 48.6184 13.45 659.6754 656.5488 0.0 
1.0 177.9065 187.4132 48.3956 7.73 652.9131 654.5268 0.0 
0.0 -26.7153 13.2085 5.3065 0.0 0.0 0.0 0.0 
0.0 -25.8425 1.6162 13.296 0.0 0.0 0.0 0.0 
0.0 -29.6169 9.9042 11.6158 0.0 0.0 0.0 0.0 
3.0 204.443 195.7015 50.8819 32.66 657.1258 652.7475 0.0 
1.0 180.927 201.6013 48.9821 16.16 656.667 655.0445 0.2475 
1.0 192.0224 193.0618 49.0277 16.19 656.987 651.7144 0.0 
4.0 190.7605 193.058 49.559 121.65 653.8446 652.762 0.0 
3.0 200.6232 183.6297 51.0047 22.04 656.204 654.7016 0.0 
1.0 199.0612 194.2713 49.8295 22.07 652.1055 650.3115 0.0 
3.0 189.0201 183.7877 51.2005 11.11 655.5087 656.4188 0.438 
1.0 169.4912 182.9494 48.9273 17.87 659.9738 660.047 0.4251 
1.0 165.4599 186.5234 49.098 6.52 657.3583 658.2642 0.0 
4.0 182.6396 177.3905 50.803 179.06 656.4689 660.282 0.0 
3.0 192.1631 176.341 50.664 34.94 659.7774 656.9523 0.0 
1.0 189.2381 176.4199 49.9454 7.83 652.4475 649.2725 0.0 
2.0 185.9296 185.5663 49.6954 6.77 653.51 653.6839 0.0 
4.0 179.1183 194.4327 49.7217 34.9 653.138 649.4319 0.8668 
3.0 177.881 177.1262 50.1203 5.6 653.7597 657.3525 0.0 
0.0 -16.6557 14.1469 5.1157 0.0 0.0 0.0 0.0 
0.0 -28.7715 3.4362 13.4434 0.0 0.0 0.0 0.0 
0.0 -19.9318 8.4924 11.1345 0.0 0.0 0.0 0.0 
1.0 197.5741 196.6419 52.2101 18.17 658.2401 654.3695 0.0 
2.0 196.7708 199.02 51.6816 28.45 658.9534 653.769 0.0 
4.0 197.4633 195.8776 50.2344 44.43 661.5798 658.7105 0.0 
2.0 190.1696 194.1546 50.0001 9.43 660.3096 659.8915 0.0 
2.0 206.9723 196.2295 48.4531 13.62 658.3646 658.4928 0.0 
2.0 185.1026 198.1163 48.683 19.7 657.4282 658.56 0.0 
1.0 186.9117 195.3555 48.2764 8.15 659.1182 654.7133 0.0 
2.0 195.1333 191.6861 49.0452 15.26 660.758 659.2099 0.0 
4.0 196.9204 194.3652 48.9488 9.17 657.8685 651.0044 0.626 
2.0 188.5271 201.1807 50.5414 11.46 659.9614 655.2643 0.7437 
2.0 202.1654 197.1642 54.9505 239.21 658.1759 659.3648 0.0 
2.0 196.0922 201.6952 47.1849 230.71 655.736 653.9285 0.0 
2.0 184.0264 188.3919 51.4609 14.0 652.6027 653.9893 0.0835 
4.0 186.248 190.3891 49.0456 9.06 657.0838 658.3907 0.0768 
3.0 187.716 187.3056 51.7514 7.15 653.2841 655.101 0.0 
1.0 186.5552 191.6087 49.4631 32.31 664.0566 671.9726 0.0 
4.0 182.0352 194.9716 51.5829 17.94 660.1206 654.151 0.3981 
3.0 185.0262 179.959 49.6845 11.17 660.3405 652.0041 0.0 
4.0 170.064 193.9461 48.894 6.41 658.9563 659.818 0.0 
3.0 188.2097 173.3736 48.3686 11.03 656.87 660.3 0.0 
2.0 191.8798 191.4803 49.2278 6.65 659.2533 654.9626 0.0 
3.0 187.5811 200.7517 49.3 21.64 659.8377 658.1185 0.0 
1.0 189.9795 203.221 50.1062 8.49 669.5242 668.0912 0.0 
4.0 165.7325 192.2025 48.2559 7.77 659.4873 657.5103 0.0 
1.0 190.7578 206.0655 49.5218 9.3 660.7724 661.4682 0.0 
2.0 206.4078 195.2696 51.4339 268.8 655.7471 655.0224 0.0 
4.0 208.1253 192.2948 49.327 18.3 659.1122 656.9371 0.0 
2.0 181.055 202.1565 48.8586 5.57 654.7335 654.6724 0.0 
2.0 183.7768 196.6684 48.36 11.69 657.2956 656.6144 0.2037 
2.0 185.4785 201.0736 48.9026 13.98 660.9935 658.4824 0.0 
1.0 188.5508 201.1875 49.8379 6.99 656.3455 657.098 0.0 
2.0 201.996 192.7808 50.3085 12.98 658.5623 657.311 0.0 
4.0 201.1156 192.2652 49.6678 8.02 657.1471 656.4284 0.0 
2.0 179.9165 198.4475 48.7276 10.73 655.7266 653.5896 0.0 
2.0 186.2562 193.8576 48.3633 16.31 660.2345 656.3042 0.0 
2.0 188.4293 195.6477 48.5676 6.16 658.8552 654.6652 0.0 
3.0 180.995 184.8213 48.3933 6.69 658.1942 653.8306 0.0 
1.0 186.5554 194.0774 49.6445 29.59 661.9841 657.8465 0.0 
1.0 181.2175 200.2874 51.2103 44.9 656.4668 656.1003 0.0 
4.0 196.8704 190.7914 50.1252 9.51 660.2235 655.1047 0.0 
3.0 173.0512 177.4392 48.2909 11.06 654.9102 656.9135 0.0 
1.0 183.6026 165.0084 48.037 8.05 651.5846 655.0517 0.2482 
3.0 185.3835 198.8342 49.6079 5.86 654.8457 651.8118 0.0 
1.0 199.4431 199.1166 47.7606 14.41 657.8097 652.5267 0.0 
1.0 194.372 190.8455 48.2964 11.31 656.5364 658.5955 0.0 
4.0 184.8477 193.9607 48.4491 5.15 657.1624 655.7758 0.0 
3.0 197.589 202.447 49.1013 8.19 654.1558 656.3305 0.0 
1.0 186.9752 201.3624 48.6731 5.59 652.4115 651.1649 0.0 
1.0 198.5027 184.7269 47.7323 10.16 656.0243 653.5823 0.0 
2.0 205.985 190.6677 48.5858 4.8 657.6323 657.2122 0.0 
4.0 190.4144 197.0082 48.516 6.96 655.4079 653.7107 0.0 
2.0 199.3987 200.167 50.1391 10.69 659.2027 657.6285 0.0 
2.0 183.3688 200.6601 49.8129 19.54 658.1027 658.5219 0.0 
2.0 240.1454 228.675 88.0524 563962.94 656.2854 654.8579 0.0 
2.0 195.5996 196.1094 49.6309 5.96 656.6237 656.0288 0.0 
4.0 175.8665 202.1137 49.0631 10.13 662.3436 660.7957 0.4929 
3.0 189.2045 201.8316 49.5738 9.64 657.3278 659.2555 0.0609 
1.0 188.4269 185.3102 48.2916 6.79 653.6091 650.1106 0.0 
4.0 200.9891 199.9861 49.6961 5.34 659.5552 661.4239 0.0 
3.0 190.6727 186.312 48.5507 5.12 657.1006 655.1565 0.0 
4.0 179.4018 199.3336 48.1629 3.42 654.4244 652.1385 0.0 
3.0 187.2984 197.0268 48.6733 10.88 657.9935 659.3806 0.0 
2.0 198.0908 199.8317 49.5481 6.95 656.184 656.601 0.0 
3.0 186.4782 206.5701 49.8922 7.46 658.9457 662.1015 0.0 
1.0 200.292 201.9503 50.2046 9.58 672.5228 671.0667 0.0 
4.0 184.1076 199.2503 48.6523 10.05 660.3112 655.0971 0.0 
1.0 189.3704 197.5283 49.9149 18.53 658.8881 660.2174 0.0 
2.0 199.16 191.19 49.42 11.62 654.25 654.53 0.0 
4.0 203.5905 189.5266 49.6661 4.96 657.94 656.9577 0.0 
0.0 -18.9 11.0278 6.6503 0.0 0.0 0.0 0.0 
0.0 -20.9083 3.3431 11.4736 0.0 0.0 0.0 0.0 
0.0 -26.5276 8.3734 12.1508 0.0 0.0 0.0 0.0 
1.0 204.3041 209.2216 48.6035 8.33 661.4064 661.8876 0.0 
2.0 195.2996 191.5218 49.5875 139.54 655.0507 650.903 0.0 
4.0 194.4486 195.725 49.3038 6.43 657.327 661.601 0.0 
2.0 197.0466 201.977 51.0014 61.24 653.5699 652.6608 0.0 
2.0 196.2464 195.2153 49.2288 11.67 654.4078 656.3334 0.0 
2.0 196.9454 195.6818 49.9904 9.25 661.1894 655.328 0.0 
4.0 198.3665 195.0674 49.3553 7.64 659.3985 659.3122 0.097 
3.0 185.3551 196.1312 49.4922 7.37 658.4119 656.1778 0.0 
2.0 156.3107 190.8538 48.4872 18.14 656.2663 656.0882 0.0 
3.0 185.6186 178.2013 48.7252 10.7 656.6528 654.4665 0.0 
1.0 188.9777 171.4438 48.9997 17.25 666.2795 665.3735 0.0 
4.0 193.5124 191.0853 48.8666 10.48 655.2681 651.2441 0.0 
3.0 176.9939 176.2114 48.3785 8.11 654.4482 652.6144 0.0 
1.0 184.4634 194.8919 49.7123 5.25 659.0736 656.5762 0.0 
1.0 180.6841 196.856 49.3349 9.96 655.6254 659.0856 0.0 
4.0 188.4522 191.4041 49.8527 7.48 656.795 659.3335 0.0 
3.0 185.8278 174.3523 48.2552 5.08 656.6554 658.4165 0.0 
1.0 182.309 168.8248 47.9178 20.96 652.3699 649.1755 0.0 
1.0 185.154 191.4893 48.1821 11.68 657.3808 656.8138 0.6729 
2.0 182.1537 104.4583 48.1586 7.9 654.7751 655.2022 0.0 
4.0 192.1288 187.2872 50.3262 346.24 656.9173 652.8115 0.6895 
2.0 181.8527 193.7839 49.6947 9.14 654.5881 654.5824 0.784 
2.0 183.7452 187.0951 49.6102 26.09 656.2393 653.7622 0.0 
2.0 187.0294 191.3576 50.161 3.38 658.2252 658.6871 0.5301 
3.0 185.7256 169.8756 48.6109 5.13 657.9194 656.0314 0.0555 
1.0 185.0288 199.6703 49.2568 6.51 660.5046 660.305 0.0 
1.0 186.7519 191.1524 49.5489 5.94 657.1613 659.4419 0.0 
4.0 191.8788 187.0715 49.8168 7.71 657.7795 659.3776 0.0 
3.0 183.3407 171.2517 48.3368 7.15 658.8204 664.031 0.0 
1.0 180.5952 178.6335 47.9003 13.26 655.3579 654.1572 0.0 
1.0 195.316 187.4247 48.8586 10.82 662.7137 659.2638 0.0 
2.0 179.2814 191.2046 48.7736 8.46 665.7556 662.552 0.0 
4.0 183.6328 171.9221 48.8612 8.11 655.0548 656.5218 0.0 
2.0 197.9957 200.4818 50.1958 8.87 657.9898 660.0155 0.0 
2.0 199.6842 192.0869 49.4467 15.42 658.3313 664.1921 0.0 
2.0 174.4152 194.2833 49.9482 8.0 661.5843 651.8233 0.0 
1.0 193.7917 192.4626 48.9196 6.52 651.4883 655.2587 0.0 
2.0 188.5089 193.3742 48.0529 5.98 655.1342 654.4811 0.0 
4.0 190.655 196.2354 48.5339 14.07 654.2541 654.701 0.0 
2.0 195.8157 201.0252 50.9585 324.98 654.6509 658.6975 0.0 
2.0 198.2033 190.6751 48.9158 8.23 656.9225 654.6646 0.0 
2.0 196.4486 197.7765 49.6107 5.9 656.935 653.9751 0.0 
3.0 188.6235 193.8164 50.1907 11.52 656.8427 655.0546 0.0 
1.0 182.3998 184.1967 49.0942 8.89 657.0 656.79 0.0 
1.0 185.2219 170.7926 49.3126 8.19 658.9125 657.6896 0.0 
4.0 159.7405 187.0928 49.6765 15.45 657.8353 659.6869 0.0 
3.0 191.6737 193.5069 49.4769 12.81 658.0576 659.613 0.0 
1.0 185.942 199.1459 49.2795 14.63 656.6315 653.0935 0.0986 
3.0 189.8599 194.4247 50.0665 5.51 659.5923 662.2387 0.0 
1.0 185.1008 184.9731 49.7103 17.76 654.4039 652.8533 0.1424 
1.0 163.2901 191.4595 48.368 10.57 657.8686 658.8929 0.0 
1.0 182.2884 188.5873 49.5283 7.13 645.6719 646.812 0.0 
4.0 186.6118 192.8988 48.5924 9.22 655.6191 658.572 0.0 
3.0 183.8636 188.9157 51.5233 114.29 661.2776 657.8848 0.0 
1.0 186.5712 202.8461 50.1104 11.17 659.4667 656.0445 0.0 
2.0 198.4453 192.9032 49.1663 15.67 656.9478 654.8941 0.0 
4.0 198.8993 194.363 49.7651 9.96 654.8049 655.4376 0.0 
2.0 162.0376 192.9626 49.2658 6.4 656.239 655.4912 0.0 
2.0 176.5874 187.8242 47.6982 321.61 656.6313 657.0035 0.0 
2.0 175.3199 185.5685 48.677 11.36 655.2584 654.1779 0.0 
4.0 183.5995 192.3411 48.5681 10.79 651.86 652.7895 0.0 
3.0 197.1377 193.5474 49.8791 57.96 658.2434 655.5559 0.0 
2.0 193.1044 200.3518 49.744 8.99 656.3767 657.4227 0.0 
3.0 192.085 198.9947 49.989 2.79 657.3582 656.8634 0.0 
1.0 195.7282 202.6312 50.3381 7.42 667.8809 667.1587 0.0 
4.0 186.7826 197.0424 48.4763 11.04 656.2805 654.3044 0.0 
3.0 184.1567 162.7865 48.5559 20.75 659.7013 654.5419 0.8614 
1.0 186.6454 193.1672 50.1088 18.03 654.7452 649.6216 0.4569 
1.0 185.6714 193.313 50.3066 7.24 661.1073 661.6028 0.0 
4.0 190.4135 181.32 50.0784 8.78 658.9871 662.1372 0.0 
3.0 189.3833 187.9315 47.6114 74.13 657.4603 655.3904 0.0 
1.0 178.5034 179.2347 47.8146 20.21 654.6016 651.3103 0.0 
2.0 151.3466 185.498 48.7678 15.34 657.0739 655.6038 0.0 
4.0 184.3731 194.7562 51.2084 75.8 659.3837 659.6644 0.0 
3.0 152.1384 187.5676 48.5082 10.54 654.7567 654.6726 0.0 
1.0 174.2807 186.3577 50.8342 41.51 649.5549 649.9686 0.0 
4.0 164.8751 193.037 47.9899 5.57 657.6178 660.7527 0.0 
3.0 189.3853 187.0363 49.7104 55.61 658.1999 653.4611 0.0 
3.0 195.7073 162.6848 49.6453 113.39 653.1939 654.7328 0.0 
1.0 183.0367 177.8008 48.5998 11.99 658.3595 657.3231 0.4131 
1.0 181.69 196.7608 49.666 17.38 654.0135 656.7822 0.0 
4.0 194.3534 180.4044 50.5243 14.68 653.0215 656.4472 0.0 
3.0 179.4418 183.4978 49.7333 8.81 658.545 654.5957 0.0 
1.0 193.1823 183.4252 48.0846 5.92 651.5415 650.2152 0.0 
4.0 164.5583 190.3639 49.1523 7.49 658.0581 655.0068 0.0 
3.0 185.1747 177.1026 49.405 18.06 657.2937 655.941 0.0 
2.0 194.5919 193.871 49.6657 7.9 659.1538 659.3611 0.0 
3.0 185.717 200.4652 50.0311 6.48 658.4707 657.1637 0.0 
1.0 193.1952 202.1012 50.3215 16.29 671.4045 672.3136 0.0 
4.0 167.352 190.177 49.052 4.79 659.4233 658.3268 0.0 
3.0 181.4045 185.1741 50.063 61.87 656.7647 656.3599 0.0 
1.0 187.0938 185.9855 49.9191 8.77 653.73 654.0 0.0 
1.0 188.9547 191.3076 49.1115 9.61 659.0428 657.479 0.0 
4.0 183.751 190.2832 49.6765 6.23 658.1509 659.1444 0.0 
3.0 176.5615 182.7365 48.0149 12.21 655.3607 652.6084 0.0 
1.0 182.5981 189.7588 48.0202 11.0 652.7899 652.5696 0.0 
0.0 -13.0134 -0.5717 19.875 0.0 0.0 0.0 0.0 
0.0 -29.1353 2.416 10.4902 0.0 0.0 0.0 0.0 
0.0 -52.8594 3.2001 0.7227 0.0 0.0 0.0 0.0 
0.0 -25.7451 13.6902 5.5444 0.0 0.0 0.0 0.0 
0.0 -29.4209 1.7214 16.1321 0.0 0.0 0.0 0.0 
0.0 -20.5495 7.3788 12.1373 0.0 0.0 0.0 0.0 
4.0 199.148 194.4475 49.901 6.5 656.3845 656.7176 0.601 
3.0 191.0668 200.5389 49.8149 13.6 656.8675 657.6821 0.0 
2.0 182.994 198.7303 48.788 11.42 654.5146 654.4267 0.0 
3.0 196.3862 189.9742 48.5085 8.72 655.7857 658.0135 0.0 
1.0 200.3216 191.0704 49.1615 8.95 668.2403 667.0287 0.0 
4.0 198.3775 196.7028 49.522 3.59 655.0439 653.6321 0.7477 
2.0 168.4557 190.5543 48.6205 5.93 648.7076 650.4543 0.0 
4.0 187.5024 191.8996 52.0874 282.58 655.4329 654.0156 0.0 
3.0 191.924 179.1144 48.7204 18.99 650.2764 650.9412 0.0 
1.0 179.5274 191.2153 51.0774 13.43 641.5048 643.9827 0.0 
4.0 183.4119 199.4457 48.8406 8.99 655.5792 650.8143 0.0 
3.0 189.0559 191.8349 49.4002 75.49 652.6573 649.9001 0.0 
1.0 193.5701 199.5093 49.4173 9.31 655.07 655.2342 0.0 
2.0 198.054 193.0902 49.3303 18.03 653.2079 650.6199 0.6634 
4.0 192.3762 192.1507 49.8794 12.11 654.4514 655.899 0.0 
2.0 183.7984 198.5194 48.9106 14.43 656.975 658.0837 0.0 
2.0 184.399 196.7219 48.4554 12.28 654.9505 658.8406 0.0 
2.0 193.5383 193.8577 49.1482 9.54 663.3196 657.2275 0.7782 
1.0 193.535 184.1985 48.4019 6.02 659.4667 657.9856 0.0 
2.0 168.0792 187.0283 48.3561 3.92 657.1985 653.3096 0.0 
4.0 173.3901 182.9616 48.6947 13.65 656.2262 655.0873 0.0 
2.0 199.9649 196.084 49.1178 9.52 657.8845 656.5947 0.0 
2.0 197.1924 185.9992 49.6248 10.8 653.6983 656.819 0.0 
2.0 190.9052 186.6873 51.0568 109.14 657.3053 655.7764 0.0 
2.0 192.1921 186.126 49.617 11.03 654.3556 654.5716 0.0 
4.0 168.7393 190.9425 48.2539 7.89 656.4163 654.4428 0.0 
3.0 180.9182 199.9773 49.6454 3.24 656.3864 658.4101 0.0 
1.0 185.1285 175.5663 47.7022 7.75 652.5393 656.0823 0.0 
4.0 192.8934 192.0312 49.5528 6.59 655.7864 658.5381 0.0 
3.0 188.7857 166.8399 48.6833 15.52 662.2472 655.5132 0.0 
1.0 182.7243 188.2184 48.8324 5.21 654.5163 653.7333 0.0 
2.0 188.5991 184.1137 48.4243 8.97 655.833 656.3061 0.0 
4.0 186.0527 157.7487 48.8496 10.9 655.4351 656.6914 0.0 
2.0 184.3032 193.52 48.9201 11.85 655.3524 655.9939 0.0 
2.0 185.4398 189.2595 49.6052 7.35 654.9877 653.7718 0.0 
2.0 184.8964 190.0608 50.0091 7.49 658.136 654.5193 0.0 
4.0 182.6294 189.3555 49.2283 67.31 657.3223 652.2115 0.0 
3.0 191.211 191.8768 49.6964 21.35 655.5637 653.7047 0.0 
2.0 179.9086 191.1323 48.5212 10.39 658.2805 655.0269 0.0 
3.0 84.1835 185.7137 48.9384 11.58 657.1821 656.1802 0.0 
1.0 195.7152 200.8053 49.7718 9.47 668.4459 667.1178 0.0 
4.0 184.7464 192.5159 49.2608 12.22 654.7865 653.9654 0.0 
1.0 196.4104 188.4112 48.9148 5.94 652.9145 655.4968 0.0 
2.0 193.3367 177.6914 48.3303 14.93 657.9726 663.3178 0.0 
4.0 191.9549 200.784 48.7829 12.36 657.2515 656.2256 0.0 
2.0 197.9877 199.6976 49.4073 10.0 653.4607 659.8223 0.0 
2.0 192.5499 191.9864 49.6176 5.96 654.388 657.0379 0.8131 
2.0 200.5722 197.8875 49.81 10.59 659.8213 656.284 0.0 
2.0 166.1094 181.3153 48.89 9.27 657.4812 656.3601 0.0 
4.0 193.5007 194.0996 49.7415 5.31 660.3064 656.7109 0.1314 
3.0 184.2037 170.3672 49.5805 11.82 659.1001 655.6206 0.0 
1.0 184.3957 195.0201 48.8733 18.36 651.177 653.6662 0.0 
4.0 171.708 188.8799 49.6333 7.29 657.8942 657.1794 0.0 
3.0 187.4191 192.1666 49.9662 8.05 657.0421 652.9344 0.5566 
3.0 189.712 174.9189 48.875 10.43 656.5755 654.9971 0.0 
1.0 192.8024 197.2728 50.2652 7.19 658.1035 654.5511 0.0 
1.0 198.7268 200.7868 51.8212 128.59 658.3939 655.731 0.0 
4.0 202.2107 188.1942 48.7071 95.63 656.917 657.4408 0.0 
3.0 186.9713 178.959 48.9589 2.2 654.9746 654.6937 0.0 
1.0 171.4886 189.1875 48.9646 106.1 657.9788 651.3311 0.0 
4.0 195.9544 190.5764 48.9766 7.35 657.6511 653.8955 0.0 
3.0 165.6549 225.5092 14.5796 403744.35 657.41 654.25 0.0 
2.0 193.692 202.5265 51.4857 390.24 657.0678 654.4011 0.0 
3.0 203.3929 200.8593 50.3875 12.24 657.9536 658.1481 0.0 
1.0 203.208 204.3232 53.0634 37.66 668.9422 668.9198 0.0 
4.0 185.0791 197.4369 48.4095 16.7 655.7843 654.9798 0.0 
1.0 191.5224 187.5627 51.1499 13.9 656.0616 655.3042 0.8034 
2.0 186.6286 190.4106 46.0045 238.12 657.7171 651.4602 0.0 
4.0 195.1271 189.6143 51.2497 11.18 654.619 656.2952 0.0 
2.0 186.6661 185.6136 48.7148 8.95 654.0629 654.2484 0.4529 
2.0 179.4038 189.3141 49.1558 7.77 652.8379 658.2135 0.807 
2.0 182.7001 165.1108 49.8118 13.76 658.7599 651.292 0.0 
4.0 206.1243 194.7131 49.96 53.96 655.2042 652.0745 0.3366 
3.0 198.8375 190.2886 49.4646 14.63 657.5294 650.1405 0.0 
2.0 190.112 202.2628 50.2917 11.77 653.814 656.0982 0.0 
3.0 202.2722 200.795 50.3257 10.54 655.2438 653.3039 0.0 
1.0 200.8537 205.1016 53.2561 18.28 661.9736 669.817 0.0 
4.0 188.262 194.6985 49.0614 10.06 657.4028 652.8621 0.0 
4.0 199.427 194.7457 50.154 13.76 652.8525 652.1376 0.0 
3.0 197.6539 202.4468 52.1058 312.25 655.943 654.9958 0.0 
2.0 179.0255 158.5775 49.4854 6.32 656.0662 655.5394 0.0 
3.0 200.1119 186.742 49.0012 11.65 654.8881 656.1224 0.0 
1.0 158.3139 190.1636 50.3094 76.52 668.859 668.0874 0.0 
4.0 201.9798 196.2052 50.2776 12.91 655.0304 653.406 0.0 
4.0 175.0818 183.8398 48.6683 3.5 657.6245 655.7705 0.0 
3.0 180.6002 167.53 50.7249 230.44 658.5883 654.5333 0.0 
2.0 183.79 194.0533 49.9278 10.63 652.1459 657.0618 0.0336 
3.0 184.0676 190.4073 49.2286 8.65 658.1191 656.5747 0.0 
1.0 192.9351 193.949 51.4137 36.36 665.0036 668.3901 0.0 
4.0 180.0476 184.2719 48.0998 14.09 657.2651 655.1507 0.0 
3.0 192.4143 187.1277 50.3217 22.89 657.7639 655.1567 0.0 
1.0 181.1588 156.873 50.6435 108.67 656.7016 651.1166 0.0 
1.0 183.2914 191.9351 50.2121 31.8 656.9409 656.3258 0.0 
4.0 192.4013 188.1279 49.6598 7.25 652.7689 657.6482 0.0 
3.0 138.1376 177.1085 49.2796 10.86 655.4355 657.2998 0.0 
1.0 185.647 178.2505 48.5274 13.0 653.6994 644.9916 0.0 
1.0 162.4255 172.2646 48.4681 11.68 655.9709 656.2529 0.0 
2.0 164.9442 169.7452 48.4364 45.44 654.7768 654.9345 0.0 
4.0 161.7532 173.1564 48.1658 165.8 656.3765 656.2815 0.0 
2.0 172.9875 184.706 48.9929 77.17 655.693 662.9234 0.0 
2.0 172.0032 176.441 51.6193 40.07 658.2147 656.8783 0.0 
2.0 168.3823 180.5098 51.2822 68.87 657.549 654.2111 0.0 
4.0 186.5004 193.9479 49.8293 38.47 654.0465 655.6657 0.0 
3.0 183.7703 194.9755 50.6312 8.55 655.804 655.611 0.0 
2.0 173.3857 198.3992 49.1302 5.95 654.5141 655.391 0.0 
3.0 187.1064 180.7639 48.7742 30.84 652.4243 657.9059 0.0 
1.0 198.0418 181.9668 50.0259 29.25 669.4056 667.6924 0.0 
4.0 193.327 191.6205 52.258 168.66 657.218 652.7554 0.0 
4.0 186.6759 193.7738 48.4212 9.89 657.018 657.0028 0.0 
3.0 189.9101 185.7043 48.5115 6.06 655.78 657.87 0.0 
2.0 193.4933 196.3729 49.7062 8.28 657.7094 656.4263 0.0 
3.0 185.4947 198.2086 49.3592 12.1 655.6849 657.6253 0.0 
1.0 193.8106 204.3328 50.4667 20.64 668.2517 667.2034 0.0 
4.0 184.2063 197.1415 48.4693 6.18 656.3705 654.2275 0.0 
1.0 189.0917 184.7321 47.7856 21.73 656.3054 651.8809 0.0 
2.0 195.718 196.3 48.3125 13.53 654.5034 653.9179 0.0 
4.0 179.0489 188.2176 48.5429 11.03 656.2739 653.9983 0.0 
2.0 181.5343 188.286 49.2625 8.76 653.6488 654.7809 0.0 
2.0 186.2011 190.431 50.6671 30.14 654.1558 653.7168 0.0 
2.0 182.8649 183.5217 50.104 13.39 652.7744 653.7312 0.0 
4.0 181.6211 196.0023 48.5515 4.16 653.6826 653.5279 0.0 
3.0 189.5504 169.5254 48.146 9.83 654.9421 653.3798 0.3632 
2.0 185.3788 186.4238 49.4646 5.93 654.4346 653.3258 0.0 
3.0 186.2726 192.5629 48.858 10.33 654.5836 652.9393 0.0 
1.0 172.913 193.4073 49.8791 19.64 661.4415 665.738 0.0 
4.0 164.1786 192.2805 47.7329 9.2 655.0147 653.1155 0.736 
4.0 195.2024 197.1502 48.3635 8.32 656.7444 661.9356 0.0 
3.0 188.845 187.8256 49.0198 68.53 658.4135 657.9065 0.0 
2.0 189.7196 194.3911 50.4361 5.69 653.8524 655.6495 0.0 
3.0 193.8922 200.5929 49.6899 9.15 657.872 657.4463 0.0 
1.0 193.5756 206.0038 51.1206 7.4 667.9994 673.7291 0.0 
4.0 182.3123 196.8124 48.2953 9.01 657.3841 656.7849 0.0 
