4.0 188.4631 192.8496 49.2416 8.42 657.312 659.2316 0.0 
3.0 187.3441 190.3791 49.2073 8.47 659.3932 653.5712 0.0 
2.0 184.3574 184.955 48.3727 16.62 660.4938 656.111 0.0 
3.0 183.1122 188.1246 48.7215 5.54 658.1342 658.7964 0.0 
1.0 185.4277 185.1875 48.3417 7.52 657.0001 662.7563 0.0 
4.0 188.9828 193.5266 49.5989 11.14 654.3101 661.9857 0.0 
2.0 187.29 194.2283 49.4886 9.19 654.8459 660.1005 0.0 
4.0 187.4889 188.1491 49.0518 7.15 655.67 658.04 0.0 
3.0 192.4898 193.8643 49.1682 7.9 662.4314 657.8801 0.0 
1.0 186.5441 185.1028 48.3831 14.84 658.6145 656.4416 0.0 
4.0 190.6123 195.0215 49.5369 8.05 659.6776 658.7496 0.0 
3.0 185.1565 185.7127 49.041 10.36 657.2889 657.7838 0.0 
2.0 183.1837 180.9527 48.2663 32.28 654.1695 660.805 18.0 
4.0 180.969 192.2176 50.1882 3.9 655.1203 656.2861 0.0 
3.0 186.8784 180.9918 48.6674 14.26 663.0839 657.8799 0.0 
1.0 182.2591 191.7063 49.194 14.57 660.7286 657.0291 0.0 
4.0 186.0911 176.6267 48.5944 8.32 657.0824 657.6514 0.0 
3.0 183.2982 189.0512 49.9525 9.07 656.2717 656.2587 0.0 
2.0 175.443 183.1486 48.442 12.34 653.429 658.727 0.0 
4.0 180.5628 188.08 49.498 36.91 655.3733 657.1806 0.0 
3.0 173.8813 176.4846 48.8555 12.65 660.6704 657.6795 0.0 
1.0 180.4966 184.3063 49.5282 19.57 659.8453 659.9643 21.0 
4.0 183.2258 179.023 48.7112 16.52 659.4284 657.9457 0.0 
3.0 181.3276 183.8957 50.6999 6.99 655.0634 656.6926 0.0 
3.0 186.8824 184.6885 48.3785 9.61 658.6904 660.8264 0.0 
1.0 189.2312 193.1305 49.6639 5.58 657.4033 661.3773 0.0 
1.0 195.514 194.0801 49.6165 7.22 660.9945 661.2995 0.0 
4.0 192.6759 194.0479 49.5126 7.38 667.9402 657.9404 0.0 
3.0 186.7442 182.6863 48.3902 39.45 664.6931 657.5535 69.0 
1.0 191.0165 193.2712 48.4371 55.85 661.3882 656.4724 0.0 
3.0 180.8138 190.2514 50.0182 14.16 662.1681 664.0096 0.0 
1.0 183.5892 179.7128 48.8552 16.31 659.9659 662.6496 0.0 
1.0 184.1468 185.3884 48.5966 15.35 659.2127 657.563 0.0 
4.0 180.0347 174.6082 49.204 18.84 667.1143 656.1013 0.0 
3.0 180.6033 189.0013 49.1274 8.87 660.2028 660.052 0.0 
1.0 187.506 187.8769 50.0565 8.44 663.7409 655.1801 0.0 
3.0 182.0484 184.1481 48.839 30.36 659.8824 656.7505 0.0 
1.0 183.1183 188.4184 50.1469 6.13 662.266 654.4997 0.0 
1.0 185.1703 184.6067 49.0753 10.14 657.8526 657.3779 0.0 
4.0 187.415 185.8936 49.5851 13.15 658.8074 658.7649 0.0 
3.0 180.5391 174.4036 48.5398 7.5 656.5412 660.8884 0.0 
1.0 178.1002 183.7322 49.0061 8.78 661.3548 655.1412 0.0 
3.0 192.5283 191.5423 49.7134 10.23 658.8064 661.9239 0.0 
1.0 182.7227 178.9556 48.2585 10.62 662.2031 655.4965 0.0 
1.0 178.8018 183.8238 48.8672 12.63 657.5881 661.3183 0.0 
4.0 186.5886 190.5198 48.6041 5.4 656.245 657.147 0.0 
3.0 182.6471 188.0113 49.7275 5.36 658.4576 663.182 0.0 
1.0 183.8187 186.3957 50.3514 8.63 662.1204 656.5307 0.0 
3.0 190.6659 186.2465 48.2105 9.12 660.936 657.72 0.0 
1.0 188.5494 190.9852 49.7842 6.07 661.9627 653.7112 0.0 
1.0 186.8451 192.5315 49.4595 4.81 659.5238 667.0012 0.0 
4.0 189.3987 195.0778 49.1256 10.93 656.2144 658.6084 0.0 
3.0 185.7563 187.0175 48.7565 7.27 657.4168 665.8572 0.0 
1.0 184.8398 181.5277 49.061 4.54 663.2386 655.6338 0.0 
4.0 187.9614 195.0183 49.0366 9.35 662.5018 661.8636 46.0 
3.0 188.068 188.0151 50.2262 21.45 658.11 657.54 0.0 
2.0 192.5813 193.5378 48.9153 17.16 662.7923 661.4893 0.0 
3.0 182.7292 181.7625 48.4232 7.43 657.2237 661.206 0.0 
1.0 185.1068 185.2455 48.3492 15.19 660.638 658.7496 0.0 
4.0 192.6489 194.4509 50.1604 6.74 655.9699 660.8516 0.0 
2.0 183.5352 194.2399 49.8976 10.03 656.4225 657.4597 27.0 
4.0 185.5462 177.5522 48.5564 9.54 653.0707 660.1766 0.0 
3.0 184.4678 193.1701 49.3109 13.31 656.6049 665.9539 0.0 
1.0 185.8595 173.508 48.2766 10.84 654.625 657.7785 0.0 
4.0 185.05 193.98 49.4015 11.07 660.3481 654.3951 30.0 
3.0 180.5723 177.4845 49.9611 27.94 659.0146 653.212 0.0 
3.0 182.0781 187.1286 49.6867 5.16 657.1453 662.4532 0.0 
1.0 178.7647 186.034 48.7497 6.33 660.7986 663.6391 0.0 
1.0 182.3789 185.9986 48.5935 9.28 658.3582 656.5185 0.0 
4.0 183.419 181.3331 48.0992 12.26 662.348 654.4468 0.0 
3.0 180.2897 184.3882 49.1003 13.52 659.7974 656.0808 0.0 
1.0 187.4126 187.816 49.8542 7.72 660.3562 656.7121 0.0 
4.0 184.7056 194.3894 49.1381 13.42 657.7077 658.501 0.0 
3.0 183.8627 193.0083 49.5834 5.39 656.7732 656.9863 0.0 
2.0 192.4299 191.2622 48.8143 11.48 660.0829 659.306 0.0 
3.0 184.7219 182.5642 48.5968 13.34 655.4117 662.0802 0.0 
1.0 184.3218 176.5377 48.549 7.38 659.8162 656.2541 0.0 
4.0 190.589 195.9428 50.2709 11.18 656.3977 658.992 0.0 
3.0 198.4175 183.6537 49.1528 4.79 657.1663 654.2104 0.0 
1.0 192.6686 188.2884 49.2387 6.13 655.4938 651.5883 0.0 
1.0 195.0254 182.285 49.0926 11.95 656.5865 653.6836 0.0 
4.0 186.4326 194.7806 50.1002 28.03 653.9865 656.2689 0.0 
3.0 191.0781 192.6043 49.9094 9.63 655.183 655.0512 0.0 
1.0 183.7812 190.6124 51.0049 42.08 655.4037 654.465 0.0 
1.0 185.6076 180.6214 48.7256 7.43 662.1371 659.7827 0.0 
2.0 186.7008 179.1807 49.0575 5.46 658.2428 659.4142 0.0 
4.0 185.6596 180.4439 48.5421 7.76 657.5721 660.8446 0.0 
2.0 187.3702 194.8079 49.3298 6.59 661.9699 661.6999 0.0 
2.0 183.6002 193.6895 49.6567 16.49 658.2967 660.4132 0.0 
2.0 184.8978 194.0858 50.0011 8.71 659.2352 659.5954 242.0 
