1.0 189.3991 196.82 49.6022 3.46 659.496 665.1064 58.0 
2.0 186.2141 193.964 49.1956 8.62 657.048 657.9729 0.0 
4.0 189.1016 195.1811 49.3988 5.4 657.6976 656.0181 0.0 
2.0 187.133 184.7451 48.2836 6.75 653.4406 657.6489 0.0 
2.0 183.7092 181.8706 48.9461 8.03 662.478 656.9647 0.0 
2.0 181.6234 189.8181 48.8283 8.01 657.393 653.4664 0.0 
2.0 183.2772 167.2655 49.0859 7.56 654.6817 651.1938 0.0 
4.0 181.1424 192.5774 50.5277 16.25 655.3629 653.8855 0.0 
3.0 190.4351 181.1766 49.0466 7.16 656.2465 652.7745 0.0 
1.0 168.9013 190.2205 48.6425 11.96 648.1623 649.0121 0.0 
4.0 189.4666 184.4389 49.1876 6.84 654.2703 651.2603 0.0 
3.0 180.0306 187.3294 52.6142 7.52 653.6436 652.6735 0.0 
3.0 192.5759 187.5759 49.578 5.98 654.329 654.9904 0.0 
1.0 191.4844 194.1268 50.8198 4.65 656.2325 658.4667 0.0 
1.0 196.6876 190.7411 51.9839 18.41 655.955 654.265 0.0 
4.0 190.3233 193.5422 50.2759 21.9 653.8385 656.121 0.0 
3.0 188.4789 185.6266 49.0247 8.34 654.5822 652.6768 0.0 
1.0 190.3549 195.9184 48.4377 17.26 649.2814 646.5033 0.0 
1.0 185.7487 185.55 48.7887 6.25 654.5277 654.1557 0.0 
2.0 185.4011 183.6797 48.4384 8.52 656.3313 653.5588 0.0 
4.0 188.1201 181.9052 48.7438 5.19 655.8187 657.8488 38.0 
2.0 191.65 197.3705 49.1073 10.87 658.7876 658.3004 39.0 
2.0 186.3328 193.0422 49.1981 14.74 654.6305 659.5306 0.0 
2.0 179.5888 196.1467 49.795 3.97 659.4794 654.4672 0.0 
2.0 185.2993 196.128 50.1581 15.94 659.9154 667.0573 0.0 
4.0 189.4887 182.1623 49.3996 4.7 659.8158 663.0675 0.0 
3.0 191.2351 194.6144 50.6772 22.82 657.9779 658.0398 0.0 
1.0 184.8241 182.5669 48.3524 5.26 649.5416 657.346 0.0 
4.0 186.0622 196.2494 49.9249 12.13 662.4488 656.6053 0.0 
3.0 194.2029 195.0455 49.2938 28.0 661.0093 657.9012 0.0 
4.0 183.9407 184.9988 48.305 5.54 657.1628 654.0739 0.0 
3.0 186.9037 184.9506 48.9181 7.59 654.6428 654.7457 0.0 
2.0 184.8999 193.7277 49.5553 7.95 660.0028 655.0184 16.0 
3.0 185.7715 194.6145 49.2377 6.0 660.5693 655.2233 0.0 
1.0 191.8444 199.8743 50.3166 12.81 669.1061 668.9866 0.0 
4.0 184.1195 183.7951 48.1143 5.57 655.3234 655.4372 149.0 
1.0 189.7414 192.0305 49.3716 7.18 657.7318 654.2981 0.0 
2.0 188.8999 193.9749 49.712 19.58 659.8261 657.8078 43.0 
4.0 185.6412 194.0982 49.4581 10.06 659.5435 656.5105 45.0 
2.0 187.4789 186.4371 48.609 4.02 661.808 656.841 0.0 
2.0 185.3435 184.0008 48.8033 9.32 657.7995 656.6503 0.0 
2.0 180.6709 186.7102 49.1965 5.01 656.5205 657.012 0.0 
2.0 190.6243 194.7633 49.3998 6.9 654.1973 656.0994 0.0 
4.0 187.0302 183.8803 48.4288 10.5 658.4029 650.9364 0.0 
3.0 189.0984 194.8408 49.4269 4.11 653.1035 657.3779 41.0 
1.0 188.8074 185.4455 48.458 6.9 652.3666 653.0642 0.0 
4.0 188.735 195.9036 49.3156 6.33 654.485 657.4937 0.0 
3.0 188.8996 179.7581 48.3871 13.46 661.3939 653.2755 0.0 
3.0 184.0939 182.9389 48.5482 9.42 657.9976 654.918 0.0 
1.0 185.3602 194.7455 49.7069 9.69 658.3193 657.6844 52.0 
1.0 188.6376 192.9851 49.2132 7.23 659.6308 654.7494 0.0 
4.0 185.5017 193.4187 48.8577 19.08 658.3348 656.2402 0.0 
3.0 187.9249 185.6298 48.7306 10.79 658.6907 658.3061 0.0 
1.0 185.0887 185.4485 48.0214 6.14 653.7659 653.6536 0.0 
3.0 184.8494 180.3445 48.1625 6.67 654.5891 650.6753 0.0 
1.0 187.6869 194.6487 49.4049 4.9 659.0433 658.6407 0.0 
1.0 188.4611 191.2798 49.4595 3.06 657.9439 653.571 0.0 
4.0 184.5945 192.4089 49.248 8.38 661.2019 659.1923 0.0 
3.0 188.4097 184.8065 48.4978 26.42 657.2811 656.3411 0.0 
1.0 183.4533 179.9134 48.3878 7.61 650.0322 649.4996 0.0 
1.0 187.0539 196.6872 49.809 7.75 654.2225 655.8339 0.0 
2.0 183.49 195.72 49.87 13.09 653.05 654.7 0.0 
4.0 192.2072 193.9954 50.0738 13.3 654.6316 654.7821 0.0 
2.0 194.3741 186.154 48.7632 9.03 653.5937 659.2529 0.0 
2.0 191.8353 179.5353 49.1189 6.58 656.195 649.3195 0.0 
2.0 189.1751 197.5844 49.1235 11.94 656.9763 653.0648 0.0 
1.0 187.7678 185.9156 48.5341 5.07 658.5682 658.6398 0.0 
2.0 183.3442 181.8643 48.2796 3.29 653.4488 653.301 0.0 
4.0 188.1595 193.8353 48.6765 6.81 660.5264 659.6251 65.0 
2.0 189.3197 193.5011 49.3036 8.43 655.7294 660.6875 0.0 
2.0 183.3012 192.2597 49.404 26.36 656.0455 656.8955 0.0 
2.0 183.8774 194.3364 50.2339 11.89 661.8947 659.0702 0.0 
2.0 193.6848 195.415 51.5805 22.39 658.5596 657.3028 34.0 
4.0 191.1462 183.502 49.2653 9.17 659.3345 652.2064 25.0 
3.0 190.4121 186.0698 51.6449 22.25 654.1943 657.2692 0.0 
1.0 191.9788 192.7042 48.7676 8.66 649.2575 650.136 132.0 
4.0 179.8996 196.3707 51.8294 12.61 653.6303 655.6146 0.0 
3.0 187.2833 181.8749 49.1733 10.22 657.5782 649.4312 0.0 
2.0 188.0446 184.3996 48.5258 10.53 656.5304 656.0393 0.0 
4.0 184.6422 194.3552 49.3063 5.83 659.1336 652.9753 0.0 
3.0 186.965 181.557 48.8223 6.15 654.0227 655.5794 0.0 
1.0 184.4045 193.4606 48.6035 9.83 648.3085 649.3532 0.0 
4.0 187.158 186.0181 48.8554 6.05 653.9794 658.145 0.0 
3.0 185.9988 190.1829 50.0261 7.19 659.8646 652.1755 0.0 
4.0 189.261 193.5292 49.0979 4.74 654.0072 653.1866 0.0 
3.0 190.2606 186.4728 48.6855 11.26 658.3687 654.2538 0.0 
2.0 187.8942 194.3757 50.0071 10.71 651.8853 656.2298 0.0 
3.0 190.9043 195.9687 49.6604 9.8 652.7832 654.8586 0.0 
1.0 191.7486 198.7455 50.4149 12.25 663.1 667.6899 0.0 
4.0 190.9674 185.6633 48.7777 9.48 656.9614 650.7523 0.0 
3.0 191.1049 188.4635 49.2268 7.12 649.2216 653.1547 0.0 
1.0 185.2003 195.039 49.7347 4.53 652.238 655.6408 55.0 
1.0 190.1886 196.0837 50.01 8.73 655.3378 655.5142 0.0 
4.0 188.4142 195.641 49.5099 8.06 655.6843 661.5418 0.0 
3.0 194.8577 181.1563 49.0548 7.82 654.0098 651.3057 0.0 
1.0 192.5781 188.8514 48.9037 5.91 652.8556 649.6472 0.0 
3.0 194.4874 197.0889 49.3881 8.41 658.8746 659.7997 100.0 
1.0 186.0259 185.2863 48.8581 7.59 661.0691 657.0722 25.0 
1.0 191.6851 185.8458 48.7163 7.09 656.767 656.8923 0.0 
4.0 192.6576 196.618 48.3047 7.09 657.4969 658.4679 0.0 
3.0 189.0092 195.3586 49.512 9.26 657.8845 658.7529 0.0 
1.0 189.1954 195.7813 48.8083 5.67 656.6314 650.798 0.0 
2.0 182.6365 181.5486 48.6234 2.94 650.4418 653.5048 0.0 
4.0 186.5401 192.8089 49.3159 6.86 657.8836 658.7907 31.0 
3.0 188.2884 195.7572 48.6105 5.41 653.9841 652.7109 0.0 
1.0 191.6886 195.3423 49.0365 10.07 664.7274 670.5807 0.0 
4.0 184.1186 181.1405 48.7851 9.65 657.8529 653.87 0.0 
3.0 192.7875 190.5749 49.9468 8.75 657.1204 653.5555 0.0 
2.0 191.3257 196.5173 49.5634 6.3 659.1609 659.2725 0.0 
4.0 187.5013 181.2772 48.9261 7.84 659.35 652.44 0.0 
3.0 182.3954 195.0348 49.219 5.02 656.3961 658.8225 0.0 
1.0 185.8245 195.0736 48.1823 4.55 648.3675 650.3551 0.0 
4.0 185.3497 194.5867 49.4326 8.59 654.6137 659.8847 0.0 
3.0 188.9482 175.8411 48.8507 4.05 663.3857 653.866 0.0 
4.0 186.4256 195.418 49.4571 5.5 659.524 659.8297 0.0 
3.0 185.5891 192.4368 49.4024 8.9 653.797 656.3259 32.0 
2.0 183.3177 184.5917 48.3408 7.98 659.3529 656.907 0.0 
3.0 182.2402 187.5369 48.8029 7.08 656.6957 660.7072 0.0 
1.0 189.7779 184.4832 49.7064 13.34 668.3705 663.4879 0.0 
4.0 190.4522 196.2199 50.1416 7.21 661.2286 662.7046 0.0 
3.0 189.5447 194.1233 49.4265 7.45 663.3586 661.3314 0.0 
1.0 187.0318 183.4952 48.8912 7.29 660.217 656.3583 14.0 
1.0 183.6251 184.7847 48.7787 3.9 660.1199 656.9789 0.0 
4.0 185.8052 183.9977 48.4196 11.52 657.7761 656.2499 0.0 
3.0 187.7405 193.3308 49.5197 9.36 658.9233 656.4499 0.0 
1.0 188.7722 193.4948 49.0207 7.24 653.7371 653.4196 172.0 
3.0 188.6086 184.3851 48.5489 9.05 657.8828 651.9235 0.0 
1.0 190.7394 194.2199 49.2084 4.41 655.973 654.2656 0.0 
1.0 182.2146 191.5162 49.5077 16.2 658.9009 652.1934 29.0 
4.0 186.3254 194.1368 49.0486 6.4 661.3696 653.5041 0.0 
3.0 193.0651 190.0733 48.6983 7.27 655.7149 658.1062 0.0 
1.0 178.2596 172.9693 47.9669 6.64 651.4101 652.1039 0.0 
1.0 186.5409 192.867 49.646 7.65 658.7945 658.0716 0.0 
2.0 188.115 194.3918 49.277 4.96 662.7609 657.0191 51.0 
4.0 188.5983 194.4589 49.6623 6.54 656.5163 661.7331 0.0 
0.0 -16.6557 14.1469 5.1157 0.0 0.0 0.0 0.0 
0.0 -28.7715 3.4362 13.4434 0.0 0.0 0.0 0.0 
0.0 -19.9318 8.4924 11.1345 0.0 0.0 0.0 0.0 
3.0 185.3982 194.1986 49.6526 3.79 651.8455 652.3383 90.0 
1.0 190.1481 184.766 49.0788 17.24 656.2913 653.4988 0.0 
1.0 186.6924 186.8179 48.9111 5.09 654.6665 658.2395 0.0 
4.0 192.1286 184.7317 48.9389 4.85 658.0859 659.5456 0.0 
3.0 186.055 192.78 49.8453 8.66 652.8168 654.6131 0.0 
1.0 185.0979 192.2325 49.3243 9.85 653.8255 649.7441 0.0 
1.0 187.7975 185.973 49.1497 5.26 654.7919 658.2504 0.0 
2.0 184.1201 183.2594 48.8953 8.67 658.3193 657.5539 0.0 
4.0 191.2836 195.9903 48.8027 4.36 657.1175 655.4904 0.0 
2.0 189.1448 194.0716 49.1173 5.17 654.1551 658.6256 54.0 
2.0 184.8677 191.8701 49.764 29.8 659.0501 656.4023 0.0 
2.0 189.1678 196.3641 49.6844 17.29 654.927 652.1157 43.0 
4.0 194.6449 180.0549 48.7134 6.44 653.9302 652.7102 0.0 
3.0 193.2587 192.6488 48.881 16.27 659.9831 658.9907 0.0 
2.0 186.8692 194.1515 49.1498 9.04 657.9739 652.5109 0.0 
3.0 183.8442 202.5657 49.9061 17.39 662.6566 659.8157 0.0 
1.0 200.292 200.1492 50.6308 14.21 672.9186 672.9271 0.0 
4.0 187.5274 183.4377 48.2193 13.17 654.7785 655.946 0.0 
1.0 186.5722 194.6216 50.0056 4.73 654.7193 657.6165 0.0 
2.0 186.39 193.89 50.29 10.43 653.52 655.86 0.0 
4.0 190.6809 192.9237 50.0097 14.39 653.4185 654.351 0.0 
2.0 196.9095 179.5494 48.9884 10.74 652.5876 657.1814 0.0 
2.0 188.9449 184.0055 49.3708 9.18 655.7487 656.6443 0.0 
2.0 189.8654 197.7547 49.9041 3.29 657.6895 657.3149 0.0 
3.0 193.1855 185.1531 49.0401 7.13 660.0994 659.147 0.0 
1.0 183.658 195.6484 49.722 7.72 651.8867 654.2364 0.0 
1.0 187.9558 194.5658 49.7845 7.11 658.1193 660.257 0.0 
4.0 188.3212 194.7183 49.3556 21.5 655.6998 660.8452 0.0 
3.0 190.2111 181.3311 49.3691 15.07 657.4409 656.0523 0.0 
1.0 191.5658 188.7535 49.0934 3.98 655.8808 654.2498 0.0 
1.0 193.1108 196.3194 49.7937 6.55 663.4756 661.0876 0.0 
2.0 185.4934 195.5143 49.3714 5.2 663.8772 653.9815 0.0 
4.0 186.984 191.7513 49.2041 23.32 657.2572 661.3426 0.0 
2.0 189.465 191.706 48.5056 7.28 656.3572 653.0182 0.0 
2.0 184.9646 181.9803 49.3917 10.1 658.3698 665.1427 0.0 
2.0 177.8198 183.2229 49.4001 7.5 660.5609 655.328 0.0 
3.0 189.7632 185.8928 49.2673 4.05 659.2061 654.7258 0.0 
1.0 192.7462 193.7007 50.1387 5.29 658.0934 655.0558 0.0 
1.0 183.5944 193.3283 49.9045 26.05 659.3317 657.9136 0.0 
4.0 184.7553 194.1757 49.2413 6.25 661.8736 655.1837 0.0 
3.0 189.4783 195.9897 48.9485 7.31 657.0723 661.5388 0.0 
1.0 185.5261 180.8926 48.5212 5.69 655.1429 651.9003 0.0 
2.0 202.1838 188.3347 49.1237 7.62 655.0115 654.2689 0.0 
4.0 186.2355 195.0407 50.0137 12.99 658.768 654.8727 0.0 
3.0 196.4148 187.1624 49.242 5.57 654.5316 664.6502 0.0 
1.0 189.0791 194.9093 47.567 37.24 648.0575 648.777 8.0 
4.0 188.6887 187.0496 49.1053 6.98 652.7798 657.571 0.0 
3.0 188.4632 189.6045 50.0327 6.8 657.2259 651.4282 0.0 
2.0 193.6079 182.0382 49.4076 6.44 649.6881 655.9147 0.0 
4.0 184.424 192.0102 49.3169 15.37 651.8277 657.6726 0.0 
3.0 191.7025 191.9759 49.1533 8.0 657.2815 654.7327 39.0 
1.0 187.0816 192.7614 48.6733 17.01 650.2407 652.6037 0.0 
4.0 191.7692 186.4723 49.0897 4.28 657.2977 659.1814 0.0 
3.0 195.8155 191.5205 50.3606 22.01 659.9678 658.6186 0.0 
4.0 188.6276 188.344 48.4448 6.24 660.5213 662.7132 0.0 
3.0 187.1395 182.8324 48.4767 9.87 657.8175 660.2738 0.0 
2.0 196.3004 195.9135 49.6143 9.12 657.2176 656.8623 0.0 
3.0 186.5209 196.1955 49.4441 11.96 655.4564 659.2959 0.0 
1.0 190.8588 198.979 50.362 11.06 672.8061 669.2814 0.0 
4.0 193.035 201.4554 48.1142 10.54 656.3403 654.484 0.0 
3.0 185.3729 179.7805 48.8029 3.24 656.9922 653.592 91.0 
1.0 192.5747 197.848 49.7194 3.8 660.7429 660.5205 0.0 
1.0 187.2985 193.6685 49.52 3.5 658.2139 655.111 0.0 
4.0 184.1498 192.717 49.147 12.25 661.5977 659.6573 0.0 
3.0 191.0974 194.5011 48.5687 7.8 657.2617 657.6784 0.0 
1.0 188.327 182.7768 47.7893 4.65 651.6409 651.0307 0.0 
2.0 188.0487 194.8199 50.0625 9.85 656.5212 656.0872 0.0 
4.0 188.7687 185.5023 49.659 9.68 656.75 652.05 0.0 
3.0 187.4486 193.1401 49.5047 18.76 652.6365 656.6168 0.0 
1.0 185.7306 183.5529 48.3362 11.83 647.0599 647.6524 0.0 
4.0 190.814 194.0886 49.8994 13.13 651.8198 655.7614 0.0 
3.0 191.3848 184.151 50.1494 10.97 657.8361 653.9344 0.0 
1.0 190.4839 195.0782 48.48 12.77 658.7437 657.6157 0.0 
2.0 179.3696 184.0362 48.4444 13.46 654.0259 649.4105 174.0 
4.0 186.4365 182.2713 48.5138 11.87 655.8426 659.9962 63.0 
2.0 194.7905 196.2733 49.0229 10.46 657.6916 659.3168 0.0 
2.0 184.322 190.8956 49.6158 14.08 653.6326 656.3721 84.0 
2.0 181.1343 195.2782 50.4693 38.95 663.3446 659.031 0.0 
3.0 189.6961 184.7286 48.8329 7.04 661.476 657.9076 0.0 
1.0 193.0648 196.2729 49.7903 5.58 659.3044 657.2107 28.0 
1.0 186.8163 195.6807 49.3852 6.85 658.4083 655.938 0.0 
4.0 184.9496 193.6065 48.7451 12.58 656.367 654.1118 0.0 
3.0 190.773 193.1724 48.6836 5.43 658.2532 657.528 0.0 
1.0 186.9578 185.7772 48.2259 4.68 652.3094 654.8667 37.0 
1.0 192.7924 190.6912 48.6546 3.46 656.4914 656.0004 0.0 
2.0 186.5027 182.4354 48.9811 3.86 662.4142 655.6859 0.0 
4.0 183.1929 183.0761 48.5733 8.94 655.0945 658.2441 0.0 
2.0 197.0002 197.948 49.371 11.19 658.9094 661.0329 0.0 
2.0 181.6609 192.9603 49.8728 13.62 656.4324 659.328 0.0 
2.0 179.9449 194.5896 50.1837 8.09 660.2065 653.0544 0.0 
1.0 183.3997 180.6943 48.6472 10.6 656.24 659.9827 0.0 
2.0 185.8344 184.0094 48.5137 11.91 660.1056 662.4699 0.0 
4.0 185.1465 188.3176 48.4559 26.59 656.9874 658.4251 0.0 
2.0 186.635 193.4624 49.1854 13.06 656.5509 662.7783 0.0 
2.0 185.1377 192.6845 49.3659 10.43 661.4141 659.3349 0.0 
2.0 186.7033 197.3874 50.0645 7.12 660.3903 656.963 0.0 
4.0 184.4346 194.9405 49.8548 8.42 654.0418 654.7096 0.0 
3.0 186.9266 195.6127 50.1924 5.62 659.0835 654.81 0.0 
2.0 191.3822 183.4112 49.2484 4.88 655.5081 657.3879 0.0 
3.0 192.0091 188.303 49.2389 8.7 658.6492 662.7178 0.0 
1.0 193.8133 185.9322 50.3024 8.11 665.7155 667.4118 0.0 
4.0 187.4197 196.282 49.4677 5.74 658.4734 651.781 0.0 
1.0 190.7277 197.2456 50.1864 12.92 663.9707 658.8351 0.0 
2.0 189.8949 198.7625 50.3752 11.47 661.9823 663.0137 107.0 
4.0 187.409 194.5812 49.8838 8.88 661.4031 651.5251 152.0 
2.0 193.3861 187.322 48.8616 12.92 660.336 655.1361 0.0 
2.0 192.6052 186.6054 49.6605 16.68 660.4974 662.2884 0.0 
2.0 183.1959 189.6855 49.2152 8.61 657.627 657.8465 0.0 
1.0 185.3781 193.9807 49.1581 15.24 654.7538 657.5359 0.0 
2.0 186.8888 195.0425 49.4182 6.73 656.7838 658.5607 0.0 
4.0 186.8577 193.0178 49.245 6.32 656.704 654.241 0.0 
2.0 188.9432 186.1469 48.7337 13.72 658.5003 661.4385 0.0 
2.0 187.1882 184.9983 48.6181 5.12 660.0043 656.0213 0.0 
2.0 181.1973 182.3502 48.795 3.64 653.2465 652.3261 0.0 
3.0 187.8484 195.6102 49.5071 5.04 653.6381 658.162 0.0 
1.0 183.7002 184.86 48.7475 11.19 657.08 654.44 17.0 
1.0 186.5977 183.0652 48.5851 20.33 651.634 659.7148 0.0 
4.0 185.6314 192.5593 48.5127 7.15 653.9192 656.5304 0.0 
3.0 186.8815 192.7326 49.1203 13.49 654.2257 657.2361 0.0 
1.0 185.0726 193.7152 48.6742 5.76 655.2249 648.5821 0.0 
1.0 185.4283 195.2163 50.1082 30.28 653.0869 659.2835 0.0 
2.0 183.0409 193.7038 50.2249 12.11 648.0861 652.0871 0.0 
4.0 192.0579 192.7159 51.6156 45.03 655.291 654.3594 0.0 
2.0 191.4238 175.3627 48.8449 8.79 652.5444 657.5419 0.0 
2.0 186.0039 180.1409 49.1266 25.37 655.1637 651.4975 0.0 
2.0 185.9848 190.0726 49.9904 4.47 658.0056 657.493 0.0 
4.0 189.0111 195.2937 49.9674 8.3 656.9697 656.4152 0.0 
3.0 191.9081 196.5814 49.5199 6.08 655.955 655.9872 0.0 
2.0 189.2481 185.3545 49.5398 9.66 655.996 652.9455 0.0 
3.0 190.6988 189.1807 48.6763 5.61 653.9825 651.1659 45.0 
1.0 195.1138 202.1092 49.9706 6.65 665.1956 668.3293 0.0 
4.0 187.6456 194.579 49.5486 18.28 653.0165 656.946 228.0 
1.0 191.854 197.1284 48.1984 6.31 657.085 655.8447 0.0 
2.0 184.7487 184.5206 48.8512 7.4 657.7133 654.0256 0.0 
4.0 189.2566 184.7578 48.8081 8.53 654.794 658.9754 0.0 
2.0 197.3246 199.2813 49.2822 9.37 658.5537 657.802 12.0 
2.0 185.7305 192.7994 49.2038 5.91 653.4655 655.6238 0.0 
2.0 181.6677 195.4048 49.8979 3.3 659.0736 653.6208 0.0 
4.0 186.7452 182.8334 48.791 6.5 654.0267 656.8918 0.0 
3.0 187.4653 182.1819 48.8877 6.15 657.8796 658.0973 14.0 
2.0 186.4987 194.1412 49.9344 8.49 655.9349 655.067 0.0 
3.0 185.1039 196.4125 49.2144 4.81 655.3476 658.3598 0.0 
1.0 192.7722 199.2097 50.1823 11.8 670.024 666.8417 0.0 
4.0 189.4783 182.8049 48.4348 7.37 657.4316 654.7785 0.0 
4.0 182.4202 174.5924 48.9003 3.81 654.9553 652.7659 0.0 
3.0 185.0485 190.8892 48.8488 16.84 655.6507 651.7772 0.0 
2.0 186.0313 192.8188 49.9773 9.78 659.0449 656.4961 0.0 
3.0 182.2808 200.1425 49.2919 10.98 659.6968 659.5851 0.0 
1.0 193.939 199.159 50.9037 21.03 668.3839 666.8485 0.0 
4.0 185.3895 183.1536 48.0807 10.64 657.7506 655.5514 0.0 
3.0 187.226 187.0628 49.4789 8.22 657.8125 660.4818 0.0 
1.0 185.6616 196.3833 49.2548 10.34 660.4469 660.063 0.0 
1.0 188.1487 197.0866 49.817 14.5 657.3077 661.2382 0.0 
4.0 184.0999 194.3568 49.9486 7.07 657.5857 664.8554 0.0 
3.0 187.4359 175.3504 49.3322 31.14 661.3814 658.1118 206.0 
1.0 191.4223 183.3405 48.9137 11.28 657.3599 653.0514 0.0 
1.0 187.8014 193.6061 47.8383 6.86 656.4108 653.8633 0.0 
2.0 183.5539 184.0692 48.988 4.42 662.6425 655.821 0.0 
4.0 183.9055 179.7967 48.9567 8.29 654.2241 656.511 0.0 
2.0 192.9656 198.0996 49.3379 6.11 659.4404 659.3605 0.0 
2.0 186.7249 193.2546 49.4333 6.42 656.1763 662.0004 0.0 
2.0 175.523 194.6554 50.187 6.68 658.75 652.1114 0.0 
1.0 184.4736 192.1449 49.3706 6.45 660.5927 658.6491 0.0 
2.0 188.97 194.66 49.7 8.62 655.27 656.8 0.0 
4.0 186.4242 194.2381 49.0313 11.28 658.4513 653.5389 0.0 
2.0 184.3036 178.7362 49.094 259.35 657.5985 656.6488 0.0 
2.0 192.4039 194.126 48.678 7.04 659.3478 657.9443 0.0 
2.0 178.9424 188.8056 49.6333 5.87 659.5264 656.5332 0.0 
1.0 185.3485 195.0684 49.6375 2.98 657.4758 657.3719 0.0 
2.0 183.2292 191.7743 49.3457 6.84 654.7124 649.5797 0.0 
4.0 189.3549 194.1742 49.1121 8.0 657.0562 662.0323 20.0 
2.0 189.0391 186.3714 48.5094 7.99 659.6735 658.6956 0.0 
2.0 186.0039 181.2382 48.3819 4.64 654.1849 658.2716 0.0 
2.0 180.7576 183.9667 49.3734 4.63 664.1087 656.2783 0.0 
1.0 189.4698 184.7088 48.9321 17.95 664.4022 657.1565 0.0 
2.0 190.1675 195.5245 49.1371 4.99 659.6253 658.0933 0.0 
4.0 187.1815 185.9615 48.5687 7.93 661.5913 656.5686 0.0 
2.0 186.5181 196.3234 48.842 14.75 656.5247 650.2791 0.0 
2.0 191.4105 194.795 49.4808 7.84 658.2241 659.5774 0.0 
2.0 179.6618 195.5103 49.9299 4.74 654.9367 656.0395 0.0 
4.0 185.3411 187.1461 49.2843 6.11 660.1499 652.8868 0.0 
3.0 185.6245 185.2721 49.1029 7.21 654.6027 653.3154 0.0 
2.0 191.4856 194.9456 49.9048 9.72 659.9127 657.2624 0.0 
3.0 184.4219 197.949 49.6412 11.9 659.8876 658.6221 0.0 
1.0 193.7692 197.7237 50.5176 6.58 668.8689 669.6387 0.0 
4.0 183.8552 186.4077 49.0106 13.95 656.72 656.3162 0.0 
3.0 190.1784 196.2545 50.2196 8.08 655.5965 654.1909 0.0 
1.0 195.5338 184.7127 49.0049 18.12 661.583 654.4734 138.0 
1.0 187.196 185.8724 48.9034 7.65 654.8624 658.5253 105.0 
4.0 195.3258 189.1341 48.9428 5.73 656.5706 658.6952 0.0 
3.0 181.8945 192.4422 49.4773 6.51 652.8573 658.9278 0.0 
1.0 186.502 192.178 49.1024 8.67 653.9136 644.565 102.0 
3.0 186.7403 194.6002 49.3865 24.76 654.7318 653.2324 0.0 
1.0 192.3526 186.9343 49.3318 3.92 657.7024 654.84 0.0 
1.0 185.8838 179.3133 48.9174 7.03 658.4938 656.0954 0.0 
4.0 188.0053 185.6499 49.0246 13.71 661.5944 661.6703 0.0 
3.0 188.38 192.3402 50.0629 11.41 656.4248 653.294 0.0 
1.0 184.3536 194.1005 49.5973 6.59 654.2037 653.6723 0.0 
4.0 182.6465 184.1013 49.0575 6.73 658.2705 653.6707 0.0 
3.0 185.376 181.4661 49.0011 16.61 659.3931 656.5905 0.0 
2.0 183.0371 194.7953 49.5189 4.89 658.5594 654.419 0.0 
3.0 184.2597 194.2332 49.2888 4.82 658.4531 651.6368 0.0 
1.0 189.7254 200.4068 50.5091 13.96 670.8346 672.6624 0.0 
4.0 186.8011 182.1696 47.9771 7.69 655.1707 658.938 0.0 
1.0 184.2457 191.9599 49.2535 12.39 651.0135 654.0475 0.0 
2.0 186.8573 194.6695 49.2499 5.4 659.5132 656.5909 0.0 
4.0 194.4304 194.9463 49.2578 6.77 653.2142 656.151 0.0 
2.0 188.2996 183.9728 48.3144 20.06 657.7779 659.9839 0.0 
2.0 183.0648 183.335 48.7386 11.57 658.0176 656.0698 0.0 
2.0 185.2238 196.8064 49.2206 3.63 655.7836 651.526 0.0 
3.0 181.5896 185.3049 49.154 5.26 656.3069 652.5122 0.0 
1.0 185.6199 186.096 48.616 39.27 653.71 652.18 0.0 
1.0 187.1503 190.4939 49.9809 11.55 656.5665 654.0202 0.0 
4.0 184.7075 188.1238 49.6019 6.84 656.8883 657.3787 0.0 
3.0 187.2817 183.2393 48.8636 6.0 653.6436 652.0457 0.0 
1.0 186.3878 184.2067 48.8412 5.54 649.4237 648.6404 0.0 
3.0 190.878 182.4525 48.9423 4.24 659.3192 655.9577 0.0 
1.0 196.175 196.6142 49.7569 5.58 652.2748 650.2861 0.0 
1.0 185.3458 195.7554 49.2343 16.56 660.075 656.2851 0.0 
0.0 -25.7451 13.6902 5.5444 0.0 0.0 0.0 0.0 
3.0 191.2017 201.7557 48.2472 6.74 694.0709 658.5623 0.0 
1.0 187.2609 178.1413 47.7506 7.53 655.1443 648.7743 0.0 
4.0 191.5856 194.5852 49.3553 7.64 660.1885 664.843 41.0 
3.0 187.1373 195.6811 49.0865 6.33 658.3116 659.738 0.0 
2.0 184.3933 184.4953 48.8632 7.31 656.8869 654.737 0.0 
3.0 182.8858 183.815 48.5924 4.24 653.2731 658.1711 0.0 
1.0 192.4647 186.7575 49.267 7.16 671.1667 666.1518 0.0 
4.0 188.5482 192.8046 49.2209 10.09 657.9389 655.3475 0.0 
2.0 187.2864 198.0389 49.9617 12.14 653.5336 654.8717 0.0 
4.0 192.3417 182.8633 48.9116 7.7 654.3327 655.3259 0.0 
3.0 185.8161 195.6319 50.8341 23.85 654.0928 654.237 0.0 
1.0 191.2019 176.3127 48.1197 6.81 646.2128 651.4098 0.0 
4.0 189.5537 196.5612 50.62 23.26 655.9864 651.5415 164.0 
3.0 191.9356 172.4713 49.2311 7.53 655.5383 653.738 0.0 
4.0 183.4526 195.3348 49.5351 4.61 657.3223 655.8875 0.0 
3.0 189.299 196.7766 49.5997 8.06 658.9677 658.3569 0.0 
2.0 189.4889 181.4899 48.5476 9.24 658.6414 654.1046 0.0 
3.0 184.0929 184.629 48.8251 6.47 660.4173 658.4486 32.0 
1.0 196.0177 203.1648 49.8471 8.47 670.2114 670.8262 0.0 
4.0 185.6288 196.8319 49.627 7.27 659.0873 656.3556 0.0 
3.0 184.6453 193.1431 49.4853 2.2 652.3897 657.0518 233.0 
1.0 188.2131 183.4713 48.5916 18.06 654.73 656.0712 355.0 
1.0 192.8167 191.8666 48.8542 6.9 659.2253 656.6865 0.0 
4.0 185.6313 183.7741 48.4964 5.04 659.0347 662.451 104.0 
3.0 188.9099 192.4301 49.2216 18.13 658.5489 653.7208 0.0 
1.0 192.3218 196.0713 49.1915 8.77 654.6208 651.8974 0.0 
3.0 185.9826 195.0125 49.5697 3.25 657.6469 658.7863 0.0 
1.0 188.4248 185.8007 48.6183 7.79 659.925 660.9763 0.0 
1.0 188.3079 195.7258 48.5213 14.15 657.3678 658.0739 0.0 
4.0 185.886 182.0336 48.3956 5.84 655.4859 661.2082 13.0 
3.0 187.3296 193.4269 49.7125 5.32 660.5266 658.4712 0.0 
1.0 191.4582 195.2919 49.1104 4.97 655.6309 652.2258 49.0 
2.0 186.4561 186.2521 48.4363 10.23 655.9457 651.3439 0.0 
4.0 187.4048 196.5503 49.5187 7.73 661.4928 659.5206 0.0 
3.0 192.2947 181.1471 48.9404 9.85 657.7739 656.121 0.0 
1.0 190.999 197.3377 49.2293 14.04 670.7453 667.6968 0.0 
4.0 190.2461 187.3717 49.2288 16.53 659.0739 657.2229 0.0 
3.0 184.6177 190.9635 50.1742 11.13 655.5591 654.0238 0.0 
1.0 189.6571 186.6587 49.0001 6.73 657.5147 654.7624 0.0 
2.0 202.45 183.88 48.98 13.24 653.22 654.14 0.0 
4.0 193.5079 186.8068 48.8973 7.73 656.2658 653.0376 0.0 
2.0 189.5865 194.256 49.5514 6.01 656.2767 656.4712 0.0 
2.0 183.1996 194.986 51.0502 21.68 654.7398 651.4539 0.0 
2.0 183.5441 195.3997 50.6767 15.21 654.1722 654.3447 0.0 
4.0 186.9608 193.5267 50.2516 12.61 654.8717 659.0007 0.0 
3.0 183.0516 192.6789 49.8957 3.83 650.4839 653.6194 0.0 
2.0 188.4811 186.3458 49.1573 9.02 658.7411 656.4456 0.0 
3.0 189.0348 190.2022 48.6496 12.06 655.4237 660.7861 0.0 
1.0 189.3598 186.2884 50.2915 19.51 668.9029 663.764 0.0 
4.0 188.049 196.0897 50.2448 7.39 659.573 657.5028 0.0 
4.0 188.3101 184.9611 48.9571 12.94 659.3594 660.1219 0.0 
3.0 190.9672 186.3029 48.8376 7.09 658.111 658.344 0.0 
2.0 189.2481 192.9064 50.7496 17.73 656.0361 654.9872 0.0 
3.0 183.423 196.7285 49.0886 6.53 652.2287 656.043 0.0 
1.0 191.6835 199.0597 50.7726 12.92 667.8757 664.9301 0.0 
4.0 191.5201 197.6038 48.0961 8.01 657.1006 653.1057 0.0 
3.0 194.2444 182.3559 48.5192 16.66 653.7476 653.1301 0.0 
1.0 182.5417 194.4846 49.9449 6.29 656.3731 650.9848 0.0 
1.0 182.7596 195.9018 51.3639 13.04 651.198 658.1239 0.0 
4.0 187.0937 196.1985 50.7831 33.43 654.9276 657.1104 0.0 
3.0 189.5632 179.7938 48.6912 6.66 651.5167 654.2469 0.0 
1.0 188.3607 177.6295 48.3458 8.23 651.6428 645.0932 0.0 
1.0 184.6087 183.1544 48.6777 10.61 655.4405 658.7834 0.0 
2.0 185.8344 183.3993 49.3037 5.54 657.4803 658.836 23.0 
4.0 182.9989 183.7323 49.0623 8.0 657.4586 657.162 0.0 
2.0 187.8775 194.9337 49.1854 5.01 656.3635 660.3422 30.0 
2.0 185.9974 192.1836 49.4029 9.09 660.6195 659.1992 0.0 
2.0 181.5363 194.7009 50.1771 10.21 656.9222 655.4446 0.0 
4.0 186.3594 193.1448 49.2695 4.55 657.6861 653.6309 0.0 
3.0 190.7059 194.6113 49.3767 8.89 657.7124 655.2304 0.0 
2.0 186.8692 184.1919 48.7033 9.19 661.5597 657.0071 0.0 
3.0 186.1648 186.5573 48.4518 5.41 663.6797 658.251 0.0 
1.0 193.562 195.3648 49.1793 12.56 670.6965 671.4833 0.0 
4.0 188.5676 196.1979 48.691 5.38 660.9446 658.2962 0.0 
3.0 187.1205 185.9861 48.5482 11.02 657.7151 655.6585 0.0 
1.0 196.1992 197.1077 49.4578 6.84 658.6906 657.1023 0.0 
1.0 188.0577 195.1317 49.0433 7.69 656.707 653.7781 0.0 
4.0 185.3095 193.7544 48.8653 10.7 657.7138 651.8339 72.0 
3.0 195.2811 195.729 48.3848 13.91 657.4376 662.133 0.0 
1.0 187.6748 184.7427 48.2743 9.31 652.9208 656.0818 0.0 
2.0 189.5654 193.3025 49.7771 8.13 651.2752 650.1327 0.0 
4.0 196.6593 182.5078 48.8428 8.32 658.0135 653.0913 0.0 
3.0 185.6603 194.9761 50.3935 8.88 651.9642 657.061 0.0 
1.0 199.2299 189.9013 48.5748 43.65 666.3796 666.0046 0.0 
4.0 188.4413 197.4315 51.1321 286.74 653.7051 660.4693 0.0 
3.0 189.7545 180.2321 49.6757 2.31 655.1688 650.6479 103.0 
1.0 186.102 183.9482 48.2365 3.0 661.9661 657.9185 0.0 
2.0 182.28 184.58 48.62 6.69 655.86 653.71 105.0 
4.0 185.9728 183.9455 48.5944 14.26 659.1631 658.1307 0.0 
2.0 192.3695 193.185 49.2206 9.61 660.8241 665.3687 0.0 
2.0 184.2776 192.3559 49.6787 11.05 658.853 652.2106 0.0 
2.0 181.1706 197.2537 49.928 16.66 658.6568 658.0281 0.0 
1.0 189.5824 196.8042 50.0928 15.63 664.3421 655.3627 0.0 
2.0 188.8879 196.4414 47.3564 49.7 654.6626 652.8234 0.0 
4.0 184.0457 196.0331 50.2913 11.9 663.5753 653.3865 0.0 
2.0 193.8202 184.2973 48.9612 6.1 659.4369 657.4926 0.0 
2.0 184.9368 179.5083 49.1631 6.53 655.2412 656.1783 0.0 
2.0 183.6773 185.5708 50.2664 6.24 661.2384 660.8335 0.0 
1.0 186.4652 188.4285 48.8363 5.84 661.7687 664.4138 0.0 
2.0 189.9025 183.4483 48.0144 12.91 658.4319 660.2394 0.0 
4.0 188.8383 181.3149 48.7118 11.0 657.6175 656.6486 0.0 
2.0 187.8523 194.6978 48.9227 5.27 653.1943 657.4913 0.0 
2.0 184.8198 193.0997 49.3849 9.15 658.9039 656.5179 0.0 
2.0 182.2932 195.9814 49.644 5.32 655.2486 655.0064 0.0 
4.0 186.0824 195.2899 50.8994 10.77 654.3606 654.3949 0.0 
3.0 184.1994 194.0297 50.2764 9.24 653.4525 655.1758 0.0 
2.0 191.5837 184.3114 49.087 15.91 656.9777 655.3891 0.0 
3.0 189.3742 188.1922 49.4951 7.55 655.9947 659.6991 0.0 
1.0 192.4139 186.2889 49.8715 6.25 667.624 664.4515 0.0 
4.0 188.3996 193.1326 50.9326 18.41 654.8839 653.9138 0.0 
3.0 188.1749 184.7853 49.0632 6.88 656.162 652.4943 0.0 
1.0 188.4664 195.6823 49.8562 7.73 658.0992 654.9526 0.0 
1.0 187.1846 193.0283 49.4777 12.46 656.0853 654.9968 0.0 
4.0 186.5039 194.7197 49.2391 12.42 658.3953 654.9868 0.0 
3.0 193.1443 184.8119 49.3728 7.23 656.1812 654.4503 0.0 
1.0 184.0574 189.5023 48.3685 5.08 648.4287 648.6645 0.0 
3.0 178.5131 193.1898 49.4777 12.3 652.3023 655.6038 0.0 
1.0 184.5757 185.9659 48.8539 11.4 654.8701 655.4806 0.0 
1.0 184.2308 183.3543 49.2647 10.91 657.3517 658.1594 0.0 
4.0 187.9599 173.5361 49.3243 14.12 656.6232 659.8025 229.0 
3.0 183.8597 187.7127 49.8888 12.77 655.6877 653.2164 0.0 
1.0 183.4872 192.4006 49.8998 19.37 654.2522 649.6278 0.0 
4.0 172.0422 176.1179 49.2016 5.15 658.5336 652.9691 0.0 
3.0 194.0819 195.8494 48.6769 6.43 658.781 657.1023 0.0 
2.0 186.4846 190.4743 51.0705 42.29 656.8672 653.8883 0.0 
3.0 181.908 195.4819 49.7405 15.93 655.4859 652.3268 0.0 
1.0 196.5257 194.2653 53.0935 21.11 666.3394 665.6736 0.0 
4.0 188.0033 180.809 48.2666 17.36 653.1042 656.5892 0.0 
1.0 189.6019 183.8572 48.9832 5.78 653.6686 647.3807 0.0 
2.0 191.3704 188.9082 49.0722 12.79 656.074 653.4913 0.0 
4.0 186.1443 186.9332 48.7389 9.76 656.634 651.9509 0.0 
2.0 188.6099 197.1979 49.7928 9.88 658.2826 656.194 42.0 
2.0 187.9064 194.1011 49.8869 10.0 656.0891 653.2983 0.0 
2.0 182.2876 195.4778 50.2757 7.15 652.9537 651.6724 0.0 
4.0 193.1261 193.2951 49.0967 8.92 658.1966 659.5258 0.0 
3.0 186.7336 181.0447 49.0051 9.88 660.57 655.54 90.0 
2.0 185.4842 196.1168 49.164 7.11 658.1205 660.1559 0.0 
3.0 190.8864 199.7638 49.3222 6.6 655.7342 660.8312 0.0 
1.0 190.5091 199.5021 50.3332 5.32 666.6241 671.7607 0.0 
4.0 188.206 186.6912 48.9471 5.52 663.3564 656.67 168.0 
3.0 192.1335 196.279 50.1887 29.86 660.7139 658.5325 0.0 
1.0 192.5746 191.9781 48.6277 9.44 652.4539 650.8433 0.0 
1.0 192.541 188.5609 48.7917 9.9 659.6237 652.3735 0.0 
4.0 194.4291 188.0039 48.8926 3.38 656.9422 655.8656 0.0 
3.0 191.6126 193.2257 49.8946 21.98 654.2431 654.8797 0.0 
1.0 187.8341 197.0001 48.7999 6.38 652.0433 655.0348 0.0 
1.0 190.3653 195.0632 50.3534 8.86 658.8132 658.4246 0.0 
2.0 186.7864 191.9751 50.8259 21.1 657.0581 653.801 0.0 
4.0 189.705 192.3701 50.3605 12.06 653.4336 655.6178 0.0 
2.0 190.4512 186.8992 48.5123 5.49 653.549 651.5501 0.0 
2.0 195.2731 185.0917 49.09 8.07 654.5529 656.683 7.0 
2.0 185.8816 192.9292 49.644 12.12 655.0439 646.9945 0.0 
2.0 184.2223 183.5065 48.1629 8.75 656.939 658.3453 0.0 
4.0 185.6077 194.2275 49.2969 6.73 654.2427 655.806 0.0 
3.0 186.7774 187.7836 48.7747 2.16 657.0278 655.4492 0.0 
1.0 186.0538 191.9258 48.7752 6.35 647.8211 652.0043 0.0 
4.0 187.3104 183.6083 48.7372 7.05 659.1956 654.2275 0.0 
3.0 191.0801 189.9526 49.5694 5.17 656.7493 654.6169 0.0 
1.0 191.3653 194.4513 49.9282 4.51 657.1858 655.3414 49.0 
2.0 188.1256 196.029 49.4368 13.82 662.2818 657.079 67.0 
4.0 190.0712 193.9231 49.7453 11.76 655.0729 661.4224 0.0 
2.0 194.8517 194.2224 49.0044 8.63 658.2474 659.3066 0.0 
2.0 187.8501 183.7257 49.2623 25.94 652.489 660.2653 0.0 
2.0 180.8214 187.8671 49.7752 9.71 660.1356 653.0838 0.0 
4.0 191.0708 187.7874 49.0048 5.85 658.8426 653.7864 0.0 
3.0 188.5743 187.7528 48.6473 11.6 657.8225 655.891 0.0 
2.0 188.4134 194.4987 49.2878 10.02 660.3875 656.1254 0.0 
3.0 186.4083 199.099 49.8445 5.46 660.9124 658.083 0.0 
1.0 192.3394 198.5122 50.6719 13.84 668.0677 672.9656 0.0 
4.0 194.4882 186.3306 48.7703 6.94 658.698 661.6564 0.0 
2.0 187.7348 193.5256 49.5392 8.15 657.0135 659.2833 0.0 
4.0 185.1738 185.3764 48.8935 8.11 659.2727 662.2409 0.0 
3.0 184.8024 193.3455 49.3469 4.9 656.2564 657.2128 0.0 
1.0 180.0453 184.8651 48.1201 5.43 649.0476 656.2254 0.0 
4.0 188.9153 195.2276 49.5156 8.77 661.6145 656.0235 0.0 
3.0 184.4827 181.5391 48.5818 17.52 655.775 652.9149 0.0 
1.0 192.5461 198.791 48.6493 8.5 654.0658 654.1831 0.0 
2.0 185.8473 184.266 48.8291 12.4 661.8227 655.871 139.0 
4.0 186.0785 180.2505 48.7133 13.32 653.7141 655.591 171.0 
2.0 201.3551 197.8191 49.7715 11.24 660.0441 660.2313 0.0 
2.0 186.7481 193.8422 49.4545 5.63 654.8584 660.3336 0.0 
2.0 178.9301 194.9717 50.0983 9.57 659.0134 651.9163 0.0 
4.0 191.1139 184.9475 49.622 6.63 654.2615 656.3404 71.0 
3.0 189.8865 188.6402 49.5377 5.54 652.89 653.45 0.0 
2.0 186.6418 197.1029 49.9039 7.0 654.4512 654.1304 0.0 
3.0 185.7994 195.3428 49.988 6.82 652.0253 658.5723 0.0 
1.0 194.5092 200.5277 50.4333 12.03 665.8942 665.6844 0.0 
4.0 197.8075 186.2758 49.2629 5.32 658.393 653.7194 0.0 
3.0 185.9462 192.133 50.1235 7.05 655.4472 651.7833 212.0 
1.0 185.7247 184.7088 48.3483 12.0 649.1307 650.0573 0.0 
1.0 184.2171 182.7449 48.9181 7.9 657.1465 651.8218 0.0 
4.0 191.9114 182.6953 48.7361 8.0 655.2955 651.2015 0.0 
3.0 180.8327 186.0513 52.2521 419.37 652.2178 656.4206 0.0 
1.0 184.3247 188.7254 49.4235 5.48 649.9308 653.4357 0.0 
1.0 189.8351 188.8309 48.5565 8.25 665.6312 662.541 0.0 
2.0 198.4877 195.7489 48.9125 7.05 661.3 664.0904 0.0 
4.0 193.2708 175.4516 48.563 5.68 660.0899 655.1574 0.0 
2.0 188.8733 194.6579 48.7276 8.27 658.0618 652.2398 8.0 
2.0 193.1004 194.426 49.4466 6.44 656.8644 659.1306 0.0 
2.0 177.9035 198.3956 50.1906 13.74 657.1883 658.5835 0.0 
2.0 187.6914 182.0018 49.8907 5.91 653.7087 656.769 0.0 
4.0 184.063 195.1901 49.5975 32.47 656.4431 656.6762 0.0 
3.0 193.0963 186.7325 49.8622 5.05 659.1914 659.9772 0.0 
1.0 185.4648 195.0902 49.7429 6.69 648.6009 655.3475 0.0 
4.0 190.8278 185.7351 49.291 7.49 658.0322 652.8409 0.0 
3.0 190.5479 191.4444 51.8953 11.71 657.0129 652.9567 0.0 
3.0 185.226 193.742 49.3169 6.76 654.953 657.116 0.0 
1.0 184.7862 184.3895 49.1639 6.67 658.229 659.9641 34.0 
1.0 191.2999 194.6607 48.2637 3.77 657.3282 657.9139 0.0 
4.0 185.1519 184.1031 48.4844 5.71 656.1662 660.6085 0.0 
3.0 189.3723 190.5743 49.5956 9.28 659.0399 654.305 0.0 
1.0 190.8731 194.3259 49.0054 4.12 648.4868 647.4627 0.0 
1.0 187.794 190.8608 50.9093 11.39 650.9126 648.8396 0.0 
2.0 192.5019 191.7091 51.4359 12.79 652.5683 651.497 0.0 
4.0 188.8738 191.8992 50.9309 16.4 654.5162 657.0773 0.0 
2.0 198.1034 193.2657 49.3634 8.16 657.9278 657.3814 0.0 
2.0 185.0918 192.5489 49.3283 10.5 652.9817 650.588 0.0 
2.0 187.2938 188.9646 49.2916 7.64 655.0156 655.6979 161.0 
2.0 195.2338 182.9763 49.1511 4.04 653.9344 654.2943 0.0 
4.0 186.9856 193.5751 50.1878 5.78 659.2326 654.794 0.0 
3.0 191.7518 185.6661 49.2334 11.79 653.3926 653.3075 0.0 
1.0 183.3318 194.5286 49.3879 7.36 647.2602 649.3878 0.0 
4.0 191.5703 189.2217 49.4372 13.41 654.4264 655.2951 0.0 
3.0 187.6135 188.6836 50.0285 9.14 654.3421 649.0944 0.0 
1.0 185.0724 193.6258 49.2853 5.04 655.2189 654.1928 0.0 
2.0 185.0688 193.8198 49.3901 9.96 659.6332 655.3711 65.0 
4.0 184.2347 192.9869 49.7511 5.28 654.9241 655.561 17.0 
2.0 189.7592 186.4575 48.8546 9.16 658.9358 660.9141 0.0 
2.0 183.8409 185.0182 48.526 10.73 655.2944 657.0582 0.0 
2.0 178.3601 183.7526 48.5911 7.84 658.2523 651.0967 0.0 
3.0 185.4768 191.9104 49.7775 6.56 658.3622 661.0454 0.0 
1.0 183.7498 185.8247 48.6638 10.38 660.04 660.46 0.0 
1.0 188.9547 182.1558 48.6087 2.68 659.9551 658.6521 0.0 
4.0 182.8162 183.416 48.6694 9.92 655.9019 655.9386 0.0 
3.0 184.3934 189.595 49.7408 4.89 659.1538 660.3504 0.0 
1.0 187.0343 192.978 49.3213 12.07 654.4197 654.1218 0.0 
2.0 187.8919 184.0735 48.856 5.31 659.1339 657.8303 0.0 
4.0 185.2444 193.3359 49.3919 4.74 654.8119 650.7936 0.0 
3.0 187.9099 179.5112 48.5975 9.46 655.6721 659.2439 0.0 
1.0 185.5666 193.9205 48.6699 11.33 652.6968 653.1332 0.0 
4.0 186.6012 185.1743 48.2551 6.08 654.3303 654.5308 0.0 
3.0 189.7647 191.7607 50.4035 9.61 661.111 657.444 0.0 
3.0 191.6181 205.4604 49.8574 5.17 660.0617 661.0876 0.0 
1.0 201.7262 190.4639 48.6184 6.12 660.949 659.8884 0.0 
1.0 206.4178 202.5719 48.7084 12.35 658.3282 659.8614 0.0 
4.0 195.8492 187.563 48.2073 7.8 652.3075 652.2891 0.0 
3.0 193.7619 204.2891 49.2458 13.26 658.7971 659.2374 0.0 
1.0 196.8105 205.8338 49.3512 24.88 653.6886 651.7684 0.0 
1.0 184.5127 185.9517 48.2912 6.9 654.4384 659.474 0.0 
2.0 185.9734 181.6623 48.7677 10.22 653.8726 657.6064 0.0 
4.0 189.4608 183.0557 48.5871 7.03 658.3901 658.7651 0.0 
2.0 189.2268 196.3857 49.2822 7.57 659.0181 661.853 0.0 
2.0 185.2609 192.2262 49.2672 12.66 657.7219 653.6942 0.0 
2.0 183.2941 196.2603 49.9376 12.5 657.5208 655.8181 0.0 
3.0 186.5204 193.3393 49.5929 5.17 658.1803 655.4487 0.0 
1.0 184.9391 185.339 49.0516 12.67 659.317 658.297 41.0 
1.0 184.7544 180.5672 48.6945 10.6 659.6137 655.8388 0.0 
4.0 181.8845 184.3269 48.6748 6.26 658.0501 657.3242 0.0 
3.0 188.4348 191.1903 49.5817 8.07 656.9467 656.0301 0.0 
1.0 184.7333 193.7982 48.9085 7.24 651.549 651.0195 36.0 
2.0 187.2665 191.2839 49.4076 2.2 656.6852 653.8058 0.0 
4.0 184.1952 183.9492 48.4821 17.74 657.3421 654.3896 0.0 
3.0 187.3543 193.6706 49.2771 6.37 659.8364 656.6064 0.0 
1.0 185.3215 184.2701 48.6016 11.04 657.8529 650.9972 0.0 
4.0 189.6979 197.7861 49.76 7.07 659.5285 657.5616 0.0 
3.0 186.4499 180.5436 48.8537 5.12 660.8957 661.3634 193.0 
2.0 191.6511 189.1543 48.9182 15.11 656.7309 653.8558 73.0 
4.0 189.3186 197.1887 49.4023 12.36 659.0118 654.6535 25.0 
3.0 189.944 184.1721 48.8996 7.75 654.0235 657.5532 0.0 
1.0 185.2469 194.2782 48.4258 12.32 647.6997 649.1924 0.0 
4.0 192.6498 190.0533 49.084 5.98 655.1647 657.6553 0.0 
3.0 189.404 191.3727 49.8962 8.01 655.6093 650.5661 0.0 
4.0 189.227 192.4064 48.6688 8.58 653.9399 653.8633 0.0 
3.0 184.7865 181.851 49.0194 8.65 662.4326 654.7611 0.0 
2.0 184.2575 194.4721 49.202 10.4 654.7441 657.581 0.0 
3.0 189.2451 199.5857 49.17 6.7 661.6274 661.5276 0.0 
1.0 192.4566 199.1329 50.4796 5.85 667.5946 672.1256 0.0 
4.0 187.1521 183.0722 48.0611 4.23 660.2137 650.3161 0.0 
1.0 190.4254 193.5562 48.7582 10.07 659.0635 657.4217 0.0 
2.0 187.14 183.61 49.47 10.72 659.72 651.74 0.0 
4.0 187.9936 183.1165 48.775 8.26 654.2206 658.8726 74.0 
2.0 192.3341 195.1584 49.3684 14.49 656.5628 656.3233 0.0 
2.0 182.3704 193.7559 49.4967 21.33 655.739 660.6802 0.0 
2.0 179.2209 197.0131 50.4616 9.71 660.2201 654.6867 0.0 
1.0 184.949 195.6897 49.7455 5.3 653.8281 656.221 0.0 
2.0 184.0973 192.3804 49.6094 12.86 649.6581 649.5697 0.0 
4.0 185.2626 194.4515 49.5245 5.56 656.2338 656.235 0.0 
2.0 189.6236 185.474 48.4957 8.22 652.7614 655.9247 0.0 
2.0 188.2891 186.8725 49.185 12.5 653.7295 651.9821 0.0 
2.0 185.3961 185.4363 49.69 19.79 658.2603 655.7199 0.0 
4.0 190.1489 196.9273 51.8404 28.4 658.2085 659.1074 0.0 
3.0 187.5579 195.4747 49.4461 13.64 660.0565 653.2093 0.0 
2.0 192.6672 178.8528 48.7948 5.65 654.1643 658.6904 0.0 
3.0 194.5877 190.6288 48.5295 15.58 653.4111 654.368 0.0 
1.0 196.3818 182.2261 49.5274 5.98 665.1365 666.5755 0.0 
4.0 184.2004 195.4157 50.8062 10.04 656.2331 649.324 0.0 
4.0 187.2004 183.7421 48.685 11.52 655.4212 658.7442 0.0 
3.0 186.511 184.3926 49.0475 5.58 657.6133 658.0565 0.0 
2.0 191.1913 194.7476 50.1005 16.57 659.0612 653.9766 0.0 
3.0 185.7832 197.3275 48.9942 9.63 658.2474 663.9081 0.0 
1.0 192.8125 195.0142 50.8478 9.26 671.0229 664.906 0.0 
4.0 188.5581 195.1105 49.1916 7.37 658.4095 654.5486 0.0 
3.0 187.252 184.7661 49.1975 9.25 654.9725 658.0033 0.0 
1.0 188.4155 195.4601 49.5381 15.67 658.199 661.1621 0.0 
1.0 193.2142 193.7875 49.791 10.14 657.6791 655.8789 202.0 
4.0 188.2615 192.9778 48.8934 12.1 655.101 661.7427 0.0 
3.0 192.8906 183.8084 49.5121 10.58 659.7473 653.7428 0.0 
1.0 189.893 192.8261 48.8185 5.76 650.1148 647.3658 0.0 
1.0 184.4439 181.7776 49.0015 8.88 658.8912 650.5307 0.0 
2.0 190.3569 189.8345 48.3303 13.54 656.7516 653.0384 40.0 
4.0 183.0108 184.049 48.9001 16.96 662.3412 656.2657 0.0 
2.0 189.6839 194.1945 49.2975 10.1 663.5709 661.7889 23.0 
2.0 187.8027 193.9303 49.5163 11.15 658.5004 655.7285 0.0 
2.0 179.5054 195.1022 49.9979 7.01 659.0399 659.0972 24.0 
3.0 182.4986 195.1086 49.4713 16.03 660.1121 655.5903 0.0 
1.0 197.6436 199.4804 49.1626 6.05 659.2125 659.511 46.0 
1.0 185.1695 185.1079 48.5465 7.7 658.8197 651.5151 0.0 
4.0 187.1409 175.1216 48.5092 6.33 656.728 654.3968 63.0 
3.0 194.2712 198.1312 49.4498 6.57 656.5731 657.7427 0.0 
1.0 187.0163 192.9016 48.9137 6.78 652.0272 654.0032 28.0 
4.0 180.7299 192.2908 49.5615 7.73 652.3604 648.5823 0.0 
3.0 181.7835 191.8321 49.939 17.62 658.6134 653.0013 0.0 
2.0 175.635 177.0809 48.5033 9.7 653.8341 655.611 0.0 
3.0 177.6338 181.0743 48.4408 35.92 658.1045 657.8267 8.0 
1.0 189.4564 179.1394 50.3833 20.85 665.6056 668.9689 0.0 
4.0 187.7954 192.3704 49.0604 7.62 655.3444 651.0479 0.0 
3.0 186.4601 185.2769 48.8459 4.11 655.8589 660.042 0.0 
1.0 186.6479 194.5975 50.3495 4.74 655.34 659.84 0.0 
1.0 188.3232 193.9881 49.2652 7.43 658.2809 657.9603 0.0 
4.0 186.4357 193.9502 49.4228 9.46 654.0968 662.7942 0.0 
3.0 185.9728 181.3387 48.6211 8.44 660.5313 652.4337 0.0 
1.0 184.6045 185.4105 48.1942 14.44 653.081 649.465 0.0 
2.0 192.3552 192.5933 51.5902 30.53 659.2119 653.9388 0.0 
4.0 191.054 187.0917 49.4411 7.44 649.4591 645.9279 0.0 
3.0 193.8902 191.1894 52.4234 20.75 655.1105 656.8067 0.0 
1.0 189.0686 195.976 48.5295 16.31 649.58 653.1332 0.0 
4.0 191.6645 195.3948 52.1518 32.21 650.5219 652.3212 0.0 
3.0 191.0601 184.0942 49.5157 5.11 660.2196 655.0635 0.0 
4.0 190.9075 185.9846 49.0014 3.56 661.1639 661.6338 0.0 
3.0 188.9858 187.0157 48.4318 9.04 659.3545 655.6362 127.0 
2.0 188.153 194.2526 49.4373 11.55 656.5365 656.4585 0.0 
3.0 184.6726 194.5663 48.9838 10.7 654.4358 650.6732 0.0 
1.0 193.0081 199.1072 49.9917 5.52 666.2893 670.8023 0.0 
4.0 188.4381 186.4424 48.344 8.02 657.6952 652.248 8.0 
1.0 185.2082 194.0472 49.4046 4.02 656.0147 656.0101 0.0 
2.0 187.7377 195.0993 49.111 11.47 656.5231 657.3964 0.0 
4.0 191.7831 197.926 49.7544 5.96 657.5887 661.7403 0.0 
2.0 190.3968 182.7336 48.7083 8.58 656.7258 660.9835 0.0 
2.0 184.4783 184.1808 48.718 5.65 657.848 653.0057 0.0 
2.0 181.8725 187.1422 49.3977 5.12 656.7297 653.2888 0.0 
1.0 190.1918 179.6708 49.0513 4.99 656.1718 651.6655 0.0 
2.0 192.3473 184.1111 49.4901 6.67 656.8215 654.5932 0.0 
4.0 181.8296 166.5862 49.324 6.94 655.5239 652.7714 0.0 
2.0 180.1062 191.8547 49.8756 14.42 656.2156 653.3595 0.0 
2.0 179.9066 188.6668 52.4971 29.61 654.1558 655.7102 0.0 
2.0 166.3864 191.7301 50.5709 18.62 653.601 655.043 0.0 
1.0 197.7974 196.2304 49.5297 5.55 655.1108 654.0682 0.0 
2.0 180.7623 196.9371 49.0575 5.84 658.7632 653.0484 150.0 
4.0 188.0204 193.7337 49.1083 9.27 657.0411 659.8326 359.0 
2.0 199.8729 204.092 48.6389 5.58 659.0841 660.5042 0.0 
2.0 189.2365 177.0369 49.1113 7.95 656.3763 656.9506 0.0 
2.0 176.7664 185.6819 49.2015 7.43 663.3572 655.7175 0.0 
3.0 188.7041 193.9263 50.7425 49.59 656.2632 655.2493 0.0 
1.0 192.3936 177.7693 49.4393 7.24 658.5501 655.1954 166.0 
1.0 183.3957 177.2594 48.8547 4.7 651.8606 654.2888 0.0 
4.0 192.7368 182.2805 48.941 6.69 655.5352 654.5348 0.0 
3.0 187.8292 196.89 50.3556 46.2 654.3293 659.1608 0.0 
1.0 184.8972 194.4073 49.0893 25.15 654.6693 647.8549 0.0 
4.0 187.9694 190.8071 50.9081 9.3 652.5058 648.8827 0.0 
3.0 189.6391 192.5253 51.5211 7.76 656.4639 654.8411 0.0 
2.0 193.4672 189.4331 49.2216 5.75 655.064 649.7309 0.0 
3.0 189.9579 196.409 49.1769 11.55 657.7087 657.2923 0.0 
1.0 194.9261 190.6807 50.0741 4.18 668.9009 666.1982 0.0 
4.0 189.4784 191.8174 50.476 10.92 651.1388 649.6721 0.0 
3.0 188.5078 195.0964 50.6265 7.88 653.8621 656.1554 0.0 
1.0 193.8313 183.1717 49.3931 6.74 652.46 652.84 83.0 
1.0 192.3606 188.2921 48.9873 9.37 654.1404 655.4639 0.0 
4.0 191.816 183.7468 48.6022 15.39 650.595 652.3085 0.0 
3.0 184.1987 190.9224 50.2971 14.56 655.7293 652.9091 0.0 
1.0 187.4579 193.6592 49.8152 7.39 649.9184 648.1747 0.0 
4.0 185.779 195.2133 49.7016 4.92 658.3341 654.3582 0.0 
3.0 192.6177 194.7417 48.8127 22.06 651.9763 650.9926 0.0 
2.0 183.2319 186.0103 48.4104 4.84 658.8916 654.4196 0.0 
3.0 186.6782 185.7276 48.6788 9.26 658.8255 658.8435 50.0 
1.0 194.1445 197.1391 49.5047 5.49 666.142 666.525 0.0 
4.0 189.6066 195.7457 49.3936 5.23 659.2497 660.0694 0.0 
3.0 190.4067 193.5536 49.8493 17.27 666.2067 663.5749 0.0 
1.0 195.6095 195.3326 48.4972 13.69 664.0176 661.1019 48.0 
1.0 186.0243 184.6987 48.951 5.27 659.6194 654.5769 33.0 
4.0 182.7164 182.117 48.3913 9.77 656.6725 655.8755 0.0 
3.0 193.3583 194.1821 49.3684 15.34 658.6805 657.4989 0.0 
1.0 187.0153 193.1955 48.9714 5.95 655.5436 654.5754 0.0 
2.0 194.0687 183.7201 49.1175 4.03 655.1098 653.3247 0.0 
4.0 186.5731 192.6952 49.8794 12.34 655.6729 655.1358 0.0 
3.0 186.2616 181.3167 49.0262 6.86 656.6071 653.1652 99.0 
1.0 180.0929 192.248 49.22 4.9 646.8171 646.2245 0.0 
4.0 190.9258 187.2139 49.0621 5.02 654.8811 655.4784 0.0 
3.0 184.4963 185.9577 50.6266 10.83 654.2198 654.1286 0.0 
2.0 193.1573 186.4891 49.279 4.5 656.006 657.194 0.0 
4.0 186.9879 195.2956 49.9224 9.51 660.6347 656.5599 0.0 
3.0 191.2208 187.8228 48.9687 8.57 656.1855 658.2848 0.0 
1.0 181.739 194.9377 48.7625 18.06 650.0986 649.1872 0.0 
4.0 191.0034 190.268 49.2676 11.32 655.8904 661.5445 0.0 
3.0 188.2569 190.6736 50.4831 8.93 660.2238 654.5042 0.0 
2.0 183.62 194.4798 49.4935 7.06 655.4898 653.2907 0.0 
4.0 177.7497 182.9551 48.3667 3.59 657.7924 651.0666 0.0 
3.0 186.984 194.5381 50.0264 9.79 657.1112 664.2612 0.0 
1.0 184.5672 181.6466 47.876 14.68 653.9439 653.3678 0.0 
4.0 188.9253 193.5243 49.4814 7.15 656.677 663.5945 0.0 
3.0 184.1904 179.6686 49.175 8.36 662.7809 655.5026 0.0 
3.0 192.7747 184.7749 48.9795 7.07 657.491 653.0276 0.0 
1.0 190.271 195.1655 49.4301 5.41 658.1588 655.8679 0.0 
1.0 185.1013 194.9688 49.6723 22.75 656.767 656.0312 0.0 
4.0 186.2478 192.6584 49.691 4.7 654.6579 655.3629 0.0 
3.0 191.8794 194.1375 48.8827 6.4 656.136 654.1198 0.0 
1.0 190.2729 183.9898 48.2532 8.6 651.8037 651.4002 0.0 
2.0 184.5206 182.5248 48.4753 14.06 656.9825 652.1482 0.0 
4.0 190.3027 194.6553 49.3835 13.35 657.6236 658.4807 0.0 
3.0 185.4734 185.3229 48.8072 11.23 657.0939 654.481 0.0 
1.0 192.4328 194.2315 49.2527 14.18 669.4836 667.5166 0.0 
4.0 190.4021 183.6004 48.8209 7.7 657.3586 658.1823 0.0 
3.0 188.0388 187.5613 49.5358 9.32 655.9104 654.0726 0.0 
3.0 193.5055 195.0216 50.5889 20.83 653.8037 656.1943 0.0 
1.0 186.9699 182.1166 49.5246 5.09 653.78 651.37 0.0 
1.0 194.0635 181.7729 48.8631 13.23 653.8296 654.0202 0.0 
4.0 191.1421 195.4871 48.5873 13.46 652.8342 652.3973 114.0 
3.0 184.3502 191.8476 49.9119 14.01 653.8279 655.6256 0.0 
1.0 185.9866 193.4632 49.4047 5.14 652.5183 647.0008 0.0 
3.0 187.4166 193.0744 49.871 5.48 657.9537 652.5929 0.0 
1.0 187.2844 193.2998 48.7208 9.72 653.2299 651.0921 0.0 
1.0 190.6834 191.705 49.0003 11.33 659.6237 660.3472 0.0 
4.0 191.1098 184.9465 49.0491 5.69 660.5807 658.4096 0.0 
3.0 192.5505 192.7309 49.6035 14.06 653.2546 652.7186 26.0 
1.0 186.9217 195.2984 49.8344 128.4 655.0086 652.36 0.0 
3.0 192.4568 188.5481 49.3371 5.05 663.3 655.7129 0.0 
1.0 190.0423 192.4803 49.9317 6.81 656.9778 654.3425 0.0 
1.0 190.0191 194.0463 49.3852 4.36 657.8878 651.7144 0.0 
4.0 185.0274 194.488 48.8796 8.33 655.431 651.3531 78.0 
3.0 189.584 191.45 48.6836 20.22 655.6795 657.3532 0.0 
1.0 192.0105 186.5723 47.9867 7.73 651.6393 652.7494 0.0 
3.0 194.0387 182.9438 48.7489 21.06 657.4255 658.8318 0.0 
1.0 184.7067 193.1509 49.9643 6.07 655.983 655.2458 0.0 
1.0 192.3602 196.2199 50.4102 18.45 658.6105 659.7969 0.0 
4.0 185.3009 194.8078 49.0952 11.11 657.4767 660.7464 0.0 
3.0 189.7861 184.5032 49.0915 11.54 659.2635 657.4177 0.0 
1.0 194.3786 196.9361 48.1774 15.24 652.6608 652.3269 0.0 
4.0 179.9628 182.1032 48.4688 7.32 656.084 658.6079 0.0 
3.0 186.2242 182.5529 48.3603 7.89 660.8843 659.8244 0.0 
2.0 189.4068 194.1119 49.591 9.85 657.4385 659.9087 0.0 
3.0 185.4451 197.3295 49.2498 12.92 656.8665 664.7311 0.0 
1.0 192.1674 198.5327 50.4901 11.59 674.0383 668.4493 0.0 
4.0 187.0958 183.5904 48.3024 8.07 658.4995 656.6495 0.0 
2.0 185.6304 192.7108 49.3764 5.91 656.3353 653.2324 0.0 
4.0 187.5768 184.6382 48.5265 8.01 655.2604 655.4206 10.0 
3.0 186.6137 193.9531 49.4009 7.27 657.7324 654.7227 0.0 
1.0 186.9559 182.963 48.2906 19.86 656.5401 653.5638 0.0 
4.0 189.9554 194.757 49.7676 9.41 654.4656 656.1747 0.0 
3.0 187.907 180.4839 48.3565 21.15 657.0766 659.8787 0.0 
3.0 186.5809 194.7337 49.4259 9.38 657.9002 657.9386 113.0 
1.0 187.4326 182.8716 48.5721 8.17 662.745 657.283 10.0 
1.0 185.8404 183.6896 48.5213 8.52 655.4053 660.367 128.0 
4.0 190.0123 182.8631 48.7819 67.74 654.5199 659.2959 0.0 
3.0 187.0107 191.9956 49.6641 12.61 655.6989 657.024 77.0 
1.0 186.8487 192.0171 49.0261 5.75 657.2045 649.9529 0.0 
2.0 191.5524 196.3495 49.0911 8.72 653.1066 654.125 0.0 
4.0 190.3377 185.7245 48.9611 11.5 661.5927 654.9411 177.0 
3.0 185.0412 194.9661 49.4988 9.98 655.234 654.261 0.0 
1.0 200.1055 196.0726 48.8904 7.26 667.7113 668.8784 0.0 
4.0 187.3383 194.024 49.4792 5.53 655.4301 658.3664 0.0 
3.0 188.9273 175.3494 48.7051 8.97 656.4861 650.1698 0.0 
1.0 187.352 185.3689 48.6901 10.11 659.8427 654.626 0.0 
2.0 193.47 202.72 48.97 11.86 656.55 654.19 0.0 
4.0 186.521 182.9749 48.5129 8.61 659.7947 657.5392 0.0 
2.0 186.9686 195.7237 48.9884 11.05 658.94 654.3997 0.0 
2.0 196.3131 196.4561 49.7137 18.59 656.4472 658.41 0.0 
2.0 181.3643 196.0812 50.1032 4.94 658.4712 657.4712 0.0 
2.0 184.9306 187.9313 49.3845 9.38 657.2222 655.8211 16.0 
4.0 181.7109 194.0483 49.7557 11.41 654.5233 646.4951 0.0 
3.0 189.6368 176.4128 48.9542 9.77 656.3441 658.9731 200.0 
1.0 188.2182 193.5605 49.9575 13.08 650.7623 651.2769 0.0 
4.0 193.967 186.8289 49.4464 15.34 653.5066 655.8488 0.0 
3.0 189.1273 191.5212 50.7075 14.82 662.5805 656.0823 0.0 
3.0 184.2913 190.8734 49.5647 10.71 663.0855 663.7408 0.0 
1.0 182.3009 183.5161 49.0427 11.75 659.9462 662.0546 0.0 
1.0 184.0327 182.8445 48.6254 7.55 659.5093 658.5202 0.0 
4.0 175.6611 178.1893 47.995 12.02 653.8545 657.1366 0.0 
3.0 187.2715 189.678 49.6783 7.8 657.9813 657.3726 0.0 
1.0 187.4631 191.0065 49.1473 6.13 656.4274 651.2148 0.0 
4.0 188.0359 181.9214 48.5681 7.86 656.7541 662.6751 0.0 
3.0 186.5334 184.629 48.567 10.54 658.0434 661.1272 0.0 
2.0 186.5187 194.9357 49.9677 133.31 657.6989 656.3608 0.0 
3.0 185.9944 197.6728 49.2725 13.39 658.7612 665.5383 0.0 
1.0 190.2613 199.6564 50.13 10.78 675.894 669.0063 0.0 
4.0 189.2133 185.4786 48.5624 5.02 659.8549 656.7849 0.0 
2.0 186.7302 184.2647 48.5732 9.91 654.8652 659.7194 0.0 
4.0 183.8302 193.5698 49.5483 6.31 656.6817 659.3252 0.0 
3.0 187.6337 188.0729 48.6174 7.97 657.3383 656.0694 0.0 
1.0 184.6658 192.8801 48.6181 10.95 649.5907 654.5095 113.0 
4.0 188.1554 182.7898 48.943 5.93 660.7454 656.0301 0.0 
3.0 188.6179 189.9405 49.7522 4.23 657.8921 654.6707 0.0 
3.0 186.784 193.7689 49.5081 3.55 651.9719 656.4687 0.0 
1.0 185.237 184.6397 49.135 11.32 653.8293 657.5825 0.0 
1.0 186.5141 185.0469 49.3784 30.12 658.4538 658.6303 0.0 
4.0 185.9152 185.0279 48.9032 17.89 657.2063 659.3677 0.0 
3.0 189.3425 190.6511 49.2071 19.9 658.7428 652.489 0.0 
1.0 185.2443 195.1559 49.4128 7.25 655.7847 651.8101 0.0 
1.0 193.4534 193.5335 48.8728 6.69 661.5542 659.9167 0.0 
2.0 182.6369 182.2021 49.4666 5.09 659.8347 657.6744 0.0 
4.0 186.9602 182.8042 48.7794 4.85 654.7744 658.0739 0.0 
2.0 194.8712 196.5978 49.3386 7.16 654.4016 654.0223 0.0 
2.0 182.951 191.2391 49.5709 36.45 655.9223 658.3158 0.0 
2.0 180.1062 194.095 49.8309 5.28 656.4573 651.1411 0.0 
4.0 190.9781 188.2443 49.1895 4.93 653.1162 650.2199 0.0 
3.0 194.9942 186.4284 49.0886 11.64 656.154 654.4312 0.0 
2.0 188.2563 193.841 50.0575 11.65 652.4842 654.581 0.0 
3.0 188.3147 196.378 49.7256 10.81 658.441 658.648 0.0 
1.0 194.1529 197.5531 51.7923 20.68 667.6738 669.9684 0.0 
4.0 186.6376 188.5649 48.8522 5.13 654.7687 648.9013 0.0 
4.0 185.9604 186.776 49.1792 12.78 656.4433 654.9475 0.0 
3.0 184.9032 187.5795 49.4988 8.36 655.36 651.35 0.0 
2.0 187.4953 190.9208 53.144 12.26 652.7468 655.6544 0.0 
3.0 187.921 195.0494 49.6255 7.27 654.2053 660.2097 0.0 
1.0 194.9261 191.5756 52.6228 37.34 665.9337 665.4378 0.0 
4.0 192.272 187.3744 48.657 15.89 658.3539 649.0005 0.0 
1.0 184.7208 194.9402 49.4986 12.69 659.4557 653.4121 0.0 
2.0 190.7497 194.5423 49.2467 7.03 651.0908 647.918 0.0 
4.0 185.8334 194.0407 49.1295 8.29 657.5476 657.3684 0.0 
2.0 187.3441 185.6435 48.4409 12.54 657.9184 657.7095 26.0 
2.0 188.2659 192.4475 48.5133 8.06 654.0299 653.5714 0.0 
2.0 180.9224 181.4519 49.4708 5.49 658.7109 657.1305 0.0 
3.0 187.844 197.3545 49.5403 14.36 662.3832 662.2288 43.0 
1.0 189.8392 182.2937 48.4264 9.78 664.5592 657.6921 0.0 
1.0 185.3721 186.5052 48.485 16.8 656.6166 658.4802 0.0 
4.0 187.5273 180.7164 48.0728 8.47 654.8398 654.7621 0.0 
3.0 185.7334 192.6081 49.2674 4.94 657.8162 660.5972 0.0 
1.0 187.1645 193.2048 48.9433 4.3 658.7485 650.6612 0.0 
4.0 186.4472 183.5937 48.5389 7.87 657.5617 652.6533 0.0 
3.0 188.0259 186.0571 48.8627 8.08 655.2529 654.5557 6.0 
2.0 187.647 193.1138 49.3805 2.23 658.7206 654.9082 0.0 
3.0 188.4236 195.4334 49.2795 4.81 660.925 655.0257 0.0 
1.0 194.2248 199.4195 50.2663 15.04 668.0291 670.0042 0.0 
4.0 188.6849 185.9386 48.2694 7.47 655.3625 658.9431 0.0 
4.0 187.5568 182.5078 48.7527 6.26 654.4752 659.4172 283.0 
3.0 187.2417 185.2169 48.8877 4.77 659.1274 659.4949 470.0 
2.0 188.2929 195.6164 49.5844 8.3 656.9975 658.6456 0.0 
3.0 184.5099 195.9096 49.0729 11.33 655.8112 659.6617 54.0 
1.0 190.1549 197.6237 50.1549 6.04 668.3966 666.2894 173.0 
4.0 189.1364 186.3258 48.1777 5.54 658.5289 655.9834 0.0 
3.0 187.4387 181.0096 48.6033 13.07 654.6152 657.1684 0.0 
1.0 183.3387 193.818 49.3786 16.67 656.8617 657.6526 115.0 
1.0 182.1736 194.2247 50.13 14.14 657.2815 658.9409 0.0 
4.0 181.2012 192.9754 50.1094 10.2 658.1057 660.9291 0.0 
3.0 184.022 172.8608 48.9242 13.61 657.7826 654.1863 0.0 
1.0 184.0851 177.3819 48.3798 12.06 654.6208 649.1816 0.0 
3.0 189.232 180.776 49.1384 11.64 661.2131 655.2882 0.0 
1.0 186.4027 194.7036 49.7438 14.56 661.3601 657.9855 0.0 
1.0 183.8391 194.6334 49.8547 11.06 657.2377 656.3416 0.0 
4.0 182.7207 193.7051 49.3122 10.48 658.3841 653.283 0.0 
3.0 193.4314 187.8618 49.5881 25.95 657.5931 661.8416 0.0 
1.0 189.4348 186.4648 48.4148 18.33 653.3385 656.8297 0.0 
1.0 187.122 193.5371 49.2535 6.17 653.2325 652.6715 0.0 
2.0 187.0045 194.8353 49.4088 7.93 661.5228 653.8612 0.0 
4.0 186.9345 194.3482 49.3154 5.28 654.7941 660.6111 0.0 
2.0 191.8623 187.9904 48.7906 5.58 660.8951 660.9141 0.0 
2.0 185.4972 184.2115 48.8946 12.05 656.1473 660.4305 0.0 
2.0 178.7318 184.1849 48.7595 12.23 660.3795 649.2623 0.0 
2.0 193.1072 195.8093 48.9812 7.38 657.5829 657.9088 0.0 
4.0 186.0227 193.9426 49.8475 8.9 660.04 652.79 0.0 
3.0 185.2469 185.254 48.3174 9.86 655.5038 658.5017 0.0 
1.0 192.1997 195.2657 49.0446 12.93 649.9678 649.3404 0.0 
4.0 191.8145 182.5936 48.7862 9.61 653.4399 657.7988 0.0 
3.0 190.1353 188.1661 49.5675 10.66 662.3989 653.9539 26.0 
2.0 193.5695 186.4667 49.5147 13.65 656.6761 656.5429 0.0 
4.0 184.9426 192.9301 49.854 6.58 653.21 649.4603 93.0 
3.0 189.6368 182.4725 48.8003 6.6 654.0875 654.8609 0.0 
1.0 185.0072 191.7228 49.1538 25.11 648.261 648.4827 0.0 
4.0 193.029 187.3016 49.3029 10.59 652.8573 655.7228 0.0 
3.0 187.5544 185.9809 50.3955 8.56 658.8383 653.9663 0.0 
2.0 188.4054 189.3637 48.6352 13.54 660.5787 660.5706 0.0 
4.0 187.1805 194.9037 49.5249 9.09 661.4103 656.0173 0.0 
3.0 187.8478 185.5095 48.5851 10.6 654.6748 660.9723 0.0 
1.0 186.3581 192.7042 48.4386 9.28 649.2575 648.2747 0.0 
4.0 187.8118 185.8253 48.1517 10.22 657.0781 659.9756 0.0 
3.0 187.181 193.3916 49.8721 50.95 657.3735 651.9069 0.0 
