1.0 184.5402 192.4331 48.0689 13.13 655.6647 655.7238 0.0 
2.0 182.1758 185.0121 48.9319 10.85 656.4339 663.1402 29.0 
4.0 186.0456 180.498 48.9503 12.65 660.5637 657.851 0.0 
2.0 183.1434 180.2051 49.4131 11.23 660.0639 660.4193 0.0 
2.0 188.1892 186.6326 48.9589 20.15 661.8165 658.6668 0.0 
2.0 177.1015 186.3643 50.3753 10.1 653.7734 659.7123 0.0 
1.0 188.0057 181.6958 48.8716 16.04 660.1252 656.8567 0.0 
2.0 180.12 183.16 50.09 13.33 653.47 665.0 0.0 
4.0 182.1784 184.6128 49.6952 11.25 664.1257 663.2739 0.0 
2.0 168.8975 172.954 48.3235 19.6 660.3309 658.2961 0.0 
2.0 170.7524 176.8334 47.9435 16.67 659.1732 656.2271 0.0 
2.0 167.4985 176.6601 48.9688 4.73 656.7613 661.4769 0.0 
1.0 190.0617 192.5928 48.8427 12.35 658.0318 654.5923 0.0 
2.0 195.9063 195.2292 49.9172 7.26 656.7918 658.3358 0.0 
4.0 190.8087 191.5554 49.147 6.12 655.973 660.0162 0.0 
0.0 -29.2731 8.2161 9.6677 0.0 0.0 0.0 0.0 
0.0 -34.8211 0.5664 15.1405 0.0 0.0 0.0 0.0 
0.0 -42.8264 8.7028 11.2983 0.0 0.0 0.0 0.0 
1.0 184.7684 185.494 48.3282 48.03 660.0812 657.8101 0.0 
2.0 177.5441 180.6435 48.8442 15.68 656.1054 664.1105 114.0 
4.0 186.6549 181.9128 48.4428 8.46 666.596 659.7112 152.0 
2.0 191.9951 187.0087 49.5779 9.78 661.4612 660.6639 0.0 
2.0 183.1155 184.4216 49.2386 20.06 660.9435 657.2561 0.0 
2.0 180.3125 185.1425 50.2336 14.02 652.9872 662.6576 0.0 
1.0 174.1467 182.9391 48.3298 7.16 655.6644 657.1193 0.0 
2.0 181.8531 180.8893 48.712 6.53 656.103 659.3968 59.0 
4.0 175.3016 177.8679 48.5664 8.21 658.1897 656.7014 0.0 
2.0 183.9642 181.4739 50.3856 11.35 658.5043 656.2113 0.0 
2.0 181.5937 184.1371 48.9056 18.01 657.9061 660.0261 0.0 
2.0 180.7088 181.7726 49.95 8.8 653.8194 657.9959 0.0 
1.0 179.1205 181.2158 48.5786 5.54 662.4606 654.2299 0.0 
2.0 173.286 179.9622 48.6379 10.18 653.5174 657.7679 0.0 
4.0 179.8507 176.4163 48.6091 19.04 653.048 657.4828 0.0 
2.0 185.4451 187.9717 49.179 6.82 657.6852 657.1171 0.0 
2.0 186.229 185.4775 48.8507 12.45 654.9795 658.2785 25.0 
2.0 182.9354 184.2994 49.7012 6.14 652.9251 657.1295 39.0 
1.0 178.4606 182.8162 48.1423 9.87 658.3373 659.5786 0.0 
2.0 182.453 182.9402 49.0281 7.64 660.0643 659.6745 19.0 
4.0 184.5624 189.4567 48.3273 27.16 660.2673 660.2835 0.0 
2.0 185.1177 184.6166 49.7991 5.79 663.6797 660.3362 0.0 
2.0 184.5194 187.7027 48.6559 20.15 658.4616 662.4888 0.0 
2.0 188.6462 188.6073 50.2382 18.6 655.924 659.0386 0.0 
1.0 189.2967 185.1351 48.2267 3.9 662.1778 655.4344 0.0 
2.0 189.5899 193.9577 49.2887 82.19 657.4462 660.4745 22.0 
4.0 179.0468 180.0477 48.7209 8.09 655.225 662.58 0.0 
2.0 189.257 194.3125 49.7405 5.18 656.9843 663.85 0.0 
2.0 197.3434 195.0884 48.938 19.22 659.8466 657.8301 0.0 
2.0 181.5873 187.8798 49.5462 5.93 657.4223 657.9537 0.0 
1.0 174.5865 180.5156 48.1643 8.67 658.9399 657.8556 0.0 
2.0 176.2739 188.5663 48.6607 8.1 657.2137 665.65 0.0 
4.0 178.7692 184.685 48.7901 15.82 663.1536 661.3711 154.0 
2.0 183.24 182.1297 49.3783 12.4 661.3701 658.3907 0.0 
2.0 188.6721 184.1192 48.9447 12.54 664.152 659.9169 0.0 
2.0 181.9217 184.8837 50.2441 25.36 654.6614 667.3034 0.0 
1.0 182.18 190.3691 50.1644 37.67 663.0862 657.1197 0.0 
2.0 184.12 189.29 49.78 8.49 656.0 658.28 0.0 
4.0 184.2637 190.9521 49.4273 5.24 659.8448 663.7752 0.0 
2.0 181.2634 178.6759 48.8783 23.94 657.6774 661.936 0.0 
2.0 184.1338 183.3198 48.1575 7.87 659.7358 658.6526 0.0 
2.0 184.6895 174.5427 49.2639 15.15 658.3832 660.412 0.0 
1.0 184.9148 190.1369 48.1791 8.12 660.0994 656.6404 0.0 
2.0 178.5328 184.1777 49.6424 10.42 656.5431 664.5149 0.0 
4.0 179.7058 182.5897 48.5254 12.75 661.429 657.8699 0.0 
2.0 188.987 187.4493 49.4962 7.12 660.275 659.7014 0.0 
2.0 186.9656 186.6154 48.6448 19.44 662.0245 658.3976 7.0 
2.0 183.6271 185.5716 49.6037 15.96 654.1949 663.1258 0.0 
1.0 179.6782 187.3588 48.4019 6.86 659.5643 657.4199 0.0 
2.0 187.9947 188.752 48.5318 10.53 657.4893 660.3196 9.0 
4.0 182.6502 184.4511 48.8263 21.85 656.5265 660.8622 0.0 
2.0 192.8943 191.6008 49.6058 4.01 659.8748 661.8856 24.0 
2.0 192.6929 192.3706 48.8854 11.41 660.7978 658.3827 0.0 
2.0 189.1537 190.8758 50.2898 15.41 656.7595 658.1448 0.0 
1.0 188.0895 186.0694 49.219 10.56 663.2245 656.7399 0.0 
2.0 185.4648 189.7388 49.8627 24.27 658.6835 659.7869 0.0 
4.0 180.2794 186.2662 51.1427 10.22 658.1096 661.3496 0.0 
2.0 177.3573 177.5475 49.2308 271.26 657.4175 660.9934 0.0 
2.0 183.9602 183.2566 47.9192 7.82 660.2816 659.5704 0.0 
2.0 178.8725 174.2735 49.4087 10.83 658.9759 659.7635 0.0 
1.0 168.9026 178.49 48.8073 8.74 663.0066 658.1496 0.0 
2.0 170.0084 181.1723 49.4368 16.37 657.2008 663.3784 0.0 
4.0 173.9477 179.4251 48.4304 9.53 660.1349 660.43 38.0 
2.0 183.7264 183.2978 49.8869 10.47 657.7246 661.1312 0.0 
2.0 183.968 179.9734 49.345 15.52 661.3753 659.1992 59.0 
2.0 180.7799 183.271 50.1772 8.3 657.8333 661.2439 0.0 
1.0 184.0795 183.9822 49.2223 19.8 661.3207 657.907 0.0 
2.0 184.9784 188.1058 49.8045 16.95 659.704 662.7172 37.0 
4.0 182.3014 187.6328 50.1368 11.69 658.7543 661.1251 0.0 
2.0 175.1703 181.7591 49.0724 12.08 656.8308 661.7987 0.0 
2.0 185.2548 183.3751 48.2498 8.72 662.9522 658.8807 0.0 
2.0 181.3184 178.3859 49.1826 5.45 659.4111 661.4318 0.0 
1.0 175.3614 179.8641 48.2906 7.34 662.9378 656.818 0.0 
2.0 173.475 184.6411 48.9702 4.65 660.9687 656.6908 0.0 
4.0 170.9801 180.0477 48.7501 13.91 656.0761 662.63 0.0 
2.0 180.1329 182.816 49.7546 12.36 657.2406 660.5774 0.0 
2.0 187.0107 183.638 49.0141 10.23 659.0404 660.948 0.0 
2.0 183.7972 184.3076 50.1296 8.81 662.1497 658.4312 0.0 
1.0 184.2797 185.2471 49.5715 6.32 659.5116 655.4234 0.0 
2.0 183.333 181.116 50.4935 6.26 655.934 664.2501 0.0 
4.0 181.4581 186.2938 49.5076 24.24 660.5337 658.491 0.0 
2.0 178.842 180.7742 49.0033 14.77 659.7571 660.2313 0.0 
2.0 175.5797 181.8417 47.7599 8.85 663.2895 655.3817 0.0 
2.0 179.3278 176.4939 49.4221 141.77 656.1641 665.1275 0.0 
1.0 186.0218 194.846 49.3176 4.18 657.5537 657.5483 0.0 
2.0 185.04 193.18 49.66 9.4 654.37 660.85 0.0 
4.0 183.565 195.9265 49.3283 23.46 660.7772 659.9354 19.0 
2.0 185.2251 186.1584 48.7082 6.64 657.8944 657.4379 0.0 
2.0 187.4007 179.5688 48.0933 8.05 661.5208 657.3622 0.0 
2.0 184.3772 179.257 48.2351 12.5 652.1204 662.5907 104.0 
1.0 173.0918 177.907 48.0402 11.78 663.4253 656.3868 79.0 
2.0 172.6022 175.3991 49.1918 6.57 656.9709 659.5597 0.0 
4.0 174.2567 184.2123 48.5429 9.72 664.849 663.3361 163.0 
2.0 183.2929 182.6538 49.5327 5.84 654.7236 660.5987 8.0 
2.0 181.2753 184.0425 48.8721 12.11 661.695 657.8549 0.0 
2.0 184.501 180.2908 50.2596 10.23 659.2399 658.933 0.0 
1.0 172.3257 175.4635 48.1883 3.84 659.3497 659.6927 0.0 
2.0 178.604 172.3921 48.4635 12.78 661.0593 661.5832 0.0 
4.0 178.0202 185.5524 48.7519 18.44 662.8024 661.7029 0.0 
2.0 181.788 181.4048 49.9064 5.27 665.5799 659.9151 0.0 
2.0 180.5957 184.4018 48.9575 75.24 659.7197 661.3451 0.0 
2.0 182.3261 182.4462 50.4183 16.37 655.0537 661.4685 0.0 
1.0 180.0969 183.7438 49.5206 13.23 656.4914 660.3497 0.0 
2.0 181.687 183.0762 49.7977 5.89 658.0534 658.6567 10.0 
4.0 181.8813 185.3693 49.7406 10.11 658.2398 658.1339 0.0 
2.0 180.5024 182.0264 50.0586 8.71 670.43 654.8083 40.0 
2.0 176.2984 177.8646 47.7763 8.59 659.2053 663.5654 0.0 
2.0 173.1756 182.924 49.637 7.72 651.251 660.5643 0.0 
1.0 177.0224 182.5836 48.4413 14.44 660.2765 663.6586 0.0 
2.0 175.7151 179.4741 49.9339 140.76 660.1456 662.0207 0.0 
4.0 174.8809 179.3015 48.7814 13.52 658.5712 659.9588 0.0 
2.0 185.6852 182.6075 49.6887 13.75 666.4732 655.8942 70.0 
2.0 185.2694 182.6062 48.7114 7.27 661.1621 664.0062 216.0 
2.0 180.7593 185.0428 49.7182 25.24 657.03 661.6455 0.0 
1.0 183.2214 187.3627 49.2775 6.98 657.793 655.4385 0.0 
2.0 184.1119 191.5737 49.6472 16.19 655.981 663.0475 0.0 
4.0 185.8148 184.9236 50.0001 12.59 659.3555 658.3097 0.0 
2.0 174.0867 177.3315 49.133 11.6 658.0563 658.587 0.0 
2.0 174.6029 178.9775 48.3876 15.13 659.6254 657.6198 0.0 
2.0 171.7099 179.3106 49.4044 30.78 654.1561 662.6625 0.0 
1.0 182.1189 182.3681 49.4834 9.59 664.1558 655.8729 0.0 
2.0 179.9336 189.8019 49.9162 18.55 655.6699 660.1834 0.0 
4.0 175.8398 187.2167 49.8663 6.84 656.0361 662.3597 0.0 
2.0 178.878 173.2422 48.2654 16.26 660.543 660.2521 0.0 
2.0 181.8549 176.0611 48.1774 47.24 660.3032 659.0054 0.0 
2.0 181.71 170.6239 50.2307 14.4 660.093 656.1896 103.0 
1.0 185.5253 184.6852 48.6016 5.0 655.2189 658.3208 52.0 
2.0 179.9876 181.9242 48.8571 5.75 657.9136 655.931 56.0 
4.0 182.0946 186.4794 48.9054 4.06 657.7839 659.3611 0.0 
2.0 187.0581 190.5731 49.5519 7.02 662.1321 655.3331 0.0 
2.0 189.1866 192.8802 48.739 11.05 659.384 660.3627 0.0 
2.0 185.833 193.6726 49.8506 7.34 654.2906 659.5757 0.0 
1.0 182.5241 187.5185 48.9623 6.28 658.3622 661.1233 0.0 
2.0 187.05 185.87 49.51 9.49 660.22 657.68 0.0 
4.0 185.9728 187.4741 48.8624 7.75 658.9526 659.9153 0.0 
2.0 181.3688 180.2017 48.5972 5.58 662.6095 656.4416 0.0 
2.0 180.5964 183.8126 48.0791 12.01 659.6873 661.4855 41.0 
2.0 182.9298 181.6241 48.4965 14.49 656.5952 660.5781 0.0 
1.0 177.8278 181.5069 49.0048 23.35 660.0897 655.3725 61.0 
2.0 181.7648 185.7132 49.0709 10.54 655.9063 658.8035 106.0 
4.0 182.1827 186.1431 48.2873 11.99 658.0692 661.7113 0.0 
2.0 185.2069 187.0213 49.0145 8.2 655.3152 662.5906 12.0 
2.0 188.209 190.2966 48.7087 12.13 660.9876 661.5375 0.0 
2.0 185.488 187.4283 49.7477 6.88 658.1623 656.8758 0.0 
1.0 187.1486 194.3075 49.1604 5.51 655.4774 658.4246 0.0 
2.0 187.9947 194.1884 49.5178 9.31 661.5407 658.4142 0.0 
4.0 189.2552 195.0553 49.3072 12.73 660.4602 658.6704 0.0 
2.0 186.4711 184.3406 48.6343 5.89 660.6237 656.6341 0.0 
2.0 185.8098 182.0557 47.8978 10.28 655.9903 660.0922 28.0 
2.0 186.4349 185.7338 50.6914 66.39 655.0244 658.0864 20.0 
1.0 186.2239 182.6153 49.3737 10.27 656.8028 661.4491 0.0 
2.0 177.9923 184.8461 49.9926 11.47 658.7535 659.2968 19.0 
4.0 181.8276 180.3548 49.7544 15.07 658.1697 656.5311 0.0 
2.0 178.0145 174.4597 49.349 13.51 661.1029 657.4463 0.0 
2.0 174.0699 182.2178 47.8477 13.96 661.6002 662.4891 0.0 
2.0 169.0229 174.2334 49.5102 7.4 653.1944 663.8455 0.0 
1.0 177.5795 185.2701 48.1592 11.23 660.062 661.377 0.0 
2.0 176.8395 183.6332 48.8865 5.16 656.5719 660.1239 0.0 
4.0 177.4445 182.8873 48.4942 11.32 660.1349 661.1818 0.0 
2.0 184.8385 185.0135 49.7665 5.37 659.8649 657.916 0.0 
2.0 183.3503 184.2754 48.7602 9.55 659.631 661.1278 0.0 
2.0 181.7184 182.9757 49.9987 8.05 654.0223 660.9794 0.0 
1.0 189.616 191.2527 48.6783 12.79 658.0263 653.9905 0.0 
2.0 189.3953 193.3442 49.4113 4.36 657.4622 658.6435 0.0 
4.0 186.9231 193.8191 49.8829 39.54 656.2796 660.1833 0.0 
2.0 183.2549 185.8747 48.641 10.7 656.7122 660.099 0.0 
2.0 189.256 185.9537 48.2498 13.15 657.2007 657.678 0.0 
2.0 182.7121 185.7238 48.6701 5.12 658.3269 657.3487 0.0 
1.0 191.023 189.9092 49.4195 4.98 660.4921 657.7535 0.0 
2.0 191.3886 192.5759 49.8132 14.25 659.4634 662.3111 0.0 
4.0 189.1383 190.8681 49.6676 12.6 659.6508 661.5185 0.0 
2.0 182.0663 183.9557 48.7594 7.6 655.693 660.6858 0.0 
2.0 185.2247 194.1776 48.046 6.73 667.9284 662.1815 308.0 
2.0 180.5027 182.7001 48.9163 5.39 658.7186 659.3571 188.0 
1.0 184.1212 181.2451 48.3392 7.43 655.0155 658.156 0.0 
2.0 184.627 184.4111 48.6514 10.46 658.8234 656.301 14.0 
4.0 185.8371 187.5314 48.63 14.83 658.6439 658.9811 0.0 
0.0 -16.7425 -4.2178 19.8819 0.0 0.0 0.0 0.0 
0.0 -31.8028 -1.2954 14.5955 0.0 0.0 0.0 0.0 
0.0 -39.7764 0.0898 12.053 0.0 0.0 0.0 0.0 
1.0 182.4323 185.0418 49.1664 11.62 665.7161 657.8698 0.0 
2.0 186.99 185.42 49.97 15.96 657.47 655.71 0.0 
4.0 180.1038 184.9263 49.2584 14.19 656.737 663.4845 48.0 
2.0 182.8809 178.7052 48.9449 10.68 661.1101 659.6672 0.0 
2.0 183.9499 193.1046 48.3073 12.73 657.3979 660.6414 0.0 
2.0 178.5462 174.9422 49.4157 17.35 660.0735 659.689 0.0 
1.0 183.7165 191.6065 48.1328 4.63 659.8849 658.0351 0.0 
2.0 181.5452 185.0868 48.8841 5.61 655.6078 663.898 0.0 
4.0 179.2535 182.5281 48.5835 9.94 661.8202 658.5017 0.0 
2.0 189.2262 185.1829 50.0947 5.0 658.9833 656.4079 0.0 
2.0 186.0277 186.3779 48.7798 6.09 661.4237 657.2734 0.0 
2.0 181.6738 186.3302 50.1636 9.61 654.2634 663.3119 0.0 
1.0 181.3867 179.1538 48.6154 6.53 661.1347 657.176 0.0 
2.0 189.0864 191.0163 48.6392 14.28 658.8631 661.9543 0.0 
4.0 193.2708 181.2939 48.7405 8.62 657.8077 659.0106 0.0 
2.0 184.6259 184.4398 49.8854 14.59 657.3228 660.1614 0.0 
2.0 190.1949 189.7572 49.3828 17.3 660.7978 660.0339 0.0 
2.0 183.9205 193.4418 50.0167 7.4 659.0598 658.4178 0.0 
1.0 181.1567 185.7063 48.9407 10.79 662.3488 661.8967 0.0 
2.0 182.2371 182.6795 49.6307 12.07 657.6833 657.5264 0.0 
4.0 181.2362 181.1294 49.5817 9.69 656.1663 657.7633 0.0 
2.0 178.836 175.9691 48.5838 7.43 662.5158 658.5233 0.0 
2.0 180.9888 180.7436 48.1765 15.18 660.0973 661.6261 0.0 
2.0 176.1701 179.4998 48.6475 8.32 656.9934 659.2947 0.0 
1.0 182.7359 178.0176 48.9751 11.76 662.8213 658.2568 0.0 
2.0 178.5048 184.0908 48.9752 16.13 661.1238 661.4916 0.0 
4.0 176.8598 182.9079 48.7687 77.03 655.955 661.9035 0.0 
2.0 182.4248 186.8279 49.3489 8.91 658.1586 662.6106 0.0 
2.0 186.3393 185.3782 49.0387 6.59 660.3191 660.2071 0.0 
2.0 182.9972 185.7861 49.9902 8.63 661.1545 661.2145 0.0 
1.0 183.7386 180.9643 49.0488 5.02 657.2197 660.4144 0.0 
2.0 180.5087 187.1789 49.6177 7.17 659.4738 665.2095 93.0 
4.0 185.4934 185.9582 49.9871 24.74 662.0306 659.3016 0.0 
2.0 172.6987 181.8176 48.8302 11.78 663.5413 661.1465 0.0 
2.0 175.7708 178.5577 48.3078 10.83 661.1385 662.2851 0.0 
2.0 181.5401 186.5789 49.4733 16.22 656.4026 662.3402 0.0 
1.0 182.2779 184.1608 49.0503 10.03 662.4116 658.1335 0.0 
2.0 186.045 186.0334 49.476 9.89 659.1623 661.2372 20.0 
4.0 181.991 183.4214 49.1943 9.84 658.0587 661.859 0.0 
2.0 176.9559 181.9042 48.6677 7.18 660.0403 661.09 0.0 
2.0 183.5877 191.405 47.9284 14.29 659.8758 659.7533 0.0 
2.0 170.783 177.4608 48.5663 11.86 660.0735 660.0004 0.0 
1.0 178.38 173.5958 48.53 12.39 662.0309 654.687 0.0 
2.0 185.9525 190.162 48.455 14.51 656.034 661.5804 0.0 
4.0 170.1869 176.1769 49.1553 15.27 655.524 663.7411 0.0 
2.0 180.1228 185.5443 49.3297 5.07 654.5123 665.1889 0.0 
2.0 191.5489 188.5099 49.0015 13.25 665.5475 656.8838 0.0 
2.0 181.2272 184.1802 49.5795 13.02 660.1356 661.4686 0.0 
1.0 174.531 183.9389 48.2516 15.78 661.1966 657.8211 0.0 
2.0 178.1 183.89 48.55 7.92 659.49 660.64 0.0 
4.0 176.9758 183.4198 48.9788 12.09 659.7947 659.7148 0.0 
2.0 182.3769 184.3196 49.6921 4.96 658.3383 661.4132 0.0 
2.0 185.5401 182.1935 49.0205 14.32 659.6194 658.672 0.0 
2.0 187.73 183.1522 50.1747 8.35 658.7643 659.7476 0.0 
1.0 183.9448 186.4186 48.9122 9.47 658.2951 653.5877 54.0 
2.0 182.2146 184.2787 50.071 6.23 651.2301 664.0174 15.0 
4.0 181.9996 186.3382 49.2747 14.37 663.114 659.8257 0.0 
2.0 182.2761 181.9632 48.9999 8.07 656.3013 658.6562 0.0 
2.0 176.4596 180.0744 48.1975 18.02 663.1874 654.0656 0.0 
2.0 178.2606 176.0682 49.3157 6.76 655.2039 661.4115 0.0 
1.0 182.1526 183.8353 48.7701 8.81 659.5253 658.0637 0.0 
2.0 178.4874 185.019 49.5178 5.81 655.4836 664.8827 0.0 
4.0 183.4841 183.8532 49.3702 3.62 664.0936 659.6412 0.0 
2.0 177.5487 178.9154 48.8091 9.45 658.988 656.2991 0.0 
2.0 175.8724 178.1456 48.0276 9.97 663.0024 658.6061 0.0 
2.0 175.6006 179.76 48.7476 5.87 652.6168 662.5602 0.0 
1.0 185.97 186.2559 49.0876 5.53 657.9217 658.2674 36.0 
2.0 191.8372 192.4851 50.7628 10.6 662.6643 659.0768 0.0 
4.0 186.6871 185.3489 50.3829 7.22 656.8775 658.4946 0.0 
2.0 170.7739 173.8086 48.6116 13.06 660.0753 658.0194 0.0 
2.0 181.0525 186.0169 48.2194 34.82 656.9753 657.8347 0.0 
2.0 177.923 179.2295 49.3918 14.55 655.2648 658.5135 0.0 
1.0 180.5548 175.3705 48.7235 6.15 660.3838 656.2092 432.0 
2.0 168.8522 180.1859 48.7533 14.02 654.0963 666.5829 0.0 
4.0 167.5275 168.4409 48.4878 8.25 661.1774 659.638 0.0 
2.0 182.7534 185.1516 49.8232 10.36 660.6047 659.8984 0.0 
2.0 178.4203 185.3086 48.5792 17.15 662.0634 659.5093 246.0 
2.0 181.4296 183.7801 50.2622 9.8 658.7738 667.4546 0.0 
1.0 185.8545 180.1608 48.631 2.23 655.7814 658.84 0.0 
2.0 186.5528 184.7836 48.5563 10.42 659.1936 659.5143 0.0 
4.0 189.5277 181.8838 48.6722 14.41 658.3335 659.2816 0.0 
2.0 187.2606 194.213 50.0261 13.65 662.4937 656.996 0.0 
2.0 186.8769 196.458 49.1491 6.48 657.996 663.4296 0.0 
2.0 187.0623 193.9963 49.9169 9.55 656.3733 659.6442 0.0 
1.0 183.1751 192.7736 48.0776 6.61 658.1048 654.6646 0.0 
2.0 178.2611 183.1547 48.8391 6.34 655.3087 663.114 0.0 
4.0 180.4368 185.9105 48.5105 12.83 659.7209 659.0552 0.0 
2.0 190.6137 188.5642 49.077 11.77 658.7686 659.5719 0.0 
2.0 184.2786 185.4796 48.4402 10.56 660.7306 657.2862 0.0 
2.0 186.9792 186.0937 49.4063 4.48 654.3129 661.9301 0.0 
1.0 183.8721 186.6567 49.1899 8.43 653.717 660.5785 30.0 
2.0 186.8993 190.4211 49.5865 12.03 661.4028 658.2008 57.0 
4.0 188.9868 190.3777 50.3404 5.9 656.414 657.291 0.0 
2.0 179.1441 181.6123 48.7533 9.96 661.8946 656.5601 0.0 
2.0 187.4122 185.4733 47.9585 11.33 659.1999 661.8453 0.0 
2.0 186.8848 189.7979 48.7051 5.28 655.081 660.1318 0.0 
1.0 189.7832 202.4445 48.1609 29.81 658.557 658.2887 0.0 
2.0 186.15 185.26 49.59 58.23 653.92 659.65 0.0 
4.0 187.4024 185.9879 48.5362 10.93 660.0053 656.3261 0.0 
2.0 198.1653 195.3232 49.8992 8.4 657.6281 657.9706 0.0 
2.0 190.6352 193.5572 48.6853 24.19 660.5507 656.9839 0.0 
2.0 189.3335 191.7417 49.6012 7.07 653.3026 661.4183 0.0 
1.0 187.7336 182.1283 48.3411 4.59 660.1677 654.7093 0.0 
2.0 190.3522 190.0469 48.8731 13.58 656.7918 659.709 124.0 
4.0 183.2704 171.5392 49.1702 21.06 658.7311 661.1897 37.0 
2.0 184.2977 189.5212 49.4889 5.79 657.5831 659.7507 0.0 
2.0 188.8518 189.0398 49.3904 17.34 658.9139 657.9421 0.0 
2.0 179.0728 188.9057 50.3875 28.38 656.9378 658.5902 0.0 
1.0 176.544 181.7154 48.3135 6.73 659.9837 655.547 0.0 
2.0 177.3215 181.9082 49.4983 28.86 657.8503 661.8941 0.0 
4.0 181.9919 181.3044 48.5859 14.01 659.2191 662.4836 0.0 
2.0 184.9412 187.2368 49.5779 6.31 659.1555 664.3389 44.0 
2.0 184.0645 184.5998 49.0872 16.94 658.6708 662.4038 0.0 
2.0 183.4504 185.804 50.0167 14.8 658.7967 659.217 0.0 
1.0 184.4796 186.4815 48.6468 12.31 660.072 654.2879 0.0 
2.0 189.9068 188.986 49.6214 12.54 656.8032 660.147 0.0 
4.0 182.8812 185.9706 49.2778 10.27 657.148 661.0491 0.0 
2.0 182.7673 181.7995 49.3073 282.28 658.198 660.9539 0.0 
2.0 186.7829 190.1723 48.198 10.9 660.1652 658.1644 0.0 
2.0 179.9576 183.3646 48.8336 10.08 659.4935 658.5037 0.0 
1.0 188.639 192.6505 48.1516 7.4 662.0511 658.8126 42.0 
2.0 175.3014 182.2705 48.7711 8.64 654.9249 663.0589 0.0 
4.0 177.7031 183.1346 48.4495 5.97 659.0423 659.5779 0.0 
2.0 187.7198 182.716 50.1134 5.16 657.3301 658.7543 0.0 
2.0 181.1996 182.7553 48.7393 14.14 668.7208 658.1331 0.0 
2.0 182.6878 185.6232 49.8882 18.41 654.953 663.2912 0.0 
1.0 185.8427 188.0878 48.024 7.69 660.6405 664.5643 193.0 
2.0 173.1648 182.607 48.7725 14.61 663.467 661.6162 0.0 
4.0 187.6214 192.7631 48.4509 12.29 661.5497 661.5259 0.0 
2.0 189.574 187.3278 50.4197 33.95 665.4092 659.6148 0.0 
2.0 187.3203 184.2846 49.2361 14.37 660.7893 663.3132 0.0 
2.0 191.5604 188.9254 50.2076 18.34 657.565 661.9495 0.0 
1.0 174.4642 175.4408 48.1202 5.16 657.4715 655.0739 12.0 
2.0 168.2366 183.5525 48.8578 19.5 655.9509 662.7126 91.0 
4.0 180.3383 178.5974 48.8319 11.26 664.0065 656.6019 0.0 
2.0 181.8176 186.0766 49.9522 9.8 660.888 657.699 0.0 
2.0 184.4806 187.4714 48.9311 17.31 659.0501 657.4028 0.0 
2.0 178.8453 186.7089 51.4518 15.19 653.7476 663.1581 0.0 
1.0 182.1055 183.0095 48.8083 5.44 654.8701 654.9292 0.0 
2.0 183.1647 185.1572 50.4748 11.0 654.9242 662.9103 0.0 
4.0 181.9629 183.1174 49.309 17.43 658.2339 655.821 0.0 
2.0 180.0986 180.9294 48.7047 6.65 659.6779 658.0147 0.0 
2.0 176.7976 181.7904 48.1004 9.5 660.3725 658.7637 0.0 
2.0 174.2829 183.2982 49.221 5.83 649.8117 660.7563 75.0 
1.0 186.9163 193.3599 49.3252 8.09 659.9791 655.3761 0.0 
2.0 187.69 194.04 50.28 4.9 656.65 658.14 0.0 
4.0 186.9509 193.0147 49.2409 6.09 655.8547 659.4441 0.0 
2.0 186.2566 183.2339 48.5972 6.33 655.9611 659.1937 0.0 
2.0 191.1328 183.0684 48.2859 16.88 659.5418 658.9727 0.0 
2.0 186.8657 183.4518 48.5724 12.7 659.2528 657.8327 0.0 
1.0 169.417 175.4906 48.6884 9.04 657.6904 658.552 97.0 
2.0 178.5642 180.2076 48.928 12.24 660.4035 661.0323 0.0 
4.0 185.5319 191.0727 48.5254 15.47 667.8278 659.0835 0.0 
2.0 182.611 177.1093 49.956 7.91 662.0893 656.7235 0.0 
2.0 181.2015 184.5274 48.8011 22.01 659.5147 661.0336 70.0 
2.0 183.8019 184.184 50.5555 22.38 653.5091 659.8833 104.0 
1.0 178.0168 184.6597 49.6538 5.83 658.306 659.8585 0.0 
2.0 181.8791 190.2004 50.3866 5.67 658.2013 663.0675 0.0 
4.0 180.6424 181.7135 49.8052 11.88 661.1108 657.5894 227.0 
2.0 178.2961 177.1995 48.6343 8.56 660.7222 661.4915 0.0 
2.0 174.6398 177.8783 47.9699 32.48 662.8179 658.645 0.0 
2.0 175.6619 175.5301 49.101 16.62 654.8197 664.607 0.0 
1.0 174.9636 180.9962 47.92 4.37 661.0645 655.0858 0.0 
2.0 176.5393 181.3674 48.7584 5.71 657.9534 658.9167 0.0 
4.0 178.9463 182.6786 48.6976 10.63 658.1196 662.1911 56.0 
2.0 184.5745 183.4174 49.7316 5.85 660.4112 663.4733 52.0 
2.0 182.1349 183.4743 48.7412 9.78 660.107 660.0455 0.0 
2.0 180.3541 182.2832 50.4067 15.03 658.5169 659.5779 0.0 
0.0 -13.488 -2.0531 14.6182 0.0 0.0 0.0 0.0 
2.0 182.1643 184.9755 49.3658 12.99 654.6254 662.0806 56.0 
4.0 182.8078 185.1233 48.8708 11.11 660.3254 656.3401 0.0 
2.0 176.3211 184.1853 48.6765 8.06 656.2846 658.1231 0.0 
2.0 179.821 175.4528 47.8203 12.66 661.9374 656.156 0.0 
2.0 176.1287 179.5239 48.6813 12.86 653.1406 659.3826 0.0 
1.0 179.0601 181.0231 48.2842 9.57 656.6657 657.7224 0.0 
2.0 175.796 182.1488 48.3598 15.53 657.1519 664.6991 0.0 
4.0 182.0354 179.1853 49.0302 7.7 662.7821 657.3678 0.0 
2.0 183.5471 179.7794 49.6628 9.26 657.8882 656.9268 0.0 
2.0 186.0658 182.0158 50.3022 495.56 661.4585 657.5034 0.0 
2.0 183.8525 184.5605 50.5671 276.05 655.3966 662.9067 94.0 
1.0 185.0832 177.2433 48.2977 22.05 661.1059 656.8473 0.0 
2.0 178.7975 188.8598 48.8485 40.68 657.8878 661.0165 0.0 
4.0 176.0477 168.5588 48.8144 24.14 660.5019 662.1794 0.0 
2.0 187.5611 190.814 49.7193 6.24 662.6821 661.4251 40.0 
2.0 191.4754 190.7845 49.3529 9.3 667.6661 667.3683 15.0 
2.0 183.0606 189.0111 50.814 23.83 657.9974 658.3533 0.0 
1.0 179.8181 179.8355 49.0388 4.65 656.9534 657.0514 0.0 
2.0 179.1565 180.7948 49.6707 13.58 660.563 665.44 33.0 
4.0 180.6459 181.8283 49.8151 6.91 658.9338 658.9711 0.0 
2.0 170.2634 168.3678 48.8436 11.6 664.3983 656.6788 0.0 
2.0 168.8812 178.3845 48.2991 17.74 659.2193 661.1961 0.0 
2.0 180.686 172.2728 49.7107 32.79 655.5884 663.7713 0.0 
1.0 183.4186 184.3969 50.1115 28.75 661.3232 658.2594 0.0 
2.0 177.64 181.19 50.13 19.12 653.82 662.08 0.0 
4.0 185.0376 181.8425 49.9399 5.68 662.5617 659.3739 33.0 
2.0 184.8031 187.9581 43.9959 761.59 662.3037 660.9002 0.0 
2.0 175.7718 180.7554 48.2645 45.08 658.9889 662.5333 20.0 
2.0 174.5165 180.825 49.7362 4.69 654.2308 658.1062 0.0 
1.0 179.7907 181.0434 48.5726 29.47 665.0736 659.7517 0.0 
2.0 177.6124 178.763 49.3786 4.33 659.2294 662.3955 137.0 
4.0 177.8966 178.3585 48.7578 10.81 660.2054 662.0122 0.0 
2.0 182.1326 184.6868 49.2189 11.23 658.5495 659.5535 0.0 
2.0 183.0877 183.8248 48.4673 13.76 660.3287 658.1747 52.0 
2.0 177.654 182.2474 50.2036 19.42 657.3493 658.4922 0.0 
1.0 176.4615 185.7884 48.041 216.18 660.9786 655.4592 0.0 
2.0 181.8473 194.117 50.4843 23.94 659.8259 658.013 0.0 
4.0 184.5044 188.2795 49.851 8.23 654.5547 659.8514 0.0 
2.0 171.0321 162.3321 49.0677 16.16 657.0469 657.5603 0.0 
2.0 182.69 192.5883 49.6927 345.62 656.6896 658.305 0.0 
2.0 181.212 178.918 49.7838 33.53 656.6035 655.4937 0.0 
1.0 185.2303 183.0078 48.6236 4.47 657.2504 660.2815 0.0 
2.0 180.4105 179.9128 49.0832 9.17 659.2436 657.9565 0.0 
4.0 184.182 184.0138 48.8496 8.07 656.0061 656.6112 0.0 
2.0 184.8561 191.5365 49.5995 16.35 660.5792 655.0158 0.0 
2.0 185.3397 188.1935 48.5482 5.49 658.9726 659.5801 39.0 
2.0 187.5847 193.6071 50.3813 13.08 657.0715 660.9354 0.0 
1.0 189.0657 181.5012 48.205 6.47 660.7445 657.1453 0.0 
2.0 190.9365 191.9716 48.7267 9.21 658.3687 661.202 0.0 
4.0 183.8647 177.9104 48.6921 11.92 657.2681 661.3121 0.0 
2.0 186.0896 195.2193 49.5825 7.77 659.8748 663.0347 16.0 
2.0 192.7031 195.3532 48.9133 14.31 659.7473 660.3137 0.0 
2.0 185.163 191.417 50.2622 12.88 658.8228 657.7663 0.0 
1.0 182.3633 179.7885 48.7493 6.51 657.7445 654.8554 0.0 
2.0 185.5067 190.7093 48.6939 9.86 658.6031 656.8318 60.0 
4.0 178.3891 181.1585 48.7373 10.17 652.2218 658.5401 0.0 
2.0 183.1818 186.5573 49.9883 7.42 659.9834 659.2788 0.0 
2.0 191.5486 188.9221 49.0983 18.62 655.8041 659.9961 0.0 
2.0 181.783 185.0576 50.4906 133.95 656.6664 657.3097 0.0 
1.0 187.4844 183.8671 48.3074 6.39 654.8895 657.0514 0.0 
2.0 185.9841 186.1623 48.4176 4.76 656.8838 656.8809 19.0 
4.0 186.3419 183.5403 48.7261 13.09 655.604 658.491 0.0 
2.0 186.744 193.7705 49.5033 10.2 657.2535 655.996 0.0 
2.0 189.722 195.5577 48.7106 15.39 655.8081 659.4324 0.0 
2.0 186.9053 194.6071 49.8943 7.75 654.0661 658.034 0.0 
1.0 178.5562 184.9576 48.5994 5.42 658.4303 655.6683 0.0 
2.0 177.07 175.85 49.55 9.18 654.86 663.41 0.0 
4.0 176.9328 180.3967 48.8449 125.13 663.0129 659.4842 0.0 
2.0 186.1042 184.2022 49.7808 5.86 657.7563 656.8954 0.0 
2.0 181.3212 183.0583 49.6338 39.47 661.9089 657.8861 0.0 
2.0 179.4104 184.0911 51.2119 75.4 653.7716 661.0373 0.0 
1.0 181.8335 184.9294 49.3443 5.78 659.7873 663.7407 0.0 
2.0 187.8001 184.7838 50.5326 18.5 661.1198 658.7239 0.0 
4.0 189.0426 186.6669 49.2631 10.0 661.9104 662.8447 0.0 
2.0 180.0033 177.9166 48.6277 10.04 661.9513 660.5691 0.0 
2.0 182.0761 185.2201 48.0413 13.0 660.2609 662.0512 0.0 
2.0 180.9028 187.3984 49.0278 24.99 655.4096 657.2383 0.0 
1.0 177.8165 168.0437 48.5123 7.83 663.1245 653.8595 0.0 
2.0 184.7408 192.1995 48.688 17.88 656.9478 659.9185 0.0 
4.0 187.2145 173.228 48.168 14.63 658.118 660.1816 0.0 
2.0 181.461 185.0746 49.5499 15.52 661.0572 660.0826 0.0 
2.0 186.3116 185.6095 48.8277 17.02 660.856 660.3544 0.0 
2.0 178.4727 192.7301 50.4665 18.12 657.1299 662.8623 0.0 
1.0 176.3877 178.2192 48.3298 13.09 655.5379 657.1485 0.0 
2.0 174.4324 179.4652 49.0646 34.35 655.2029 659.6169 177.0 
4.0 176.3982 175.8601 48.6355 6.67 658.1096 654.1769 0.0 
2.0 182.5912 182.8748 49.9334 12.89 663.6224 657.9601 41.0 
2.0 185.934 183.682 48.4482 6.98 658.992 659.7837 0.0 
2.0 182.1591 183.715 50.1445 12.3 651.876 660.5154 0.0 
1.0 180.2703 182.2491 48.3498 15.2 663.1821 656.7065 0.0 
2.0 179.1412 186.6838 48.8243 14.86 652.7387 658.7362 0.0 
4.0 175.6005 181.4344 48.5708 12.67 658.1001 659.6681 0.0 
2.0 180.7061 184.4811 50.1417 8.19 656.2254 658.6458 0.0 
2.0 187.5856 186.024 48.6349 10.43 658.8848 658.8018 0.0 
2.0 183.0179 183.271 49.9477 6.06 654.7669 659.892 0.0 
1.0 187.4414 182.7574 48.1265 12.01 658.9398 662.329 0.0 
2.0 184.1648 178.7329 48.9593 13.39 659.4438 659.7745 61.0 
4.0 182.1019 176.5295 48.7634 10.64 659.6962 660.1232 0.0 
2.0 185.3125 192.8379 50.0186 6.59 664.5494 660.267 0.0 
2.0 184.0003 194.8288 48.9097 13.71 659.7418 666.0969 0.0 
2.0 183.3668 192.5645 49.7792 14.43 656.3343 661.9299 0.0 
1.0 186.0485 182.8065 49.1355 9.75 658.6115 656.8668 0.0 
2.0 179.2919 185.9811 49.8226 11.84 656.6635 665.2517 33.0 
4.0 180.0866 184.6248 49.7962 12.84 664.2168 658.5045 0.0 
2.0 181.0035 177.712 49.0065 12.02 661.8442 659.5325 0.0 
2.0 177.996 175.0301 48.2604 7.2 664.1012 661.5502 0.0 
2.0 173.1464 177.3218 49.0407 7.99 655.3364 664.0158 0.0 
1.0 182.7284 186.223 49.1183 4.93 659.153 653.7568 0.0 
2.0 188.6667 188.6077 49.8109 9.43 657.8636 659.8106 0.0 
4.0 185.9688 183.1484 50.3084 8.1 658.8038 661.0111 0.0 
2.0 182.6963 184.9959 48.4964 5.78 659.955 664.6842 0.0 
2.0 184.5355 188.3561 47.9302 16.56 659.4906 661.3705 0.0 
2.0 179.6954 182.2166 48.4952 8.65 658.7988 658.9415 0.0 
1.0 191.0447 192.014 49.0001 6.26 658.6836 656.8567 0.0 
2.0 191.88 195.63 49.79 7.23 656.69 658.92 0.0 
4.0 190.7239 196.2804 49.3691 15.05 657.5891 658.5017 0.0 
2.0 183.76 186.1486 48.6564 12.06 658.0424 659.8349 0.0 
2.0 190.8623 194.7539 48.835 18.35 659.0471 658.3615 0.0 
2.0 186.9907 187.0175 49.0953 14.45 657.6895 658.2332 95.0 
1.0 185.2686 194.4963 49.4832 8.89 659.9141 655.314 0.0 
2.0 187.1725 194.6938 49.7743 6.69 658.1449 658.2761 70.0 
4.0 184.3688 192.3051 49.0656 5.6 655.3311 657.5589 0.0 
0.0 -29.2731 8.2161 9.6677 0.0 0.0 0.0 0.0 
0.0 -34.8211 0.5664 15.1405 0.0 0.0 0.0 0.0 
0.0 -42.8264 8.7028 11.2983 0.0 0.0 0.0 0.0 
1.0 184.4503 185.2879 48.2251 10.11 656.0138 655.6641 0.0 
2.0 184.1049 186.0594 47.9265 65.47 654.7115 659.1262 0.0 
4.0 183.3085 181.6191 48.6317 5.67 659.6995 656.5786 0.0 
2.0 189.3908 193.1084 49.6478 6.15 661.1656 658.5948 0.0 
2.0 188.8859 192.9051 49.2098 84.15 660.3704 657.1881 0.0 
2.0 187.6308 191.2667 49.607 5.82 654.1472 660.4743 0.0 
1.0 176.8624 172.9105 48.6391 6.93 660.2569 656.302 0.0 
2.0 181.4587 186.1786 49.3987 14.57 657.6733 658.0165 0.0 
4.0 180.5697 168.3179 49.637 11.31 658.1998 660.4981 0.0 
2.0 181.8519 183.1017 49.7386 9.42 663.4643 658.7209 0.0 
2.0 185.5732 182.6333 49.163 12.0 659.2247 659.6286 0.0 
2.0 175.4084 184.7262 51.2271 13.02 659.2201 655.8962 0.0 
1.0 188.8761 187.809 49.5622 8.08 660.14 660.0607 20.0 
2.0 184.9328 186.2567 49.3037 39.15 656.3823 662.7894 85.0 
4.0 179.7157 186.6483 49.2155 9.18 663.7135 663.2869 0.0 
2.0 175.1584 186.1179 49.0941 9.08 661.3049 658.6853 110.0 
2.0 180.8357 184.1065 48.6001 37.27 662.0731 657.1543 162.0 
2.0 172.0963 172.2129 49.5567 145.61 655.8054 665.3778 264.0 
1.0 176.427 182.826 48.2132 11.31 659.3771 657.1587 0.0 
2.0 169.6567 181.5864 48.5956 9.34 655.2604 663.6581 43.0 
4.0 180.0626 178.396 48.49 5.0 665.6476 658.8607 0.0 
2.0 184.0098 184.8507 49.1935 7.3 661.6141 661.3244 0.0 
2.0 181.924 180.0769 48.7647 7.52 663.1365 659.0165 0.0 
2.0 179.1855 184.2622 49.5192 9.85 654.2245 664.0691 0.0 
1.0 190.3302 195.6575 48.9367 8.67 657.1109 659.0494 0.0 
2.0 190.5786 191.6757 49.3449 3.03 654.2349 660.334 0.0 
4.0 191.9184 192.5035 49.0715 5.77 661.1127 654.9297 0.0 
2.0 185.4468 187.1569 48.8794 4.54 658.256 657.354 0.0 
2.0 187.489 186.931 48.2465 10.5 660.3809 655.6447 0.0 
2.0 182.416 185.1312 48.3096 6.1 653.9815 659.6495 0.0 
0.0 -29.0666 12.6951 13.5645 0.0 0.0 0.0 0.0 
2.0 186.5416 192.9805 49.1937 5.46 657.2437 654.8111 0.0 
4.0 190.3807 195.8642 49.4308 6.75 659.7038 658.641 0.0 
2.0 191.6857 181.1571 48.4061 7.45 662.4884 654.106 0.0 
2.0 182.0997 177.1534 48.3346 28.17 656.2539 660.6534 0.0 
2.0 188.9273 184.7577 48.6264 14.7 650.4362 656.59 0.0 
1.0 181.1709 184.3595 49.552 10.86 663.4564 657.149 0.0 
2.0 186.88 188.94 51.46 6.34 657.91 659.28 90.0 
4.0 186.5855 187.0596 49.9515 5.48 657.5691 661.5695 0.0 
2.0 178.7081 176.9349 48.538 6.51 658.2101 660.8213 0.0 
2.0 187.1735 190.0475 48.3144 10.68 661.4723 660.1369 0.0 
2.0 180.4829 182.3832 49.1543 8.64 660.4741 659.2298 0.0 
1.0 186.0104 179.4062 49.6529 9.62 660.0117 653.2853 85.0 
2.0 182.1205 181.137 49.8292 10.99 655.5879 657.5896 43.0 
4.0 178.952 182.6513 49.3793 11.45 660.075 659.7454 0.0 
2.0 183.0536 180.4165 48.7299 12.66 656.8042 655.5106 0.0 
2.0 152.7394 186.8133 47.8353 7.74 661.288 658.4945 0.0 
2.0 168.35 173.1733 49.5797 23.89 655.6839 656.1705 0.0 
1.0 182.5768 184.6205 48.6154 8.13 658.189 660.0341 0.0 
2.0 180.427 182.4182 49.2835 10.65 658.8431 659.2365 0.0 
4.0 183.6816 182.7728 48.9065 11.49 660.9207 662.6938 19.0 
2.0 176.5093 179.4113 48.6832 17.27 661.471 657.9839 0.0 
2.0 173.2871 181.0559 48.006 50.89 659.7586 664.1132 0.0 
2.0 172.5036 179.6297 49.5107 9.54 656.1454 659.6946 0.0 
1.0 180.7704 188.5815 47.9973 6.05 657.7563 652.8576 162.0 
2.0 177.5149 179.099 48.3315 6.21 653.9826 660.5471 0.0 
4.0 175.2586 182.7907 48.5871 16.03 660.1531 660.1675 0.0 
2.0 187.8486 184.7591 50.0586 10.33 659.0181 659.5113 0.0 
2.0 181.7741 184.0481 48.9414 10.14 661.2996 654.1596 0.0 
2.0 180.4688 182.2532 49.8147 7.06 654.5031 658.8748 0.0 
1.0 189.1013 194.5989 48.8912 12.38 656.6593 656.6285 72.0 
2.0 188.9212 191.1886 48.9752 11.66 652.8585 658.6563 109.0 
4.0 190.5997 192.5423 49.273 7.98 660.0247 655.5983 26.0 
2.0 185.3693 182.6371 49.1012 7.73 657.5569 657.2256 0.0 
2.0 188.9863 185.9047 47.9735 12.02 658.3034 654.7411 0.0 
2.0 184.3895 185.1344 49.1403 16.26 653.4835 659.2063 0.0 
1.0 177.4497 180.396 48.5207 7.28 661.1458 654.4375 0.0 
2.0 184.8939 191.1572 49.1067 14.12 656.8117 660.6654 0.0 
4.0 176.1281 176.0709 48.4379 10.35 657.6723 659.8326 0.0 
2.0 184.5333 183.144 49.3676 9.38 655.882 661.5122 0.0 
2.0 188.1205 182.9853 48.7792 7.83 664.407 656.1941 0.0 
2.0 179.3017 181.5876 49.9781 8.26 656.5589 657.8762 0.0 
1.0 190.6028 196.8949 48.8586 12.19 657.1109 657.276 0.0 
2.0 190.7259 194.9836 49.86 11.32 658.8612 658.9389 0.0 
4.0 191.1741 195.1777 49.3462 13.23 658.5193 657.2027 0.0 
2.0 190.7042 185.6604 48.8018 17.78 662.0217 656.733 0.0 
2.0 186.8618 187.1111 48.7306 14.46 657.2434 658.7334 0.0 
2.0 187.8591 182.8787 49.694 178.87 654.9952 658.8211 0.0 
1.0 178.7537 182.1519 47.9735 4.96 659.4534 658.6599 0.0 
2.0 182.2599 187.043 48.5392 8.96 659.9031 665.59 0.0 
4.0 183.1702 180.9208 48.7261 14.46 667.6934 657.741 0.0 
2.0 185.4753 186.3721 49.3922 6.71 662.5082 661.6859 72.0 
2.0 187.4857 187.0942 48.7461 23.47 665.8576 660.508 0.0 
2.0 182.3097 184.3272 49.9555 26.64 655.0127 665.4788 0.0 
1.0 170.2306 184.9109 48.4936 5.69 658.7907 659.2238 0.0 
2.0 175.48 179.42 48.62 18.14 655.66 659.7 0.0 
4.0 177.5563 178.0612 48.5071 7.6 660.677 659.2536 0.0 
2.0 187.71 179.1845 49.9362 7.17 659.9955 655.978 0.0 
2.0 183.4415 182.1633 48.8136 17.61 659.2702 658.6429 82.0 
2.0 179.1084 184.3108 50.4614 17.66 656.4487 661.3597 0.0 
1.0 182.8264 187.109 49.0511 6.64 658.8705 658.2107 0.0 
2.0 181.587 185.2586 49.7413 6.89 654.2647 661.7886 0.0 
4.0 184.1427 185.7939 48.9785 9.92 662.8833 658.8929 0.0 
2.0 175.8284 184.0448 48.7153 11.66 658.6481 660.0564 0.0 
2.0 180.8221 179.6785 47.885 11.65 663.5169 657.7095 0.0 
2.0 175.9783 180.4705 48.7638 6.07 655.1745 662.5478 0.0 
1.0 182.9185 191.7262 48.4829 10.52 659.8569 658.7855 68.0 
2.0 180.9146 184.2745 48.893 18.96 656.9879 663.8798 39.0 
4.0 184.8555 183.0246 48.9465 6.77 664.2538 658.0598 13.0 
2.0 194.4709 192.7116 49.5429 16.13 662.2495 661.5309 0.0 
2.0 188.4496 191.1629 49.1017 10.95 663.5074 662.5203 0.0 
2.0 187.365 189.8234 50.081 19.23 656.4475 663.6908 78.0 
1.0 182.8016 184.1559 48.9175 5.64 656.5401 661.0891 39.0 
2.0 182.3305 191.6511 49.5101 5.1 662.0541 665.1882 0.0 
4.0 186.4935 189.2423 49.2916 15.43 660.6339 660.1876 0.0 
2.0 179.9273 181.76 48.7368 8.47 662.4466 659.1754 0.0 
2.0 179.1105 181.7825 47.8692 11.49 659.6126 662.2176 0.0 
2.0 182.4304 187.7099 49.3156 8.96 656.3391 661.7068 0.0 
1.0 159.6686 181.0682 47.8314 60.32 659.36 657.0673 0.0 
2.0 178.6745 180.9181 48.851 6.32 655.7833 660.5831 75.0 
4.0 176.4101 183.7838 48.7814 9.56 658.2304 658.6557 0.0 
2.0 188.4401 164.2963 50.5664 13.18 657.5865 658.2612 0.0 
2.0 186.0304 185.4875 48.9621 6.84 662.8968 657.0574 94.0 
2.0 182.791 184.6049 50.1177 11.07 654.5807 662.2137 0.0 
1.0 184.197 184.3644 48.1817 8.76 656.4033 658.8692 27.0 
2.0 185.5384 186.6165 48.6055 11.19 658.503 659.4442 0.0 
4.0 184.7287 186.3955 49.8178 14.78 658.2734 659.2916 0.0 
2.0 189.6105 193.7059 49.7764 10.89 661.8612 656.8478 0.0 
2.0 191.7 195.4485 49.0548 8.56 660.5565 661.7323 41.0 
2.0 188.4772 194.3741 49.6263 11.47 655.4356 660.2987 0.0 
1.0 188.3086 195.4529 49.4408 41.75 657.0427 654.8497 35.0 
2.0 189.6951 195.821 49.7289 8.41 656.9043 662.8932 15.0 
4.0 187.2119 194.0978 49.5741 13.18 659.6108 655.9811 0.0 
2.0 188.5899 185.254 48.6465 4.35 657.4871 658.3102 0.0 
2.0 188.3182 185.1493 48.3848 6.21 660.5169 655.5087 0.0 
2.0 185.9458 183.1565 48.1774 10.87 654.4201 661.8521 0.0 
1.0 177.4741 186.5088 48.3154 19.6 658.9399 654.6773 0.0 
2.0 175.7374 177.023 48.801 12.38 654.1144 666.9698 0.0 
4.0 180.4045 179.6729 48.5851 9.19 665.1735 662.5311 0.0 
2.0 188.0126 184.344 49.9825 2.13 660.9149 657.4804 89.0 
2.0 181.6587 183.7191 49.3492 15.0 661.4095 659.1998 0.0 
2.0 177.8878 183.9492 50.454 6.15 653.0708 662.6004 0.0 
1.0 188.625 194.3132 49.1362 8.56 660.281 658.1718 0.0 
2.0 192.56 195.45 50.39 1.46 656.23 657.92 0.0 
4.0 189.3372 194.7234 48.9031 8.06 656.1755 661.1886 0.0 
2.0 189.8198 185.327 48.7156 6.49 658.2693 660.9791 0.0 
2.0 190.9922 195.488 48.236 7.9 657.2912 659.5936 0.0 
2.0 187.1261 182.4131 48.2604 14.85 658.8815 656.2401 138.0 
1.0 183.1915 182.6609 48.4646 10.01 652.4139 655.4798 17.0 
2.0 177.6437 170.9744 48.6642 22.45 655.379 655.699 0.0 
4.0 178.6504 185.4653 48.2931 11.08 660.9877 653.9682 0.0 
2.0 181.989 188.1983 50.0071 9.59 664.1403 651.7142 77.0 
2.0 176.017 185.0618 48.5099 17.61 651.365 661.5375 0.0 
2.0 183.144 181.4488 49.9236 14.67 654.1459 657.8946 0.0 
1.0 177.6633 175.6794 48.6522 9.18 660.5397 657.1468 0.0 
2.0 178.6994 179.6439 49.098 5.0 660.1768 658.5746 0.0 
4.0 175.2553 181.2939 48.6432 17.24 654.6047 655.5977 0.0 
2.0 182.2552 182.5554 49.5988 10.48 661.5302 657.6982 0.0 
2.0 181.861 184.5404 48.9287 10.21 658.496 659.6745 72.0 
2.0 183.7161 184.5611 50.0006 7.3 655.0147 659.9578 0.0 
1.0 185.3407 184.4209 49.1804 4.78 659.6828 654.3171 0.0 
2.0 190.3842 187.5416 49.9369 9.73 656.6731 657.8565 0.0 
4.0 184.8809 184.8699 49.043 16.42 656.0862 659.9271 0.0 
2.0 178.6013 183.1116 48.4168 4.68 660.4409 661.4281 0.0 
2.0 184.1406 192.5171 48.2123 5.73 656.6942 657.8832 0.0 
2.0 177.0152 183.8552 49.138 7.81 656.0656 657.8982 0.0 
1.0 181.9772 185.3587 48.266 6.23 661.3686 657.6523 0.0 
2.0 181.74 187.4872 49.1528 10.89 657.5103 658.4068 0.0 
4.0 174.701 184.7111 48.7112 6.3 655.9049 663.6578 0.0 
2.0 187.6945 183.6922 49.6816 22.2 660.2594 659.5335 0.0 
2.0 189.1186 186.0538 48.9342 7.34 661.8017 661.6608 0.0 
2.0 184.6989 184.6762 50.0497 8.08 657.4904 659.5883 0.0 
1.0 185.925 181.807 48.1659 5.53 659.8241 654.3792 16.0 
2.0 188.0427 183.2943 48.5465 6.77 657.222 660.295 0.0 
4.0 185.0501 183.0891 49.1149 10.87 656.2596 660.3336 0.0 
2.0 186.6275 194.5446 49.2617 14.66 658.926 662.4114 7.0 
2.0 190.7375 194.559 48.9678 8.11 658.8592 658.6964 0.0 
2.0 186.8512 193.2307 50.5671 22.33 658.3659 656.6943 0.0 
1.0 177.4057 179.2114 48.2196 13.34 658.6018 662.7229 0.0 
2.0 172.0234 186.5463 49.3636 9.36 655.5696 661.0566 0.0 
4.0 174.406 175.2546 48.7443 8.14 659.7009 660.397 0.0 
2.0 179.7711 181.9538 49.5288 9.88 660.3951 658.9312 6.0 
2.0 175.5723 184.9892 49.429 10.67 660.5849 663.5802 0.0 
2.0 178.4974 176.8654 49.8807 8.12 656.8862 660.5754 34.0 
1.0 182.6717 178.4456 47.9337 5.15 655.8682 659.8421 21.0 
2.0 184.5007 184.9188 48.3709 10.26 664.2222 658.7607 0.0 
4.0 188.5478 192.5434 48.5659 8.43 658.9938 658.9011 0.0 
2.0 186.2244 187.9759 49.5103 11.78 663.6561 658.2423 0.0 
2.0 186.3203 189.8641 48.4481 33.9 661.3125 661.9035 0.0 
2.0 189.0192 192.4545 50.1042 11.34 655.5103 659.7513 0.0 
1.0 182.2489 186.5372 49.8015 11.61 661.0408 662.5942 0.0 
2.0 182.49 185.65 51.25 10.02 661.11 659.98 0.0 
4.0 187.1229 187.5449 50.3534 8.85 660.1657 659.7749 0.0 
2.0 181.3571 175.9763 49.0263 12.2 663.4775 660.121 0.0 
2.0 181.8188 177.9195 48.0291 8.24 659.4836 664.7356 0.0 
2.0 179.7748 184.0811 49.3398 43.26 656.2142 662.1804 0.0 
0.0 -13.0134 -0.5717 19.875 0.0 0.0 0.0 0.0 
2.0 193.2495 194.5423 50.0601 3.88 657.7569 657.4204 161.0 
4.0 196.6455 207.5765 49.3038 4.75 659.5234 669.8656 262.0 
2.0 183.9269 187.2062 48.2482 5.64 660.6892 653.8047 0.0 
2.0 186.2069 187.9612 48.3608 6.16 656.8498 661.5569 253.0 
2.0 188.6133 194.4061 49.0518 5.05 657.3395 660.2457 0.0 
1.0 180.1849 180.2628 48.4608 6.29 658.2865 654.6691 10.0 
2.0 193.6228 189.7618 48.4537 7.98 656.5567 657.1004 0.0 
4.0 184.2192 185.2692 48.3569 8.03 654.6448 660.612 17.0 
2.0 186.039 188.06 49.48 5.59 658.0322 659.3042 0.0 
2.0 188.9405 192.7962 48.871 10.85 657.5054 657.664 0.0 
2.0 186.2407 188.821 49.7275 9.58 655.9017 656.2929 0.0 
1.0 187.0739 193.0659 48.9639 6.41 659.4882 655.5917 0.0 
2.0 195.3659 193.7159 49.2966 6.9 656.5931 656.8862 0.0 
4.0 188.7943 193.5739 49.264 3.32 655.4051 661.1192 0.0 
2.0 183.002 179.6784 48.556 7.18 658.0794 658.7308 54.0 
2.0 194.3492 195.6138 47.8191 7.74 659.9034 658.911 0.0 
2.0 184.7258 183.6049 48.5883 10.55 656.593 657.2244 0.0 
1.0 185.7111 182.5443 48.2202 7.09 659.2625 660.6165 0.0 
2.0 182.1961 184.5077 49.4546 12.86 658.3987 656.7096 0.0 
4.0 186.5632 189.0904 48.5836 45.92 657.2681 657.6031 0.0 
2.0 185.3819 190.7722 48.9242 6.75 663.1592 658.9713 0.0 
2.0 187.9605 188.5376 48.8994 7.49 656.8983 661.7771 0.0 
2.0 188.9685 191.5188 49.6417 5.17 655.9523 658.2659 0.0 
1.0 190.3919 187.0296 48.3788 11.59 654.2751 656.459 0.0 
2.0 191.6249 179.5452 48.7332 7.05 659.2836 656.8919 0.0 
4.0 188.0536 182.0012 48.4705 11.72 656.5 658.1393 0.0 
2.0 186.8953 195.1688 49.3449 9.73 659.9538 657.1541 0.0 
2.0 185.6549 195.0487 48.7574 17.4 656.7158 657.9884 0.0 
2.0 188.7412 194.5531 49.5574 9.42 657.0375 657.925 0.0 
1.0 186.8094 183.9757 48.4681 11.48 655.1622 659.1761 0.0 
2.0 187.0233 184.84 49.0639 13.04 659.072 661.448 0.0 
4.0 185.1542 182.6602 48.5982 12.9 656.9473 656.5819 0.0 
2.0 185.9895 194.0647 49.1617 12.85 661.3316 655.9247 0.0 
2.0 187.287 195.0283 48.6753 4.49 658.0205 659.4522 0.0 
2.0 185.557 194.3694 49.4451 9.88 656.0187 658.7723 0.0 
1.0 180.7127 176.967 48.0291 14.47 655.3062 656.9545 0.0 
2.0 176.1687 171.9974 48.5392 16.06 657.9336 659.4806 31.0 
4.0 171.6026 179.0851 48.252 6.78 660.2738 660.8911 0.0 
2.0 180.2315 180.5155 49.4408 9.46 660.1431 654.5909 0.0 
2.0 182.2466 184.4064 49.4414 36.14 657.9982 660.9635 0.0 
2.0 178.4189 178.237 50.3228 8.32 652.1829 659.7513 0.0 
1.0 171.8819 176.3684 48.4028 26.21 662.0148 656.5158 352.0 
2.0 175.08 181.12 48.89 7.09 655.19 662.61 424.0 
4.0 173.4072 184.1882 48.7226 10.05 659.1531 663.5647 0.0 
2.0 183.1036 179.4486 49.5367 6.06 659.5713 660.0125 0.0 
2.0 186.9896 184.3254 48.9135 16.65 661.6275 659.6713 0.0 
2.0 183.1485 182.1335 50.0903 5.36 656.605 660.4999 0.0 
1.0 175.7508 180.9448 48.4492 10.68 658.9876 662.5021 0.0 
2.0 175.6355 176.6719 49.5875 10.98 658.8215 657.1418 0.0 
4.0 178.3705 180.1968 48.479 5.8 661.409 660.7885 44.0 
2.0 182.623 179.0644 49.2189 13.09 663.1641 658.8632 0.0 
2.0 179.8948 184.6956 48.9715 13.48 658.1193 662.7295 106.0 
2.0 178.6102 182.0577 50.3955 11.5 655.7916 663.4785 0.0 
1.0 181.752 184.0709 49.1604 4.76 659.9544 658.9708 0.0 
2.0 179.134 184.4989 49.4885 5.54 657.5996 664.2609 0.0 
4.0 180.8289 182.5736 49.353 23.51 660.5803 657.6395 0.0 
2.0 176.1823 175.2456 49.1445 4.66 660.6434 660.9693 0.0 
2.0 175.8724 177.6704 48.0492 13.12 663.7891 660.1019 0.0 
2.0 173.5053 182.3359 49.3099 4.11 656.9447 666.9365 0.0 
1.0 187.8467 179.75 49.018 8.02 661.5704 655.5723 0.0 
2.0 185.8488 177.319 49.1296 13.62 659.0736 661.6774 0.0 
4.0 184.8271 182.1282 48.5733 10.24 660.0429 663.3331 0.0 
2.0 188.2711 193.3518 50.2673 13.85 660.5594 661.2305 0.0 
2.0 185.0532 195.3961 49.1272 12.54 660.8342 661.8103 0.0 
2.0 183.6616 193.0864 50.1783 17.74 658.2435 658.3963 0.0 
1.0 188.0819 188.4289 48.8454 6.69 663.8061 656.8138 42.0 
2.0 197.0357 191.4734 50.0582 37.41 657.5402 658.9558 299.0 
4.0 185.2814 187.112 49.4262 11.98 657.9197 659.5378 0.0 
2.0 182.1215 184.4416 48.5278 8.15 658.2276 659.6913 109.0 
2.0 192.9899 207.3749 48.3076 16.09 660.9393 660.023 0.0 
2.0 178.7276 182.1306 48.5878 10.1 658.0684 658.883 0.0 
1.0 190.5329 192.213 49.4667 5.7 656.656 659.8896 71.0 
2.0 187.9793 187.5955 49.3524 57.55 660.5546 658.9037 0.0 
4.0 194.493 193.4778 49.5379 4.94 659.616 659.3617 0.0 
2.0 184.0098 185.7381 48.588 5.9 664.3715 659.5258 0.0 
2.0 178.5176 179.6671 47.9017 7.49 659.7321 662.4985 0.0 
2.0 190.0399 196.8996 49.1673 9.06 657.6627 660.3378 0.0 
1.0 169.626 178.617 48.2338 6.35 659.2059 657.9581 0.0 
2.0 178.4188 173.723 48.8859 13.2 656.4527 659.7418 215.0 
4.0 172.7313 185.0773 48.8203 15.25 657.9886 661.6988 0.0 
2.0 189.8901 183.262 50.1498 10.57 659.8037 661.09 0.0 
2.0 187.5422 186.2003 49.1801 12.05 659.7592 660.5303 47.0 
2.0 182.5183 183.6626 49.8029 15.15 656.3013 658.7723 220.0 
1.0 189.0697 190.0279 48.8242 14.27 655.6744 659.406 126.0 
2.0 194.2424 193.4778 50.9237 120.48 664.5921 658.3407 51.0 
4.0 190.2709 192.5434 49.5909 10.46 657.0739 659.0111 0.0 
2.0 184.5087 179.6567 48.9547 9.17 663.379 656.8273 0.0 
2.0 186.3098 189.7615 48.4197 6.88 657.504 661.2542 0.0 
2.0 188.7945 189.0524 49.2035 15.11 658.7012 660.3075 0.0 
1.0 182.742 183.4809 51.805 246.87 659.0732 658.6978 56.0 
2.0 181.99 182.41 50.81 15.29 653.06 660.82 0.0 
4.0 174.912 180.1238 50.3708 42.86 659.4839 658.4315 0.0 
2.0 172.8593 182.2362 49.448 7.5 659.6207 659.8941 0.0 
2.0 174.0626 172.4287 48.2003 11.16 663.3058 656.2077 0.0 
2.0 168.394 170.7473 49.1712 5.5 654.7975 663.2649 0.0 
1.0 180.4298 185.8367 49.2285 5.62 657.5734 660.5124 0.0 
2.0 183.9927 186.0869 50.082 2.88 660.9606 660.2562 0.0 
4.0 193.3717 191.9251 49.722 18.93 659.6839 663.1255 0.0 
2.0 180.6612 176.691 48.5182 11.72 663.5487 659.2577 0.0 
2.0 178.7146 181.1431 47.8566 8.73 659.4275 665.007 0.0 
2.0 188.4694 196.7121 48.8438 4.43 657.7803 658.7959 0.0 
1.0 184.4974 181.0087 48.0115 7.93 661.3005 656.2884 0.0 
2.0 180.0243 184.5091 49.1956 12.76 657.4692 659.417 0.0 
4.0 183.5499 179.4269 48.8435 7.2 654.4946 662.7738 0.0 
2.0 188.2463 190.1329 49.6617 5.98 658.8402 667.344 0.0 
2.0 190.9694 192.1726 48.734 25.87 659.0885 660.5195 0.0 
2.0 184.5338 189.5828 50.3862 11.8 658.2508 655.9518 0.0 
1.0 187.7915 183.3709 48.5772 61.76 658.9531 660.9724 0.0 
2.0 186.2121 183.5034 49.3059 5.35 660.3738 657.9065 0.0 
4.0 189.3963 193.9103 48.7529 12.27 657.0879 658.2341 0.0 
2.0 188.541 193.6773 49.5856 7.51 661.1523 657.7724 0.0 
2.0 188.4171 195.5049 49.2559 6.09 658.5266 661.8297 110.0 
2.0 190.5062 195.4093 50.2798 7.57 655.1281 660.3592 0.0 
1.0 187.6314 181.7669 48.2202 12.9 655.967 658.0618 0.0 
2.0 184.2752 185.1788 48.6113 5.53 658.7081 657.2088 133.0 
4.0 196.1203 197.3028 49.7709 12.56 657.0977 654.9868 0.0 
2.0 187.5555 194.4896 49.3135 22.32 660.1214 655.7166 0.0 
2.0 190.6296 192.5713 48.5513 31.53 655.1055 658.0847 0.0 
2.0 196.4249 195.2048 50.2537 6.02 655.6388 659.0691 0.0 
1.0 185.3725 193.4378 49.0252 7.06 656.0146 660.7449 17.0 
2.0 187.9793 194.1148 49.4113 5.79 663.0666 660.3551 0.0 
4.0 186.4909 194.0857 49.4859 3.35 658.2133 657.5081 0.0 
2.0 187.2484 179.4088 48.7318 23.17 663.1163 657.0553 0.0 
2.0 186.5416 179.9969 48.2933 7.85 656.8612 661.4704 0.0 
2.0 184.2326 181.2296 49.1673 14.43 656.9789 660.5233 0.0 
1.0 199.132 194.1279 49.7177 7.75 657.5592 656.935 0.0 
2.0 191.9777 193.7588 49.7851 10.95 655.0277 660.7053 0.0 
4.0 194.1622 193.6246 49.1709 7.38 658.6295 656.3716 0.0 
2.0 191.9252 190.1202 48.7665 4.78 660.4543 658.5271 0.0 
2.0 188.2863 186.5206 47.8316 21.29 657.4474 657.2571 0.0 
2.0 183.6949 187.4035 48.6596 5.13 652.7923 660.3805 0.0 
1.0 189.5113 186.5187 48.2438 5.84 656.4302 655.9661 0.0 
2.0 185.6054 187.1467 48.6607 14.21 655.794 661.4504 0.0 
4.0 186.276 186.7785 48.694 5.55 659.1438 656.141 0.0 
2.0 189.8733 194.4016 49.6075 7.77 659.6681 660.0829 0.0 
2.0 191.4964 193.1161 48.9873 4.55 659.2484 657.3005 0.0 
2.0 187.6712 191.478 49.9206 8.24 653.6075 660.4148 0.0 
1.0 171.2283 178.2283 48.1004 15.77 657.5537 661.1817 0.0 
2.0 177.64 178.48 48.53 2.75 659.74 660.1 0.0 
4.0 176.8683 180.508 48.2741 7.1 659.6544 657.7497 0.0 
2.0 181.7674 181.2581 49.7143 7.36 660.9622 655.7314 0.0 
2.0 179.6012 182.9075 48.8065 8.89 658.9695 662.0482 32.0 
2.0 183.3671 182.3132 49.9892 11.61 656.4291 660.4608 0.0 
1.0 185.337 179.9585 48.372 4.15 656.6175 661.3999 31.0 
2.0 185.3316 175.6011 49.1588 7.14 658.5728 657.2115 10.0 
4.0 183.0227 181.7886 48.8449 11.56 660.3559 657.7395 0.0 
2.0 183.1613 192.2352 49.5327 5.84 660.6004 653.43 0.0 
2.0 181.8548 193.2356 49.0212 15.87 659.4662 662.3419 0.0 
2.0 185.745 192.5693 50.2036 9.63 654.1263 659.7755 0.0 
1.0 178.3114 179.2716 48.7112 7.11 661.6711 658.1612 81.0 
2.0 173.951 181.6634 49.5373 30.45 656.2358 663.7595 31.0 
4.0 178.9199 178.3361 48.8893 16.67 661.7815 661.5428 0.0 
2.0 181.8698 181.3949 49.2284 3.75 660.7222 657.7573 86.0 
2.0 183.5954 183.7782 48.6043 20.84 660.6618 658.305 0.0 
2.0 177.1542 186.0045 51.0609 8.55 652.6656 663.6713 0.0 
1.0 183.0666 179.6421 47.7035 5.43 657.2114 654.356 0.0 
2.0 188.9209 193.1667 48.6749 7.37 657.0832 659.8669 83.0 
4.0 181.505 184.8189 48.5595 5.97 655.0945 659.0656 33.0 
2.0 185.4898 190.1061 49.5856 111.49 658.2968 660.944 0.0 
2.0 193.5745 190.9737 48.8556 5.82 657.1111 656.4287 0.0 
2.0 185.9466 187.6899 49.2734 6.91 656.2903 656.4138 0.0 
1.0 183.3878 187.3268 49.5622 12.13 661.0273 659.9534 0.0 
2.0 177.8471 190.7412 50.2091 11.76 658.2489 663.2785 0.0 
4.0 183.235 184.7421 49.9815 11.46 658.7015 661.0314 0.0 
2.0 173.2881 177.3715 48.7968 14.02 660.8216 660.6973 36.0 
2.0 186.6812 180.4801 48.0083 11.07 662.2863 664.0062 67.0 
2.0 175.3243 163.3338 49.9052 21.22 655.8054 659.5394 0.0 
1.0 177.673 178.8772 48.3551 31.53 663.7989 656.9838 0.0 
2.0 180.1072 187.6579 48.6448 31.67 659.3437 659.7545 60.0 
4.0 177.4913 183.921 48.4835 8.39 658.5339 663.2593 0.0 
2.0 183.9245 183.8754 49.5568 11.83 661.7624 661.7296 236.0 
2.0 186.8228 186.4334 49.0258 12.69 660.5177 660.5684 0.0 
2.0 183.7891 184.1329 49.4274 9.85 662.5953 659.1558 188.0 
1.0 180.2677 175.6746 48.1344 8.18 660.8429 657.0616 0.0 
2.0 180.6699 199.8616 48.53 12.14 657.0749 661.2975 0.0 
4.0 176.6716 183.2054 48.6274 13.31 658.4292 661.4284 0.0 
2.0 182.7786 184.5306 49.8181 5.2 658.4334 658.1032 0.0 
2.0 193.0913 190.0138 49.4912 35.5 663.159 660.0447 0.0 
2.0 187.1429 184.1488 49.8807 12.54 658.4847 659.4838 0.0 
1.0 183.0001 184.4684 48.2995 9.33 659.3953 654.8905 0.0 
2.0 183.7748 186.2452 49.1096 11.05 658.3435 660.2305 161.0 
4.0 182.9287 187.3973 48.5659 9.77 658.0139 661.4611 0.0 
2.0 189.6438 191.2767 49.7117 7.37 657.9561 662.4973 24.0 
2.0 192.2628 193.547 48.966 12.96 660.6051 659.8685 0.0 
2.0 189.3358 192.108 50.3053 16.11 659.0232 659.644 71.0 
1.0 176.3773 180.3406 48.3197 10.95 656.9693 660.7044 0.0 
2.0 178.98 181.25 49.14 5.37 659.05 656.09 0.0 
4.0 185.6396 187.5044 48.4896 4.95 658.7922 660.1659 0.0 
2.0 183.2794 183.4784 49.3 4.03 660.8833 655.2185 0.0 
2.0 184.3502 186.9602 48.6781 5.54 654.6913 662.1646 14.0 
2.0 188.1569 185.9089 49.6265 9.1 656.9079 659.4936 0.0 
1.0 185.6794 192.6816 48.48 14.36 657.1735 656.3478 0.0 
2.0 178.3445 179.5712 49.1588 7.26 655.2297 660.7836 0.0 
4.0 175.0751 181.2443 48.6997 9.76 660.8975 657.2279 0.0 
2.0 189.274 185.7276 49.7225 4.11 658.155 657.749 0.0 
2.0 182.3817 183.9831 49.149 11.45 660.5322 657.7967 0.0 
2.0 182.2187 184.164 49.9476 6.63 654.4006 662.2735 0.0 
1.0 174.1756 179.8506 48.9984 178.67 662.1491 656.0152 0.0 
2.0 175.5303 184.3867 49.059 14.19 659.1239 661.3927 48.0 
4.0 173.9936 180.1611 48.6947 10.64 659.4993 666.2268 0.0 
2.0 184.9412 181.3057 49.6058 4.42 661.4218 663.9251 0.0 
2.0 185.068 183.6594 48.7052 21.04 661.0988 658.7712 0.0 
2.0 178.5034 183.4084 49.9685 10.27 659.0793 659.6166 0.0 
1.0 190.5513 189.4941 48.9407 5.98 657.7466 659.0069 17.0 
2.0 185.5271 187.4908 49.6493 9.37 656.203 661.7374 55.0 
4.0 182.3544 187.3873 49.3469 19.83 661.1447 657.1222 28.0 
2.0 188.0481 191.8424 48.5003 8.95 661.4882 660.0251 0.0 
2.0 183.801 185.3343 48.1337 6.37 662.0752 659.6286 0.0 
2.0 179.9367 178.4886 48.9943 12.78 655.0695 659.7635 0.0 
1.0 183.7908 187.13 49.4173 7.79 660.1595 656.7943 49.0 
2.0 186.1951 179.4639 50.1913 28.34 653.9366 659.3252 16.0 
4.0 178.0517 182.8461 49.4708 6.98 657.4385 656.9616 0.0 
2.0 184.788 184.4318 48.7756 8.54 658.78 659.1488 0.0 
2.0 170.5896 183.9376 47.9804 12.37 663.2069 658.4626 0.0 
2.0 176.139 183.1896 49.5482 31.82 653.7872 660.8814 0.0 
1.0 179.2717 177.623 48.7414 4.5 660.9514 656.8672 54.0 
2.0 159.4915 186.856 48.6939 19.0 659.8741 661.6663 9.0 
4.0 165.6434 183.0998 48.7959 22.45 658.2634 658.48 0.0 
2.0 183.5471 184.8019 49.6855 6.68 660.7148 663.5281 0.0 
2.0 181.0264 184.6444 49.3159 44.58 657.288 658.9389 0.0 
2.0 183.3773 189.7407 49.5804 18.87 658.8836 659.781 82.0 
1.0 187.4795 184.6382 48.7024 5.56 662.626 659.1859 0.0 
2.0 194.4811 203.0858 48.6612 9.58 660.5673 663.4352 0.0 
4.0 185.395 186.363 48.5222 14.38 658.4492 662.2695 0.0 
2.0 190.6815 189.7932 50.0934 3.18 662.7117 661.021 0.0 
2.0 197.5135 193.617 49.3115 8.75 659.0792 659.6465 0.0 
2.0 190.8773 192.7322 49.5774 8.66 658.5724 657.4664 61.0 
1.0 185.6046 185.0303 49.3091 6.2 658.155 659.6095 0.0 
2.0 181.755 183.9552 49.6613 9.45 656.8438 662.2103 70.0 
4.0 176.8267 182.643 49.7126 5.93 658.1639 660.3211 0.0 
2.0 178.5883 185.5547 48.9756 9.64 661.8254 658.9053 0.0 
2.0 179.3489 177.1432 48.1927 5.02 662.1072 659.8491 0.0 
2.0 174.7016 177.649 49.7981 34.41 652.983 664.5031 0.0 
1.0 183.4415 184.4903 49.1589 5.43 661.9466 656.3892 57.0 
2.0 193.08 189.1 50.0 6.38 656.86 659.95 0.0 
4.0 182.5008 186.2002 49.2293 7.31 658.2708 662.3616 77.0 
2.0 178.1104 180.1039 48.6416 4.96 656.4937 660.703 0.0 
2.0 189.8671 199.8625 47.9649 18.89 661.3171 659.3899 0.0 
2.0 178.2963 180.6153 49.2049 6.16 658.6666 659.1614 106.0 
1.0 187.9961 194.5851 49.3829 11.53 657.4466 657.1281 19.0 
2.0 182.748 189.8651 50.7964 7.62 654.5532 664.0075 0.0 
4.0 183.3565 193.0959 49.4722 5.49 664.0066 660.4375 0.0 
2.0 185.3145 182.4009 48.6058 7.73 659.0425 657.5912 0.0 
2.0 182.2342 179.916 48.2685 3.58 663.982 659.2213 11.0 
2.0 180.656 179.9115 48.9478 14.26 652.647 664.85 0.0 
1.0 193.0283 187.9869 48.4608 7.64 656.443 656.4737 0.0 
2.0 186.9878 184.9068 48.5904 7.13 656.1154 662.8168 0.0 
4.0 187.379 182.196 48.4428 10.47 659.2891 656.5586 0.0 
2.0 189.9163 191.085 49.7177 12.41 660.3872 659.2451 0.0 
2.0 189.3222 194.8057 48.8277 14.37 662.2934 656.7996 0.0 
2.0 186.2509 194.4441 49.6552 7.1 652.7825 661.6245 95.0 
1.0 183.5192 189.1899 47.7654 24.3 659.5563 655.7766 0.0 
2.0 192.2524 199.5851 48.6471 5.31 658.7535 661.0272 0.0 
4.0 184.5691 182.434 48.6355 12.42 657.6488 661.3897 0.0 
2.0 189.6206 190.915 49.6969 4.89 659.5022 661.7739 0.0 
2.0 193.4047 191.5376 49.2487 29.5 658.992 658.5134 0.0 
2.0 185.2058 188.2706 50.3137 9.84 659.1517 658.8748 0.0 
1.0 176.7379 180.2318 48.3727 25.57 661.3978 660.324 0.0 
2.0 180.3399 180.7655 48.6912 20.96 663.4597 666.8725 0.0 
4.0 179.1985 180.8883 48.6091 11.31 661.3579 664.7003 0.0 
2.0 184.333 183.9092 49.7949 12.5 662.7154 658.6162 99.0 
2.0 182.104 186.3618 49.157 31.14 661.7727 666.4872 137.0 
2.0 177.2735 181.8353 50.3982 29.27 655.9131 662.3998 310.0 
1.0 181.7873 185.7754 48.1423 7.79 657.3946 661.3377 37.0 
2.0 180.9102 184.367 48.9887 22.81 662.5662 663.1677 23.0 
4.0 179.7412 183.3237 48.7829 16.5 661.0187 661.546 0.0 
2.0 190.7063 188.8297 50.1851 14.82 664.579 658.0732 67.0 
2.0 188.0448 191.6006 48.6777 17.67 660.6244 664.254 0.0 
2.0 189.1424 189.9098 49.9628 18.21 657.2133 660.6406 0.0 
1.0 181.4943 185.671 49.5189 7.3 657.7248 659.0592 13.0 
2.0 184.4356 183.4897 50.0286 16.56 659.4734 661.1268 0.0 
4.0 187.6826 185.1288 49.3813 8.75 659.8511 658.9351 10.0 
2.0 176.5941 177.2957 48.8089 6.89 660.3754 658.1722 0.0 
2.0 176.0613 181.0356 49.0141 5.95 661.2065 660.7537 59.0 
2.0 181.2189 192.7123 48.9163 77.35 656.4768 661.5208 0.0 
1.0 182.8416 177.6077 47.9496 9.48 658.4263 655.2006 0.0 
2.0 181.271 190.5869 47.6321 21.56 658.8634 660.2705 0.0 
4.0 175.2463 182.344 48.5019 8.45 656.514 660.9211 0.0 
2.0 183.4938 185.565 49.4825 5.13 658.6587 660.7063 0.0 
2.0 191.8534 188.6125 48.7957 6.01 663.5221 660.6146 79.0 
2.0 183.8314 186.4273 49.8768 18.58 657.8815 661.5076 0.0 
1.0 181.9048 177.8265 48.4028 8.07 664.5181 658.3861 85.0 
2.0 177.94 189.07 49.28 2.92 654.15 658.25 14.0 
4.0 177.9647 180.1339 48.9148 9.63 661.6494 662.4819 0.0 
2.0 184.5336 182.4612 50.8017 15.8 658.4863 659.2332 0.0 
2.0 188.9368 184.5467 49.2558 23.46 661.0843 659.7392 61.0 
2.0 178.6503 184.6104 50.1409 4.98 656.224 662.1608 0.0 
1.0 186.7179 192.3758 49.4214 9.77 662.7133 658.0449 30.0 
2.0 193.9713 194.1382 51.5218 11.99 658.4136 659.8284 0.0 
4.0 188.5149 192.0689 49.3909 12.66 660.1854 663.4465 0.0 
2.0 181.6062 183.753 48.7445 21.23 657.5042 662.2257 36.0 
2.0 190.8539 199.7469 49.0496 53.29 660.6388 660.2389 0.0 
2.0 181.4682 182.3672 49.0678 11.06 657.7313 657.6105 0.0 
1.0 187.5728 189.567 49.3518 4.68 659.6228 657.0004 0.0 
2.0 186.8076 191.9445 49.713 12.34 655.6441 661.0818 39.0 
4.0 183.9559 194.0169 49.9998 8.48 657.3573 665.6863 45.0 
2.0 181.7296 182.724 48.837 15.62 659.4314 662.7724 0.0 
2.0 188.395 185.1343 48.8349 10.93 662.6625 661.7045 0.0 
2.0 181.5595 181.1933 48.6512 87.24 657.9876 660.9032 0.0 
1.0 179.5229 182.8999 49.2731 4.55 657.4352 656.9831 72.0 
2.0 180.2237 184.602 50.1597 11.63 657.0332 660.7271 19.0 
4.0 182.1608 183.127 49.3607 4.31 658.2899 657.5229 54.0 
2.0 176.8996 178.8991 48.7716 6.56 660.0061 658.0392 0.0 
2.0 175.3752 171.226 47.8334 39.21 661.7747 657.8638 0.0 
2.0 171.0679 180.8415 49.4425 138.52 651.8467 659.0701 0.0 
1.0 181.8587 183.1347 49.5469 8.27 661.5051 663.2784 0.0 
2.0 177.5395 184.4263 50.1913 10.8 661.0639 661.9108 0.0 
4.0 179.8282 183.7323 49.5857 6.73 659.9946 662.6954 0.0 
2.0 180.0869 175.8333 48.9171 10.66 664.5992 656.9495 0.0 
2.0 175.0784 177.0921 48.0849 22.24 663.4007 665.2855 134.0 
2.0 176.1081 178.1187 49.6927 27.46 654.8355 665.2113 0.0 
1.0 182.8687 181.8168 48.0319 9.69 661.3013 658.9081 0.0 
2.0 189.0149 193.5212 48.4187 12.42 658.9334 661.2559 10.0 
4.0 183.3765 181.3079 48.6202 13.03 657.7023 661.075 0.0 
2.0 184.4724 192.7111 50.4803 165.44 659.3312 664.1013 0.0 
2.0 194.1872 195.1287 49.2941 6.1 660.7214 659.7536 0.0 
2.0 181.6352 192.5645 49.5268 15.22 657.2036 658.9019 0.0 
1.0 186.1848 185.5346 48.2835 8.03 658.6992 660.7644 0.0 
2.0 183.6993 186.6405 48.811 4.43 662.0124 660.9562 0.0 
4.0 189.4886 198.8497 48.7209 7.59 656.6669 658.3142 0.0 
2.0 189.7771 193.2223 49.7193 17.96 665.0283 657.8272 0.0 
2.0 189.2005 193.9874 48.8758 13.05 658.6421 661.016 0.0 
2.0 193.9161 195.6793 50.4951 18.35 655.0927 662.8755 0.0 
0.0 -29.0666 12.6951 13.5645 0.0 0.0 0.0 0.0 
2.0 190.6445 193.1877 48.6514 10.48 658.1035 660.8805 0.0 
4.0 175.3121 177.1669 48.6748 6.46 656.804 660.5011 0.0 
2.0 190.9245 190.7697 49.4339 7.94 660.8457 662.5765 0.0 
2.0 193.7117 193.7419 49.1718 10.97 658.8995 659.8782 82.0 
2.0 182.5242 190.2704 51.2585 27.4 657.1985 657.634 0.0 
1.0 181.9163 183.9763 49.363 7.13 658.0797 657.6847 0.0 
2.0 181.91 184.92 49.58 5.44 655.5 661.52 51.0 
4.0 181.3722 184.5421 49.2409 5.84 662.6319 658.5017 106.0 
2.0 179.8803 180.9647 49.2482 10.06 658.4074 658.4243 0.0 
2.0 178.8656 179.8604 48.3073 6.73 663.7326 657.8376 0.0 
2.0 177.8485 180.1459 48.7833 14.65 654.817 664.4959 0.0 
1.0 182.4155 177.8774 48.3257 7.47 660.2067 657.1476 0.0 
2.0 176.0643 182.824 49.4556 9.15 655.0606 662.1468 0.0 
4.0 178.8012 183.5551 48.8914 6.13 663.1641 659.2941 0.0 
0.0 -29.2731 8.2161 9.6677 0.0 0.0 0.0 0.0 
0.0 -34.8211 0.5664 15.1405 0.0 0.0 0.0 0.0 
0.0 -42.8264 8.7028 11.2983 0.0 0.0 0.0 0.0 
1.0 181.7167 185.8081 48.5418 10.17 663.1147 658.1027 0.0 
2.0 173.5801 182.5304 49.0394 17.09 655.4235 665.9056 0.0 
4.0 168.5187 173.1546 49.1641 30.66 661.321 658.5202 0.0 
2.0 186.6813 182.7835 49.9273 10.96 659.727 660.7033 0.0 
2.0 182.7664 183.5505 49.0512 18.82 665.9549 660.7915 0.0 
2.0 179.1678 183.1278 50.2014 10.85 653.036 662.1605 55.0 
1.0 183.1659 183.9989 49.652 4.97 661.4342 655.3096 0.0 
2.0 184.2505 183.9001 49.7328 12.75 656.9132 662.7576 0.0 
4.0 182.9457 184.503 49.7199 31.0 658.1296 662.1611 0.0 
2.0 175.7144 178.5834 48.6881 11.96 658.8798 660.2128 131.0 
2.0 176.8714 183.0983 48.8342 24.25 662.337 658.6395 13.0 
2.0 153.6643 176.316 49.0196 23.92 656.466 667.5272 0.0 
1.0 184.751 193.2311 49.6308 6.09 662.5678 656.7553 0.0 
2.0 189.5046 195.2155 50.8571 116.98 656.1527 661.0922 88.0 
4.0 185.5962 193.5521 49.3942 7.89 656.797 662.3346 0.0 
2.0 185.8621 178.1801 48.6836 6.74 659.2731 663.6166 0.0 
2.0 192.7582 199.4764 48.2728 5.83 659.4469 660.7789 0.0 
2.0 181.6462 178.9944 49.0638 7.08 658.4211 656.9532 0.0 
1.0 175.1692 182.3165 48.2605 7.16 658.0652 660.8906 0.0 
2.0 179.5788 181.7009 49.6669 21.7 660.995 660.1649 11.0 
4.0 185.2163 188.2408 48.5486 6.56 659.3254 660.3035 0.0 
2.0 183.608 183.5146 49.3222 6.88 666.0516 658.4783 0.0 
2.0 183.0162 184.1547 48.7937 12.63 656.6188 663.2938 0.0 
2.0 189.0474 187.4241 49.7181 41.68 655.5333 660.328 0.0 
1.0 191.0684 189.8702 49.3698 5.28 661.9829 656.477 83.0 
2.0 182.7316 187.792 49.7851 19.24 657.1251 661.3577 19.0 
4.0 181.0935 185.3242 49.6968 12.41 656.8371 659.656 0.0 
2.0 191.7556 189.3868 49.1053 11.96 659.3009 659.9958 0.0 
2.0 187.7335 187.0511 47.4444 36.34 662.1682 659.4231 0.0 
2.0 176.8399 177.8577 49.5074 24.82 658.6114 659.3864 0.0 
0.0 -29.0666 12.6951 13.5645 0.0 0.0 0.0 0.0 
2.0 174.5381 182.2765 50.3159 18.15 655.834 663.1402 0.0 
4.0 167.7834 186.7063 49.7382 7.09 665.3735 665.9112 0.0 
2.0 167.1582 178.0839 48.7047 13.3 660.0738 662.2499 38.0 
2.0 177.7635 177.7587 47.6251 19.56 663.6578 658.3664 0.0 
2.0 171.4234 172.1363 49.4659 14.14 654.0369 663.6444 87.0 
1.0 184.6342 187.5839 49.3403 6.27 657.7193 658.6101 0.0 
2.0 182.21 185.13 49.71 6.73 653.83 658.95 0.0 
4.0 185.2741 188.3234 48.9497 10.0 659.4338 657.4891 0.0 
2.0 177.5243 183.9381 48.5676 6.86 657.9438 657.2012 0.0 
2.0 180.5964 181.0269 47.9435 9.57 660.4925 656.7801 0.0 
2.0 183.5233 184.8601 48.8423 6.5 653.3221 661.5551 0.0 
1.0 183.0546 172.8671 48.1714 12.43 664.7322 658.2204 0.0 
2.0 180.8862 187.774 49.0489 22.9 656.9112 660.2264 138.0 
4.0 175.0105 171.5803 48.264 28.81 658.7612 665.6631 24.0 
2.0 179.6085 189.959 50.1896 7.14 656.9028 660.6776 0.0 
2.0 190.1584 189.9106 49.4188 16.63 662.1311 661.1111 0.0 
2.0 181.8897 190.2434 50.9234 29.59 657.937 659.3641 0.0 
1.0 175.2832 183.5507 48.7701 4.23 660.169 653.5571 0.0 
2.0 188.938 198.5639 48.5123 4.9 658.6526 661.1019 0.0 
4.0 176.6158 183.0351 48.6145 5.61 654.7749 660.9423 0.0 
2.0 184.3923 182.8529 49.6268 6.76 657.9337 660.6639 0.0 
2.0 194.0128 191.4104 49.2674 6.84 658.496 657.3532 0.0 
2.0 180.9871 184.491 49.9123 5.09 656.8082 656.02 0.0 
1.0 185.1089 178.3566 48.0592 9.28 660.0428 658.7539 102.0 
2.0 183.358 180.2891 48.9069 7.12 657.8434 660.7572 0.0 
4.0 187.3966 180.2733 48.8703 17.86 661.2249 657.2824 135.0 
2.0 185.4429 194.1805 49.7734 8.4 658.9588 658.7011 0.0 
2.0 186.3478 194.1594 48.8485 10.23 662.8897 659.1534 0.0 
2.0 182.4304 191.1341 50.3052 13.0 653.9366 661.9315 0.0 
1.0 181.4438 193.8707 49.3868 10.57 658.5703 657.6133 92.0 
2.0 184.5085 195.2257 50.1558 8.82 660.1855 661.3618 48.0 
4.0 184.9328 195.5717 49.2219 10.44 662.7311 659.9789 0.0 
2.0 189.0088 174.4232 48.9171 8.63 662.2913 659.8392 0.0 
2.0 182.1371 182.4373 48.8716 129.65 659.9024 663.4732 0.0 
2.0 184.2967 175.6342 49.7522 18.73 655.5506 659.9802 0.0 
1.0 186.2424 182.0813 48.2132 14.57 663.3227 656.1383 0.0 
2.0 185.9505 185.2418 48.9986 6.06 658.9233 661.2159 0.0 
4.0 184.9503 184.6037 48.4054 9.82 657.7524 663.63 0.0 
2.0 189.1722 191.4921 49.8596 4.55 660.9618 663.9827 0.0 
2.0 191.8946 192.2003 48.9533 8.15 660.479 659.55 0.0 
2.0 188.2872 191.1228 49.5039 6.36 658.8641 660.6308 0.0 
1.0 180.4948 182.5045 48.4752 7.14 660.9208 655.7852 0.0 
2.0 178.1454 181.0402 48.5862 8.08 659.3931 661.4179 0.0 
4.0 179.6597 185.5608 48.9254 25.43 658.5894 661.2482 0.0 
2.0 183.8753 183.0142 49.7687 5.42 658.3644 662.3813 0.0 
2.0 183.0668 182.9073 49.1109 12.22 660.5071 659.1705 0.0 
2.0 184.8818 183.8809 49.974 49.63 660.2295 658.8406 0.0 
1.0 192.3762 188.5887 49.2614 3.68 655.9069 656.3052 0.0 
2.0 183.6591 187.1467 49.6426 9.64 656.174 662.8403 90.0 
4.0 186.0236 187.3663 49.2129 9.74 661.6937 657.301 0.0 
2.0 187.0219 191.5872 48.7047 4.69 660.341 661.5177 0.0 
2.0 180.1993 181.2262 48.1146 9.26 661.8649 657.3102 0.0 
2.0 178.7048 180.0641 49.0112 4.49 654.3784 662.737 0.0 
1.0 184.3589 179.163 48.8035 8.16 658.8005 655.5904 0.0 
2.0 173.11 179.31 49.91 250.82 654.03 663.11 99.0 
4.0 180.8025 179.2745 48.9381 16.73 662.261 658.0906 0.0 
2.0 185.1548 190.5012 50.025 15.94 655.6553 663.8398 0.0 
2.0 187.3466 190.6107 48.7566 48.17 661.2007 656.7025 0.0 
2.0 185.1373 193.0701 49.947 8.93 654.9049 661.9557 0.0 
1.0 178.6153 180.8954 48.727 12.56 656.6663 658.8154 76.0 
2.0 179.2545 181.7532 47.7081 64.81 658.8911 657.8582 0.0 
4.0 185.295 191.7402 49.0076 33.46 656.996 661.8016 19.0 
2.0 181.1995 185.9611 49.1459 4.36 661.5174 658.7449 14.0 
2.0 183.8675 186.3779 48.375 7.93 656.0649 658.4654 0.0 
2.0 186.8656 188.8958 51.5393 414.61 656.2619 657.0718 0.0 
1.0 183.0953 182.9815 49.3887 6.03 658.4328 655.6446 0.0 
2.0 176.5902 187.2731 49.469 13.58 657.8503 665.4042 0.0 
4.0 184.7568 188.0487 48.7576 4.76 663.1327 658.7004 0.0 
2.0 182.4771 178.965 48.7392 10.57 662.6042 658.7524 0.0 
2.0 178.2177 177.9476 48.0636 15.57 663.4783 660.8497 0.0 
2.0 177.8186 179.2087 49.1653 8.64 654.3519 662.1898 133.0 
1.0 180.6158 175.4422 47.8736 5.26 658.8947 657.1582 0.0 
2.0 178.2517 182.4354 49.0461 10.59 658.0434 662.8777 0.0 
4.0 176.4305 180.3854 48.6976 10.59 659.0813 657.2123 30.0 
2.0 182.4269 188.2613 49.6899 7.68 659.3046 657.6736 0.0 
2.0 183.3871 186.1653 48.7627 7.59 662.88 659.9583 0.0 
2.0 182.1591 183.2144 50.0515 23.99 654.6984 661.2674 0.0 
1.0 179.5946 181.6586 49.4554 7.46 661.2028 657.8668 0.0 
2.0 183.2569 185.0161 49.8008 10.81 658.4486 661.3218 0.0 
4.0 179.311 182.7637 50.3262 10.07 658.912 661.1718 0.0 
2.0 175.0573 171.4946 49.1153 6.16 658.3953 659.2968 0.0 
2.0 175.8615 186.1929 48.2728 5.58 660.3287 660.4397 0.0 
2.0 177.8201 178.3529 49.4037 12.83 660.8116 660.2447 0.0 
1.0 184.7848 178.8478 49.2696 5.6 659.3965 659.6661 0.0 
2.0 179.6845 187.9808 50.6595 4.84 656.0811 664.7991 47.0 
4.0 181.6254 181.5958 49.5379 22.4 660.147 659.5922 0.0 
2.0 175.2799 175.5078 48.5653 9.37 661.8711 661.1267 0.0 
2.0 175.8897 178.5877 48.1337 14.83 669.3729 660.4617 0.0 
2.0 173.5155 180.9313 49.2438 20.65 655.797 661.4611 0.0 
1.0 184.6516 184.3459 49.4479 3.9 656.3509 660.4331 0.0 
2.0 183.6678 184.2224 49.7195 17.05 660.0153 660.0831 0.0 
4.0 186.5662 183.4214 49.5683 7.88 662.4545 656.9824 0.0 
2.0 178.6179 180.1896 48.4066 9.77 665.7972 656.319 0.0 
2.0 179.0166 181.5561 48.1705 16.01 660.3809 661.6765 0.0 
2.0 176.2056 182.4024 49.1263 10.01 654.04 658.8406 0.0 
1.0 190.2587 182.7039 48.5459 11.13 658.6104 656.906 16.0 
2.0 190.4657 180.2352 48.9787 8.16 656.4039 663.0003 0.0 
4.0 183.7847 185.2213 48.7581 6.33 663.6336 659.3211 13.0 
2.0 191.722 190.2213 49.7533 9.25 661.2217 659.1527 0.0 
2.0 188.7246 189.7307 49.5407 46.76 662.708 658.3761 0.0 
2.0 185.0262 190.8689 50.7775 18.65 654.0564 662.3467 0.0 
1.0 182.8681 182.5557 49.4386 6.39 663.1252 654.6942 236.0 
2.0 182.74 182.96 50.15 13.02 658.28 660.49 0.0 
4.0 178.5559 186.5439 49.9282 101.04 658.5415 663.304 0.0 
2.0 177.0672 177.9423 48.7526 8.75 659.8771 660.6931 0.0 
2.0 177.838 176.0691 47.8366 44.9 663.4707 660.2049 94.0 
2.0 178.7232 172.8548 49.4747 49.68 659.4482 659.093 0.0 
1.0 186.0902 182.582 48.4337 7.56 662.5865 657.1671 0.0 
2.0 189.3585 187.0163 50.3348 321.95 657.0306 659.3707 0.0 
4.0 181.4504 179.2519 48.8972 9.33 660.1051 662.5538 0.0 
2.0 186.3194 192.2546 49.5181 7.86 658.6481 663.2315 0.0 
2.0 190.7169 194.0767 49.0851 9.04 660.6097 660.5103 0.0 
2.0 184.1206 193.4877 49.7237 11.54 658.7991 663.5471 0.0 
1.0 187.9381 188.9683 49.2635 7.01 657.1745 657.4296 0.0 
2.0 185.8537 191.3121 49.7619 15.41 656.306 662.4758 0.0 
4.0 186.7098 192.0764 49.9311 14.92 659.7796 657.9597 0.0 
2.0 183.7383 181.1767 48.6343 7.39 660.2788 657.9051 0.0 
2.0 186.6388 181.5212 49.0007 301.54 663.1092 659.3637 0.0 
2.0 183.0211 180.4014 49.1813 17.85 656.0479 661.7902 0.0 
1.0 182.1503 182.7331 48.9484 6.75 663.1953 662.3151 0.0 
2.0 177.6186 183.595 49.2874 33.8 659.5937 659.4668 18.0 
4.0 183.795 186.3579 50.01 8.26 658.1797 660.1876 18.0 
2.0 176.2659 175.1305 49.0499 11.3 663.0493 658.4937 0.0 
2.0 171.6398 178.9331 47.7119 9.32 660.2719 661.277 0.0 
2.0 180.4688 188.7111 49.2903 7.59 656.2024 661.0623 0.0 
1.0 176.0148 179.6708 48.1059 43.78 660.7738 658.1788 0.0 
2.0 179.3216 182.6569 49.1972 11.8 656.6218 664.6961 0.0 
4.0 179.1873 185.5458 48.9346 20.56 660.596 659.3473 0.0 
2.0 190.0829 188.6028 49.7595 15.97 661.1964 658.2513 0.0 
2.0 189.9899 191.3294 49.0595 16.42 664.3504 659.0344 0.0 
2.0 185.3692 191.7632 50.9676 22.55 654.0027 665.3582 0.0 
1.0 187.2768 187.0688 49.2065 9.14 660.0282 658.0917 30.0 
2.0 181.1955 187.4288 49.4408 11.84 654.2196 662.2268 79.0 
4.0 184.2632 186.1182 49.1539 8.63 661.8102 661.2454 0.0 
2.0 180.3693 187.3473 48.7772 18.51 661.1002 657.9645 0.0 
2.0 183.5894 182.7054 48.2063 3.86 663.4856 661.4219 21.0 
2.0 176.3558 180.3149 49.2744 3.97 653.0035 662.9849 0.0 
1.0 183.9815 179.7862 48.4042 23.69 658.3582 658.2991 416.0 
2.0 174.5269 180.3597 49.5416 10.24 661.059 659.3605 72.0 
4.0 188.4597 193.5835 48.7384 6.8 658.3591 660.7375 0.0 
2.0 185.4807 187.9597 49.557 5.76 663.1159 659.1974 0.0 
2.0 184.6507 190.244 48.5577 9.58 657.3502 662.978 72.0 
2.0 189.7519 191.8093 50.1373 15.83 655.9017 656.5892 298.0 
1.0 179.2859 171.2498 47.9019 30.39 659.8507 657.3227 77.0 
2.0 173.3388 181.1263 48.7636 18.9 659.2733 661.4904 0.0 
4.0 174.9939 189.9136 48.8606 3.9 659.8938 659.2911 0.0 
2.0 179.5186 182.1607 49.8506 10.43 662.142 660.0532 29.0 
2.0 183.643 183.3498 49.4414 26.54 659.6651 663.2408 0.0 
2.0 185.4755 183.4872 51.1448 12.14 655.5396 663.9176 0.0 
1.0 185.8039 182.3781 48.2668 4.79 659.8524 655.493 0.0 
2.0 187.86 186.6 48.66 7.41 656.27 659.18 75.0 
4.0 184.5862 181.2662 48.2566 10.09 657.8999 661.7801 0.0 
2.0 181.9901 189.7774 49.9436 22.39 655.4481 659.0063 0.0 
2.0 187.5305 191.1336 48.4998 13.74 658.9016 659.06 0.0 
2.0 185.7516 189.4845 49.3736 8.02 658.4516 657.5884 0.0 
1.0 190.6209 192.7605 49.3906 5.27 659.3582 654.3289 0.0 
2.0 189.6305 192.0471 50.159 4.23 655.8367 660.1468 0.0 
4.0 187.6641 193.8866 49.6233 306.96 658.8916 660.0463 0.0 
0.0 -29.2731 8.2161 9.6677 0.0 0.0 0.0 0.0 
2.0 184.4892 192.2262 48.3253 9.13 660.4547 660.3261 0.0 
2.0 186.5057 184.8029 48.7638 13.71 654.8708 657.7673 0.0 
1.0 186.7951 187.2508 48.5123 5.94 659.7886 662.2581 0.0 
2.0 185.8855 178.726 49.0785 12.64 658.9133 660.3898 22.0 
4.0 187.2145 182.8672 48.5401 6.09 662.1918 661.9732 0.0 
2.0 187.5572 193.4158 49.8155 9.87 662.8702 659.8855 0.0 
2.0 185.668 195.1918 49.2314 7.08 661.2834 662.802 50.0 
2.0 185.2186 193.131 50.1372 13.51 656.4768 660.8447 0.0 
1.0 190.463 195.7742 49.1417 6.92 659.1477 657.7031 0.0 
2.0 188.7756 195.791 49.4915 8.89 656.8332 660.297 0.0 
4.0 187.9987 193.8797 49.2226 8.89 660.133 657.0921 0.0 
2.0 186.6751 184.2757 49.2308 27.06 660.6681 658.5727 0.0 
2.0 189.2555 184.9286 48.0622 15.34 661.6389 657.8153 0.0 
2.0 185.2058 185.6073 49.3072 10.14 654.0831 662.8201 0.0 
1.0 185.6282 183.4102 47.9762 5.63 663.7378 657.9741 0.0 
2.0 185.1344 183.3789 48.5669 6.15 656.4621 658.1173 44.0 
4.0 180.3004 183.2892 48.8453 5.9 657.9698 663.0964 0.0 
2.0 193.3307 192.7049 49.179 4.69 667.2228 663.3404 0.0 
2.0 189.1076 194.4888 48.5235 14.78 655.9486 665.0238 0.0 
2.0 188.4838 192.8018 49.8202 52.53 658.5681 662.2137 0.0 
1.0 177.8259 182.1891 49.1434 21.22 669.1827 663.019 0.0 
2.0 177.4866 177.6393 50.1288 34.42 664.4077 667.4516 123.0 
4.0 177.3916 172.4018 49.0107 14.1 656.47 659.6423 0.0 
2.0 189.44 183.6706 50.6392 9.21 666.7631 659.1108 0.0 
2.0 182.2268 183.8848 49.5625 46.34 662.3896 661.354 0.0 
2.0 181.1178 184.4114 50.8425 8.64 661.4134 667.0679 0.0 
1.0 181.7668 184.9305 49.5473 5.84 655.6591 658.9422 83.0 
2.0 181.7638 183.7095 49.7851 10.34 659.0218 659.501 0.0 
4.0 182.6368 187.155 49.8312 10.47 657.478 663.0306 0.0 
2.0 173.2701 173.8765 49.5005 7.82 661.3908 656.457 0.0 
2.0 177.0818 180.415 48.1774 25.71 660.4294 663.7453 114.0 
2.0 176.3079 182.9382 48.6363 6.6 654.2934 662.1055 0.0 
1.0 183.4871 183.5319 49.2455 13.15 656.779 654.8517 0.0 
2.0 183.2699 185.8203 49.2031 67.52 653.3746 662.9803 0.0 
4.0 183.2909 181.4055 49.1809 8.12 659.4338 656.101 0.0 
2.0 176.8122 181.126 48.795 6.9 657.679 656.7679 0.0 
2.0 181.0707 184.3551 47.7954 10.97 663.619 658.0757 0.0 
2.0 173.2004 182.0066 48.3204 12.66 654.4077 661.7027 0.0 
1.0 192.4782 191.3037 47.8887 14.19 657.2518 655.3079 0.0 
2.0 183.87 181.28 49.37 14.98 653.52 659.65 0.0 
4.0 188.1763 181.8628 48.7401 7.65 661.1582 656.697 0.0 
2.0 192.4453 196.7317 49.7439 6.53 657.4703 657.6451 0.0 
2.0 186.0593 193.7885 48.6639 7.55 661.2589 656.1107 0.0 
2.0 186.0536 193.0701 49.7615 6.52 654.7389 660.9298 0.0 
1.0 190.0274 192.5238 49.5912 11.67 661.4747 657.1183 0.0 
2.0 192.8416 192.7441 49.9282 10.5 658.2743 661.8582 0.0 
4.0 187.3195 194.205 49.2573 11.16 660.6969 661.1396 0.0 
2.0 192.5876 181.3601 48.2993 6.05 659.4763 661.6538 0.0 
2.0 190.7169 194.3934 48.2827 5.27 661.1136 658.9888 0.0 
2.0 184.3365 185.0425 48.9318 5.12 659.9551 659.7755 0.0 
