xhole
0
Mean         1.55599e-01   3.51665e-01   2.32527e-06   2.43609e-03
Sigma        2.17983e-01   4.53834e-01   4.66106e-06  -1.22409e-03
1
Mean         7.97191e-04   1.11760e-04   1.49355e-07  -8.00143e-01
Sigma        1.37616e-03   8.91525e-05   2.25458e-05  -2.93891e-03
2
Mean        -6.80164e-03   1.50259e-04   2.64992e-07   3.23482e+00
Sigma        1.75229e-03   1.32849e-04   3.50593e-05   3.54029e-02
3
Mean        -8.49706e-03   1.56967e-04   2.20618e-07   2.13688e-01
Sigma        1.82255e-03   1.33616e-04   2.63665e-05   8.15623e-04
4
Mean        -4.11119e-03   1.23049e-04   1.96827e-07   5.14629e-01
Sigma        1.31966e-03   1.27744e-04   3.91741e-05  -2.13457e-03
5
Mean        -1.37706e-03   8.12360e-05   1.04697e-07  -8.79978e-01
Sigma        9.93237e-04   6.75877e-05   2.17184e-05  -3.79915e-03
6
Mean        -1.36042e-03   8.21848e-05   1.29477e-07   6.37285e-01
Sigma        9.96052e-04   6.19997e-05   2.56500e-05  -5.34979e-04
7
Mean        -4.31889e-03   1.21893e-04   2.40470e-07   6.61949e-01
Sigma        1.44577e-03   8.21799e-05   3.11601e-05   9.17471e-03
8
Mean        -3.60164e-04   9.94017e-05   1.27581e-07  -2.80692e-01
Sigma        1.16056e-03   7.51689e-05   2.25268e-05   3.59258e-03
9
Mean        -3.49846e-03   1.02499e-04   1.41815e-07   1.08938e+00
Sigma        1.27869e-03   8.21538e-05   2.30790e-05   1.53066e-02
10
Mean        -5.07141e-03   1.05719e-04   1.13549e-07   4.46876e-02
Sigma        1.32027e-03   9.74192e-05   1.95264e-05  -3.01261e-03
11
Mean        -4.21272e-04   8.53226e-05   1.36741e-07   8.16761e-01
Sigma        9.53607e-04   5.76721e-05   2.66401e-05  -5.83582e-02

yhole
0
Mean         1.74352e-01   3.95810e-01   2.59722e-06  -1.38942e-04
Sigma        2.44960e-01   5.06099e-01   4.91736e-06   7.33722e-05
1
Mean         7.80687e-03   1.63759e-04   2.90900e-07   8.52629e-02
Sigma        1.87654e-03   1.39259e-04   3.28290e-05  -2.06308e-03
2
Mean         9.69095e-03   1.57811e-04   3.51001e-07   1.36222e+00
Sigma        1.85391e-03   1.50772e-04   3.89789e-05  -1.65076e-02
3
Mean         1.71246e-03   1.01364e-04   1.36033e-07  -7.19060e+00
Sigma        1.20124e-03   8.44830e-05   2.19356e-05   9.60627e-03
4
Mean         4.13553e-03   1.25604e-04   2.11357e-07  -3.73402e+00
Sigma        1.42760e-03   1.01610e-04   2.86102e-05  -3.57224e-03
5
Mean         4.49706e-03   1.20840e-04   2.09699e-07   1.54038e+00
Sigma        1.32582e-03   8.83833e-05   2.80438e-05  -1.44240e-02
6
Mean         6.95887e-03   1.77671e-04   2.65349e-07  -1.06228e+00
Sigma        1.87444e-03   1.50651e-04   2.93290e-05   1.18654e-03
7
Mean         6.65533e-03   1.42814e-04   2.94778e-07  -1.47000e-01
Sigma        1.71661e-03   1.44243e-04   3.78738e-05   4.99329e-03
8
Mean         7.46381e-03   1.40456e-04   1.95475e-07   5.25668e-01
Sigma        1.75320e-03   1.13763e-04   2.15139e-05  -1.16181e-02
9
Mean         8.35408e-03   1.58493e-04   2.98007e-07   1.29399e+00
Sigma        1.88045e-03   1.58818e-04   3.56368e-05  -2.54381e-02
10
Mean         4.44216e-03   1.16535e-04   2.11654e-07  -4.78841e-02
Sigma        1.39187e-03   9.32624e-05   2.78375e-05  -5.73556e-02
11
Mean         3.30202e-03   1.09037e-04   2.08375e-07  -5.72823e+00
Sigma        1.23447e-03   8.06032e-05   2.91427e-05   1.40738e-02
