676.962 676.888 0.0457537 0.855707 0.00301494 0.983032 -0.0157499 1.21881
676.962 676.888 0.0183411 0.941171 0.00336299 0.982693 -0.0174086 1.24303
676.962 676.888 0.04954 0.832976 -0.00290714 0.996584 -0.0151032 1.21045
676.962 676.888 0.054702 0.824488 -0.00591688 1.00576 -0.0221567 1.30248
656.113 655.975 0.053426 0.834537 0.00134675 0.99074 -0.00591963 1.08076
656.113 655.975 0.0142542 0.950341 0.00991104 0.964963 -0.00478254 1.06922
656.113 655.975 0.0371325 0.87561 -0.0204084 1.05288 -2.22413e-05 1.01116
656.113 655.975 0.0452192 0.85561 -0.0120338 1.02891 -0.0133773 1.18332
656.003 655.895 0.0418079 0.860098 -0.0189695 1.04661 -0.0350288 1.48618
656.003 655.895 0.0619357 0.800195 -0.00392273 0.998221 -0.0383642 1.53131
656.003 655.895 0.0452252 0.856098 -0.000607792 0.998645 -0.0416932 1.57594
656.003 655.895 0.0260372 0.911122 0.00765065 0.969678 -0.0407225 1.56098
673.451 673.344 0.0470088 0.849366 -0.0140571 1.04224 -0.0209873 1.28841
673.451 673.344 0.0347243 0.885756 -0.00357532 1.00429 -0.0120505 1.17102
673.451 673.344 0.0477174 0.841951 -0.0160175 1.0426 -0.0216307 1.29653
673.451 673.344 0.0406129 0.871317 -0.00837403 1.01756 -0.0219185 1.29792
655.967 655.906 0.0611581 0.807415 0.000934416 0.995116 0.0116851 0.83646
655.967 655.906 2.4911e-10 1 3.32352e-11 1 -5.61602e-11 1
655.967 655.906 0.0457776 0.846829 -0.0214286 1.0559 0.0176953 0.769777
655.967 655.906 0.061059 0.80478 -0.00948442 1.0201 0.0029722 0.955122
654.302 654.221 0.033364 0.888976 -0.0206656 1.04729 -0.0501126 1.69511
654.302 654.221 0.0473754 0.857463 -0.0212701 1.05737 -0.0409815 1.57188
654.302 654.221 0.051477 0.833268 -0.00257597 1.0107 -0.041432 1.57898
654.302 654.221 0.0185031 0.932683 0.000864286 0.991615 -0.0521572 1.72135
672.563 672.507 0.0462072 0.854634 -0.000238961 0.988876 -0.0193253 1.26395
672.563 672.507 0.0269592 0.91561 -0.00742922 1.01883 -0.0197165 1.27345
672.563 672.507 0.0412343 0.862244 -0.0100026 1.02564 -0.0140951 1.19726
672.563 672.507 0.0388562 0.874829 -0.00368506 1.00042 -0.0204186 1.27675
659.301 659.188 0.0726407 0.765463 0.00481494 0.978684 0.0104324 0.854716
659.301 659.188 0.0143984 0.95122 0.00376364 0.98498 0.00711744 0.905299
659.301 659.188 0.0345291 0.886146 -0.0126922 1.02744 0.00580972 0.927865
659.301 659.188 0.0637584 0.79122 -0.00490584 1.00551 -0.00111517 1.01217
654.044 653.952 0.0439879 0.853073 -0.0264292 1.06231 -0.0420625 1.58608
654.044 653.952 0.0604857 0.817756 -0.0179584 1.04636 -0.0419515 1.58443
654.044 653.952 0.0416728 0.865366 -0.00410584 1.0229 -0.0306429 1.43395
654.044 653.952 0.0176862 0.931317 0.00501558 0.976623 -0.0526451 1.72667
672.512 672.418 0.0528763 0.827805 -0.000622727 0.993874 -0.0236379 1.32454
672.512 672.418 0.0337604 0.888683 -0.00597922 1.01231 -0.0187278 1.26179
672.512 672.418 0.0492608 0.837366 -0.0166565 1.04452 -0.0142158 1.19967
672.512 672.418 0.0469338 0.848683 -0.000175325 0.991248 -0.0236753 1.32277
654.122 654.029 0.0521528 0.839415 0.0111318 0.959881 0.00051375 0.992647
654.122 654.029 0.0149358 0.946146 0.00461623 0.983258 -0.00145752 1.02726
654.122 654.029 0.0283734 0.905951 -0.0255136 1.06937 -0.00552692 1.0876
654.122 654.029 0.0574736 0.81678 -0.0158169 1.04054 -0.00885556 1.12044
655.351 655.348 0.0420661 0.859415 -0.0206039 1.04715 -0.0409581 1.5677
655.351 655.348 0.0572125 0.822634 -0.0182097 1.04831 -0.0333108 1.46438
655.351 655.348 0.0500837 0.83922 0.000764286 1.00031 -0.0290337 1.40657
655.351 655.348 0.0241183 0.912293 0.0117117 0.954207 -0.0544831 1.74848
674.181 674.113 0.0380035 0.881366 8.8961e-05 0.991558 -0.0185942 1.25837
674.181 674.113 0.0199536 0.93678 -0.00259935 1.00229 -0.0165941 1.23327
674.181 674.113 0.0449638 0.851122 -0.0114123 1.02612 -0.0227789 1.31364
674.181 674.113 0.0535309 0.826829 0.0015039 0.983286 -0.0242652 1.33139
655.844 655.75 0.0566089 0.822341 0.00487403 0.982439 -0.00247894 1.03207
655.844 655.75 0.00981906 0.963707 0.00427922 0.983343 -0.00543246 1.07784
655.844 655.75 0.0328596 0.891317 -0.0222812 1.05762 -0.00528226 1.08253
655.844 655.75 0.0542216 0.82878 -0.00901948 1.01835 -0.00475274 1.06453
654.861 654.746 0.0413215 0.863902 -0.0179864 1.03933 -0.0408942 1.56504
654.861 654.746 0.0584736 0.81678 -0.00723247 1.01174 -0.0310216 1.43306
654.861 654.746 0.0451381 0.854439 0.000191558 1.00071 -0.034062 1.47388
654.861 654.746 0.0191577 0.931707 0.00307662 0.982891 -0.0323214 1.4503
672.78 672.689 0.0550113 0.822537 0.000397403 0.990853 -0.0202044 1.27878
672.78 672.689 0.033364 0.888976 -0.00305325 1.00378 -0.0277537 1.38147
672.78 672.689 0.0404837 0.866244 -0.00872857 1.01677 -0.0222433 1.30692
672.78 672.689 0.049372 0.840976 -4.28572e-05 0.988199 -0.0197158 1.27104
657.134 657.015 0.0673348 0.783902 0.00289545 0.98834 -0.00502506 1.06706
657.134 657.015 0.0164732 0.941073 0.00468247 0.981733 -0.0088789 1.12462
657.134 657.015 0.032211 0.89278 -0.0196416 1.04929 -0.00910953 1.13565
657.134 657.015 0.0593143 0.809268 -0.00912078 1.01813 -0.00689935 1.09407
654.402 654.317 0.0383847 0.874439 -0.0232766 1.05624 -0.0386624 1.53588
654.402 654.317 0.0476096 0.854829 -0.0113 1.02609 -0.0373529 1.51788
654.402 654.317 0.0593923 0.80478 0.00031039 1.00181 -0.0391439 1.54069
654.402 654.317 0.030262 0.891512 0.00606883 0.97284 -0.0412621 1.57036
674.991 674.901 0.053663 0.826732 0.000465584 0.991841 -0.0168277 1.23276
674.991 674.901 0.0275416 0.90878 -0.000144805 0.994382 -0.0176809 1.24556
674.991 674.901 0.0334512 0.890634 -0.0154799 1.04046 -0.0202863 1.27814
674.991 674.901 0.0415768 0.86839 0.00222013 0.979588 -0.029125 1.3949
655.446 655.305 0.0579451 0.817171 0.0147429 0.950932 -0.00518961 1.0682
655.446 655.305 0.0139478 0.947122 0.0108013 0.961095 -0.000864375 1.01838
655.446 655.305 0.0393126 0.868585 -0.0233078 1.05951 -0.00228634 1.04285
655.446 655.305 0.066509 0.78722 -0.0089026 1.01694 -0.00935961 1.12703
654.708 654.631 0.0479246 0.842537 -0.0130994 1.02403 -0.0424574 1.58646
654.708 654.631 0.0521227 0.836976 -0.00738247 1.01392 -0.0378131 1.52574
654.708 654.631 0.0490777 0.838732 0.0018487 0.993252 -0.0388051 1.53765
654.708 654.631 0.0273493 0.904 0.015189 0.939385 -0.0389761 1.5393
673.206 673.134 0.0433814 0.857951 -0.00244935 1.00011 -0.0272773 1.37234
673.206 673.134 0.0287698 0.905659 -0.00385714 1.00311 -0.0278072 1.38096
673.206 673.134 0.0520445 0.830634 -0.00787143 1.01366 -0.0208892 1.28778
673.206 673.134 0.051534 0.832488 0.000829221 0.989864 -0.0258155 1.3518
653.646 653.538 0.0625213 0.799024 0.0122468 0.955957 -0.00661015 1.08785
653.646 653.538 0.0128999 0.954049 0.0106253 0.958752 -0.00487164 1.0715
653.646 653.538 0.0309558 0.899122 -0.0263708 1.07247 -0.00288918 1.05248
653.646 653.538 0.0594404 0.808683 -0.0129968 1.03317 -0.00911567 1.12437
655.111 655.025 0.0357272 0.880585 -0.0197292 1.04492 -0.0428285 1.59204
655.111 655.025 0.0639177 0.798732 -0.0211864 1.05672 -0.041557 1.57467
655.111 655.025 0.04612 0.852976 -0.00123182 1.00534 -0.036015 1.5
655.111 655.025 0.0233496 0.914829 0.00626039 0.973546 -0.051937 1.71349
662.87 662.839 0.0428199 0.861073 -0.00140844 0.987662 -0.0287011 1.39224
662.87 662.839 0.057768 0.819024 0.00878636 0.956324 -0.0310381 1.42495
662.87 662.839 0.0409041 0.867902 0.000974026 0.995483 -0.0268857 1.37221
662.87 662.839 0.0415766 0.857561 0.00194221 0.983427 -0.0320372 1.43978
676.884 676.851 0.0495191 0.836683 0.00689481 0.97301 -0.026281 1.36714
676.884 676.851 0.0232506 0.923024 0.0129065 0.944608 -0.0260249 1.36587
676.884 676.851 0.0399282 0.869854 -0.00792857 1.01242 -0.0253078 1.35434
676.884 676.851 0.0508825 0.839122 -0.000135714 0.991615 -0.0246952 1.34394
672.238 672.229 0.0686472 0.78761 0.0195208 0.925353 -0.00719179 1.10053
672.238 672.229 0.0125847 0.955512 0.0221305 0.929221 -0.00789737 1.11587
672.238 672.229 0.0262263 0.910244 -0.0175019 1.04097 -0.0118802 1.17178
672.238 672.229 0.0517172 0.831122 -0.00906104 1.01547 -0.0196389 1.26737
665.006 664.937 0.0501167 0.836488 -0.00288052 0.994692 -0.0293891 1.4015
665.006 664.937 0.0502459 0.841561 -0.00581364 1.0085 -0.0241711 1.33342
665.006 664.937 0.028926 0.907512 -0.00516883 1.01412 -0.0231288 1.32226
665.006 664.937 0.0370634 0.875415 -0.0115448 1.02916 -0.0348305 1.47769
676.185 676.069 0.0559001 0.818927 0.00685325 0.97013 -0.0275467 1.38641
676.185 676.069 0.0314603 0.89678 0.00830974 0.964737 -0.0255937 1.36029
676.185 676.069 0.0356822 0.882341 -0.0131773 1.03221 -0.0250225 1.35079
676.185 676.069 0.0409342 0.870341 -0.0150591 1.03972 -0.0283386 1.3944
671.377 671.338 0.0619509 0.806829 0.00425584 0.974929 -0.0166901 1.22667
671.377 671.338 0.0178395 0.938341 0.00672468 0.978204 -0.0108721 1.1586
671.377 671.338 0.0347063 0.884293 -0.0220896 1.05833 -0.00967752 1.1449
671.377 671.338 0.0389703 0.873268 -0.0129195 1.03139 -0.0184534 1.25203
665.251 665.171 0.04727 0.843512 -0.000738961 0.988876 -0.0322837 1.44029
665.251 665.171 0.0546329 0.824293 -0.0080961 1.01372 -0.0253858 1.35104
665.251 665.171 0.0391715 0.873366 -0.00263247 1.00305 -0.0371902 1.51217
665.251 665.171 0.0450719 0.849073 -0.000858442 0.994184 -0.033845 1.46628
676.919 676.809 0.0502368 0.835415 0.00446234 0.980407 -0.0230735 1.32733
676.919 676.809 0.0245419 0.91961 0.00323117 0.979334 -0.0259803 1.36473
676.919 676.809 0.0284786 0.909073 -0.0115312 1.02501 -0.0249877 1.35041
676.919 676.809 0.0540835 0.82839 -0.0137526 1.0365 -0.0227494 1.32074
669.609 669.55 0.0543959 0.832098 0.0135429 0.946584 -0.0151463 1.20677
669.609 669.55 0.0131522 0.952878 0.00575519 0.981338 -0.0158558 1.22477
669.609 669.55 0.0358593 0.880488 -0.0212169 1.05359 -0.00921802 1.13945
669.609 669.55 0.0503179 0.836585 -0.0143253 1.0369 -0.018374 1.25051
665.734 665.711 0.046141 0.849268 -0.00114416 0.987973 -0.0339424 1.4645
665.734 665.711 0.0500057 0.843707 -0.00171299 0.993394 -0.0297641 1.40974
665.734 665.711 0.0349376 0.886829 -0.00247857 1.0059 -0.0282211 1.39224
665.734 665.711 0.0382675 0.870341 -0.0138364 1.03715 -0.0287761 1.40048
675.416 675.31 0.0593232 0.804585 0.00618766 0.973941 -0.0297314 1.41658
675.416 675.31 0.0331809 0.890341 0.00292922 0.981169 -0.0246489 1.34736
675.416 675.31 0.0393487 0.871512 -0.0157156 1.04077 -0.0235704 1.33101
675.416 675.31 0.0485643 0.845756 -0.0142175 1.03826 -0.0272356 1.38083
672.967 672.943 0.0589841 0.814927 -0.000701948 0.993139 -0.0115986 1.1591
672.967 672.943 0.0134285 0.953659 0.0077539 0.972417 -0.015082 1.21349
672.967 672.943 0.0346553 0.885561 -0.0227792 1.06014 -0.00635179 1.10053
672.967 672.943 0.0524048 0.827415 -0.0120844 1.0288 -0.0181146 1.24899
663.902 663.851 0.0445855 0.852878 -0.00191558 0.992942 -0.0326613 1.44637
663.902 663.851 0.0497174 0.841951 -0.00456623 1.00152 -0.0305883 1.42026
663.902 663.851 0.0352769 0.887317 -0.00608312 1.01598 -0.0353669 1.48682
663.902 663.851 0.0394327 0.867512 -0.0152532 1.04291 -0.027149 1.37639
676.56 676.421 0.0414957 0.86722 0.00944416 0.964201 -0.0268271 1.37703
676.56 676.421 0.0259351 0.913659 0.00319805 0.980096 -0.0253053 1.35649
676.56 676.421 0.0335142 0.890341 -0.0228169 1.06228 -0.0221441 1.31326
676.56 676.421 0.0446307 0.861951 -0.0133162 1.03413 -0.0274002 1.38197
671.679 671.64 0.0607978 0.810634 0.00595455 0.970356 -0.0170037 1.2301
671.679 671.64 0.0186773 0.936 0.00745844 0.975381 -0.010732 1.15467
671.679 671.64 0.0234639 0.924098 -0.0228961 1.06155 -0.0088372 1.13311
671.679 671.64 0.0485042 0.840878 -0.0124656 1.0299 -0.0158189 1.21717
665.068 665.042 0.048378 0.841463 -0.00802987 1.0122 -0.0346045 1.47173
665.068 665.042 0.0672927 0.780488 -0.00378636 1.0002 -0.0285656 1.39338
665.068 665.042 0.0383968 0.875415 -0.00530974 1.01352 -0.0286587 1.39833
665.068 665.042 0.0446575 0.847902 -0.00858571 1.01988 -0.0321515 1.44168
676.909 676.782 0.0618036 0.800293 0.00186039 0.986589 -0.0217923 1.3092
676.909 676.782 0.0363698 0.878634 0.00562143 0.975466 -0.0280378 1.39199
676.909 676.782 0.0276047 0.908488 -0.0133734 1.03289 -0.0222989 1.31364
676.909 676.782 0.0440091 0.860195 -0.0176435 1.04678 -0.0287664 1.39972
669.565 669.561 0.0697011 0.781171 -0.00301753 0.999125 -0.0161699 1.21881
669.565 669.561 0.0147827 0.949951 0.0119818 0.962055 -0.0104661 1.15264
669.565 669.561 0.0334211 0.888195 -0.0151864 1.03498 -0.0180696 1.25723
669.565 669.561 0.0434384 0.857171 -0.0161474 1.04176 -0.0167443 1.22858
663.736 663.727 0.044006 0.854537 -0.00159805 0.989469 -0.0257077 1.35041
663.736 663.727 0.0593444 0.811707 -0.00841104 1.0133 -0.0222271 1.30565
663.736 663.727 0.0403306 0.870049 -0.000819481 1.00096 -0.0278841 1.38463
663.736 663.727 0.0395347 0.864976 -0.00930195 1.02357 -0.0263906 1.36397
676.328 676.253 0.0597947 0.804976 0.00446429 0.982919 -0.0243281 1.34102
676.328 676.253 0.0303282 0.896878 0.00661753 0.97044 -0.0240712 1.33735
676.328 676.253 0.0401503 0.866244 -0.00926364 1.01502 -0.0204376 1.28765
676.328 676.253 0.0642029 0.794829 -0.0150039 1.03845 -0.0225202 1.31453
671.574 671.483 0.0585157 0.820195 0.00178377 0.981959 -0.021736 1.30008
671.574 671.483 0.0218092 0.925073 0.00598636 0.982411 -0.0194618 1.277
671.574 671.483 0.0241334 0.918927 -0.0185266 1.04537 -0.0158328 1.23238
671.574 671.483 0.0523237 0.826244 -0.0199812 1.05327 -0.0223988 1.30971
665.428 665.401 0.0512337 0.829756 -0.000223377 0.987239 -0.031351 1.42596
665.428 665.401 0.0414868 0.871902 -0.00254351 0.994608 -0.0290877 1.39668
665.428 665.401 0.039688 0.872 -0.000647403 0.998278 -0.0216605 1.30122
665.428 665.401 0.0414866 0.861073 -0.00517922 1.00796 -0.029615 1.40745
675.306 675.289 0.0529213 0.826049 0.00336494 0.985206 -0.0292364 1.40834
675.306 675.289 0.0261363 0.913756 0.00572987 0.970412 -0.0290995 1.40467
675.306 675.289 0.036475 0.881756 -0.0192805 1.05121 -0.0166807 1.2377
675.306 675.289 0.0588729 0.811317 -0.0123403 1.03213 -0.0274666 1.38248
672.977 672.989 0.0633771 0.798146 0.00238052 0.983569 -0.0239742 1.32974
672.977 672.989 0.0134164 0.952683 0.00438506 0.982185 -0.0176579 1.25317
672.977 672.989 0.0374659 0.87561 -0.025313 1.06731 -0.0194025 1.27941
672.977 672.989 0.0387992 0.87561 -0.0204883 1.05855 -0.0288696 1.39604
