bad1 0 0 0 0 0 0 0 0 0
bad1 0 0 0 0 0 0 0 0 0
bad1 0 0 0 0 0 0 0 0 0
bad1 0 0 0 0 0 0 0 0 0
bad1 0 0 0 0 0 0 0 0 0
bad1 0 0 0 0 0 0 0 0 0
bad2_1 241.5 448.5 17.2 275.0 901.0 66.5 66.5 231 231
bad2_2 242.5 449.5 15.9 155.0 797.0 65.5 67.5 231 232
bad2_3 240.5 453.5 17.4 206.0 901.0 67.5 70.5 231 231
bad2_4 240.5 449.5 17.7 367.0 1009.0 67.5 67.5 231 232
bad2_5 243.5 450.5 18.1 377.0 1009.0 67.5 68.5 231 233
bad2_6 241.5 451.5 17.2 269.0 901.0 67.5 69.5 232 231
bad3_1 242.5 455.5 17.2 298.0 901.0 66.5 72.5 232 230
bad3_2 240.5 451.5 17.2 196.0 901.0 68.5 69.5 231 232
bad3_3 239.5 452.5 17.2 200.0 901.0 69.5 70.5 232 232
bad3_4 240.5 449.5 17.4 276.0 901.0 67.5 67.5 230 232
bad3_5 241.5 452.5 17.0 179.0 901.0 65.5 69.5 231 232
bad3_6 240.5 452.5 17.7 310.0 1009.0 67.5 71.5 231 232
bad4_1 243.5 444.5 17.7 397.0 1009.0 66.5 62.5 233 233
bad4_2 243.5 443.5 17.2 399.0 901.0 65.5 61.5 232 232
bad4_3 243.5 444.5 17.2 347.0 901.0 64.5 62.5 231 233
bad4_4 241.5 450.5 17.7 385.0 1009.0 66.5 68.5 232 233
bad4_5 240.5 451.5 17.4 302.0 901.0 68.5 69.5 232 232
bad4_6 243.5 451.5 17.7 414.0 1009.0 65.5 69.5 232 232
bad5_1 244.5 453.5 17.2 430.0 901.0 64.5 71.5 232 233
bad5_2 244.5 451.5 17.7 398.0 1009.0 65.5 69.5 233 232
bad5_3 241.5 451.5 17.2 275.0 901.0 66.5 69.5 231 232
bad5_4 239.5 442.5 17.2 430.0 901.0 69.5 60.5 232 231
bad5_5 246.5 446.5 18.1 476.0 1009.0 65.5 63.5 233 232
bad5_6 244.5 443.5 17.7 440.0 1009.0 64.5 61.5 232 233
bad6_1 246.5 439.5 17.9 451.0 1009.0 63.5 59.5 231 233
bad6_2 247.5 440.5 17.7 563.0 1009.0 61.5 60.5 231 232
bad6_3 246.5 442.5 17.2 205.0 901.0 65.5 62.5 234 232
bad6_4 248.5 444.5 16.9 330.0 901.0 60.5 66.5 233 234
bad6_5 249.5 448.5 17.9 344.0 1009.0 60.5 68.5 231 233
bad6_6 249.5 447.5 16.6 350.0 901.0 60.5 66.5 232 233
bad7_1 241.5 450.5 18.0 284.0 1009.0 66.5 69.5 231 233
bad7_2 243.5 453.5 17.2 181.0 901.0 66.5 71.5 232 232
bad7_3 242.5 452.5 16.9 303.0 901.0 66.5 71.5 232 233
bad7_4 240.5 450.5 16.3 158.0 797.0 69.5 68.5 233 233
bad7_5 243.5 446.5 16.9 321.0 901.0 67.5 65.5 232 233
bad7_6 241.5 444.5 17.4 345.0 901.0 66.5 63.5 231 234
bad8_1 242.5 444.5 18.1 313.0 1009.0 66.5 63.5 232 231
bad8_2 241.5 447.5 16.9 210.0 901.0 67.5 66.5 232 232
bad8_3 239.5 448.5 16.6 235.0 901.0 67.5 67.5 231 233
bad8_4 241.5 448.5 18.2 238.0 1009.0 66.5 67.5 231 232
bad8_5 243.5 450.5 19.1 511.0 1129.0 65.5 69.5 232 233
bad8_6 243.5 451.5 17.7 300.0 1009.0 64.5 69.5 231 230
bad9_1 240.5 445.5 17.7 366.0 1009.0 68.5 64.5 232 233
bad9_2 241.5 447.5 16.7 251.0 901.0 68.5 65.5 232 231
bad9_3 241.5 444.5 18.5 353.0 1009.0 66.5 63.5 231 232
bad9_4 242.5 452.5 16.6 263.0 901.0 67.5 70.5 233 232
bad9_5 244.5 451.5 17.2 159.0 901.0 64.5 70.5 232 231
bad9_6 244.5 449.5 18.6 432.0 1129.0 63.5 68.5 231 232
bad1 0 0 0 0 0 0 0 0 0
bad1 0 0 0 0 0 0 0 0 0
bad1 0 0 0 0 0 0 0 0 0
bad1 0 0 0 0 0 0 0 0 0
bad1 0 0 0 0 0 0 0 0 0
bad1 0 0 0 0 0 0 0 0 0
bad11_1 247.5 447.5 19.1 461.0 1129.0 61.5 65.5 230 232
bad11_2 242.5 448.5 17.4 198.0 901.0 65.5 66.5 232 232
bad11_3 249.5 448.5 16.9 432.0 901.0 59.5 66.5 234 232
bad11_4 245.5 444.5 16.9 334.0 901.0 64.5 62.5 232 231
bad11_5 242.5 440.5 15.5 397.0 797.0 65.5 58.5 232 231
bad11_6 245.5 446.5 16.9 189.0 901.0 62.5 63.5 231 232
bad12_1 242.5 451.5 17.9 319.0 1009.0 67.5 68.5 233 231
bad12_2 244.5 448.5 17.8 340.0 1009.0 63.5 67.5 230 233
bad12_3 243.5 450.5 18.3 345.0 1009.0 64.5 68.5 231 233
bad12_4 239.5 444.5 17.4 298.0 901.0 68.5 64.5 231 234
bad12_5 240.5 448.5 15.8 148.0 797.0 68.5 65.5 232 232
bad12_6 240.5 449.5 16.9 215.0 901.0 68.5 67.5 232 232
bad1 0 0 0 0 0 0 0 0 0
bad1 0 0 0 0 0 0 0 0 0
bad1 0 0 0 0 0 0 0 0 0
bad1 0 0 0 0 0 0 0 0 0
bad1 0 0 0 0 0 0 0 0 0
bad1 0 0 0 0 0 0 0 0 0
bad14_1 241.5 447.5 17.4 328.0 901.0 68.5 65.5 233 233
bad14_2 240.5 444.5 17.2 382.0 901.0 69.5 63.5 234 233
bad14_3 239.5 442.5 17.2 388.0 901.0 68.5 60.5 231 232
bad14_4 240.5 454.5 16.7 166.0 901.0 68.5 73.5 232 234
bad14_5 244.5 455.5 17.4 254.0 901.0 64.5 73.5 232 232
bad14_6 242.5 454.5 17.8 410.0 1009.0 65.5 72.5 231 232
bad15_1 258.5 448.5 17.4 251.0 901.0 51.5 66.5 231 232
bad15_2 241.5 448.5 16.7 338.0 901.0 66.5 67.5 230 233
bad15_3 244.5 444.5 17.4 253.0 901.0 65.5 62.5 232 232
bad15_4 245.5 436.5 18.3 361.0 1009.0 64.5 56.5 231 232
bad15_5 243.5 449.5 18.3 285.0 1009.0 64.5 67.5 231 232
bad15_6 243.5 449.5 17.9 368.0 1009.0 66.5 67.5 233 231
bad16_1 241.5 445.5 17.7 289.0 1009.0 67.5 64.5 233 232
bad16_2 241.5 443.5 16.8 303.0 901.0 67.5 62.5 230 233
bad16_3 243.5 450.5 18.1 365.0 1009.0 65.5 68.5 233 232
bad16_4 246.5 450.5 18.1 270.0 1009.0 62.5 69.5 231 233
bad16_5 242.5 447.5 16.6 265.0 901.0 66.5 66.5 232 233
bad16_6 245.5 450.5 17.1 222.0 901.0 62.5 68.5 231 231
bad17_1 243.5 448.5 17.6 280.0 1009.0 65.5 66.5 232 232
bad17_2 241.5 450.5 17.4 174.0 901.0 66.5 69.5 232 234
bad17_3 242.5 448.5 17.2 662.0 901.0 67.5 66.5 233 232
bad17_4 243.5 448.5 17.2 239.0 901.0 64.5 66.5 232 232
bad17_5 260.5 449.5 15.9 649.0 797.0 48.5 67.5 231 232
bad17_6 242.5 450.5 17.2 198.0 901.0 67.5 68.5 234 233
bad18_1 237.5 452.5 19.1 501.0 1129.0 71.5 70.5 233 232
bad18_2 242.5 452.5 17.2 284.0 901.0 67.5 70.5 232 233
bad18_3 243.5 451.5 17.7 325.0 1009.0 65.5 70.5 232 233
bad18_4 242.5 451.5 16.1 225.0 797.0 67.5 69.5 232 232
bad18_5 241.5 446.5 17.4 329.0 901.0 67.5 65.5 233 233
bad18_6 242.5 447.5 17.7 441.0 1009.0 66.5 66.5 232 233
bad19_1 245.5 448.5 17.7 324.0 1009.0 63.5 66.5 232 231
bad19_2 241.5 444.5 17.7 321.0 1009.0 65.5 65.5 233 233
bad19_3 241.5 449.5 18.5 372.0 1009.0 67.5 67.5 232 232
bad19_4 244.5 444.5 17.2 345.0 901.0 64.5 63.5 231 232
bad19_5 241.5 450.5 17.9 364.0 1009.0 66.5 68.5 231 232
bad19_6 244.5 443.5 18.0 403.0 1009.0 65.5 61.5 232 231
bad20_1 242.5 446.5 17.9 501.0 1009.0 66.5 63.5 231 232
bad20_2 243.5 441.5 17.4 466.0 901.0 65.5 59.5 232 231
bad20_3 243.5 444.5 17.2 420.0 901.0 64.5 62.5 231 232
bad20_4 241.5 454.5 17.4 181.0 901.0 66.5 72.5 231 232
bad20_5 244.5 454.5 17.9 358.0 1009.0 65.5 72.5 233 233
bad20_6 242.5 453.5 17.2 345.0 901.0 65.5 71.5 231 232
bad1 0 0 0 0 0 0 0 0 0
bad1 0 0 0 0 0 0 0 0 0
bad1 0 0 0 0 0 0 0 0 0
bad1 0 0 0 0 0 0 0 0 0
bad1 0 0 0 0 0 0 0 0 0
bad1 0 0 0 0 0 0 0 0 0
bad22_1 243.5 450.5 17.7 314.0 1009.0 64.5 69.5 231 233
bad22_2 243.5 448.5 18.5 325.0 1009.0 65.5 66.5 231 232
bad22_3 240.5 449.5 18.0 404.0 1009.0 67.5 68.5 232 233
bad22_4 244.5 447.5 16.6 366.0 901.0 65.5 66.5 231 233
bad22_5 246.5 447.5 18.0 389.0 1009.0 61.5 66.5 232 232
bad22_6 243.5 446.5 16.9 314.0 901.0 66.5 64.5 232 232
bad23_1 238.5 448.5 18.0 380.0 1009.0 69.5 65.5 231 232
bad23_2 238.5 452.5 18.1 275.0 1009.0 69.5 69.5 231 232
bad23_3 238.5 450.5 16.9 145.0 901.0 68.5 68.5 231 230
bad23_4 240.5 456.5 16.9 211.0 901.0 67.5 73.5 231 231
bad23_5 241.5 454.5 16.9 181.0 901.0 67.5 71.5 231 232
bad23_6 238.5 454.5 16.8 236.0 901.0 69.5 71.5 232 232
bad24_1 239.5 453.5 18.5 287.0 1009.0 69.5 72.5 231 233
bad24_2 240.5 454.5 17.8 427.0 1009.0 69.5 73.5 232 233
bad24_3 238.5 454.5 17.7 442.0 1009.0 70.5 73.5 232 233
bad24_4 239.5 450.5 17.2 225.0 901.0 69.5 69.5 232 232
bad24_5 240.5 451.5 17.9 421.0 1009.0 69.5 70.5 233 233
bad24_6 239.5 448.5 15.8 270.0 797.0 69.5 67.5 232 233
bad25_1 240.5 451.5 17.4 348.0 901.0 68.5 70.5 232 234
bad25_2 242.5 450.5 17.7 391.0 1009.0 65.5 68.5 231 232
bad25_3 242.5 453.5 17.4 338.0 901.0 67.5 71.5 233 233
bad25_4 244.5 444.5 17.9 477.0 1009.0 64.5 62.5 232 233
bad25_5 242.5 440.5 16.1 343.0 797.0 66.5 59.5 233 234
bad25_6 244.5 445.5 16.8 332.0 901.0 64.5 63.5 232 232
bad26_1 241.5 451.5 17.7 418.0 1009.0 67.5 70.5 232 233
bad26_2 244.5 452.5 18.5 391.0 1009.0 66.5 70.5 233 233
bad26_3 240.5 450.5 17.9 291.0 1009.0 69.5 69.5 233 233
bad26_4 243.5 443.5 16.3 340.0 797.0 66.5 62.5 233 233
bad26_5 244.5 448.5 17.2 342.0 901.0 65.5 67.5 233 234
bad26_6 244.5 439.5 16.8 477.0 901.0 65.5 60.5 233 233
bad1 0 0 0 0 0 0 0 0 0
bad1 0 0 0 0 0 0 0 0 0
bad1 0 0 0 0 0 0 0 0 0
bad1 0 0 0 0 0 0 0 0 0
bad1 0 0 0 0 0 0 0 0 0
bad1 0 0 0 0 0 0 0 0 0
bad28_1 243.5 447.5 16.8 200.0 901.0 66.5 68.5 231 233
bad28_2 241.5 446.5 17.4 281.0 901.0 66.5 64.5 231 231
bad28_3 244.5 448.5 16.3 174.0 797.0 65.5 67.5 233 231
bad28_4 243.5 448.5 18.5 380.0 1009.0 66.5 66.5 233 231
bad28_5 243.5 444.5 18.5 401.0 1009.0 65.5 64.5 232 232
bad28_6 243.5 450.5 17.8 318.0 1009.0 64.5 69.5 231 232
bad29_1 245.5 449.5 17.2 162.0 901.0 63.5 66.5 231 230
bad29_2 248.5 450.5 17.2 226.0 901.0 60.5 68.5 232 233
bad29_3 243.5 448.5 15.6 142.0 797.0 64.5 65.5 231 232
bad29_4 244.5 445.5 18.1 252.0 1009.0 63.5 64.5 231 234
bad29_5 243.5 447.5 17.2 292.0 901.0 65.5 64.5 232 232
bad29_6 243.5 445.5 17.4 272.0 901.0 64.5 62.5 232 231
bad30_1 239.5 453.5 17.8 366.0 1009.0 70.5 72.5 231 234
bad30_2 238.5 452.5 17.4 219.0 901.0 69.5 71.5 231 232
bad30_3 238.5 451.5 17.4 194.0 901.0 71.5 70.5 233 233
bad30_4 239.5 457.5 16.6 193.0 901.0 70.5 76.5 233 233
bad30_5 241.5 454.5 16.9 174.0 901.0 68.5 72.5 233 231
bad30_6 239.5 451.5 17.9 293.0 1009.0 68.5 71.5 230 233
bad31_1 239.5 449.5 18.5 397.0 1009.0 70.5 68.5 232 232
bad31_2 240.5 449.5 18.0 317.0 1009.0 70.5 69.5 230 234
bad31_3 234.5 454.5 17.2 157.0 901.0 74.5 72.5 232 232
bad31_4 240.5 452.5 18.0 390.0 1009.0 67.5 71.5 230 233
bad31_5 237.5 455.5 16.7 230.0 901.0 70.5 73.5 230 231
bad31_6 241.5 453.5 17.4 160.0 901.0 69.5 72.5 234 231
bad32_1 237.5 453.5 19.1 385.0 1129.0 71.5 71.5 232 232
bad32_2 238.5 450.5 17.4 137.0 901.0 69.5 68.5 232 233
bad32_3 242.5 449.5 17.2 388.0 901.0 67.5 67.5 232 232
bad32_4 238.5 454.5 18.1 236.0 1009.0 70.5 72.5 233 232
bad32_5 239.5 452.5 17.4 274.0 901.0 68.5 70.5 231 232
bad32_6 241.5 453.5 18.0 237.0 1009.0 66.5 71.5 231 233
bad33_1 246.5 444.5 16.0 346.0 797.0 63.5 63.5 233 234
bad33_2 241.5 444.5 16.3 247.0 797.0 67.5 62.5 232 233
bad33_3 246.5 441.5 19.6 741.0 1257.0 61.5 58.5 231 232
bad33_4 241.5 450.5 17.4 295.0 901.0 68.5 68.5 233 232
bad33_5 243.5 450.5 18.0 410.0 1009.0 65.5 69.5 232 234
bad33_6 245.5 452.5 16.8 330.0 901.0 64.5 69.5 232 232
bad34_1 241.5 448.5 18.0 322.0 1009.0 66.5 66.5 231 232
bad34_2 244.5 448.5 17.9 347.0 1009.0 65.5 66.5 232 232
bad34_3 242.5 449.5 17.2 213.0 901.0 65.5 67.5 230 233
bad34_4 242.5 449.5 17.4 225.0 901.0 65.5 67.5 231 232
bad34_5 244.5 449.5 17.2 226.0 901.0 63.5 67.5 231 232
bad34_6 247.5 448.5 16.6 379.0 901.0 61.5 66.5 232 232
bad35_1 242.5 452.5 18.0 420.0 1009.0 67.5 71.5 232 233
bad35_2 257.5 449.5 17.7 797.0 1009.0 52.5 68.5 233 233
bad35_3 243.5 449.5 16.3 150.0 797.0 65.5 67.5 231 233
bad35_4 239.5 448.5 17.4 375.0 901.0 69.5 67.5 232 233
bad35_5 242.5 450.5 17.9 305.0 1009.0 66.5 68.5 232 232
bad35_6 244.5 451.5 17.2 613.0 901.0 64.5 69.5 232 233
bad36_1 242.5 450.5 16.8 208.0 901.0 67.5 68.5 233 232
bad36_2 243.5 447.5 16.3 197.0 797.0 67.5 66.5 233 234
bad36_3 240.5 448.5 16.6 341.0 901.0 69.5 67.5 233 233
bad36_4 244.5 447.5 17.2 250.0 901.0 64.5 67.5 231 233
bad36_5 243.5 455.5 16.1 198.0 797.0 65.5 73.5 233 232
bad36_6 251.5 448.5 17.7 500.0 1009.0 58.5 67.5 233 232
bad37_1 241.5 451.5 17.4 215.0 901.0 68.5 69.5 233 232
bad37_2 240.5 455.5 17.4 230.0 901.0 67.5 73.5 230 233
bad37_3 245.5 445.5 15.8 577.0 797.0 62.5 62.5 231 232
bad37_4 241.5 452.5 17.2 202.0 901.0 68.5 71.5 231 234
bad37_5 232.5 454.5 18.2 707.0 1009.0 75.5 71.5 231 232
bad37_6 239.5 452.5 17.2 237.0 901.0 70.5 69.5 232 230
bad38_1 242.5 453.5 18.0 282.0 1009.0 66.5 71.5 232 232
bad38_2 242.5 453.5 16.0 167.0 797.0 67.5 71.5 233 232
bad38_3 242.5 453.5 18.1 404.0 1009.0 66.5 72.5 231 233
bad38_4 240.5 449.5 16.3 95.0 797.0 66.5 67.5 231 232
bad38_5 239.5 448.5 17.2 311.0 901.0 69.5 66.5 232 231
bad38_6 241.5 448.5 17.7 446.0 1009.0 67.5 67.5 231 233
bad1 0 0 0 0 0 0 0 0 0
bad1 0 0 0 0 0 0 0 0 0
bad1 0 0 0 0 0 0 0 0 0
bad1 0 0 0 0 0 0 0 0 0
bad1 0 0 0 0 0 0 0 0 0
bad1 0 0 0 0 0 0 0 0 0
bad40_1 239.5 453.5 18.0 700.0 1009.0 69.5 72.5 232 233
bad40_2 239.5 453.5 18.5 793.0 1009.0 69.5 72.5 232 233
bad40_3 241.5 454.5 17.2 308.0 901.0 67.5 72.5 232 233
bad40_4 252.5 446.5 17.4 627.0 901.0 56.5 65.5 232 234
bad40_5 237.5 448.5 17.8 437.0 1009.0 70.5 67.5 232 233
bad40_6 254.5 447.5 17.2 717.0 901.0 53.5 65.5 231 232
bad41_1 238.5 449.5 16.8 249.0 901.0 71.5 68.5 232 233
bad41_2 242.5 451.5 16.1 116.0 797.0 66.5 70.5 232 234
bad41_3 240.5 447.5 17.2 257.0 901.0 69.5 66.5 233 233
bad41_4 241.5 452.5 17.7 345.0 1009.0 67.5 71.5 234 233
bad41_5 241.5 452.5 18.1 280.0 1009.0 68.5 70.5 233 232
bad41_6 242.5 449.5 17.7 427.0 1009.0 67.5 68.5 233 233
bad42_1 243.5 444.5 17.2 205.0 901.0 64.5 63.5 232 233
bad42_2 243.5 442.5 17.1 335.0 901.0 66.5 61.5 233 231
bad42_3 242.5 442.5 19.1 503.0 1129.0 64.5 61.5 229 232
bad42_4 248.5 447.5 18.1 416.0 1009.0 59.5 66.5 230 233
bad42_5 248.5 445.5 17.2 277.0 901.0 59.5 64.5 232 231
bad42_6 250.5 446.5 17.4 422.0 901.0 56.5 65.5 229 232
bad43_1 240.5 440.5 17.4 373.0 901.0 67.5 58.5 231 233
bad43_2 242.5 445.5 17.2 373.0 901.0 66.5 63.5 232 233
bad43_3 244.5 445.5 15.8 325.0 797.0 65.5 63.5 233 232
bad43_4 245.5 452.5 17.7 442.0 1009.0 63.5 70.5 232 233
bad43_5 240.5 449.5 17.4 372.0 901.0 67.5 67.5 231 232
bad43_6 242.5 449.5 17.2 287.0 901.0 66.5 67.5 233 233
bad44_1 236.5 455.5 17.7 268.0 1009.0 72.5 72.5 231 231
bad44_2 238.5 453.5 18.1 240.0 1009.0 69.5 71.5 232 231
bad44_3 236.5 454.5 17.2 147.0 901.0 70.5 72.5 230 232
bad44_4 235.5 455.5 18.0 321.0 1009.0 71.5 73.5 230 232
bad44_5 239.5 456.5 17.2 193.0 901.0 69.5 74.5 232 231
bad44_6 239.5 453.5 17.4 190.0 901.0 69.5 71.5 231 233
bad45_1 241.5 450.5 17.4 253.0 901.0 67.5 69.5 231 231
bad45_2 239.5 452.5 17.7 393.0 1009.0 68.5 71.5 230 232
bad45_3 237.5 455.5 18.0 396.0 1009.0 72.5 74.5 233 232
bad45_4 240.5 450.5 17.2 236.0 901.0 67.5 70.5 230 235
bad45_5 238.5 453.5 17.2 285.0 901.0 70.5 73.5 231 234
bad45_6 240.5 453.5 15.5 257.0 797.0 68.5 72.5 232 232
bad46_1 242.5 449.5 17.0 208.0 901.0 65.5 68.5 230 232
bad46_2 240.5 450.5 17.4 537.0 901.0 68.5 68.5 232 233
bad46_3 240.5 448.5 18.0 452.0 1009.0 68.5 67.5 233 230
bad46_4 243.5 450.5 18.0 310.0 1009.0 65.5 68.5 231 231
bad46_5 241.5 449.5 17.2 289.0 901.0 65.5 67.5 231 232
bad46_6 250.5 450.5 16.7 593.0 901.0 57.5 68.5 231 232
bad47_1 250.5 449.5 17.2 250.0 901.0 59.5 69.5 232 232
bad47_2 248.5 448.5 15.4 235.0 709.0 60.5 67.5 232 232
bad47_3 249.5 448.5 16.3 149.0 797.0 60.5 67.5 232 232
bad47_4 246.5 440.5 16.3 243.0 797.0 62.5 60.5 231 233
bad47_5 247.5 441.5 17.9 414.0 1009.0 61.5 61.5 232 234
bad47_6 247.5 440.5 17.2 538.0 901.0 61.5 60.5 232 232
bad48_1 242.5 447.5 17.2 337.0 901.0 66.5 65.5 232 233
bad48_2 245.5 443.5 17.2 424.0 901.0 63.5 61.5 232 232
bad48_3 246.5 444.5 17.4 416.0 901.0 62.5 62.5 232 233
bad48_4 241.5 451.5 17.2 193.0 901.0 68.5 70.5 233 233
bad48_5 243.5 450.5 17.4 269.0 901.0 66.5 68.5 233 232
bad48_6 244.5 452.5 17.2 274.0 901.0 65.5 70.5 233 233
bad49_1 242.5 452.5 17.1 238.0 901.0 66.5 70.5 232 233
bad49_2 243.5 455.5 17.2 284.0 901.0 64.5 72.5 231 231
bad49_3 242.5 451.5 17.2 257.0 901.0 67.5 69.5 233 232
bad49_4 243.5 444.5 16.3 386.0 797.0 66.5 61.5 233 232
bad49_5 244.5 447.5 16.3 314.0 797.0 64.5 65.5 232 232
bad49_6 240.5 443.5 17.2 446.0 901.0 68.5 61.5 232 233
bad50_1 239.5 453.5 18.0 274.0 1009.0 69.5 71.5 233 233
bad50_2 238.5 457.5 18.5 300.0 1009.0 69.5 75.5 231 233
bad50_3 241.5 454.5 17.2 287.0 901.0 67.5 72.5 232 232
bad50_4 239.5 449.5 18.0 425.0 1009.0 69.5 67.5 232 232
bad50_5 237.5 451.5 17.0 190.0 901.0 70.5 69.5 231 233
bad50_6 237.5 452.5 16.3 175.0 797.0 72.5 70.5 233 233
bad51_1 243.5 443.5 17.9 600.0 1009.0 66.5 61.5 233 232
bad51_2 243.5 442.5 17.7 491.0 1009.0 64.5 60.5 231 232
bad51_3 240.5 444.5 17.4 439.0 901.0 68.5 63.5 233 233
bad51_4 241.5 451.5 18.8 540.0 1129.0 67.5 70.5 232 233
bad51_5 241.5 451.5 17.2 338.0 901.0 68.5 70.5 234 232
bad51_6 242.5 452.5 17.2 277.0 901.0 67.5 72.5 233 232
bad52_1 241.5 454.5 17.2 247.0 901.0 64.5 71.5 229 232
bad52_2 242.5 451.5 17.7 296.0 1009.0 64.5 69.5 230 231
bad52_3 242.5 453.5 17.4 278.0 901.0 64.5 71.5 230 229
bad52_4 237.5 446.5 18.0 484.0 1009.0 69.5 63.5 232 228
bad52_5 240.5 444.5 16.0 308.0 797.0 66.5 62.5 231 230
bad52_6 237.5 449.5 18.1 241.0 1009.0 68.5 68.5 229 233
bad53_1 247.5 445.5 19.1 637.0 1129.0 65.5 74.5 235 237
bad53_2 240.5 444.5 16.9 325.0 901.0 68.5 64.5 232 233
bad53_3 243.5 445.5 17.2 246.0 901.0 64.5 67.5 231 234
bad53_4 246.5 445.5 16.9 444.0 901.0 63.5 68.5 230 232
bad53_5 246.5 447.5 17.7 497.0 1009.0 64.5 66.5 233 232
bad53_6 248.5 445.5 16.1 356.0 797.0 59.5 66.5 232 232
bad54_1 249.5 443.5 17.7 731.0 1009.0 59.5 61.5 232 232
bad54_2 239.5 440.5 17.8 467.0 1009.0 68.5 60.5 231 235
bad54_3 243.5 443.5 15.8 424.0 797.0 65.5 62.5 232 232
bad54_4 243.5 454.5 17.2 488.0 901.0 64.5 73.5 231 233
bad54_5 244.5 453.5 17.4 347.0 901.0 63.5 71.5 232 232
bad54_6 242.5 453.5 17.4 369.0 901.0 65.5 72.5 232 233
bad55_1 241.5 453.5 16.6 239.0 901.0 68.5 72.5 231 233
bad55_2 235.5 454.5 16.6 332.0 901.0 73.5 73.5 232 232
bad55_3 238.5 456.5 17.7 347.0 1009.0 71.5 75.5 233 231
bad55_4 240.5 453.5 16.3 164.0 797.0 69.5 72.5 232 233
bad55_5 236.5 451.5 16.0 120.0 797.0 72.5 70.5 231 233
bad55_6 236.5 455.5 16.1 137.0 797.0 72.5 74.5 232 232
bad1 0 0 0 0 0 0 0 0 0
bad1 0 0 0 0 0 0 0 0 0
bad1 0 0 0 0 0 0 0 0 0
bad1 0 0 0 0 0 0 0 0 0
bad1 0 0 0 0 0 0 0 0 0
bad1 0 0 0 0 0 0 0 0 0
bad57_1 235.5 454.5 17.4 330.0 901.0 72.5 72.5 231 231
bad57_2 237.5 455.5 17.2 204.0 901.0 70.5 73.5 231 232
bad57_3 240.5 454.5 17.9 447.0 1009.0 71.5 71.5 231 232
bad57_4 241.5 454.5 16.6 389.0 901.0 67.5 72.5 230 232
bad57_5 236.5 455.5 17.9 279.0 1009.0 71.5 73.5 231 232
bad57_6 240.5 454.5 17.0 292.0 901.0 68.5 71.5 233 231
bad58_1 242.5 442.5 17.0 407.0 901.0 65.5 60.5 231 232
bad58_2 241.5 452.5 15.6 410.0 797.0 68.5 71.5 232 233
bad58_3 242.5 445.5 17.2 595.0 901.0 67.5 64.5 233 232
bad58_4 242.5 453.5 17.4 273.0 901.0 66.5 71.5 232 231
bad58_5 242.5 450.5 17.2 482.0 901.0 65.5 70.5 231 234
bad58_6 240.5 452.5 15.9 412.0 797.0 68.5 71.5 232 232
bad59_1 243.5 444.5 17.4 347.0 901.0 67.5 63.5 232 231
bad59_2 241.5 445.5 17.4 275.0 901.0 67.5 65.5 231 233
bad59_3 240.5 442.5 17.7 385.0 1009.0 67.5 62.5 231 232
bad59_4 245.5 450.5 18.8 447.0 1129.0 63.5 70.5 230 233
bad59_5 245.5 449.5 18.0 297.0 1009.0 64.5 68.5 233 232
bad59_6 244.5 448.5 18.0 365.0 1009.0 65.5 68.5 233 232
bad60_1 241.5 448.5 17.2 318.0 901.0 66.5 66.5 231 233
bad60_2 241.5 447.5 18.2 348.0 1009.0 67.5 66.5 232 231
bad60_3 241.5 446.5 17.4 395.0 901.0 66.5 64.5 231 232
bad60_4 241.5 452.5 16.9 244.0 901.0 66.5 70.5 231 232
bad60_5 241.5 452.5 15.9 115.0 797.0 66.5 70.5 233 231
bad60_6 240.5 452.5 17.4 212.0 901.0 67.5 70.5 231 233
bad61_1 250.5 450.5 17.2 524.0 901.0 57.5 68.5 231 232
bad61_2 241.5 450.5 16.6 397.0 901.0 67.5 68.5 233 232
bad61_3 241.5 451.5 16.9 313.0 901.0 67.5 69.5 232 232
bad61_4 242.5 449.5 17.4 459.0 901.0 67.5 67.5 233 233
bad61_5 242.5 449.5 17.4 321.0 901.0 66.5 67.5 232 232
bad61_6 239.5 449.5 17.2 363.0 901.0 68.5 67.5 232 233
bad62_1 242.5 448.5 17.0 264.0 901.0 65.5 66.5 231 232
bad62_2 240.5 448.5 16.0 217.0 797.0 68.5 66.5 233 231
bad62_3 241.5 447.5 15.5 260.0 797.0 66.5 65.5 231 232
bad62_4 239.5 452.5 17.7 338.0 1009.0 69.5 70.5 232 232
bad62_5 240.5 451.5 17.2 190.0 901.0 67.5 69.5 233 231
bad62_6 239.5 451.5 17.1 248.0 901.0 66.5 70.5 230 234
bad63_1 241.5 449.5 17.2 253.0 901.0 66.5 67.5 232 231
bad63_2 241.5 449.5 16.9 681.0 901.0 66.5 67.5 232 233
bad63_3 240.5 449.5 17.7 359.0 1009.0 67.5 67.5 233 233
bad63_4 241.5 448.5 16.6 276.0 901.0 67.5 66.5 233 233
bad63_5 243.5 451.5 17.2 316.0 901.0 65.5 69.5 233 232
bad63_6 258.5 450.5 15.8 659.0 797.0 50.5 68.5 232 231
bad64_1 244.5 455.5 17.7 411.0 1009.0 63.5 73.5 231 232
bad64_2 245.5 449.5 17.2 243.0 901.0 63.5 67.5 233 232
bad64_3 242.5 452.5 17.7 366.0 1009.0 65.5 70.5 231 232
bad64_4 241.5 440.5 16.3 376.0 797.0 66.5 58.5 231 233
bad64_5 242.5 442.5 18.1 519.0 1009.0 65.5 60.5 231 231
bad64_6 245.5 442.5 16.3 310.0 797.0 62.5 60.5 232 232
bad65_1 238.5 452.5 17.7 296.0 1009.0 69.5 71.5 232 232
bad65_2 241.5 455.5 17.2 276.0 901.0 67.5 73.5 232 232
bad65_3 240.5 452.5 18.1 344.0 1009.0 68.5 71.5 233 233
bad65_4 239.5 450.5 17.4 276.0 901.0 69.5 68.5 232 233
bad65_5 240.5 449.5 17.2 323.0 901.0 69.5 68.5 233 234
bad65_6 238.5 448.5 16.9 286.0 901.0 69.5 67.5 232 233
bad66_1 239.5 445.5 17.7 360.0 1009.0 69.5 64.5 232 233
bad66_2 241.5 445.5 16.9 255.0 901.0 66.5 63.5 231 233
bad66_3 242.5 446.5 16.1 308.0 797.0 67.5 64.5 233 231
bad66_4 244.5 452.5 17.2 208.0 901.0 64.5 70.5 232 230
bad66_5 245.5 450.5 17.4 299.0 901.0 63.5 69.5 231 233
bad66_6 244.5 450.5 18.1 377.0 1009.0 64.5 68.5 232 232
bad67_1 239.5 451.5 17.4 301.0 901.0 70.5 69.5 234 232
bad67_2 238.5 450.5 17.2 312.0 901.0 68.5 69.5 231 233
bad67_3 243.5 449.5 18.0 493.0 1009.0 67.5 67.5 232 232
bad67_4 241.5 452.5 15.6 180.0 797.0 66.5 71.5 231 233
bad67_5 246.5 448.5 17.2 478.0 901.0 65.5 66.5 232 232
bad67_6 241.5 451.5 17.7 409.0 1009.0 67.5 69.5 232 232
bad1 0 0 0 0 0 0 0 0 0
bad1 0 0 0 0 0 0 0 0 0
bad1 0 0 0 0 0 0 0 0 0
bad1 0 0 0 0 0 0 0 0 0
bad1 0 0 0 0 0 0 0 0 0
bad1 0 0 0 0 0 0 0 0 0
bad69_1 241.5 453.5 17.7 343.0 1009.0 67.5 72.5 233 231
bad69_2 240.5 453.5 17.3 219.0 901.0 67.5 73.5 230 233
bad69_3 240.5 449.5 17.8 327.0 1009.0 69.5 67.5 232 231
bad69_4 239.5 448.5 18.0 418.0 1009.0 69.5 68.5 232 232
bad69_5 241.5 449.5 17.2 201.0 901.0 66.5 68.5 231 231
bad69_6 240.5 449.5 17.4 307.0 901.0 69.5 68.5 233 231
bad70_1 245.5 451.5 17.2 262.0 901.0 63.5 69.5 232 230
bad70_2 243.5 452.5 17.4 222.0 901.0 63.5 71.5 229 232
bad70_3 243.5 453.5 16.6 226.0 901.0 63.5 71.5 230 231
bad70_4 241.5 446.5 17.7 386.0 1009.0 65.5 64.5 230 231
bad70_5 240.5 445.5 16.3 201.0 797.0 66.5 63.5 230 230
bad70_6 241.5 446.5 17.4 326.0 901.0 67.5 63.5 231 230
bad66_3 242.5 446.5 16.1 308.0 797.0 67.5 64.5 233 231
bad66_3 242.5 446.5 16.1 308.0 797.0 67.5 64.5 233 231
bad66_5 245.5 450.5 17.4 299.0 901.0 63.5 69.5 231 233
bad69_1 241.5 453.5 17.7 343.0 1009.0 67.5 72.5 233 231
bad69_1 241.5 453.5 17.7 1147.0 1009.0 67.5 72.5 233 231
bad66_3 242.5 446.5 16.1 952.0 797.0 67.5 64.5 233 231
bad3_2 240.5 451.5 17.2 528.0 901.0 68.5 69.5 231 232
bad3_5 241.5 452.5 17.0 515.0 901.0 65.5 69.5 231 232
