good1_1 243.5 450.5 17.2 410.0 901.0 64.5 71.5 231 234
good1_2 242.5 451.5 17.7 860.0 1009.0 68.5 71.5 233 233
good1_3 245.5 451.5 17.4 338.0 901.0 65.5 71.5 232 234
good1_4 245.5 445.5 17.4 698.0 901.0 64.5 65.5 232 233
good1_5 248.5 444.5 17.2 616.0 901.0 64.5 67.5 233 234
good1_6 243.5 451.5 18.1 846.0 1009.0 66.5 72.5 232 235
good2_1 241.5 448.5 17.7 1001.0 1009.0 67.5 67.5 230 232
good2_2 241.5 449.5 17.2 354.0 901.0 69.5 68.5 232 232
good2_3 240.5 448.5 17.4 556.0 901.0 68.5 66.5 231 231
good2_4 243.5 450.5 17.9 917.0 1009.0 66.5 69.5 232 232
good2_5 244.5 450.5 18.0 694.0 1009.0 64.5 69.5 230 232
good2_6 245.5 451.5 17.2 297.0 901.0 65.5 70.5 231 232
good3_1 241.5 450.5 17.4 396.0 901.0 68.5 69.5 232 233
good3_2 246.5 447.5 17.4 405.0 901.0 65.5 67.5 234 232
good3_3 244.5 446.5 18.1 1150.0 1009.0 66.5 67.5 232 235
good3_4 242.5 452.5 17.9 678.0 1009.0 67.5 72.5 232 234
good3_5 245.5 449.5 18.0 1096.0 1009.0 64.5 68.5 233 233
good3_6 243.5 449.5 17.9 789.0 1009.0 66.5 69.5 231 234
good4_1 242.5 451.5 18.5 939.0 1009.0 65.5 70.5 231 232
good4_2 242.5 450.5 17.7 1184.0 1009.0 67.5 70.5 231 234
good4_3 243.5 451.5 18.8 1469.0 1129.0 67.5 70.5 233 232
good4_4 241.5 447.5 17.4 452.0 901.0 66.5 67.5 230 234
good4_5 243.5 450.5 17.2 652.0 901.0 66.5 70.5 231 234
good4_6 240.5 447.5 18.0 816.0 1009.0 68.5 66.5 231 233
good5_1 244.5 450.5 17.2 395.0 901.0 64.5 71.5 231 235
good5_2 247.5 451.5 17.4 705.0 901.0 65.5 70.5 232 234
good5_3 246.5 451.5 18.0 1309.0 1009.0 64.5 71.5 232 233
good5_4 245.5 448.5 17.2 436.0 901.0 66.5 67.5 233 233
good5_5 243.5 448.5 16.8 789.0 901.0 65.5 70.5 231 236
good5_6 242.5 448.5 16.6 587.0 901.0 67.5 69.5 232 235
good6_1 244.5 448.5 16.6 301.0 901.0 65.5 67.5 232 232
good6_2 243.5 446.5 16.0 317.0 797.0 65.5 66.5 232 234
good6_3 240.5 454.5 16.3 104.0 797.0 68.5 73.5 232 233
good6_4 243.5 449.5 17.4 455.0 901.0 66.5 69.5 231 234
good6_5 239.5 451.5 17.9 822.0 1009.0 70.5 70.5 232 234
good6_6 245.5 451.5 17.9 876.0 1009.0 66.5 71.5 232 234
good7_1 240.5 454.5 17.1 476.0 901.0 68.5 74.5 231 234
good7_2 244.5 450.5 18.3 1092.0 1009.0 65.5 70.5 231 233
good7_3 244.5 451.5 18.2 855.0 1009.0 65.5 70.5 231 233
good7_4 242.5 450.5 17.0 538.0 901.0 66.5 69.5 232 232
good7_5 244.5 447.5 17.2 610.0 901.0 66.5 67.5 231 233
good7_6 244.5 449.5 17.1 750.0 901.0 65.5 68.5 232 233
good8_1 242.5 452.5 17.9 1007.0 1009.0 66.5 71.5 232 234
good8_2 244.5 450.5 17.7 1013.0 1009.0 64.5 70.5 232 234
good8_3 246.5 452.5 17.2 574.0 901.0 65.5 73.5 231 236
good8_4 243.5 453.5 17.2 603.0 901.0 65.5 72.5 231 234
good8_5 244.5 447.5 18.1 902.0 1009.0 66.5 66.5 233 233
good8_6 244.5 447.5 16.3 120.0 797.0 65.5 67.5 230 235
good9_1 246.5 452.5 18.0 1136.0 1009.0 66.5 71.5 231 234
good9_2 244.5 451.5 17.9 1046.0 1009.0 67.5 70.5 231 233
good9_3 244.5 450.5 17.2 701.0 901.0 65.5 69.5 231 234
good9_4 241.5 448.5 17.2 404.0 901.0 67.5 67.5 231 234
good9_5 244.5 448.5 17.1 799.0 901.0 65.5 67.5 232 233
good9_6 242.5 448.5 16.9 497.0 901.0 67.5 67.5 231 234
good10_1 246.5 446.5 16.9 772.0 901.0 65.5 65.5 232 233
good10_2 243.5 447.5 18.1 1019.0 1009.0 65.5 69.5 231 237
good10_3 244.5 449.5 17.0 425.0 901.0 66.5 68.5 232 234
good10_4 247.5 450.5 16.6 553.0 901.0 65.5 71.5 231 236
good10_5 242.5 451.5 17.2 554.0 901.0 67.5 70.5 232 234
good10_6 244.5 449.5 17.9 1029.0 1009.0 65.5 68.5 231 232
good11_1 240.5 447.5 17.4 593.0 901.0 68.5 66.5 231 232
good11_2 240.5 445.5 16.6 541.0 901.0 67.5 64.5 231 234
good11_3 244.5 445.5 17.1 528.0 901.0 67.5 64.5 231 234
good11_4 241.5 453.5 16.9 805.0 901.0 67.5 72.5 231 234
good11_5 247.5 451.5 17.7 1009.0 1009.0 64.5 70.5 231 234
good11_6 244.5 454.5 18.1 1253.0 1009.0 65.5 72.5 232 232
good12_1 246.5 445.5 17.4 528.0 901.0 63.5 66.5 231 235
good12_2 245.5 448.5 18.0 827.0 1009.0 64.5 67.5 232 233
good12_3 243.5 445.5 18.1 1228.0 1009.0 66.5 65.5 232 233
good12_4 246.5 449.5 17.4 451.0 901.0 65.5 68.5 233 232
good12_5 246.5 450.5 17.2 767.0 901.0 63.5 70.5 231 234
good12_6 245.5 449.5 17.9 1231.0 1009.0 64.5 70.5 232 236
good13_1 245.5 453.5 17.2 639.0 901.0 64.5 75.5 232 235
good13_2 245.5 448.5 17.7 951.0 1009.0 64.5 69.5 231 235
good13_3 242.5 451.5 18.5 1065.0 1009.0 67.5 72.5 232 236
good13_4 244.5 446.5 16.7 577.0 901.0 64.5 68.5 231 236
good13_5 244.5 450.5 17.1 688.0 901.0 66.5 70.5 232 234
good13_6 245.5 447.5 17.2 774.0 901.0 65.5 67.5 234 234
good14_1 243.5 449.5 17.2 491.0 901.0 66.5 68.5 233 233
good14_2 243.5 447.5 17.2 558.0 901.0 65.5 68.5 231 236
good14_3 240.5 448.5 17.4 714.0 901.0 67.5 69.5 231 236
good14_4 244.5 450.5 17.9 1308.0 1009.0 67.5 70.5 232 235
good14_5 243.5 451.5 17.9 1073.0 1009.0 65.5 71.5 231 235
good14_6 242.5 451.5 16.6 856.0 901.0 67.5 71.5 232 234
good15_1 246.5 447.5 17.4 422.0 901.0 64.5 67.5 232 234
good15_2 244.5 446.5 16.3 218.0 797.0 64.5 66.5 231 234
good15_3 240.5 451.5 17.2 644.0 901.0 69.5 71.5 232 235
good15_4 243.5 452.5 17.4 655.0 901.0 65.5 73.5 231 236
good15_5 240.5 452.5 17.2 750.0 901.0 68.5 72.5 231 235
good15_6 244.5 450.5 17.2 800.0 901.0 66.5 71.5 232 234
good16_1 242.5 446.5 16.9 514.0 901.0 66.5 67.5 233 235
good16_2 245.5 446.5 17.2 645.0 901.0 65.5 68.5 232 236
good16_3 240.5 454.5 16.3 136.0 797.0 68.5 73.5 232 234
good16_4 244.5 449.5 17.2 428.0 901.0 66.5 69.5 232 234
good16_5 237.5 452.5 17.9 812.0 1009.0 71.5 72.5 232 235
good16_6 243.5 451.5 17.2 469.0 901.0 67.5 70.5 233 233
good17_1 242.5 448.5 18.3 1514.0 1009.0 68.5 68.5 232 234
good17_2 243.5 448.5 17.4 591.0 901.0 67.5 68.5 232 232
good17_3 241.5 448.5 16.9 549.0 901.0 66.5 69.5 230 234
good17_4 242.5 451.5 18.1 824.0 1009.0 66.5 71.5 231 233
good17_5 245.5 450.5 17.2 670.0 901.0 65.5 70.5 232 233
good17_6 243.5 449.5 16.9 344.0 901.0 66.5 70.5 231 233
good18_1 241.5 449.5 17.9 837.0 1009.0 66.5 68.5 231 233
good18_2 240.5 451.5 17.7 809.0 1009.0 68.5 70.5 232 233
good18_3 243.5 451.5 17.2 426.0 901.0 66.5 69.5 232 232
good18_4 244.5 449.5 16.9 982.0 901.0 66.5 67.5 232 232
good18_5 241.5 447.5 17.2 477.0 901.0 67.5 66.5 231 233
good18_6 239.5 451.5 17.4 387.0 901.0 68.5 69.5 232 232
good19_1 244.5 446.5 16.9 761.0 901.0 65.5 67.5 232 235
good19_2 246.5 448.5 17.2 620.0 901.0 64.5 68.5 231 235
good19_3 244.5 447.5 16.6 431.0 901.0 65.5 67.5 232 233
good19_4 244.5 449.5 17.4 531.0 901.0 66.5 69.5 233 232
good19_5 243.5 447.5 18.0 910.0 1009.0 65.5 67.5 231 234
good19_6 243.5 452.5 18.1 974.0 1009.0 65.5 72.5 232 234
good20_1 244.5 450.5 17.2 472.0 901.0 64.5 69.5 231 233
good20_2 240.5 451.5 18.8 1564.0 1129.0 68.5 71.5 231 234
good20_3 242.5 451.5 18.1 1048.0 1009.0 66.5 70.5 232 232
good20_4 244.5 447.5 16.1 334.0 797.0 64.5 66.5 231 232
good20_5 241.5 448.5 17.4 480.0 901.0 67.5 67.5 231 233
good20_6 241.5 451.5 17.9 867.0 1009.0 68.5 70.5 232 234
good21_1 242.5 449.5 17.2 304.0 901.0 66.5 69.5 230 233
good21_2 240.5 448.5 18.0 906.0 1009.0 68.5 66.5 231 232
good21_3 243.5 446.5 17.7 1020.0 1009.0 66.5 65.5 232 232
good21_4 243.5 451.5 18.0 886.0 1009.0 66.5 70.5 232 232
good21_5 244.5 448.5 17.8 800.0 1009.0 65.5 68.5 231 233
good21_6 244.5 450.5 17.9 809.0 1009.0 65.5 69.5 231 232
good22_1 242.5 453.5 17.2 430.0 901.0 67.5 74.5 232 234
good22_2 244.5 447.5 16.9 844.0 901.0 67.5 67.5 233 233
good22_3 242.5 446.5 17.4 613.0 901.0 66.5 67.5 230 234
good22_4 241.5 453.5 17.4 559.0 901.0 69.5 73.5 232 234
good22_5 245.5 451.5 17.4 355.0 901.0 65.5 71.5 233 232
good22_6 246.5 447.5 17.9 1071.0 1009.0 65.5 69.5 232 235
good23_1 245.5 452.5 18.0 1013.0 1009.0 65.5 74.5 233 235
good23_2 242.5 451.5 16.8 880.0 901.0 65.5 71.5 230 233
good23_3 242.5 451.5 17.9 846.0 1009.0 67.5 70.5 232 233
good23_4 245.5 447.5 17.4 1239.0 901.0 65.5 67.5 231 234
good23_5 244.5 451.5 17.2 305.0 901.0 65.5 70.5 232 232
good23_6 245.5 447.5 17.9 1145.0 1009.0 65.5 66.5 233 232
good24_1 239.5 450.5 16.8 536.0 901.0 68.5 68.5 231 233
good24_2 244.5 450.5 17.2 436.0 901.0 66.5 69.5 233 233
good24_3 242.5 447.5 17.2 563.0 901.0 66.5 67.5 231 233
good24_4 241.5 451.5 17.2 381.0 901.0 66.5 69.5 231 232
good24_5 245.5 450.5 17.7 945.0 1009.0 65.5 69.5 233 233
good24_6 246.5 449.5 17.4 499.0 901.0 65.5 68.5 231 233
good25_1 244.5 452.5 17.2 527.0 901.0 67.5 71.5 232 233
good25_2 245.5 451.5 17.4 674.0 901.0 65.5 70.5 232 232
good25_3 244.5 452.5 17.4 837.0 901.0 65.5 71.5 230 233
good25_4 240.5 448.5 17.4 712.0 901.0 69.5 67.5 232 233
good25_5 242.5 449.5 16.9 749.0 901.0 67.5 68.5 232 232
good25_6 244.5 447.5 17.1 661.0 901.0 66.5 67.5 232 234
good26_1 248.5 448.5 16.9 950.0 901.0 64.5 70.5 233 233
good26_2 243.5 448.5 18.5 1066.0 1009.0 66.5 70.5 232 234
good26_3 245.5 450.5 17.4 565.0 901.0 64.5 71.5 231 233
good26_4 245.5 444.5 16.3 788.0 797.0 65.5 66.5 231 234
good26_5 239.5 435.5 17.1 1581.0 901.0 69.5 60.5 232 230
good26_6 244.5 444.5 17.4 674.0 901.0 65.5 67.5 232 235
good27_1 240.5 449.5 16.6 994.0 901.0 68.5 68.5 230 233
good27_2 241.5 448.5 17.9 1062.0 1009.0 68.5 66.5 232 232
good27_3 240.5 449.5 16.8 1341.0 901.0 67.5 67.5 231 231
good27_4 243.5 451.5 15.8 565.0 797.0 66.5 69.5 232 231
good27_5 244.5 451.5 16.0 555.0 797.0 63.5 70.5 230 233
good27_6 243.5 452.5 17.4 570.0 901.0 67.5 70.5 231 233
good28_1 243.5 452.5 17.7 959.0 1009.0 65.5 70.5 231 231
good28_2 244.5 449.5 17.2 558.0 901.0 65.5 68.5 230 233
good28_3 241.5 451.5 17.4 911.0 901.0 67.5 69.5 231 233
good28_4 244.5 446.5 16.9 653.0 901.0 65.5 66.5 231 234
good28_5 243.5 448.5 16.8 1174.0 901.0 66.5 67.5 232 233
good28_6 245.5 449.5 17.7 1274.0 1009.0 64.5 67.5 232 231
good29_1 243.5 450.5 17.2 540.0 901.0 67.5 68.5 231 232
good29_2 239.5 445.5 17.9 1206.0 1009.0 68.5 63.5 231 231
good29_3 241.5 446.5 17.4 1043.0 901.0 66.5 65.5 230 232
good29_4 243.5 451.5 17.7 973.0 1009.0 66.5 69.5 232 232
good29_5 242.5 451.5 16.6 564.0 901.0 65.5 69.5 230 231
good29_6 243.5 450.5 17.2 684.0 901.0 64.5 69.5 230 233
good30_1 243.5 447.5 17.2 755.0 901.0 66.5 66.5 232 233
good30_2 245.5 445.5 17.7 1359.0 1009.0 65.5 65.5 232 233
good30_3 244.5 446.5 16.3 227.0 797.0 65.5 67.5 232 234
good30_4 242.5 449.5 17.9 1231.0 1009.0 67.5 68.5 232 232
good30_5 246.5 449.5 17.4 347.0 901.0 64.5 68.5 233 232
good30_6 243.5 450.5 17.2 306.0 901.0 65.5 70.5 232 233
good31_1 245.5 448.5 17.2 517.0 901.0 63.5 69.5 231 234
good31_2 245.5 449.5 17.2 571.0 901.0 64.5 68.5 233 232
good31_3 243.5 449.5 17.7 779.0 1009.0 67.5 69.5 233 232
good31_4 245.5 446.5 17.0 619.0 901.0 64.5 65.5 232 232
good31_5 244.5 446.5 16.6 500.0 901.0 64.5 67.5 231 234
good31_6 242.5 445.5 16.3 265.0 797.0 65.5 65.5 231 232
good32_1 244.5 450.5 18.3 879.0 1009.0 65.5 70.5 232 232
good32_2 245.5 449.5 17.4 682.0 901.0 65.5 70.5 232 235
good32_3 241.5 448.5 17.2 739.0 901.0 66.5 68.5 232 232
good32_4 243.5 444.5 17.2 834.0 901.0 66.5 65.5 232 234
good32_5 242.5 450.5 17.2 684.0 901.0 67.5 70.5 232 234
good32_6 247.5 447.5 17.4 926.0 901.0 63.5 67.5 232 232
good33_1 244.5 450.5 17.4 573.0 901.0 65.5 69.5 232 231
good33_2 245.5 450.5 17.2 546.0 901.0 63.5 71.5 230 234
good33_3 244.5 450.5 18.0 1610.0 1009.0 66.5 70.5 232 233
good33_4 242.5 446.5 18.5 1312.0 1009.0 67.5 67.5 231 234
good33_5 245.5 446.5 17.4 1869.0 901.0 66.5 66.5 231 234
good33_6 245.5 447.5 17.4 666.0 901.0 64.5 67.5 232 232
good34_1 246.5 450.5 17.4 697.0 901.0 64.5 72.5 231 236
good34_2 245.5 451.5 18.0 917.0 1009.0 65.5 70.5 233 233
good34_3 244.5 451.5 17.7 1018.0 1009.0 67.5 71.5 234 233
good34_4 244.5 446.5 16.6 641.0 901.0 65.5 66.5 232 232
good34_5 245.5 448.5 17.2 376.0 901.0 64.5 69.5 231 234
good34_6 243.5 446.5 17.2 574.0 901.0 66.5 66.5 233 234
good35_1 244.5 447.5 18.0 1320.0 1009.0 66.5 67.5 230 234
good35_2 244.5 448.5 17.2 1056.0 901.0 64.5 67.5 231 233
good35_3 245.5 446.5 16.8 1159.0 901.0 66.5 66.5 233 232
good35_4 246.5 450.5 17.1 766.0 901.0 65.5 69.5 232 231
good35_5 245.5 449.5 17.2 639.0 901.0 64.5 70.5 231 235
good35_6 244.5 451.5 17.7 1528.0 1009.0 64.5 70.5 231 232
good36_1 243.5 452.5 17.9 882.0 1009.0 66.5 71.5 231 233
good36_2 247.5 450.5 17.7 1003.0 1009.0 64.5 70.5 233 233
good36_3 242.5 448.5 18.1 1046.0 1009.0 67.5 70.5 231 235
good36_4 241.5 448.5 17.7 1063.0 1009.0 67.5 68.5 231 233
good36_5 242.5 447.5 16.3 385.0 797.0 68.5 67.5 233 232
good36_6 244.5 445.5 17.4 675.0 901.0 65.5 66.5 231 234
good37_1 244.5 444.5 17.2 1174.0 901.0 66.5 65.5 233 233
good37_2 243.5 442.5 17.2 1466.0 901.0 67.5 63.5 233 232
good37_3 245.5 446.5 17.9 1070.0 1009.0 64.5 68.5 231 234
good37_4 243.5 449.5 18.5 842.0 1009.0 66.5 70.5 232 233
good37_5 244.5 448.5 16.6 547.0 901.0 67.5 70.5 235 233
good37_6 245.5 447.5 17.7 1065.0 1009.0 64.5 69.5 232 234
good38_1 239.5 451.5 17.2 401.0 901.0 68.5 70.5 231 233
good38_2 242.5 451.5 17.2 570.0 901.0 67.5 70.5 233 231
good38_3 244.5 450.5 18.6 1818.0 1129.0 65.5 70.5 231 234
good38_4 241.5 450.5 17.2 779.0 901.0 69.5 69.5 233 233
good38_5 245.5 447.5 16.8 660.0 901.0 65.5 66.5 233 231
good38_6 244.5 446.5 17.2 613.0 901.0 63.5 66.5 231 234
good39_1 244.5 448.5 18.5 1191.0 1009.0 65.5 68.5 232 233
good39_2 243.5 449.5 17.2 512.0 901.0 68.5 68.5 234 232
good39_3 244.5 446.5 16.3 606.0 797.0 65.5 67.5 231 234
good39_4 242.5 450.5 17.1 1072.0 901.0 67.5 70.5 232 233
good39_5 245.5 451.5 17.2 600.0 901.0 65.5 71.5 233 232
good39_6 243.5 450.5 18.5 803.0 1009.0 65.5 71.5 231 234
good40_1 243.5 450.5 17.7 996.0 1009.0 66.5 71.5 232 234
good40_2 244.5 450.5 18.2 1015.0 1009.0 65.5 69.5 232 233
good40_3 243.5 448.5 16.8 955.0 901.0 66.5 68.5 233 231
good40_4 247.5 445.5 17.2 849.0 901.0 62.5 65.5 232 232
good40_5 244.5 446.5 16.1 617.0 797.0 65.5 67.5 232 235
good40_6 244.5 447.5 16.1 217.0 797.0 64.5 67.5 231 234
good41_1 241.5 451.5 17.2 482.0 901.0 67.5 69.5 232 231
good41_2 242.5 448.5 18.0 979.0 1009.0 66.5 66.5 232 231
good41_3 242.5 447.5 17.0 732.0 901.0 65.5 66.5 230 233
good41_4 240.5 454.5 17.7 827.0 1009.0 67.5 72.5 231 233
good41_5 242.5 451.5 17.7 932.0 1009.0 67.5 69.5 232 231
good41_6 243.5 450.5 16.6 509.0 901.0 65.5 69.5 231 233
good42_1 242.5 449.5 18.1 1428.0 1009.0 66.5 68.5 231 232
good42_2 241.5 450.5 17.9 919.0 1009.0 68.5 68.5 231 233
good42_3 239.5 447.5 18.1 980.0 1009.0 70.5 65.5 232 231
good42_4 243.5 446.5 17.4 661.0 901.0 70.5 65.5 233 232
good42_5 244.5 450.5 17.4 726.0 901.0 65.5 69.5 231 233
good42_6 241.5 449.5 16.9 443.0 901.0 68.5 67.5 232 232
good43_1 243.5 450.5 17.4 476.0 901.0 66.5 71.5 231 234
good43_2 242.5 451.5 17.9 853.0 1009.0 67.5 71.5 232 234
good43_3 245.5 452.5 17.4 444.0 901.0 65.5 71.5 233 232
good43_4 244.5 445.5 17.4 471.0 901.0 66.5 65.5 233 233
good43_5 245.5 447.5 17.2 772.0 901.0 63.5 68.5 231 235
good43_6 243.5 448.5 15.9 139.0 797.0 65.5 67.5 231 233
good44_1 241.5 447.5 17.2 542.0 901.0 67.5 66.5 232 232
good44_2 240.5 448.5 18.1 830.0 1009.0 66.5 69.5 229 236
good44_3 240.5 447.5 18.2 1181.0 1009.0 68.5 65.5 231 232
good44_4 242.5 450.5 17.9 1112.0 1009.0 66.5 69.5 231 232
good44_5 243.5 452.5 16.0 246.0 797.0 65.5 70.5 231 232
good44_6 245.5 449.5 18.2 785.0 1009.0 64.5 68.5 232 231
good45_1 244.5 449.5 17.4 482.0 901.0 66.5 68.5 233 234
good45_2 245.5 449.5 17.4 541.0 901.0 64.5 68.5 232 231
good45_3 242.5 448.5 18.1 1256.0 1009.0 65.5 69.5 230 234
good45_4 243.5 447.5 17.2 434.0 901.0 65.5 66.5 231 233
good45_5 245.5 448.5 17.2 539.0 901.0 63.5 67.5 232 232
good45_6 244.5 445.5 17.2 837.0 901.0 65.5 67.5 231 236
good46_1 246.5 444.5 17.2 1280.0 901.0 63.5 63.5 230 233
good46_2 240.5 449.5 17.2 531.0 901.0 67.5 67.5 231 233
good46_3 244.5 445.5 18.1 1575.0 1009.0 66.5 63.5 233 231
good46_4 243.5 453.5 17.4 1064.0 901.0 66.5 73.5 232 233
good46_5 242.5 452.5 17.4 1113.0 901.0 67.5 71.5 231 234
good46_6 243.5 451.5 16.6 754.0 901.0 65.5 69.5 231 232
good47_1 242.5 451.5 17.2 492.0 901.0 66.5 69.5 232 233
good47_2 241.5 446.5 17.2 606.0 901.0 66.5 65.5 230 233
good47_3 240.5 450.5 18.1 1012.0 1009.0 69.5 68.5 231 232
good47_4 241.5 450.5 17.9 930.0 1009.0 66.5 69.5 230 233
good47_5 242.5 453.5 17.4 406.0 901.0 66.5 71.5 232 234
good47_6 242.5 450.5 17.7 1006.0 1009.0 65.5 68.5 231 232
good48_1 241.5 448.5 16.1 373.0 797.0 67.5 67.5 230 233
good48_2 244.5 449.5 17.2 1579.0 901.0 68.5 67.5 231 233
good48_3 241.5 450.5 18.0 1176.0 1009.0 67.5 68.5 232 232
good48_4 242.5 451.5 16.9 714.0 901.0 66.5 69.5 232 230
good48_5 243.5 453.5 17.4 1041.0 901.0 66.5 72.5 232 233
good48_6 243.5 454.5 17.4 583.0 901.0 66.5 71.5 232 232
good49_1 242.5 447.5 17.2 641.0 901.0 66.5 65.5 232 232
good49_2 244.5 447.5 16.6 1235.0 901.0 67.5 66.5 232 233
good49_3 241.5 447.5 16.1 121.0 797.0 65.5 66.5 230 233
good49_4 240.5 452.5 17.4 496.0 901.0 68.5 70.5 233 233
good49_5 242.5 450.5 17.2 568.0 901.0 66.5 68.5 233 231
good49_6 240.5 450.5 17.4 856.0 901.0 67.5 69.5 231 233
good50_1 245.5 451.5 18.0 1179.0 1009.0 64.5 70.5 233 232
good50_2 243.5 450.5 16.1 290.0 797.0 65.5 70.5 232 233
good50_3 241.5 449.5 17.9 972.0 1009.0 67.5 69.5 232 234
good50_4 244.5 444.5 17.2 1015.0 901.0 64.5 64.5 231 233
good50_5 243.5 449.5 18.2 1436.0 1009.0 66.5 69.5 231 234
good50_6 241.5 447.5 15.8 418.0 797.0 68.5 67.5 233 233
good51_1 242.5 447.5 16.9 721.0 901.0 66.5 65.5 232 232
good51_2 243.5 446.5 16.6 862.0 901.0 66.5 64.5 234 230
good51_3 244.5 447.5 16.3 356.0 797.0 65.5 67.5 231 234
good51_4 240.5 451.5 17.8 960.0 1009.0 68.5 69.5 232 233
good51_5 244.5 451.5 17.7 1133.0 1009.0 65.5 69.5 233 229
good51_6 245.5 449.5 17.4 1223.0 901.0 65.5 71.5 233 236
good52_1 241.5 453.5 17.4 498.0 901.0 67.5 70.5 232 231
good52_2 240.5 451.5 17.2 582.0 901.0 67.5 70.5 232 233
good52_3 242.5 452.5 16.6 715.0 901.0 68.5 70.5 232 232
good52_4 240.5 447.5 17.2 701.0 901.0 68.5 66.5 232 234
good52_5 240.5 450.5 17.2 931.0 901.0 67.5 68.5 231 232
good52_6 241.5 447.5 16.9 527.0 901.0 65.5 65.5 231 232
good53_1 244.5 444.5 18.8 1746.0 1129.0 64.5 65.5 231 233
good53_2 242.5 447.5 18.1 1428.0 1009.0 66.5 66.5 231 232
good53_3 241.5 445.5 17.7 1345.0 1009.0 68.5 65.5 232 231
good53_4 243.5 450.5 17.8 944.0 1009.0 66.5 70.5 232 231
good53_5 242.5 451.5 18.1 914.0 1009.0 65.5 71.5 230 232
good53_6 239.5 449.5 18.0 903.0 1009.0 68.5 69.5 231 232
good54_1 243.5 450.5 17.7 1400.0 1009.0 66.5 70.5 232 234
good54_2 239.5 451.5 16.6 1082.0 901.0 70.5 70.5 233 233
good54_3 243.5 448.5 18.0 1073.0 1009.0 65.5 68.5 233 232
good54_4 243.5 448.5 16.9 1183.0 901.0 66.5 67.5 232 229
good54_5 241.5 444.5 18.1 1326.0 1009.0 66.5 64.5 232 233
good54_6 242.5 449.5 16.9 1132.0 901.0 66.5 69.5 232 234
good55_1 241.5 450.5 17.9 1213.0 1009.0 66.5 69.5 230 233
good55_2 242.5 450.5 18.5 1784.0 1009.0 66.5 69.5 232 233
good55_3 244.5 449.5 17.7 1436.0 1009.0 65.5 68.5 233 231
good55_4 241.5 447.5 17.7 1443.0 1009.0 68.5 66.5 233 231
good55_5 243.5 444.5 17.8 1846.0 1009.0 65.5 63.5 231 232
good55_6 242.5 446.5 17.2 1737.0 901.0 67.5 65.5 232 232
good56_1 242.5 446.5 17.2 802.0 901.0 67.5 65.5 234 232
good56_2 242.5 446.5 16.3 382.0 797.0 66.5 66.5 232 233
good56_3 240.5 451.5 17.4 562.0 901.0 68.5 70.5 233 233
good56_4 245.5 449.5 16.8 632.0 901.0 64.5 69.5 232 234
good56_5 242.5 451.5 18.0 1258.0 1009.0 67.5 70.5 233 233
good56_6 242.5 449.5 17.9 1005.0 1009.0 67.5 68.5 234 232
good57_1 240.5 444.5 16.1 469.0 797.0 67.5 63.5 232 233
good57_2 238.5 453.5 17.4 701.0 901.0 71.5 71.5 233 233
good57_3 243.5 448.5 17.2 759.0 901.0 65.5 66.5 232 232
good57_4 241.5 452.5 17.7 869.0 1009.0 67.5 70.5 233 232
good57_5 241.5 449.5 17.4 582.0 901.0 66.5 68.5 231 233
good57_6 238.5 453.5 16.9 531.0 901.0 69.5 71.5 232 233
good58_1 241.5 445.5 17.7 1277.0 1009.0 65.5 65.5 230 233
good58_2 245.5 443.5 16.6 1773.0 901.0 63.5 62.5 233 230
good58_3 242.5 447.5 18.1 1196.0 1009.0 66.5 68.5 231 234
good58_4 241.5 452.5 17.9 1178.0 1009.0 67.5 71.5 232 233
good58_5 245.5 449.5 17.4 953.0 901.0 64.5 69.5 232 231
good58_6 241.5 447.5 18.2 1105.0 1009.0 65.5 67.5 230 233
good59_1 242.5 451.5 17.4 462.0 901.0 66.5 70.5 232 233
good59_2 239.5 450.5 18.3 1303.0 1009.0 69.5 69.5 232 233
good59_3 243.5 451.5 16.6 1006.0 901.0 65.5 69.5 232 231
good59_4 243.5 447.5 17.4 1100.0 901.0 66.5 66.5 232 231
good59_5 241.5 445.5 17.7 1496.0 1009.0 66.5 64.5 231 233
good59_6 239.5 449.5 17.2 542.0 901.0 69.5 67.5 232 233
good60_1 240.5 446.5 17.2 1290.0 901.0 68.5 65.5 232 232
good60_2 243.5 445.5 17.7 1612.0 1009.0 66.5 64.5 233 231
good60_3 243.5 448.5 17.2 885.0 901.0 65.5 68.5 231 233
good60_4 244.5 451.5 17.7 1550.0 1009.0 63.5 70.5 231 232
good60_5 242.5 450.5 17.4 865.0 901.0 67.5 69.5 233 230
good60_6 244.5 451.5 17.4 928.0 901.0 65.5 71.5 231 233
good61_1 244.5 444.5 17.2 997.0 901.0 64.5 65.5 232 234
good61_2 240.5 449.5 17.4 543.0 901.0 68.5 68.5 232 233
good61_3 242.5 446.5 18.0 1590.0 1009.0 67.5 65.5 232 232
good61_4 242.5 450.5 17.2 620.0 901.0 67.5 69.5 233 232
good61_5 242.5 448.5 16.9 819.0 901.0 65.5 68.5 231 233
good61_6 242.5 449.5 17.4 706.0 901.0 67.5 67.5 234 232
good62_1 241.5 449.5 18.0 1041.0 1009.0 65.5 69.5 230 233
good62_2 243.5 449.5 17.4 1012.0 901.0 66.5 69.5 231 233
good62_3 243.5 451.5 18.0 1391.0 1009.0 65.5 70.5 232 230
good62_4 240.5 445.5 17.9 1078.0 1009.0 68.5 65.5 232 231
good62_5 242.5 445.5 16.9 967.0 901.0 66.5 65.5 231 233
good62_6 244.5 447.5 17.8 1320.0 1009.0 65.5 66.5 231 233
good63_1 243.5 449.5 17.8 849.0 1009.0 66.5 68.5 233 232
good63_2 241.5 450.5 17.2 518.0 901.0 67.5 69.5 232 233
good63_3 241.5 450.5 18.8 1745.0 1129.0 67.5 69.5 232 233
good63_4 242.5 447.5 17.4 890.0 901.0 67.5 66.5 233 233
good63_5 240.5 451.5 17.2 708.0 901.0 68.5 70.5 233 233
good63_6 241.5 446.5 17.2 688.0 901.0 66.5 64.5 234 231
good64_1 240.5 450.5 18.1 914.0 1009.0 66.5 70.5 231 235
good64_2 243.5 451.5 17.4 662.0 901.0 66.5 69.5 233 231
good64_3 243.5 450.5 17.4 561.0 901.0 66.5 68.5 234 231
good64_4 244.5 449.5 17.4 1064.0 901.0 65.5 67.5 233 232
good64_5 245.5 447.5 17.3 634.0 901.0 64.5 67.5 231 233
good64_6 243.5 449.5 17.2 756.0 901.0 64.5 67.5 231 233
good65_1 241.5 450.5 17.4 1594.0 901.0 67.5 69.5 232 233
good65_2 242.5 450.5 17.2 832.0 901.0 66.5 68.5 232 231
good65_3 243.5 449.5 17.9 1221.0 1009.0 64.5 68.5 231 233
good65_4 242.5 449.5 16.9 1487.0 901.0 65.5 68.5 231 234
good65_5 240.5 448.5 17.4 622.0 901.0 67.5 67.5 232 232
good65_6 239.5 449.5 16.8 752.0 901.0 68.5 68.5 231 233
good66_1 243.5 446.5 16.7 819.0 901.0 65.5 66.5 231 233
good66_2 239.5 453.5 17.4 562.0 901.0 69.5 71.5 232 232
good66_3 242.5 446.5 17.7 1267.0 1009.0 67.5 65.5 233 231
good66_4 243.5 452.5 17.2 461.0 901.0 67.5 70.5 233 231
good66_5 243.5 449.5 16.8 456.0 901.0 65.5 70.5 231 235
good66_6 239.5 450.5 17.4 878.0 901.0 69.5 69.5 232 233
good67_1 238.5 451.5 17.2 586.0 901.0 68.5 69.5 231 231
good67_2 241.5 451.5 17.2 488.0 901.0 65.5 69.5 232 231
good67_3 244.5 451.5 18.3 1257.0 1009.0 65.5 69.5 231 233
good67_4 240.5 452.5 17.7 1154.0 1009.0 66.5 70.5 230 232
good67_5 241.5 449.5 17.2 621.0 901.0 65.5 67.5 231 231
good67_6 238.5 447.5 18.3 1089.0 1009.0 69.5 65.5 232 233
good68_1 240.5 453.5 16.1 512.0 797.0 67.5 71.5 231 232
good68_2 242.5 451.5 16.8 1155.0 901.0 66.5 69.5 232 230
good68_3 242.5 451.5 18.0 1060.0 1009.0 65.5 71.5 231 233
good68_4 237.5 448.5 17.7 1455.0 1009.0 71.5 66.5 231 232
good68_5 243.5 447.5 17.4 1428.0 901.0 66.5 65.5 232 231
good68_6 237.5 446.5 17.2 1250.0 901.0 69.5 66.5 230 234
good69_1 240.5 448.5 18.1 1280.0 1009.0 68.5 66.5 232 232
good69_2 241.5 445.5 17.9 945.0 1009.0 67.5 64.5 234 232
good69_3 239.5 446.5 17.9 1160.0 1009.0 69.5 64.5 230 232
good69_4 243.5 448.5 18.8 1482.0 1129.0 65.5 67.5 232 233
good69_5 243.5 449.5 18.5 1201.0 1009.0 65.5 67.5 232 231
good69_6 243.5 448.5 18.1 877.0 1009.0 64.5 66.5 230 232
good70_1 242.5 447.5 17.2 713.0 901.0 67.5 66.5 233 233
good70_2 241.5 448.5 16.6 521.0 901.0 66.5 67.5 232 233
good70_3 241.5 446.5 17.1 815.0 901.0 66.5 65.5 232 231
good70_4 241.5 451.5 17.4 370.0 901.0 66.5 70.5 233 230
good70_5 244.5 450.5 18.1 982.0 1009.0 63.5 69.5 231 233
good70_6 242.5 449.5 17.9 909.0 1009.0 65.5 68.5 231 232
good4_4 241.5 447.5 17.4 452.0 901.0 66.5 67.5 230 234
