bad 0 0 0 0 0 0 0 0 0
bad 0 0 0 0 0 0 0 0 0
bad 0 0 0 0 0 0 0 0 0
bad 0 0 0 0 0 0 0 0 0
bad 0 0 0 0 0 0 0 0 0
bad 0 0 0 0 0 0 0 0 0
bad2_1 241.5 448.5 17.2 723.0 901.0 66.5 66.5 231 231
bad2_2 242.5 449.5 15.9 215.0 797.0 65.5 67.5 231 232
bad2_3 240.5 453.5 17.4 526.0 901.0 67.5 70.5 231 231
bad2_4 240.5 449.5 17.7 971.0 1009.0 67.5 67.5 231 232
bad2_5 243.5 450.5 18.1 1085.0 1009.0 67.5 68.5 231 233
bad2_6 241.5 451.5 17.2 521.0 901.0 67.5 69.5 232 231
bad3_1 242.5 455.5 17.2 990.0 901.0 66.5 72.5 232 230
bad3_2 240.5 451.5 17.2 528.0 901.0 68.5 69.5 231 232
bad3_3 239.5 452.5 17.2 552.0 901.0 69.5 70.5 232 232
bad3_4 240.5 449.5 17.4 584.0 901.0 67.5 67.5 230 232
bad3_5 241.5 452.5 17.0 515.0 901.0 65.5 69.5 231 232
bad3_6 240.5 452.5 17.7 958.0 1009.0 67.5 71.5 231 232
bad4_1 243.5 444.5 17.7 993.0 1009.0 66.5 62.5 233 233
bad4_2 243.5 443.5 17.2 647.0 901.0 65.5 61.5 232 232
bad4_3 243.5 444.5 17.2 711.0 901.0 64.5 62.5 231 233
bad4_4 241.5 450.5 17.7 1113.0 1009.0 66.5 68.5 232 233
bad4_5 240.5 451.5 17.4 690.0 901.0 68.5 69.5 232 232
bad4_6 243.5 451.5 17.7 894.0 1009.0 65.5 69.5 232 232
bad5_1 244.5 453.5 17.2 1274.0 901.0 64.5 71.5 232 233
bad5_2 244.5 451.5 17.7 1146.0 1009.0 65.5 69.5 233 232
bad5_3 241.5 451.5 17.2 431.0 901.0 66.5 69.5 231 232
bad5_4 239.5 442.5 17.2 1674.0 901.0 69.5 60.5 232 231
bad5_5 246.5 446.5 18.1 1240.0 1009.0 65.5 63.5 233 232
bad5_6 244.5 443.5 17.7 1476.0 1009.0 64.5 61.5 232 233
bad6_1 246.5 439.5 17.9 1131.0 1009.0 63.5 59.5 231 233
bad6_2 247.5 440.5 17.7 1387.0 1009.0 61.5 60.5 231 232
bad6_3 246.5 442.5 17.2 481.0 901.0 65.5 62.5 234 232
bad6_4 248.5 444.5 16.9 1210.0 901.0 60.5 66.5 233 234
bad6_5 249.5 448.5 17.9 972.0 1009.0 60.5 68.5 231 233
bad6_6 249.5 447.5 16.6 950.0 901.0 60.5 66.5 232 233
bad7_1 241.5 450.5 18.0 964.0 1009.0 66.5 69.5 231 233
bad7_2 243.5 453.5 17.2 513.0 901.0 66.5 71.5 232 232
bad7_3 242.5 452.5 16.9 983.0 901.0 66.5 71.5 232 233
bad7_4 240.5 450.5 16.3 382.0 797.0 69.5 68.5 233 233
bad7_5 243.5 446.5 16.9 857.0 901.0 67.5 65.5 232 233
bad7_6 241.5 444.5 17.4 1149.0 901.0 66.5 63.5 231 234
bad8_1 242.5 444.5 18.1 705.0 1009.0 66.5 63.5 232 231
bad8_2 241.5 447.5 16.9 490.0 901.0 67.5 66.5 232 232
bad8_3 239.5 448.5 16.6 539.0 901.0 67.5 67.5 231 233
bad8_4 241.5 448.5 18.2 758.0 1009.0 66.5 67.5 231 232
bad8_5 243.5 450.5 19.1 1507.0 1129.0 65.5 69.5 232 233
bad8_6 243.5 451.5 17.7 812.0 1009.0 64.5 69.5 231 230
bad9_1 240.5 445.5 17.7 1266.0 1009.0 68.5 64.5 232 233
bad9_2 241.5 447.5 16.7 703.0 901.0 68.5 65.5 232 231
bad9_3 241.5 444.5 18.5 865.0 1009.0 66.5 63.5 231 232
bad9_4 242.5 452.5 16.6 923.0 901.0 67.5 70.5 233 232
bad9_5 244.5 451.5 17.2 487.0 901.0 64.5 70.5 232 231
bad9_6 244.5 449.5 18.6 1520.0 1129.0 63.5 68.5 231 232
bad 0 0 0 0 0 0 0 0 0
bad 0 0 0 0 0 0 0 0 0
bad 0 0 0 0 0 0 0 0 0
bad 0 0 0 0 0 0 0 0 0
bad 0 0 0 0 0 0 0 0 0
bad 0 0 0 0 0 0 0 0 0
bad11_1 247.5 447.5 19.1 1265.0 1129.0 61.5 65.5 230 232
bad11_2 242.5 448.5 17.4 574.0 901.0 65.5 66.5 232 232
bad11_3 249.5 448.5 16.9 1600.0 901.0 59.5 66.5 234 232
bad11_4 245.5 444.5 16.9 798.0 901.0 64.5 62.5 232 231
bad11_5 242.5 440.5 15.5 893.0 797.0 65.5 58.5 232 231
bad11_6 245.5 446.5 16.9 529.0 901.0 62.5 63.5 231 232
bad12_1 242.5 451.5 17.9 919.0 1009.0 67.5 68.5 233 231
bad12_2 244.5 448.5 17.8 1008.0 1009.0 63.5 67.5 230 233
bad12_3 243.5 450.5 18.3 733.0 1009.0 64.5 68.5 231 233
bad12_4 239.5 444.5 17.4 698.0 901.0 68.5 64.5 231 234
bad12_5 240.5 448.5 15.8 252.0 797.0 68.5 65.5 232 232
bad12_6 240.5 449.5 16.9 603.0 901.0 68.5 67.5 232 232
bad 0 0 0 0 0 0 0 0 0
bad 0 0 0 0 0 0 0 0 0
bad 0 0 0 0 0 0 0 0 0
bad 0 0 0 0 0 0 0 0 0
bad 0 0 0 0 0 0 0 0 0
bad 0 0 0 0 0 0 0 0 0
bad14_1 241.5 447.5 17.4 548.0 901.0 68.5 65.5 233 233
bad14_2 240.5 444.5 17.2 998.0 901.0 69.5 63.5 234 233
bad14_3 239.5 442.5 17.2 1104.0 901.0 68.5 60.5 231 232
bad14_4 240.5 454.5 16.7 426.0 901.0 68.5 73.5 232 234
bad14_5 244.5 455.5 17.4 590.0 901.0 64.5 73.5 232 232
bad14_6 242.5 454.5 17.8 1142.0 1009.0 65.5 72.5 231 232
bad15_1 258.5 448.5 17.4 567.0 901.0 51.5 66.5 231 232
bad15_2 241.5 448.5 16.7 674.0 901.0 66.5 67.5 230 233
bad15_3 244.5 444.5 17.4 613.0 901.0 65.5 62.5 232 232
bad15_4 245.5 436.5 18.3 897.0 1009.0 64.5 56.5 231 232
bad15_5 243.5 449.5 18.3 761.0 1009.0 64.5 67.5 231 232
bad15_6 243.5 449.5 17.9 960.0 1009.0 66.5 67.5 233 231
bad16_1 241.5 445.5 17.7 777.0 1009.0 67.5 64.5 233 232
bad16_2 241.5 443.5 16.8 767.0 901.0 67.5 62.5 230 233
bad16_3 243.5 450.5 18.1 937.0 1009.0 65.5 68.5 233 232
bad16_4 246.5 450.5 18.1 778.0 1009.0 62.5 69.5 231 233
bad16_5 242.5 447.5 16.6 657.0 901.0 66.5 66.5 232 233
bad16_6 245.5 450.5 17.1 562.0 901.0 62.5 68.5 231 231
bad17_1 243.5 448.5 17.6 836.0 1009.0 65.5 66.5 232 232
bad17_2 241.5 450.5 17.4 330.0 901.0 66.5 69.5 232 234
bad17_3 242.5 448.5 17.2 2570.0 901.0 67.5 66.5 233 232
bad17_4 243.5 448.5 17.2 411.0 901.0 64.5 66.5 232 232
bad17_5 260.5 449.5 15.9 2837.0 797.0 48.5 67.5 231 232
bad17_6 242.5 450.5 17.2 526.0 901.0 67.5 68.5 234 233
bad18_1 237.5 452.5 19.1 1189.0 1129.0 71.5 70.5 233 232
bad18_2 242.5 452.5 17.2 692.0 901.0 67.5 70.5 232 233
bad18_3 243.5 451.5 17.7 837.0 1009.0 65.5 70.5 232 233
bad18_4 242.5 451.5 16.1 285.0 797.0 67.5 69.5 232 232
bad18_5 241.5 446.5 17.4 565.0 901.0 67.5 65.5 233 233
bad18_6 242.5 447.5 17.7 1233.0 1009.0 66.5 66.5 232 233
bad19_1 245.5 448.5 17.7 1160.0 1009.0 63.5 66.5 232 231
bad19_2 241.5 444.5 17.7 949.0 1009.0 65.5 65.5 233 233
bad19_3 241.5 449.5 18.5 1000.0 1009.0 67.5 67.5 232 232
bad19_4 244.5 444.5 17.2 1093.0 901.0 64.5 63.5 231 232
bad19_5 241.5 450.5 17.9 1008.0 1009.0 66.5 68.5 231 232
bad19_6 244.5 443.5 18.0 1059.0 1009.0 65.5 61.5 232 231
bad20_1 242.5 446.5 17.9 1117.0 1009.0 66.5 63.5 231 232
bad20_2 243.5 441.5 17.4 1762.0 901.0 65.5 59.5 232 231
bad20_3 243.5 444.5 17.2 1020.0 901.0 64.5 62.5 231 232
bad20_4 241.5 454.5 17.4 297.0 901.0 66.5 72.5 231 232
bad20_5 244.5 454.5 17.9 830.0 1009.0 65.5 72.5 233 233
bad20_6 242.5 453.5 17.2 813.0 901.0 65.5 71.5 231 232
bad 0 0 0 0 0 0 0 0 0
bad 0 0 0 0 0 0 0 0 0
bad 0 0 0 0 0 0 0 0 0
bad 0 0 0 0 0 0 0 0 0
bad 0 0 0 0 0 0 0 0 0
bad 0 0 0 0 0 0 0 0 0
bad22_1 243.5 450.5 17.7 750.0 1009.0 64.5 69.5 231 233
bad22_2 243.5 448.5 18.5 933.0 1009.0 65.5 66.5 231 232
bad22_3 240.5 449.5 18.0 1104.0 1009.0 67.5 68.5 232 233
bad22_4 244.5 447.5 16.6 750.0 901.0 65.5 66.5 231 233
bad22_5 246.5 447.5 18.0 1053.0 1009.0 61.5 66.5 232 232
bad22_6 243.5 446.5 16.9 686.0 901.0 66.5 64.5 232 232
bad23_1 238.5 448.5 18.0 1040.0 1009.0 69.5 65.5 231 232
bad23_2 238.5 452.5 18.1 851.0 1009.0 69.5 69.5 231 232
bad23_3 238.5 450.5 16.9 297.0 901.0 68.5 68.5 231 230
bad23_4 240.5 456.5 16.9 499.0 901.0 67.5 73.5 231 231
bad23_5 241.5 454.5 16.9 329.0 901.0 67.5 71.5 231 232
bad23_6 238.5 454.5 16.8 708.0 901.0 69.5 71.5 232 232
bad24_1 239.5 453.5 18.5 747.0 1009.0 69.5 72.5 231 233
bad24_2 240.5 454.5 17.8 983.0 1009.0 69.5 73.5 232 233
bad24_3 238.5 454.5 17.7 942.0 1009.0 70.5 73.5 232 233
bad24_4 239.5 450.5 17.2 405.0 901.0 69.5 69.5 232 232
bad24_5 240.5 451.5 17.9 973.0 1009.0 69.5 70.5 233 233
bad24_6 239.5 448.5 15.8 450.0 797.0 69.5 67.5 232 233
bad25_1 240.5 451.5 17.4 804.0 901.0 68.5 70.5 232 234
bad25_2 242.5 450.5 17.7 963.0 1009.0 65.5 68.5 231 232
bad25_3 242.5 453.5 17.4 1194.0 901.0 67.5 71.5 233 233
bad25_4 244.5 444.5 17.9 1237.0 1009.0 64.5 62.5 232 233
bad25_5 242.5 440.5 16.1 891.0 797.0 66.5 59.5 233 234
bad25_6 244.5 445.5 16.8 856.0 901.0 64.5 63.5 232 232
bad26_1 241.5 451.5 17.7 1210.0 1009.0 67.5 70.5 232 233
bad26_2 244.5 452.5 18.5 999.0 1009.0 66.5 70.5 233 233
bad26_3 240.5 450.5 17.9 875.0 1009.0 69.5 69.5 233 233
bad26_4 243.5 443.5 16.3 1112.0 797.0 66.5 62.5 233 233
bad26_5 244.5 448.5 17.2 738.0 901.0 65.5 67.5 233 234
bad26_6 244.5 439.5 16.8 1437.0 901.0 65.5 60.5 233 233
bad 0 0 0 0 0 0 0 0 0
bad 0 0 0 0 0 0 0 0 0
bad 0 0 0 0 0 0 0 0 0
bad 0 0 0 0 0 0 0 0 0
bad 0 0 0 0 0 0 0 0 0
bad 0 0 0 0 0 0 0 0 0
bad28_1 243.5 447.5 16.8 692.0 901.0 66.5 68.5 231 233
bad28_2 241.5 446.5 17.4 873.0 901.0 66.5 64.5 231 231
bad28_3 244.5 448.5 16.3 414.0 797.0 65.5 67.5 233 231
bad28_4 243.5 448.5 18.5 1288.0 1009.0 66.5 66.5 233 231
bad28_5 243.5 444.5 18.5 1513.0 1009.0 65.5 64.5 232 232
bad28_6 243.5 450.5 17.8 1018.0 1009.0 64.5 69.5 231 232
bad29_1 245.5 449.5 17.2 338.0 901.0 63.5 66.5 231 230
bad29_2 248.5 450.5 17.2 582.0 901.0 60.5 68.5 232 233
bad29_3 243.5 448.5 15.6 342.0 797.0 64.5 65.5 231 232
bad29_4 244.5 445.5 18.1 748.0 1009.0 63.5 64.5 231 234
bad29_5 243.5 447.5 17.2 856.0 901.0 65.5 64.5 232 232
bad29_6 243.5 445.5 17.4 736.0 901.0 64.5 62.5 232 231
bad30_1 239.5 453.5 17.8 818.0 1009.0 70.5 72.5 231 234
bad30_2 238.5 452.5 17.4 623.0 901.0 69.5 71.5 231 232
bad30_3 238.5 451.5 17.4 390.0 901.0 71.5 70.5 233 233
bad30_4 239.5 457.5 16.6 329.0 901.0 70.5 76.5 233 233
bad30_5 241.5 454.5 16.9 426.0 901.0 68.5 72.5 233 231
bad30_6 239.5 451.5 17.9 897.0 1009.0 68.5 71.5 230 233
bad31_1 239.5 449.5 18.5 1109.0 1009.0 70.5 68.5 232 232
bad31_2 240.5 449.5 18.0 809.0 1009.0 70.5 69.5 230 234
bad31_3 234.5 454.5 17.2 405.0 901.0 74.5 72.5 232 232
bad31_4 240.5 452.5 18.0 1002.0 1009.0 67.5 71.5 230 233
bad31_5 237.5 455.5 16.7 394.0 901.0 70.5 73.5 230 231
bad31_6 241.5 453.5 17.4 336.0 901.0 69.5 72.5 234 231
bad32_1 237.5 453.5 19.1 1069.0 1129.0 71.5 71.5 232 232
bad32_2 238.5 450.5 17.4 261.0 901.0 69.5 68.5 232 233
bad32_3 242.5 449.5 17.2 844.0 901.0 67.5 67.5 232 232
bad32_4 238.5 454.5 18.1 828.0 1009.0 70.5 72.5 233 232
bad32_5 239.5 452.5 17.4 578.0 901.0 68.5 70.5 231 232
bad32_6 241.5 453.5 18.0 701.0 1009.0 66.5 71.5 231 233
bad33_1 246.5 444.5 16.0 1274.0 797.0 63.5 63.5 233 234
bad33_2 241.5 444.5 16.3 743.0 797.0 67.5 62.5 232 233
bad33_3 246.5 441.5 19.6 3181.0 1257.0 61.5 58.5 231 232
bad33_4 241.5 450.5 17.4 955.0 901.0 68.5 68.5 233 232
bad33_5 243.5 450.5 18.0 1538.0 1009.0 65.5 69.5 232 234
bad33_6 245.5 452.5 16.8 1150.0 901.0 64.5 69.5 232 232
bad34_1 241.5 448.5 18.0 858.0 1009.0 66.5 66.5 231 232
bad34_2 244.5 448.5 17.9 1039.0 1009.0 65.5 66.5 232 232
bad34_3 242.5 449.5 17.2 401.0 901.0 65.5 67.5 230 233
bad34_4 242.5 449.5 17.4 545.0 901.0 65.5 67.5 231 232
bad34_5 244.5 449.5 17.2 458.0 901.0 63.5 67.5 231 232
bad34_6 247.5 448.5 16.6 851.0 901.0 61.5 66.5 232 232
bad35_1 242.5 452.5 18.0 1156.0 1009.0 67.5 71.5 232 233
bad35_2 257.5 449.5 17.7 2981.0 1009.0 52.5 68.5 233 233
bad35_3 243.5 449.5 16.3 242.0 797.0 65.5 67.5 231 233
bad35_4 239.5 448.5 17.4 1015.0 901.0 69.5 67.5 232 233
bad35_5 242.5 450.5 17.9 853.0 1009.0 66.5 68.5 232 232
bad35_6 244.5 451.5 17.2 2265.0 901.0 64.5 69.5 232 233
bad36_1 242.5 450.5 16.8 564.0 901.0 67.5 68.5 233 232
bad36_2 243.5 447.5 16.3 313.0 797.0 67.5 66.5 233 234
bad36_3 240.5 448.5 16.6 1101.0 901.0 69.5 67.5 233 233
bad36_4 244.5 447.5 17.2 666.0 901.0 64.5 67.5 231 233
bad36_5 243.5 455.5 16.1 294.0 797.0 65.5 73.5 233 232
bad36_6 251.5 448.5 17.7 1176.0 1009.0 58.5 67.5 233 232
bad37_1 241.5 451.5 17.4 423.0 901.0 68.5 69.5 233 232
bad37_2 240.5 455.5 17.4 502.0 901.0 67.5 73.5 230 233
bad37_3 245.5 445.5 15.8 2421.0 797.0 62.5 62.5 231 232
bad37_4 241.5 452.5 17.2 506.0 901.0 68.5 71.5 231 234
bad37_5 232.5 454.5 18.2 2963.0 1009.0 75.5 71.5 231 232
bad37_6 239.5 452.5 17.2 585.0 901.0 70.5 69.5 232 230
bad38_1 242.5 453.5 18.0 846.0 1009.0 66.5 71.5 232 232
bad38_2 242.5 453.5 16.0 523.0 797.0 67.5 71.5 233 232
bad38_3 242.5 453.5 18.1 1056.0 1009.0 66.5 72.5 231 233
bad38_4 240.5 449.5 16.3 123.0 797.0 66.5 67.5 231 232
bad38_5 239.5 448.5 17.2 699.0 901.0 69.5 66.5 232 231
bad38_6 241.5 448.5 17.7 1450.0 1009.0 67.5 67.5 231 233
bad 0 0 0 0 0 0 0 0 0
bad 0 0 0 0 0 0 0 0 0
bad 0 0 0 0 0 0 0 0 0
bad 0 0 0 0 0 0 0 0 0
bad 0 0 0 0 0 0 0 0 0
bad 0 0 0 0 0 0 0 0 0
bad40_1 239.5 453.5 18.0 1672.0 1009.0 69.5 72.5 232 233
bad40_2 239.5 453.5 18.5 2029.0 1009.0 69.5 72.5 232 233
bad40_3 241.5 454.5 17.2 736.0 901.0 67.5 72.5 232 233
bad40_4 252.5 446.5 17.4 1475.0 901.0 56.5 65.5 232 234
bad40_5 237.5 448.5 17.8 985.0 1009.0 70.5 67.5 232 233
bad40_6 254.5 447.5 17.2 2437.0 901.0 53.5 65.5 231 232
bad41_1 238.5 449.5 16.8 633.0 901.0 71.5 68.5 232 233
bad41_2 242.5 451.5 16.1 132.0 797.0 66.5 70.5 232 234
bad41_3 240.5 447.5 17.2 441.0 901.0 69.5 66.5 233 233
bad41_4 241.5 452.5 17.7 893.0 1009.0 67.5 71.5 234 233
bad41_5 241.5 452.5 18.1 884.0 1009.0 68.5 70.5 233 232
bad41_6 242.5 449.5 17.7 1023.0 1009.0 67.5 68.5 233 233
bad42_1 243.5 444.5 17.2 529.0 901.0 64.5 63.5 232 233
bad42_2 243.5 442.5 17.1 883.0 901.0 66.5 61.5 233 231
bad42_3 242.5 442.5 19.1 1559.0 1129.0 64.5 61.5 229 232
bad42_4 248.5 447.5 18.1 1088.0 1009.0 59.5 66.5 230 233
bad42_5 248.5 445.5 17.2 617.0 901.0 59.5 64.5 232 231
bad42_6 250.5 446.5 17.4 1214.0 901.0 56.5 65.5 229 232
bad43_1 240.5 440.5 17.4 1193.0 901.0 67.5 58.5 231 233
bad43_2 242.5 445.5 17.2 1269.0 901.0 66.5 63.5 232 233
bad43_3 244.5 445.5 15.8 797.0 797.0 65.5 63.5 233 232
bad43_4 245.5 452.5 17.7 1502.0 1009.0 63.5 70.5 232 233
bad43_5 240.5 449.5 17.4 904.0 901.0 67.5 67.5 231 232
bad43_6 242.5 449.5 17.2 975.0 901.0 66.5 67.5 233 233
bad44_1 236.5 455.5 17.7 720.0 1009.0 72.5 72.5 231 231
bad44_2 238.5 453.5 18.1 752.0 1009.0 69.5 71.5 232 231
bad44_3 236.5 454.5 17.2 307.0 901.0 70.5 72.5 230 232
bad44_4 235.5 455.5 18.0 881.0 1009.0 71.5 73.5 230 232
bad44_5 239.5 456.5 17.2 465.0 901.0 69.5 74.5 232 231
bad44_6 239.5 453.5 17.4 474.0 901.0 69.5 71.5 231 233
bad45_1 241.5 450.5 17.4 753.0 901.0 67.5 69.5 231 231
bad45_2 239.5 452.5 17.7 1125.0 1009.0 68.5 71.5 230 232
bad45_3 237.5 455.5 18.0 1472.0 1009.0 72.5 74.5 233 232
bad45_4 240.5 450.5 17.2 728.0 901.0 67.5 70.5 230 235
bad45_5 238.5 453.5 17.2 765.0 901.0 70.5 73.5 231 234
bad45_6 240.5 453.5 15.5 705.0 797.0 68.5 72.5 232 232
bad46_1 242.5 449.5 17.0 452.0 901.0 65.5 68.5 230 232
bad46_2 240.5 450.5 17.4 1081.0 901.0 68.5 68.5 232 233
bad46_3 240.5 448.5 18.0 1112.0 1009.0 68.5 67.5 233 230
bad46_4 243.5 450.5 18.0 914.0 1009.0 65.5 68.5 231 231
bad46_5 241.5 449.5 17.2 549.0 901.0 65.5 67.5 231 232
bad46_6 250.5 450.5 16.7 1805.0 901.0 57.5 68.5 231 232
bad47_1 250.5 449.5 17.2 778.0 901.0 59.5 69.5 232 232
bad47_2 248.5 448.5 15.4 455.0 709.0 60.5 67.5 232 232
bad47_3 249.5 448.5 16.3 321.0 797.0 60.5 67.5 232 232
bad47_4 246.5 440.5 16.3 639.0 797.0 62.5 60.5 231 233
bad47_5 247.5 441.5 17.9 1194.0 1009.0 61.5 61.5 232 234
bad47_6 247.5 440.5 17.2 1814.0 901.0 61.5 60.5 232 232
bad48_1 242.5 447.5 17.2 697.0 901.0 66.5 65.5 232 233
bad48_2 245.5 443.5 17.2 1564.0 901.0 63.5 61.5 232 232
bad48_3 246.5 444.5 17.4 1472.0 901.0 62.5 62.5 232 233
bad48_4 241.5 451.5 17.2 409.0 901.0 68.5 70.5 233 233
bad48_5 243.5 450.5 17.4 829.0 901.0 66.5 68.5 233 232
bad48_6 244.5 452.5 17.2 714.0 901.0 65.5 70.5 233 233
bad49_1 242.5 452.5 17.1 550.0 901.0 66.5 70.5 232 233
bad49_2 243.5 455.5 17.2 720.0 901.0 64.5 72.5 231 231
bad49_3 242.5 451.5 17.2 609.0 901.0 67.5 69.5 233 232
bad49_4 243.5 444.5 16.3 846.0 797.0 66.5 61.5 233 232
bad49_5 244.5 447.5 16.3 738.0 797.0 64.5 65.5 232 232
bad49_6 240.5 443.5 17.2 1310.0 901.0 68.5 61.5 232 233
bad50_1 239.5 453.5 18.0 750.0 1009.0 69.5 71.5 233 233
bad50_2 238.5 457.5 18.5 944.0 1009.0 69.5 75.5 231 233
bad50_3 241.5 454.5 17.2 723.0 901.0 67.5 72.5 232 232
bad50_4 239.5 449.5 18.0 949.0 1009.0 69.5 67.5 232 232
bad50_5 237.5 451.5 17.0 498.0 901.0 70.5 69.5 231 233
bad50_6 237.5 452.5 16.3 187.0 797.0 72.5 70.5 233 233
bad51_1 243.5 443.5 17.9 2332.0 1009.0 66.5 61.5 233 232
bad51_2 243.5 442.5 17.7 1855.0 1009.0 64.5 60.5 231 232
bad51_3 240.5 444.5 17.4 1267.0 901.0 68.5 63.5 233 233
bad51_4 241.5 451.5 18.8 1784.0 1129.0 67.5 70.5 232 233
bad51_5 241.5 451.5 17.2 790.0 901.0 68.5 70.5 234 232
bad51_6 242.5 452.5 17.2 677.0 901.0 67.5 72.5 233 232
bad52_1 241.5 454.5 17.2 715.0 901.0 64.5 71.5 229 232
bad52_2 242.5 451.5 17.7 804.0 1009.0 64.5 69.5 230 231
bad52_3 242.5 453.5 17.4 666.0 901.0 64.5 71.5 230 229
bad52_4 237.5 446.5 18.0 1432.0 1009.0 69.5 63.5 232 228
bad52_5 240.5 444.5 16.0 676.0 797.0 66.5 62.5 231 230
bad52_6 237.5 449.5 18.1 729.0 1009.0 68.5 68.5 229 233
bad53_1 247.5 445.5 19.1 1573.0 1129.0 65.5 74.5 235 237
bad53_2 240.5 444.5 16.9 849.0 901.0 68.5 64.5 232 233
bad53_3 243.5 445.5 17.2 626.0 901.0 64.5 67.5 231 234
bad53_4 246.5 445.5 16.9 916.0 901.0 63.5 68.5 230 232
bad53_5 246.5 447.5 17.7 1437.0 1009.0 64.5 66.5 233 232
bad53_6 248.5 445.5 16.1 568.0 797.0 59.5 66.5 232 232
bad54_1 249.5 443.5 17.7 2403.0 1009.0 59.5 61.5 232 232
bad54_2 239.5 440.5 17.8 1779.0 1009.0 68.5 60.5 231 235
bad54_3 243.5 443.5 15.8 1532.0 797.0 65.5 62.5 232 232
bad54_4 243.5 454.5 17.2 1560.0 901.0 64.5 73.5 231 233
bad54_5 244.5 453.5 17.4 1167.0 901.0 63.5 71.5 232 232
bad54_6 242.5 453.5 17.4 1257.0 901.0 65.5 72.5 232 233
bad55_1 241.5 453.5 16.6 699.0 901.0 68.5 72.5 231 233
bad55_2 235.5 454.5 16.6 1016.0 901.0 73.5 73.5 232 232
bad55_3 238.5 456.5 17.7 1227.0 1009.0 71.5 75.5 233 231
bad55_4 240.5 453.5 16.3 312.0 797.0 69.5 72.5 232 233
bad55_5 236.5 451.5 16.0 244.0 797.0 72.5 70.5 231 233
bad55_6 236.5 455.5 16.1 245.0 797.0 72.5 74.5 232 232
bad 0 0 0 0 0 0 0 0 0
bad 0 0 0 0 0 0 0 0 0
bad 0 0 0 0 0 0 0 0 0
bad 0 0 0 0 0 0 0 0 0
bad 0 0 0 0 0 0 0 0 0
bad 0 0 0 0 0 0 0 0 0
bad57_1 235.5 454.5 17.4 1030.0 901.0 72.5 72.5 231 231
bad57_2 237.5 455.5 17.2 504.0 901.0 70.5 73.5 231 232
bad57_3 240.5 454.5 17.9 1215.0 1009.0 71.5 71.5 231 232
bad57_4 241.5 454.5 16.6 1181.0 901.0 67.5 72.5 230 232
bad57_5 236.5 455.5 17.9 855.0 1009.0 71.5 73.5 231 232
bad57_6 240.5 454.5 17.0 536.0 901.0 68.5 71.5 233 231
bad58_1 242.5 442.5 17.0 1239.0 901.0 65.5 60.5 231 232
bad58_2 241.5 452.5 15.6 586.0 797.0 68.5 71.5 232 233
bad58_3 242.5 445.5 17.2 1755.0 901.0 67.5 64.5 233 232
bad58_4 242.5 453.5 17.4 793.0 901.0 66.5 71.5 232 231
bad58_5 242.5 450.5 17.2 1846.0 901.0 65.5 70.5 231 234
bad58_6 240.5 452.5 15.9 740.0 797.0 68.5 71.5 232 232
bad59_1 243.5 444.5 17.4 751.0 901.0 67.5 63.5 232 231
bad59_2 241.5 445.5 17.4 559.0 901.0 67.5 65.5 231 233
bad59_3 240.5 442.5 17.7 1093.0 1009.0 67.5 62.5 231 232
bad59_4 245.5 450.5 18.8 1383.0 1129.0 63.5 70.5 230 233
bad59_5 245.5 449.5 18.0 805.0 1009.0 64.5 68.5 233 232
bad59_6 244.5 448.5 18.0 1049.0 1009.0 65.5 68.5 233 232
bad60_1 241.5 448.5 17.2 702.0 901.0 66.5 66.5 231 233
bad60_2 241.5 447.5 18.2 892.0 1009.0 67.5 66.5 232 231
bad60_3 241.5 446.5 17.4 931.0 901.0 66.5 64.5 231 232
bad60_4 241.5 452.5 16.9 536.0 901.0 66.5 70.5 231 232
bad60_5 241.5 452.5 15.9 311.0 797.0 66.5 70.5 233 231
bad60_6 240.5 452.5 17.4 636.0 901.0 67.5 70.5 231 233
bad61_1 250.5 450.5 17.2 1224.0 901.0 57.5 68.5 231 232
bad61_2 241.5 450.5 16.6 981.0 901.0 67.5 68.5 233 232
bad61_3 241.5 451.5 16.9 625.0 901.0 67.5 69.5 232 232
bad61_4 242.5 449.5 17.4 715.0 901.0 67.5 67.5 233 233
bad61_5 242.5 449.5 17.4 589.0 901.0 66.5 67.5 232 232
bad61_6 239.5 449.5 17.2 655.0 901.0 68.5 67.5 232 233
bad62_1 242.5 448.5 17.0 704.0 901.0 65.5 66.5 231 232
bad62_2 240.5 448.5 16.0 357.0 797.0 68.5 66.5 233 231
bad62_3 241.5 447.5 15.5 396.0 797.0 66.5 65.5 231 232
bad62_4 239.5 452.5 17.7 990.0 1009.0 69.5 70.5 232 232
bad62_5 240.5 451.5 17.2 566.0 901.0 67.5 69.5 233 231
bad62_6 239.5 451.5 17.1 512.0 901.0 66.5 70.5 230 234
bad63_1 241.5 449.5 17.2 517.0 901.0 66.5 67.5 232 231
bad63_2 241.5 449.5 16.9 1741.0 901.0 66.5 67.5 232 233
bad63_3 240.5 449.5 17.7 859.0 1009.0 67.5 67.5 233 233
bad63_4 241.5 448.5 16.6 784.0 901.0 67.5 66.5 233 233
bad63_5 243.5 451.5 17.2 648.0 901.0 65.5 69.5 233 232
bad63_6 258.5 450.5 15.8 2715.0 797.0 50.5 68.5 232 231
bad64_1 244.5 455.5 17.7 1039.0 1009.0 63.5 73.5 231 232
bad64_2 245.5 449.5 17.2 455.0 901.0 63.5 67.5 233 232
bad64_3 242.5 452.5 17.7 938.0 1009.0 65.5 70.5 231 232
bad64_4 241.5 440.5 16.3 1028.0 797.0 66.5 58.5 231 233
bad64_5 242.5 442.5 18.1 1447.0 1009.0 65.5 60.5 231 231
bad64_6 245.5 442.5 16.3 758.0 797.0 62.5 60.5 232 232
bad65_1 238.5 452.5 17.7 880.0 1009.0 69.5 71.5 232 232
bad65_2 241.5 455.5 17.2 500.0 901.0 67.5 73.5 232 232
bad65_3 240.5 452.5 18.1 896.0 1009.0 68.5 71.5 233 233
bad65_4 239.5 450.5 17.4 576.0 901.0 69.5 68.5 232 233
bad65_5 240.5 449.5 17.2 647.0 901.0 69.5 68.5 233 234
bad65_6 238.5 448.5 16.9 750.0 901.0 69.5 67.5 232 233
bad66_1 239.5 445.5 17.7 1112.0 1009.0 69.5 64.5 232 233
bad66_2 241.5 445.5 16.9 679.0 901.0 66.5 63.5 231 233
bad66_3 242.5 446.5 16.1 952.0 797.0 67.5 64.5 233 231
bad66_4 244.5 452.5 17.2 572.0 901.0 64.5 70.5 232 230
bad66_5 245.5 450.5 17.4 1067.0 901.0 63.5 69.5 231 233
bad66_6 244.5 450.5 18.1 1105.0 1009.0 64.5 68.5 232 232
bad67_1 239.5 451.5 17.4 589.0 901.0 70.5 69.5 234 232
bad67_2 238.5 450.5 17.2 664.0 901.0 68.5 69.5 231 233
bad67_3 243.5 449.5 18.0 1249.0 1009.0 67.5 67.5 232 232
bad67_4 241.5 452.5 15.6 216.0 797.0 66.5 71.5 231 233
bad67_5 246.5 448.5 17.2 1154.0 901.0 65.5 66.5 232 232
bad67_6 241.5 451.5 17.7 1021.0 1009.0 67.5 69.5 232 232
bad 0 0 0 0 0 0 0 0 0
bad 0 0 0 0 0 0 0 0 0
bad 0 0 0 0 0 0 0 0 0
bad 0 0 0 0 0 0 0 0 0
bad 0 0 0 0 0 0 0 0 0
bad 0 0 0 0 0 0 0 0 0
bad69_1 241.5 453.5 17.7 1147.0 1009.0 67.5 72.5 233 231
bad69_2 240.5 453.5 17.3 679.0 901.0 67.5 73.5 230 233
bad69_3 240.5 449.5 17.8 807.0 1009.0 69.5 67.5 232 231
bad69_4 239.5 448.5 18.0 1306.0 1009.0 69.5 68.5 232 232
bad69_5 241.5 449.5 17.2 329.0 901.0 66.5 68.5 231 231
bad69_6 240.5 449.5 17.4 919.0 901.0 69.5 68.5 233 231
bad70_1 245.5 451.5 17.2 642.0 901.0 63.5 69.5 232 230
bad70_2 243.5 452.5 17.4 562.0 901.0 63.5 71.5 229 232
bad70_3 243.5 453.5 16.6 742.0 901.0 63.5 71.5 230 231
bad70_4 241.5 446.5 17.7 1082.0 1009.0 65.5 64.5 230 231
bad70_5 240.5 445.5 16.3 577.0 797.0 66.5 63.5 230 230
bad70_6 241.5 446.5 17.4 886.0 901.0 67.5 63.5 231 230
bad32_3 242.5 449.5 17.2 844.0 901.0 67.5 67.5 232 232
bad32_3 242.5 449.5 17.2 844.0 901.0 67.5 67.5 232 232
bad32_3 242.5 449.5 17.2 844.0 901.0 67.5 67.5 232 232
bad32_3 242.5 449.5 17.2 1396.0 901.0 67.5 67.5 232 232
