good1_1 243.5 450.5 17.2 298.0 901.0 64.5 71.5 231 234
good1_2 242.5 451.5 17.7 752.0 1009.0 68.5 71.5 233 233
good1_3 245.5 451.5 17.4 270.0 901.0 65.5 71.5 232 234
good1_4 245.5 445.5 17.4 558.0 901.0 64.5 65.5 232 233
good1_5 248.5 444.5 17.2 540.0 901.0 64.5 67.5 233 234
good1_6 243.5 451.5 18.1 714.0 1009.0 66.5 72.5 232 235
good2_1 241.5 448.5 17.7 757.0 1009.0 67.5 67.5 230 232
good2_2 241.5 449.5 17.2 310.0 901.0 69.5 68.5 232 232
good2_3 240.5 448.5 17.4 492.0 901.0 68.5 66.5 231 231
good2_4 243.5 450.5 17.9 809.0 1009.0 66.5 69.5 232 232
good2_5 244.5 450.5 18.0 590.0 1009.0 64.5 69.5 230 232
good2_6 245.5 451.5 17.2 237.0 901.0 65.5 70.5 231 232
good3_1 241.5 450.5 17.4 296.0 901.0 68.5 69.5 232 233
good3_2 246.5 447.5 17.4 325.0 901.0 65.5 67.5 234 232
good3_3 244.5 446.5 18.1 854.0 1009.0 66.5 67.5 232 235
good3_4 242.5 452.5 17.9 518.0 1009.0 67.5 72.5 232 234
good3_5 245.5 449.5 18.0 812.0 1009.0 64.5 68.5 233 233
good3_6 243.5 449.5 17.9 689.0 1009.0 66.5 69.5 231 234
good4_1 242.5 451.5 18.5 699.0 1009.0 65.5 70.5 231 232
good4_2 242.5 450.5 17.7 992.0 1009.0 67.5 70.5 231 234
good4_3 243.5 451.5 18.8 1237.0 1129.0 67.5 70.5 233 232
good4_4 241.5 447.5 17.4 376.0 901.0 66.5 67.5 230 234
good4_5 243.5 450.5 17.2 572.0 901.0 66.5 70.5 231 234
good4_6 240.5 447.5 18.0 672.0 1009.0 68.5 66.5 231 233
good5_1 244.5 450.5 17.2 255.0 901.0 64.5 71.5 231 235
good5_2 247.5 451.5 17.4 493.0 901.0 65.5 70.5 232 234
good5_3 246.5 451.5 18.0 1013.0 1009.0 64.5 71.5 232 233
good5_4 245.5 448.5 17.2 332.0 901.0 66.5 67.5 233 233
good5_5 243.5 448.5 16.8 533.0 901.0 65.5 70.5 231 236
good5_6 242.5 448.5 16.6 475.0 901.0 67.5 69.5 232 235
good6_1 244.5 448.5 16.6 249.0 901.0 65.5 67.5 232 232
good6_2 243.5 446.5 16.0 213.0 797.0 65.5 66.5 232 234
good6_3 240.5 454.5 16.3 84.0 797.0 68.5 73.5 232 233
good6_4 243.5 449.5 17.4 315.0 901.0 66.5 69.5 231 234
good6_5 239.5 451.5 17.9 682.0 1009.0 70.5 70.5 232 234
good6_6 245.5 451.5 17.9 700.0 1009.0 66.5 71.5 232 234
good7_1 240.5 454.5 17.1 404.0 901.0 68.5 74.5 231 234
good7_2 244.5 450.5 18.3 820.0 1009.0 65.5 70.5 231 233
good7_3 244.5 451.5 18.2 691.0 1009.0 65.5 70.5 231 233
good7_4 242.5 450.5 17.0 446.0 901.0 66.5 69.5 232 232
good7_5 244.5 447.5 17.2 526.0 901.0 66.5 67.5 231 233
good7_6 244.5 449.5 17.1 586.0 901.0 65.5 68.5 232 233
good8_1 242.5 452.5 17.9 735.0 1009.0 66.5 71.5 232 234
good8_2 244.5 450.5 17.7 781.0 1009.0 64.5 70.5 232 234
good8_3 246.5 452.5 17.2 306.0 901.0 65.5 73.5 231 236
good8_4 243.5 453.5 17.2 499.0 901.0 65.5 72.5 231 234
good8_5 244.5 447.5 18.1 722.0 1009.0 66.5 66.5 233 233
good8_6 244.5 447.5 16.3 84.0 797.0 65.5 67.5 230 235
good9_1 246.5 452.5 18.0 812.0 1009.0 66.5 71.5 231 234
good9_2 244.5 451.5 17.9 790.0 1009.0 67.5 70.5 231 233
good9_3 244.5 450.5 17.2 477.0 901.0 65.5 69.5 231 234
good9_4 241.5 448.5 17.2 324.0 901.0 67.5 67.5 231 234
good9_5 244.5 448.5 17.1 683.0 901.0 65.5 67.5 232 233
good9_6 242.5 448.5 16.9 465.0 901.0 67.5 67.5 231 234
good10_1 246.5 446.5 16.9 600.0 901.0 65.5 65.5 232 233
good10_2 243.5 447.5 18.1 795.0 1009.0 65.5 69.5 231 237
good10_3 244.5 449.5 17.0 369.0 901.0 66.5 68.5 232 234
good10_4 247.5 450.5 16.6 361.0 901.0 65.5 71.5 231 236
good10_5 242.5 451.5 17.2 386.0 901.0 67.5 70.5 232 234
good10_6 244.5 449.5 17.9 853.0 1009.0 65.5 68.5 231 232
good11_1 240.5 447.5 17.4 493.0 901.0 68.5 66.5 231 232
good11_2 240.5 445.5 16.6 361.0 901.0 67.5 64.5 231 234
good11_3 244.5 445.5 17.1 400.0 901.0 67.5 64.5 231 234
good11_4 241.5 453.5 16.9 621.0 901.0 67.5 72.5 231 234
good11_5 247.5 451.5 17.7 785.0 1009.0 64.5 70.5 231 234
good11_6 244.5 454.5 18.1 973.0 1009.0 65.5 72.5 232 232
good12_1 246.5 445.5 17.4 444.0 901.0 63.5 66.5 231 235
good12_2 245.5 448.5 18.0 723.0 1009.0 64.5 67.5 232 233
good12_3 243.5 445.5 18.1 960.0 1009.0 66.5 65.5 232 233
good12_4 246.5 449.5 17.4 367.0 901.0 65.5 68.5 233 232
good12_5 246.5 450.5 17.2 547.0 901.0 63.5 70.5 231 234
good12_6 245.5 449.5 17.9 803.0 1009.0 64.5 70.5 232 236
good13_1 245.5 453.5 17.2 491.0 901.0 64.5 75.5 232 235
good13_2 245.5 448.5 17.7 859.0 1009.0 64.5 69.5 231 235
good13_3 242.5 451.5 18.5 789.0 1009.0 67.5 72.5 232 236
good13_4 244.5 446.5 16.7 509.0 901.0 64.5 68.5 231 236
good13_5 244.5 450.5 17.1 568.0 901.0 66.5 70.5 232 234
good13_6 245.5 447.5 17.2 558.0 901.0 65.5 67.5 234 234
good14_1 243.5 449.5 17.2 403.0 901.0 66.5 68.5 233 233
good14_2 243.5 447.5 17.2 418.0 901.0 65.5 68.5 231 236
good14_3 240.5 448.5 17.4 614.0 901.0 67.5 69.5 231 236
good14_4 244.5 450.5 17.9 1040.0 1009.0 67.5 70.5 232 235
good14_5 243.5 451.5 17.9 833.0 1009.0 65.5 71.5 231 235
good14_6 242.5 451.5 16.6 588.0 901.0 67.5 71.5 232 234
good15_1 246.5 447.5 17.4 322.0 901.0 64.5 67.5 232 234
good15_2 244.5 446.5 16.3 194.0 797.0 64.5 66.5 231 234
good15_3 240.5 451.5 17.2 536.0 901.0 69.5 71.5 232 235
good15_4 243.5 452.5 17.4 403.0 901.0 65.5 73.5 231 236
good15_5 240.5 452.5 17.2 490.0 901.0 68.5 72.5 231 235
good15_6 244.5 450.5 17.2 556.0 901.0 66.5 71.5 232 234
good16_1 242.5 446.5 16.9 430.0 901.0 66.5 67.5 233 235
good16_2 245.5 446.5 17.2 541.0 901.0 65.5 68.5 232 236
good16_3 240.5 454.5 16.3 96.0 797.0 68.5 73.5 232 234
good16_4 244.5 449.5 17.2 324.0 901.0 66.5 69.5 232 234
good16_5 237.5 452.5 17.9 688.0 1009.0 71.5 72.5 232 235
good16_6 243.5 451.5 17.2 333.0 901.0 67.5 70.5 233 233
good17_1 242.5 448.5 18.3 1290.0 1009.0 68.5 68.5 232 234
good17_2 243.5 448.5 17.4 447.0 901.0 67.5 68.5 232 232
good17_3 241.5 448.5 16.9 401.0 901.0 66.5 69.5 230 234
good17_4 242.5 451.5 18.1 612.0 1009.0 66.5 71.5 231 233
good17_5 245.5 450.5 17.2 446.0 901.0 65.5 70.5 232 233
good17_6 243.5 449.5 16.9 276.0 901.0 66.5 70.5 231 233
good18_1 241.5 449.5 17.9 705.0 1009.0 66.5 68.5 231 233
good18_2 240.5 451.5 17.7 729.0 1009.0 68.5 70.5 232 233
good18_3 243.5 451.5 17.2 294.0 901.0 66.5 69.5 232 232
good18_4 244.5 449.5 16.9 742.0 901.0 66.5 67.5 232 232
good18_5 241.5 447.5 17.2 421.0 901.0 67.5 66.5 231 233
good18_6 239.5 451.5 17.4 339.0 901.0 68.5 69.5 232 232
good19_1 244.5 446.5 16.9 609.0 901.0 65.5 67.5 232 235
good19_2 246.5 448.5 17.2 384.0 901.0 64.5 68.5 231 235
good19_3 244.5 447.5 16.6 343.0 901.0 65.5 67.5 232 233
good19_4 244.5 449.5 17.4 439.0 901.0 66.5 69.5 233 232
good19_5 243.5 447.5 18.0 770.0 1009.0 65.5 67.5 231 234
good19_6 243.5 452.5 18.1 690.0 1009.0 65.5 72.5 232 234
good20_1 244.5 450.5 17.2 344.0 901.0 64.5 69.5 231 233
good20_2 240.5 451.5 18.8 1252.0 1129.0 68.5 71.5 231 234
good20_3 242.5 451.5 18.1 872.0 1009.0 66.5 70.5 232 232
good20_4 244.5 447.5 16.1 218.0 797.0 64.5 66.5 231 232
good20_5 241.5 448.5 17.4 348.0 901.0 67.5 67.5 231 233
good20_6 241.5 451.5 17.9 715.0 1009.0 68.5 70.5 232 234
good21_1 242.5 449.5 17.2 236.0 901.0 66.5 69.5 230 233
good21_2 240.5 448.5 18.0 782.0 1009.0 68.5 66.5 231 232
good21_3 243.5 446.5 17.7 888.0 1009.0 66.5 65.5 232 232
good21_4 243.5 451.5 18.0 726.0 1009.0 66.5 70.5 232 232
good21_5 244.5 448.5 17.8 708.0 1009.0 65.5 68.5 231 233
good21_6 244.5 450.5 17.9 677.0 1009.0 65.5 69.5 231 232
good22_1 242.5 453.5 17.2 366.0 901.0 67.5 74.5 232 234
good22_2 244.5 447.5 16.9 724.0 901.0 67.5 67.5 233 233
good22_3 242.5 446.5 17.4 545.0 901.0 66.5 67.5 230 234
good22_4 241.5 453.5 17.4 383.0 901.0 69.5 73.5 232 234
good22_5 245.5 451.5 17.4 315.0 901.0 65.5 71.5 233 232
good22_6 246.5 447.5 17.9 875.0 1009.0 65.5 69.5 232 235
good23_1 245.5 452.5 18.0 813.0 1009.0 65.5 74.5 233 235
good23_2 242.5 451.5 16.8 616.0 901.0 65.5 71.5 230 233
good23_3 242.5 451.5 17.9 650.0 1009.0 67.5 70.5 232 233
good23_4 245.5 447.5 17.4 763.0 901.0 65.5 67.5 231 234
good23_5 244.5 451.5 17.2 237.0 901.0 65.5 70.5 232 232
good23_6 245.5 447.5 17.9 889.0 1009.0 65.5 66.5 233 232
good24_1 239.5 450.5 16.8 444.0 901.0 68.5 68.5 231 233
good24_2 244.5 450.5 17.2 344.0 901.0 66.5 69.5 233 233
good24_3 242.5 447.5 17.2 463.0 901.0 66.5 67.5 231 233
good24_4 241.5 451.5 17.2 309.0 901.0 66.5 69.5 231 232
good24_5 245.5 450.5 17.7 857.0 1009.0 65.5 69.5 233 233
good24_6 246.5 449.5 17.4 375.0 901.0 65.5 68.5 231 233
good25_1 244.5 452.5 17.2 435.0 901.0 67.5 71.5 232 233
good25_2 245.5 451.5 17.4 470.0 901.0 65.5 70.5 232 232
good25_3 244.5 452.5 17.4 629.0 901.0 65.5 71.5 230 233
good25_4 240.5 448.5 17.4 596.0 901.0 69.5 67.5 232 233
good25_5 242.5 449.5 16.9 641.0 901.0 67.5 68.5 232 232
good25_6 244.5 447.5 17.1 489.0 901.0 66.5 67.5 232 234
good26_1 248.5 448.5 16.9 782.0 901.0 64.5 70.5 233 233
good26_2 243.5 448.5 18.5 790.0 1009.0 66.5 70.5 232 234
good26_3 245.5 450.5 17.4 349.0 901.0 64.5 71.5 231 233
good26_4 245.5 444.5 16.3 608.0 797.0 65.5 66.5 231 234
good26_5 239.5 435.5 17.1 729.0 901.0 69.5 60.5 232 230
good26_6 244.5 444.5 17.4 574.0 901.0 65.5 67.5 232 235
good27_1 240.5 449.5 16.6 786.0 901.0 68.5 68.5 230 233
good27_2 241.5 448.5 17.9 874.0 1009.0 68.5 66.5 232 232
good27_3 240.5 449.5 16.8 1109.0 901.0 67.5 67.5 231 231
good27_4 243.5 451.5 15.8 389.0 797.0 66.5 69.5 232 231
good27_5 244.5 451.5 16.0 375.0 797.0 63.5 70.5 230 233
good27_6 243.5 452.5 17.4 390.0 901.0 67.5 70.5 231 233
good28_1 243.5 452.5 17.7 723.0 1009.0 65.5 70.5 231 231
good28_2 244.5 449.5 17.2 370.0 901.0 65.5 68.5 230 233
good28_3 241.5 451.5 17.4 659.0 901.0 67.5 69.5 231 233
good28_4 244.5 446.5 16.9 473.0 901.0 65.5 66.5 231 234
good28_5 243.5 448.5 16.8 1050.0 901.0 66.5 67.5 232 233
good28_6 245.5 449.5 17.7 1010.0 1009.0 64.5 67.5 232 231
good29_1 243.5 450.5 17.2 464.0 901.0 67.5 68.5 231 232
good29_2 239.5 445.5 17.9 870.0 1009.0 68.5 63.5 231 231
good29_3 241.5 446.5 17.4 831.0 901.0 66.5 65.5 230 232
good29_4 243.5 451.5 17.7 801.0 1009.0 66.5 69.5 232 232
good29_5 242.5 451.5 16.6 352.0 901.0 65.5 69.5 230 231
good29_6 243.5 450.5 17.2 496.0 901.0 64.5 69.5 230 233
good30_1 243.5 447.5 17.2 651.0 901.0 66.5 66.5 232 233
good30_2 245.5 445.5 17.7 867.0 1009.0 65.5 65.5 232 233
good30_3 244.5 446.5 16.3 171.0 797.0 65.5 67.5 232 234
good30_4 242.5 449.5 17.9 891.0 1009.0 67.5 68.5 232 232
good30_5 246.5 449.5 17.4 287.0 901.0 64.5 68.5 233 232
good30_6 243.5 450.5 17.2 210.0 901.0 65.5 70.5 232 233
good31_1 245.5 448.5 17.2 441.0 901.0 63.5 69.5 231 234
good31_2 245.5 449.5 17.2 447.0 901.0 64.5 68.5 233 232
good31_3 243.5 449.5 17.7 663.0 1009.0 67.5 69.5 233 232
good31_4 245.5 446.5 17.0 503.0 901.0 64.5 65.5 232 232
good31_5 244.5 446.5 16.6 368.0 901.0 64.5 67.5 231 234
good31_6 242.5 445.5 16.3 185.0 797.0 65.5 65.5 231 232
good32_1 244.5 450.5 18.3 695.0 1009.0 65.5 70.5 232 232
good32_2 245.5 449.5 17.4 450.0 901.0 65.5 70.5 232 235
good32_3 241.5 448.5 17.2 583.0 901.0 66.5 68.5 232 232
good32_4 243.5 444.5 17.2 650.0 901.0 66.5 65.5 232 234
good32_5 242.5 450.5 17.2 584.0 901.0 67.5 70.5 232 234
good32_6 247.5 447.5 17.4 502.0 901.0 63.5 67.5 232 232
good33_1 244.5 450.5 17.4 457.0 901.0 65.5 69.5 232 231
good33_2 245.5 450.5 17.2 410.0 901.0 63.5 71.5 230 234
good33_3 244.5 450.5 18.0 1426.0 1009.0 66.5 70.5 232 233
good33_4 242.5 446.5 18.5 1032.0 1009.0 67.5 67.5 231 234
good33_5 245.5 446.5 17.4 1301.0 901.0 66.5 66.5 231 234
good33_6 245.5 447.5 17.4 478.0 901.0 64.5 67.5 232 232
good34_1 246.5 450.5 17.4 433.0 901.0 64.5 72.5 231 236
good34_2 245.5 451.5 18.0 765.0 1009.0 65.5 70.5 233 233
good34_3 244.5 451.5 17.7 882.0 1009.0 67.5 71.5 234 233
good34_4 244.5 446.5 16.6 469.0 901.0 65.5 66.5 232 232
good34_5 245.5 448.5 17.2 332.0 901.0 64.5 69.5 231 234
good34_6 243.5 446.5 17.2 498.0 901.0 66.5 66.5 233 234
good35_1 244.5 447.5 18.0 988.0 1009.0 66.5 67.5 230 234
good35_2 244.5 448.5 17.2 892.0 901.0 64.5 67.5 231 233
good35_3 245.5 446.5 16.8 879.0 901.0 66.5 66.5 233 232
good35_4 246.5 450.5 17.1 602.0 901.0 65.5 69.5 232 231
good35_5 245.5 449.5 17.2 391.0 901.0 64.5 70.5 231 235
good35_6 244.5 451.5 17.7 1252.0 1009.0 64.5 70.5 231 232
good36_1 243.5 452.5 17.9 722.0 1009.0 66.5 71.5 231 233
good36_2 247.5 450.5 17.7 747.0 1009.0 64.5 70.5 233 233
good36_3 242.5 448.5 18.1 866.0 1009.0 67.5 70.5 231 235
good36_4 241.5 448.5 17.7 887.0 1009.0 67.5 68.5 231 233
good36_5 242.5 447.5 16.3 277.0 797.0 68.5 67.5 233 232
good36_6 244.5 445.5 17.4 507.0 901.0 65.5 66.5 231 234
good37_1 244.5 444.5 17.2 782.0 901.0 66.5 65.5 233 233
good37_2 243.5 442.5 17.2 978.0 901.0 67.5 63.5 233 232
good37_3 245.5 446.5 17.9 790.0 1009.0 64.5 68.5 231 234
good37_4 243.5 449.5 18.5 670.0 1009.0 66.5 70.5 232 233
good37_5 244.5 448.5 16.6 435.0 901.0 67.5 70.5 235 233
good37_6 245.5 447.5 17.7 857.0 1009.0 64.5 69.5 232 234
good38_1 239.5 451.5 17.2 325.0 901.0 68.5 70.5 231 233
good38_2 242.5 451.5 17.2 470.0 901.0 67.5 70.5 233 231
good38_3 244.5 450.5 18.6 1422.0 1129.0 65.5 70.5 231 234
good38_4 241.5 450.5 17.2 607.0 901.0 69.5 69.5 233 233
good38_5 245.5 447.5 16.8 536.0 901.0 65.5 66.5 233 231
good38_6 244.5 446.5 17.2 445.0 901.0 63.5 66.5 231 234
good39_1 244.5 448.5 18.5 1007.0 1009.0 65.5 68.5 232 233
good39_2 243.5 449.5 17.2 388.0 901.0 68.5 68.5 234 232
good39_3 244.5 446.5 16.3 386.0 797.0 65.5 67.5 231 234
good39_4 242.5 450.5 17.1 944.0 901.0 67.5 70.5 232 233
good39_5 245.5 451.5 17.2 412.0 901.0 65.5 71.5 233 232
good39_6 243.5 450.5 18.5 655.0 1009.0 65.5 71.5 231 234
good40_1 243.5 450.5 17.7 760.0 1009.0 66.5 71.5 232 234
good40_2 244.5 450.5 18.2 823.0 1009.0 65.5 69.5 232 233
good40_3 243.5 448.5 16.8 787.0 901.0 66.5 68.5 233 231
good40_4 247.5 445.5 17.2 589.0 901.0 62.5 65.5 232 232
good40_5 244.5 446.5 16.1 505.0 797.0 65.5 67.5 232 235
good40_6 244.5 447.5 16.1 169.0 797.0 64.5 67.5 231 234
good41_1 241.5 451.5 17.2 438.0 901.0 67.5 69.5 232 231
good41_2 242.5 448.5 18.0 823.0 1009.0 66.5 66.5 232 231
good41_3 242.5 447.5 17.0 576.0 901.0 65.5 66.5 230 233
good41_4 240.5 454.5 17.7 719.0 1009.0 67.5 72.5 231 233
good41_5 242.5 451.5 17.7 856.0 1009.0 67.5 69.5 232 231
good41_6 243.5 450.5 16.6 413.0 901.0 65.5 69.5 231 233
good42_1 242.5 449.5 18.1 1148.0 1009.0 66.5 68.5 231 232
good42_2 241.5 450.5 17.9 771.0 1009.0 68.5 68.5 231 233
good42_3 239.5 447.5 18.1 776.0 1009.0 70.5 65.5 232 231
good42_4 243.5 446.5 17.4 565.0 901.0 70.5 65.5 233 232
good42_5 244.5 450.5 17.4 586.0 901.0 65.5 69.5 231 233
good42_6 241.5 449.5 16.9 303.0 901.0 68.5 67.5 232 232
good43_1 243.5 450.5 17.4 312.0 901.0 66.5 71.5 231 234
good43_2 242.5 451.5 17.9 709.0 1009.0 67.5 71.5 232 234
good43_3 245.5 452.5 17.4 300.0 901.0 65.5 71.5 233 232
good43_4 244.5 445.5 17.4 379.0 901.0 66.5 65.5 233 233
good43_5 245.5 447.5 17.2 668.0 901.0 63.5 68.5 231 235
good43_6 243.5 448.5 15.9 123.0 797.0 65.5 67.5 231 233
good44_1 241.5 447.5 17.2 426.0 901.0 67.5 66.5 232 232
good44_2 240.5 448.5 18.1 730.0 1009.0 66.5 69.5 229 236
good44_3 240.5 447.5 18.2 941.0 1009.0 68.5 65.5 231 232
good44_4 242.5 450.5 17.9 920.0 1009.0 66.5 69.5 231 232
good44_5 243.5 452.5 16.0 166.0 797.0 65.5 70.5 231 232
good44_6 245.5 449.5 18.2 713.0 1009.0 64.5 68.5 232 231
good45_1 244.5 449.5 17.4 382.0 901.0 66.5 68.5 233 234
good45_2 245.5 449.5 17.4 457.0 901.0 64.5 68.5 232 231
good45_3 242.5 448.5 18.1 920.0 1009.0 65.5 69.5 230 234
good45_4 243.5 447.5 17.2 342.0 901.0 65.5 66.5 231 233
good45_5 245.5 448.5 17.2 459.0 901.0 63.5 67.5 232 232
good45_6 244.5 445.5 17.2 597.0 901.0 65.5 67.5 231 236
good46_1 246.5 444.5 17.2 932.0 901.0 63.5 63.5 230 233
good46_2 240.5 449.5 17.2 415.0 901.0 67.5 67.5 231 233
good46_3 244.5 445.5 18.1 1091.0 1009.0 66.5 63.5 233 231
good46_4 243.5 453.5 17.4 600.0 901.0 66.5 73.5 232 233
good46_5 242.5 452.5 17.4 949.0 901.0 67.5 71.5 231 234
good46_6 243.5 451.5 16.6 614.0 901.0 65.5 69.5 231 232
good47_1 242.5 451.5 17.2 316.0 901.0 66.5 69.5 232 233
good47_2 241.5 446.5 17.2 538.0 901.0 66.5 65.5 230 233
good47_3 240.5 450.5 18.1 900.0 1009.0 69.5 68.5 231 232
good47_4 241.5 450.5 17.9 758.0 1009.0 66.5 69.5 230 233
good47_5 242.5 453.5 17.4 326.0 901.0 66.5 71.5 232 234
good47_6 242.5 450.5 17.7 854.0 1009.0 65.5 68.5 231 232
good48_1 241.5 448.5 16.1 309.0 797.0 67.5 67.5 230 233
good48_2 244.5 449.5 17.2 1139.0 901.0 68.5 67.5 231 233
good48_3 241.5 450.5 18.0 920.0 1009.0 67.5 68.5 232 232
good48_4 242.5 451.5 16.9 510.0 901.0 66.5 69.5 232 230
good48_5 243.5 453.5 17.4 757.0 901.0 66.5 72.5 232 233
good48_6 243.5 454.5 17.4 459.0 901.0 66.5 71.5 232 232
good49_1 242.5 447.5 17.2 477.0 901.0 66.5 65.5 232 232
good49_2 244.5 447.5 16.6 987.0 901.0 67.5 66.5 232 233
good49_3 241.5 447.5 16.1 109.0 797.0 65.5 66.5 230 233
good49_4 240.5 452.5 17.4 396.0 901.0 68.5 70.5 233 233
good49_5 242.5 450.5 17.2 436.0 901.0 66.5 68.5 233 231
good49_6 240.5 450.5 17.4 720.0 901.0 67.5 69.5 231 233
good50_1 245.5 451.5 18.0 931.0 1009.0 64.5 70.5 233 232
good50_2 243.5 450.5 16.1 226.0 797.0 65.5 70.5 232 233
good50_3 241.5 449.5 17.9 768.0 1009.0 67.5 69.5 232 234
good50_4 244.5 444.5 17.2 699.0 901.0 64.5 64.5 231 233
good50_5 243.5 449.5 18.2 1032.0 1009.0 66.5 69.5 231 234
good50_6 241.5 447.5 15.8 314.0 797.0 68.5 67.5 233 233
good51_1 242.5 447.5 16.9 549.0 901.0 66.5 65.5 232 232
good51_2 243.5 446.5 16.6 686.0 901.0 66.5 64.5 234 230
good51_3 244.5 447.5 16.3 308.0 797.0 65.5 67.5 231 234
good51_4 240.5 451.5 17.8 836.0 1009.0 68.5 69.5 232 233
good51_5 244.5 451.5 17.7 829.0 1009.0 65.5 69.5 233 229
good51_6 245.5 449.5 17.4 807.0 901.0 65.5 71.5 233 236
good52_1 241.5 453.5 17.4 390.0 901.0 67.5 70.5 232 231
good52_2 240.5 451.5 17.2 498.0 901.0 67.5 70.5 232 233
good52_3 242.5 452.5 16.6 507.0 901.0 68.5 70.5 232 232
good52_4 240.5 447.5 17.2 573.0 901.0 68.5 66.5 232 234
good52_5 240.5 450.5 17.2 671.0 901.0 67.5 68.5 231 232
good52_6 241.5 447.5 16.9 395.0 901.0 65.5 65.5 231 232
good53_1 244.5 444.5 18.8 1418.0 1129.0 64.5 65.5 231 233
good53_2 242.5 447.5 18.1 936.0 1009.0 66.5 66.5 231 232
good53_3 241.5 445.5 17.7 1037.0 1009.0 68.5 65.5 232 231
good53_4 243.5 450.5 17.8 780.0 1009.0 66.5 70.5 232 231
good53_5 242.5 451.5 18.1 730.0 1009.0 65.5 71.5 230 232
good53_6 239.5 449.5 18.0 747.0 1009.0 68.5 69.5 231 232
good54_1 243.5 450.5 17.7 1184.0 1009.0 66.5 70.5 232 234
good54_2 239.5 451.5 16.6 838.0 901.0 70.5 70.5 233 233
good54_3 243.5 448.5 18.0 821.0 1009.0 65.5 68.5 233 232
good54_4 243.5 448.5 16.9 879.0 901.0 66.5 67.5 232 229
good54_5 241.5 444.5 18.1 1134.0 1009.0 66.5 64.5 232 233
good54_6 242.5 449.5 16.9 980.0 901.0 66.5 69.5 232 234
good55_1 241.5 450.5 17.9 853.0 1009.0 66.5 69.5 230 233
good55_2 242.5 450.5 18.5 1516.0 1009.0 66.5 69.5 232 233
good55_3 244.5 449.5 17.7 1152.0 1009.0 65.5 68.5 233 231
good55_4 241.5 447.5 17.7 1035.0 1009.0 68.5 66.5 233 231
good55_5 243.5 444.5 17.8 1674.0 1009.0 65.5 63.5 231 232
good55_6 242.5 446.5 17.2 1397.0 901.0 67.5 65.5 232 232
good56_1 242.5 446.5 17.2 606.0 901.0 67.5 65.5 234 232
good56_2 242.5 446.5 16.3 206.0 797.0 66.5 66.5 232 233
good56_3 240.5 451.5 17.4 502.0 901.0 68.5 70.5 233 233
good56_4 245.5 449.5 16.8 492.0 901.0 64.5 69.5 232 234
good56_5 242.5 451.5 18.0 846.0 1009.0 67.5 70.5 233 233
good56_6 242.5 449.5 17.9 841.0 1009.0 67.5 68.5 234 232
good57_1 240.5 444.5 16.1 293.0 797.0 67.5 63.5 232 233
good57_2 238.5 453.5 17.4 545.0 901.0 71.5 71.5 233 233
good57_3 243.5 448.5 17.2 619.0 901.0 65.5 66.5 232 232
good57_4 241.5 452.5 17.7 773.0 1009.0 67.5 70.5 233 232
good57_5 241.5 449.5 17.4 470.0 901.0 66.5 68.5 231 233
good57_6 238.5 453.5 16.9 419.0 901.0 69.5 71.5 232 233
good58_1 241.5 445.5 17.7 937.0 1009.0 65.5 65.5 230 233
good58_2 245.5 443.5 16.6 1189.0 901.0 63.5 62.5 233 230
good58_3 242.5 447.5 18.1 868.0 1009.0 66.5 68.5 231 234
good58_4 241.5 452.5 17.9 910.0 1009.0 67.5 71.5 232 233
good58_5 245.5 449.5 17.4 605.0 901.0 64.5 69.5 232 231
good58_6 241.5 447.5 18.2 873.0 1009.0 65.5 67.5 230 233
good59_1 242.5 451.5 17.4 342.0 901.0 66.5 70.5 232 233
good59_2 239.5 450.5 18.3 1039.0 1009.0 69.5 69.5 232 233
good59_3 243.5 451.5 16.6 718.0 901.0 65.5 69.5 232 231
good59_4 243.5 447.5 17.4 692.0 901.0 66.5 66.5 232 231
good59_5 241.5 445.5 17.7 1196.0 1009.0 66.5 64.5 231 233
good59_6 239.5 449.5 17.2 410.0 901.0 69.5 67.5 232 233
good60_1 240.5 446.5 17.2 1010.0 901.0 68.5 65.5 232 232
good60_2 243.5 445.5 17.7 1240.0 1009.0 66.5 64.5 233 231
good60_3 243.5 448.5 17.2 769.0 901.0 65.5 68.5 231 233
good60_4 244.5 451.5 17.7 1290.0 1009.0 63.5 70.5 231 232
good60_5 242.5 450.5 17.4 749.0 901.0 67.5 69.5 233 230
good60_6 244.5 451.5 17.4 736.0 901.0 65.5 71.5 231 233
good61_1 244.5 444.5 17.2 537.0 901.0 64.5 65.5 232 234
good61_2 240.5 449.5 17.4 491.0 901.0 68.5 68.5 232 233
good61_3 242.5 446.5 18.0 1450.0 1009.0 67.5 65.5 232 232
good61_4 242.5 450.5 17.2 508.0 901.0 67.5 69.5 233 232
good61_5 242.5 448.5 16.9 635.0 901.0 65.5 68.5 231 233
good61_6 242.5 449.5 17.4 462.0 901.0 67.5 67.5 234 232
good62_1 241.5 449.5 18.0 705.0 1009.0 65.5 69.5 230 233
good62_2 243.5 449.5 17.4 728.0 901.0 66.5 69.5 231 233
good62_3 243.5 451.5 18.0 1027.0 1009.0 65.5 70.5 232 230
good62_4 240.5 445.5 17.9 874.0 1009.0 68.5 65.5 232 231
good62_5 242.5 445.5 16.9 591.0 901.0 66.5 65.5 231 233
good62_6 244.5 447.5 17.8 1100.0 1009.0 65.5 66.5 231 233
good63_1 243.5 449.5 17.8 709.0 1009.0 66.5 68.5 233 232
good63_2 241.5 450.5 17.2 382.0 901.0 67.5 69.5 232 233
good63_3 241.5 450.5 18.8 1369.0 1129.0 67.5 69.5 232 233
good63_4 242.5 447.5 17.4 602.0 901.0 67.5 66.5 233 233
good63_5 240.5 451.5 17.2 644.0 901.0 68.5 70.5 233 233
good63_6 241.5 446.5 17.2 580.0 901.0 66.5 64.5 234 231
good64_1 240.5 450.5 18.1 730.0 1009.0 66.5 70.5 231 235
good64_2 243.5 451.5 17.4 422.0 901.0 66.5 69.5 233 231
good64_3 243.5 450.5 17.4 413.0 901.0 66.5 68.5 234 231
good64_4 244.5 449.5 17.4 564.0 901.0 65.5 67.5 233 232
good64_5 245.5 447.5 17.3 462.0 901.0 64.5 67.5 231 233
good64_6 243.5 449.5 17.2 488.0 901.0 64.5 67.5 231 233
good65_1 241.5 450.5 17.4 1310.0 901.0 67.5 69.5 232 233
good65_2 242.5 450.5 17.2 672.0 901.0 66.5 68.5 232 231
good65_3 243.5 449.5 17.9 941.0 1009.0 64.5 68.5 231 233
good65_4 242.5 449.5 16.9 1275.0 901.0 65.5 68.5 231 234
good65_5 240.5 448.5 17.4 494.0 901.0 67.5 67.5 232 232
good65_6 239.5 449.5 16.8 632.0 901.0 68.5 68.5 231 233
good66_1 243.5 446.5 16.7 635.0 901.0 65.5 66.5 231 233
good66_2 239.5 453.5 17.4 442.0 901.0 69.5 71.5 232 232
good66_3 242.5 446.5 17.7 1115.0 1009.0 67.5 65.5 233 231
good66_4 243.5 452.5 17.2 321.0 901.0 67.5 70.5 233 231
good66_5 243.5 449.5 16.8 272.0 901.0 65.5 70.5 231 235
good66_6 239.5 450.5 17.4 630.0 901.0 69.5 69.5 232 233
good67_1 238.5 451.5 17.2 438.0 901.0 68.5 69.5 231 231
good67_2 241.5 451.5 17.2 368.0 901.0 65.5 69.5 232 231
good67_3 244.5 451.5 18.3 921.0 1009.0 65.5 69.5 231 233
good67_4 240.5 452.5 17.7 934.0 1009.0 66.5 70.5 230 232
good67_5 241.5 449.5 17.2 529.0 901.0 65.5 67.5 231 231
good67_6 238.5 447.5 18.3 817.0 1009.0 69.5 65.5 232 233
good68_1 240.5 453.5 16.1 392.0 797.0 67.5 71.5 231 232
good68_2 242.5 451.5 16.8 979.0 901.0 66.5 69.5 232 230
good68_3 242.5 451.5 18.0 876.0 1009.0 65.5 71.5 231 233
good68_4 237.5 448.5 17.7 1191.0 1009.0 71.5 66.5 231 232
good68_5 243.5 447.5 17.4 888.0 901.0 66.5 65.5 232 231
good68_6 237.5 446.5 17.2 934.0 901.0 69.5 66.5 230 234
good69_1 240.5 448.5 18.1 1088.0 1009.0 68.5 66.5 232 232
good69_2 241.5 445.5 17.9 757.0 1009.0 67.5 64.5 234 232
good69_3 239.5 446.5 17.9 960.0 1009.0 69.5 64.5 230 232
good69_4 243.5 448.5 18.8 1290.0 1129.0 65.5 67.5 232 233
good69_5 243.5 449.5 18.5 925.0 1009.0 65.5 67.5 232 231
good69_6 243.5 448.5 18.1 677.0 1009.0 64.5 66.5 230 232
good70_1 242.5 447.5 17.2 505.0 901.0 67.5 66.5 233 233
good70_2 241.5 448.5 16.6 353.0 901.0 66.5 67.5 232 233
good70_3 241.5 446.5 17.1 655.0 901.0 66.5 65.5 232 231
good70_4 241.5 451.5 17.4 254.0 901.0 66.5 70.5 233 230
good70_5 244.5 450.5 18.1 778.0 1009.0 63.5 69.5 231 233
good70_6 242.5 449.5 17.9 709.0 1009.0 65.5 68.5 231 232
