good1_1 243.5 448.5 18.0 134.0 64.5 69.5 231 149
good1_2 243.5 450.5 18.8 212.0 67.5 70.5 233 234
good1_3 247.5 450.5 18.0 113.0 63.5 70.5 232 234
good1_4 244.5 446.5 16.6 90.0 65.5 66.5 232 234
good1_5 246.5 445.5 17.2 60.0 65.5 68.5 232 235
good1_6 243.5 450.5 18.1 109.0 66.5 71.5 232 235
good2_1 243.5 449.5 18.1 124.0 66.5 68.5 231 233
good2_2 241.5 447.5 17.2 36.0 68.5 66.5 231 234
good2_3 242.5 448.5 18.8 205.0 66.5 66.5 231 232
good2_4 242.5 450.5 17.9 147.0 67.5 69.5 232 232
good2_5 243.5 448.5 18.8 237.0 65.5 67.5 230 233
good2_6 245.5 452.5 18.8 194.0 65.5 71.5 231 233
good3_1 243.5 449.5 18.0 123.0 66.5 68.5 232 234
good3_2 246.5 445.5 17.4 38.0 65.5 65.5 234 211
good3_3 244.5 447.5 16.8 52.0 66.5 68.5 232 169
good3_4 241.5 452.5 18.1 77.0 68.5 72.5 232 235
good3_5 243.5 451.5 17.4 26.0 66.5 70.5 233 233
good3_6 244.5 448.5 17.7 149.0 65.5 68.5 231 235
good4_1 242.5 450.5 18.2 145.0 65.5 69.5 231 233
good4_2 243.5 452.5 17.7 106.0 66.5 72.5 231 235
good4_3 244.5 450.5 18.3 130.0 66.5 70.5 232 235
good4_4 241.5 447.5 17.8 125.0 66.5 67.5 230 236
good4_5 243.5 452.5 17.2 62.0 66.5 71.5 231 234
good4_6 241.5 445.5 18.3 130.0 67.5 64.5 231 233
good5_1 243.5 450.5 16.9 18.0 65.5 72.5 231 236
good5_2 247.5 450.5 17.7 158.0 65.5 69.5 232 234
good5_3 244.5 449.5 18.1 158.0 66.5 69.5 232 234
good5_4 246.5 446.5 17.4 87.0 65.5 65.5 233 233
good5_5 243.5 447.5 16.6 49.0 65.5 69.5 231 237
good5_6 241.5 447.5 17.4 76.0 68.5 68.5 232 236
good6_1 245.5 448.5 18.0 127.0 64.5 67.5 232 232
good6_2 242.5 446.5 17.4 76.0 66.5 66.5 232 235
good6_3 239.5 453.5 17.7 120.0 69.5 72.5 232 233
good6_4 244.5 449.5 17.9 97.0 65.5 70.5 231 236
good6_5 241.5 451.5 17.9 101.0 68.5 70.5 232 234
good6_6 247.5 450.5 18.1 119.0 64.5 70.5 232 234
good7_1 240.5 452.5 17.9 117.0 68.5 72.5 231 235
good7_2 245.5 450.5 17.4 62.0 64.5 70.5 231 234
good7_3 244.5 449.5 18.2 122.0 65.5 68.5 231 234
good7_4 240.5 450.5 18.1 165.0 68.5 69.5 232 233
good7_5 245.5 445.5 17.7 128.0 65.5 64.5 231 232
good7_6 245.5 447.5 17.7 157.0 64.5 66.5 232 233
good8_1 242.5 452.5 18.0 113.0 66.5 71.5 232 234
good8_2 243.5 452.5 18.5 88.0 65.5 71.5 232 233
good8_3 246.5 452.5 18.0 91.0 65.5 73.5 231 215
good8_4 242.5 451.5 18.8 250.0 66.5 70.5 231 235
good8_5 244.5 446.5 17.4 74.0 66.5 65.5 233 212
good8_6 244.5 448.5 17.2 44.0 65.5 68.5 230 235
good9_1 248.5 451.5 18.0 99.0 64.5 69.5 231 233
good9_2 245.5 453.5 18.0 109.0 66.5 72.5 231 234
good9_3 244.5 450.5 17.7 125.0 65.5 69.5 231 234
good9_4 241.5 447.5 18.1 117.0 67.5 66.5 232 234
good9_5 243.5 448.5 17.2 102.0 66.5 67.5 232 234
good9_6 244.5 447.5 17.4 40.0 65.5 66.5 231 234
good10_1 248.5 447.5 18.0 114.0 63.5 66.5 232 233
good10_2 242.5 447.5 17.9 133.0 66.5 69.5 231 194
good10_3 243.5 449.5 17.7 130.0 67.5 68.5 232 235
good10_4 247.5 449.5 17.4 31.0 65.5 70.5 231 185
good10_5 244.5 450.5 18.1 109.0 65.5 48.5 232 118
good10_6 243.5 450.5 18.1 140.0 66.5 69.5 231 233
good11_1 240.5 448.5 17.2 84.0 68.5 67.5 231 234
good11_2 240.5 444.5 17.4 94.0 67.5 63.5 231 234
good11_3 243.5 445.5 17.7 113.0 68.5 64.5 231 146
good11_4 241.5 452.5 17.9 200.0 67.5 71.5 231 234
good11_5 247.5 453.5 19.1 226.0 64.5 72.5 231 234
good11_6 243.5 452.5 17.9 187.0 66.5 71.5 232 234
good12_1 244.5 445.5 17.9 138.0 65.5 66.5 231 235
good12_2 245.5 447.5 17.2 41.0 64.5 66.5 232 234
good12_3 244.5 447.5 17.7 154.0 65.5 67.5 232 233
good12_4 245.5 451.5 18.0 102.0 66.5 70.5 233 233
good12_5 245.5 449.5 17.2 61.0 64.5 69.5 231 235
good12_6 245.5 450.5 18.0 112.0 64.5 71.5 232 236
good13_1 243.5 451.5 18.2 102.0 66.5 56.5 232 129
good13_2 245.5 448.5 18.0 142.0 64.5 69.5 231 236
good13_3 242.5 451.5 17.2 44.0 67.5 52.5 232 126
good13_4 241.5 447.5 17.8 144.0 67.5 69.5 231 237
good13_5 242.5 452.5 17.9 165.0 68.5 73.5 232 236
good13_6 245.5 445.5 17.0 50.0 65.5 65.5 234 234
good14_1 242.5 447.5 17.2 55.0 67.5 66.5 233 193
good14_2 244.5 447.5 17.7 126.0 64.5 68.5 231 209
good14_3 240.5 448.5 17.9 166.0 67.5 69.5 231 236
good14_4 246.5 452.5 17.9 113.0 65.5 72.5 232 236
good14_5 242.5 452.5 17.2 42.0 66.5 56.5 231 128
good14_6 242.5 452.5 17.8 145.0 67.5 72.5 232 235
good15_1 244.5 446.5 17.9 177.0 66.5 66.5 232 235
good15_2 242.5 447.5 17.8 163.0 66.5 67.5 231 234
good15_3 241.5 450.5 17.4 77.0 68.5 70.5 232 235
good15_4 242.5 449.5 18.3 116.0 66.5 70.5 231 237
good15_5 241.5 452.5 18.8 210.0 67.5 72.5 231 236
good15_6 246.5 451.5 17.4 29.0 64.5 72.5 232 155
good16_1 243.5 447.5 18.1 117.0 65.5 68.5 233 237
good16_2 243.5 447.5 17.4 49.0 67.5 69.5 233 212
good16_3 241.5 453.5 17.2 38.0 67.5 62.5 232 135
good16_4 245.5 450.5 18.1 119.0 64.5 70.5 232 199
good16_5 238.5 451.5 19.3 208.0 70.5 71.5 232 235
good16_6 245.5 450.5 17.7 135.0 65.5 69.5 234 233
good17_1 243.5 449.5 18.5 165.0 67.5 69.5 232 234
good17_2 244.5 448.5 16.8 55.0 66.5 69.5 232 234
good17_3 240.5 445.5 19.6 348.0 67.5 66.5 230 235
good17_4 241.5 452.5 18.0 87.0 67.5 72.5 231 234
good17_5 245.5 450.5 17.4 63.0 65.5 70.5 232 234
good17_6 245.5 450.5 18.8 237.0 64.5 71.5 232 235
good18_1 242.5 449.5 17.4 48.0 65.5 68.5 230 233
good18_2 240.5 451.5 17.9 118.0 68.5 70.5 232 234
good18_3 243.5 452.5 18.0 99.0 66.5 70.5 232 232
good18_4 243.5 448.5 17.4 88.0 67.5 66.5 232 232
good18_5 241.5 447.5 17.7 145.0 67.5 66.5 231 234
good18_6 240.5 450.5 17.2 88.0 67.5 68.5 232 233
good19_1 243.5 447.5 17.2 57.0 66.5 68.5 232 193
good19_2 246.5 447.5 18.3 121.0 65.5 67.5 232 235
good19_3 244.5 446.5 17.7 157.0 65.5 47.5 232 114
good19_4 245.5 451.5 17.2 37.0 65.5 71.5 233 233
good19_5 241.5 449.5 18.5 110.0 67.5 69.5 231 234
good19_6 244.5 451.5 18.1 92.0 64.5 71.5 232 235
good20_1 244.5 449.5 17.7 104.0 64.5 68.5 231 234
good20_2 241.5 451.5 17.2 37.0 67.5 42.5 231 113
good20_3 243.5 450.5 17.4 88.0 65.5 69.5 232 205
good20_4 243.5 447.5 17.7 153.0 65.5 66.5 231 232
good20_5 241.5 448.5 18.1 127.0 67.5 67.5 231 233
good20_6 242.5 450.5 17.9 158.0 67.5 68.5 232 233
good21_1 241.5 447.5 17.2 68.0 68.5 67.5 231 234
good21_2 241.5 448.5 16.9 53.0 67.5 66.5 231 233
good21_3 244.5 447.5 17.7 122.0 65.5 66.5 232 232
good21_4 243.5 451.5 18.5 111.0 66.5 70.5 232 233
good21_5 244.5 448.5 18.2 121.0 64.5 68.5 230 234
good21_6 244.5 449.5 18.3 109.0 65.5 68.5 231 233
good22_1 241.5 451.5 17.2 49.0 68.5 72.5 232 235
good22_2 246.5 448.5 17.2 97.0 64.5 68.5 232 234
good22_3 245.5 447.5 17.4 71.0 63.5 68.5 230 234
good22_4 242.5 453.5 18.0 103.0 68.5 73.5 232 235
good22_5 245.5 449.5 17.4 28.0 65.5 69.5 233 232
good22_6 244.5 448.5 18.3 173.0 67.5 70.5 232 236
good23_1 245.5 452.5 17.7 127.0 65.5 74.5 233 193
good23_2 242.5 449.5 17.9 125.0 65.5 69.5 230 234
good23_3 240.5 451.5 18.1 131.0 69.5 70.5 232 234
good23_4 245.5 445.5 17.4 96.0 65.5 66.5 231 235
good23_5 243.5 450.5 17.1 81.0 66.5 48.5 232 118
good23_6 245.5 448.5 17.4 43.0 65.5 67.5 233 233
good24_1 240.5 449.5 17.2 65.0 67.5 67.5 231 233
good24_2 243.5 448.5 18.1 132.0 67.5 67.5 233 199
good24_3 243.5 447.5 18.5 107.0 65.5 67.5 231 235
good24_4 241.5 452.5 18.6 222.0 67.5 70.5 232 233
good24_5 244.5 450.5 17.4 70.0 65.5 69.5 232 233
good24_6 246.5 449.5 17.9 110.0 65.5 68.5 231 234
good25_1 245.5 450.5 17.7 137.0 66.5 69.5 232 234
good25_2 244.5 449.5 17.9 128.0 66.5 68.5 232 233
good25_3 245.5 449.5 18.5 166.0 64.5 68.5 230 234
good25_4 242.5 447.5 17.1 55.0 66.5 66.5 231 234
good25_5 241.5 446.5 17.7 199.0 68.5 65.5 232 232
good25_6 244.5 448.5 16.3 22.0 66.5 68.5 232 235
good26_1 249.5 449.5 18.2 171.0 63.5 71.5 233 234
good26_2 245.5 447.5 17.7 100.0 64.5 69.5 232 234
good26_3 246.5 450.5 18.8 230.0 63.5 71.5 231 233
good26_4 246.5 442.5 17.7 255.0 64.5 64.5 231 235
good26_5 240.5 435.5 17.2 75.0 68.5 62.5 233 236
good26_6 244.5 444.5 18.0 156.0 65.5 67.5 232 235
good27_1 241.5 451.5 17.2 125.0 67.5 70.5 231 234
good27_2 244.5 449.5 17.4 53.0 65.5 67.5 232 233
good27_3 237.5 449.5 18.0 302.0 70.5 67.5 231 232
good27_4 243.5 450.5 17.2 164.0 66.5 68.5 232 232
good27_5 242.5 451.5 17.1 134.0 65.5 70.5 230 234
good27_6 243.5 450.5 18.0 157.0 67.5 68.5 231 233
good28_1 243.5 452.5 18.1 112.0 65.5 70.5 231 231
good28_2 242.5 450.5 18.0 156.0 67.5 69.5 231 233
good28_3 243.5 450.5 17.4 132.0 65.5 68.5 231 233
good28_4 244.5 445.5 17.4 59.0 65.5 65.5 231 178
good28_5 244.5 450.5 17.4 165.0 65.5 69.5 232 234
good28_6 246.5 448.5 17.9 162.0 63.5 66.5 232 232
good29_1 241.5 448.5 18.5 163.0 69.5 67.5 231 233
good29_2 240.5 445.5 17.8 128.0 67.5 63.5 231 231
good29_3 240.5 448.5 18.2 184.0 67.5 67.5 230 233
good29_4 243.5 451.5 17.7 127.0 66.5 69.5 232 232
good29_5 241.5 452.5 18.0 127.0 66.5 70.5 230 231
good29_6 242.5 450.5 17.4 69.0 65.5 69.5 230 233
good30_1 243.5 447.5 17.2 97.0 66.5 66.5 232 233
good30_2 245.5 446.5 18.1 113.0 65.5 66.5 232 233
good30_3 243.5 446.5 17.4 55.0 66.5 66.5 232 234
good30_4 242.5 450.5 17.9 140.0 67.5 69.5 232 199
good30_5 244.5 450.5 17.9 119.0 66.5 69.5 233 233
good30_6 243.5 449.5 18.6 220.0 65.5 69.5 232 198
good31_1 245.5 448.5 18.0 129.0 63.5 69.5 231 235
good31_2 245.5 450.5 18.1 121.0 64.5 69.5 232 233
good31_3 244.5 448.5 18.5 141.0 65.5 68.5 232 233
good31_4 243.5 446.5 18.0 131.0 66.5 65.5 232 233
good31_5 243.5 446.5 17.2 47.0 65.5 67.5 231 234
good31_6 241.5 444.5 17.9 142.0 66.5 64.5 231 233
good32_1 243.5 450.5 18.1 109.0 66.5 70.5 232 145
good32_2 244.5 451.5 17.4 57.0 66.5 72.5 232 236
good32_3 241.5 450.5 18.0 109.0 66.5 70.5 232 233
good32_4 243.5 446.5 18.3 141.0 66.5 67.5 232 235
good32_5 242.5 451.5 18.0 141.0 67.5 70.5 232 233
good32_6 248.5 447.5 17.4 43.0 62.5 67.5 232 233
good33_1 244.5 449.5 18.0 152.0 65.5 68.5 232 231
good33_2 245.5 450.5 17.7 136.0 63.5 71.5 230 234
good33_3 244.5 449.5 19.1 351.0 65.5 69.5 231 234
good33_4 242.5 444.5 18.1 217.0 67.5 65.5 231 234
good33_5 245.5 447.5 16.8 169.0 66.5 67.5 231 234
good33_6 243.5 448.5 17.2 29.0 66.5 68.5 232 232
good34_1 246.5 450.5 18.1 129.0 64.5 72.5 231 236
good34_2 246.5 449.5 17.2 68.0 64.5 68.5 233 234
good34_3 246.5 449.5 17.9 121.0 65.5 68.5 234 233
good34_4 243.5 446.5 16.9 67.0 66.5 66.5 232 234
good34_5 245.5 445.5 17.4 75.0 64.5 66.5 231 235
good34_6 245.5 446.5 18.1 156.0 64.5 66.5 233 235
good35_1 245.5 448.5 18.1 152.0 65.5 68.5 230 234
good35_2 243.5 449.5 17.7 238.0 65.5 68.5 231 233
good35_3 244.5 445.5 17.8 187.0 67.5 65.5 233 233
good35_4 245.5 450.5 18.0 152.0 66.5 70.5 232 233
good35_5 245.5 449.5 18.0 113.0 64.5 70.5 231 235
good35_6 243.5 449.5 17.4 136.0 65.5 68.5 231 232
good36_1 241.5 451.5 17.4 13.0 68.5 70.5 231 233
good36_2 247.5 450.5 18.1 112.0 64.5 69.5 233 233
good36_3 244.5 450.5 17.7 108.0 65.5 71.5 231 234
good36_4 241.5 449.5 19.1 230.0 67.5 68.5 232 233
good36_5 242.5 446.5 17.9 193.0 68.5 66.5 233 232
good36_6 243.5 445.5 17.9 142.0 66.5 66.5 231 234
good37_1 247.5 445.5 19.1 300.0 63.5 66.5 233 235
good37_2 245.5 442.5 17.7 206.0 65.5 63.5 233 233
good37_3 246.5 446.5 17.4 58.0 63.5 68.5 231 235
good37_4 244.5 447.5 18.8 225.0 65.5 68.5 232 234
good37_5 245.5 447.5 18.0 113.0 66.5 69.5 235 197
good37_6 245.5 447.5 18.0 135.0 64.5 69.5 232 234
good38_1 241.5 450.5 17.4 104.0 66.5 69.5 231 233
good38_2 242.5 450.5 17.9 138.0 67.5 69.5 233 232
good38_3 243.5 450.5 17.7 131.0 66.5 70.5 231 234
good38_4 243.5 449.5 17.8 160.0 67.5 68.5 233 233
good38_5 246.5 447.5 17.2 79.0 64.5 66.5 233 232
good38_6 244.5 447.5 17.2 25.0 63.5 67.5 231 234
good39_1 243.5 449.5 17.7 164.0 66.5 69.5 232 233
good39_2 244.5 447.5 17.7 118.0 67.5 66.5 234 232
good39_3 244.5 444.5 18.0 230.0 65.5 66.5 231 235
good39_4 241.5 451.5 17.4 133.0 68.5 71.5 232 234
good39_5 244.5 451.5 16.9 49.0 66.5 70.5 233 232
good39_6 242.5 450.5 17.7 138.0 66.5 71.5 231 235
good40_1 244.5 450.5 17.9 106.0 65.5 71.5 232 235
good40_2 241.5 450.5 18.8 236.0 68.5 69.5 232 233
good40_3 244.5 448.5 18.1 191.0 65.5 68.5 233 233
good40_4 247.5 445.5 17.7 142.0 62.5 65.5 232 233
good40_5 244.5 447.5 17.2 156.0 65.5 68.5 232 176
good40_6 243.5 446.5 17.2 67.0 65.5 66.5 231 235
good41_1 239.5 453.5 17.2 57.0 69.5 71.5 232 233
good41_2 242.5 449.5 18.1 132.0 66.5 67.5 232 232
good41_3 244.5 446.5 17.9 148.0 63.5 65.5 230 233
good41_4 240.5 453.5 17.9 108.0 67.5 71.5 231 233
good41_5 242.5 452.5 18.1 145.0 67.5 70.5 232 232
good41_6 244.5 450.5 18.0 129.0 64.5 69.5 231 234
good42_1 243.5 447.5 19.4 287.0 65.5 66.5 231 233
good42_2 242.5 448.5 19.4 266.0 67.5 66.5 231 233
good42_3 239.5 448.5 18.0 132.0 70.5 66.5 232 232
good42_4 245.5 445.5 17.7 162.0 68.5 64.5 233 232
good42_5 244.5 452.5 18.5 109.0 65.5 71.5 231 234
good42_6 242.5 451.5 17.2 58.0 67.5 69.5 232 232
good43_1 245.5 450.5 18.1 114.0 63.5 71.5 231 235
good43_2 244.5 451.5 17.4 14.0 65.5 71.5 232 235
good43_3 244.5 450.5 17.9 162.0 66.5 69.5 233 233
good43_4 245.5 446.5 17.2 55.0 65.5 66.5 233 233
good43_5 245.5 445.5 17.2 83.0 63.5 66.5 231 235
good43_6 243.5 447.5 18.1 129.0 66.5 66.5 232 233
good44_1 241.5 448.5 18.8 242.0 67.5 67.5 232 232
good44_2 241.5 445.5 18.5 156.0 66.5 65.5 230 197
good44_3 242.5 448.5 18.8 229.0 67.5 66.5 232 232
good44_4 243.5 449.5 18.5 141.0 64.5 68.5 230 233
good44_5 242.5 451.5 17.4 116.0 66.5 69.5 231 233
good44_6 244.5 448.5 18.8 237.0 65.5 67.5 232 232
good45_1 243.5 450.5 18.1 109.0 67.5 69.5 233 195
good45_2 242.5 450.5 18.3 151.0 67.5 69.5 232 232
good45_3 242.5 449.5 18.5 125.0 65.5 70.5 230 164
good45_4 243.5 448.5 17.2 39.0 65.5 67.5 231 233
good45_5 245.5 448.5 17.2 67.0 63.5 67.5 232 232
good45_6 246.5 444.5 17.9 170.0 63.5 65.5 231 235
good46_1 246.5 445.5 17.2 119.0 63.5 64.5 230 233
good46_2 239.5 448.5 17.7 120.0 69.5 66.5 232 233
good46_3 242.5 445.5 17.7 188.0 67.5 63.5 232 232
good46_4 244.5 452.5 16.9 83.0 65.5 71.5 232 233
good46_5 244.5 450.5 17.7 246.0 64.5 69.5 230 234
good46_6 241.5 453.5 17.7 175.0 67.5 71.5 231 233
good47_1 241.5 450.5 18.6 238.0 67.5 68.5 232 233
good47_2 241.5 446.5 17.7 158.0 66.5 65.5 230 234
good47_3 241.5 451.5 17.4 92.0 68.5 69.5 231 233
good47_4 243.5 450.5 18.1 131.0 64.5 69.5 230 234
good47_5 242.5 453.5 18.3 130.0 66.5 71.5 232 234
good47_6 241.5 452.5 18.0 103.0 66.5 70.5 231 232
good48_1 241.5 447.5 17.2 88.0 67.5 66.5 230 234
good48_2 244.5 450.5 17.4 187.0 68.5 68.5 231 233
good48_3 241.5 449.5 17.4 81.0 67.5 67.5 232 232
good48_4 242.5 453.5 18.1 145.0 66.5 71.5 232 232
good48_5 242.5 455.5 18.5 241.0 67.5 74.5 232 234
good48_6 243.5 453.5 17.2 71.0 66.5 70.5 232 233
good49_1 240.5 447.5 17.9 159.0 68.5 65.5 232 233
good49_2 246.5 449.5 17.2 137.0 65.5 68.5 232 207
good49_3 242.5 448.5 17.4 43.0 64.5 67.5 230 234
good49_4 241.5 450.5 17.7 155.0 66.5 68.5 232 233
good49_5 241.5 450.5 17.7 116.0 67.5 68.5 233 232
good49_6 241.5 449.5 17.7 146.0 66.5 68.5 231 234
good50_1 244.5 449.5 17.7 137.0 65.5 68.5 233 233
good50_2 243.5 451.5 18.0 201.0 65.5 71.5 232 235
good50_3 240.5 450.5 17.7 126.0 68.5 70.5 232 235
good50_4 243.5 443.5 18.8 255.0 65.5 63.5 231 234
good50_5 242.5 450.5 17.4 105.0 67.5 70.5 231 234
good50_6 241.5 448.5 17.7 196.0 68.5 67.5 233 233
good51_1 242.5 447.5 17.1 80.0 65.5 65.5 231 233
good51_2 242.5 447.5 18.5 130.0 66.5 65.5 233 232
good51_3 244.5 446.5 16.9 105.0 65.5 65.5 232 234
good51_4 242.5 452.5 18.0 94.0 66.5 70.5 232 233
good51_5 243.5 452.5 18.1 132.0 66.5 71.5 233 233
good51_6 245.5 451.5 17.4 114.0 65.5 73.5 232 174
good52_1 242.5 452.5 18.8 259.0 66.5 69.5 232 232
good52_2 242.5 449.5 17.4 41.0 65.5 68.5 232 234
good52_3 244.5 452.5 17.2 62.0 66.5 70.5 232 233
good52_4 242.5 446.5 17.7 168.0 66.5 64.5 232 233
good52_5 240.5 450.5 17.4 91.0 67.5 68.5 231 234
good52_6 241.5 448.5 16.3 11.0 65.5 66.5 232 233
good53_1 242.5 443.5 18.3 147.0 66.5 64.5 231 235
good53_2 243.5 445.5 17.7 140.0 65.5 64.5 232 233
good53_3 242.5 445.5 17.7 164.0 67.5 65.5 232 232
good53_4 245.5 449.5 18.0 123.0 64.5 69.5 232 233
good53_5 243.5 448.5 18.1 144.0 64.5 68.5 230 233
good53_6 241.5 451.5 18.0 128.0 66.5 71.5 231 233
good54_1 242.5 449.5 18.0 217.0 67.5 69.5 232 235
good54_2 240.5 450.5 17.4 158.0 69.5 69.5 233 234
good54_3 242.5 448.5 18.0 132.0 67.5 67.5 234 232
good54_4 242.5 446.5 18.0 272.0 67.5 65.5 232 233
good54_5 240.5 445.5 17.4 84.0 67.5 65.5 232 235
good54_6 241.5 448.5 18.8 366.0 67.5 67.5 232 233
good55_1 242.5 450.5 17.9 131.0 65.5 69.5 230 234
good55_2 242.5 450.5 18.8 365.0 66.5 69.5 232 234
good55_3 243.5 449.5 18.5 203.0 66.5 68.5 233 233
good55_4 241.5 446.5 18.2 174.0 68.5 65.5 233 233
good55_5 241.5 444.5 17.4 214.0 67.5 63.5 231 233
good55_6 241.5 445.5 18.1 301.0 68.5 64.5 232 234
good56_1 243.5 446.5 16.6 53.0 66.5 65.5 234 233
good56_2 243.5 445.5 17.7 131.0 64.5 65.5 231 235
good56_3 241.5 451.5 17.2 61.0 67.5 70.5 233 234
good56_4 244.5 448.5 17.4 83.0 65.5 68.5 232 235
good56_5 239.5 451.5 18.8 241.0 69.5 70.5 232 234
good56_6 243.5 451.5 18.0 119.0 66.5 70.5 234 234
good57_1 241.5 443.5 17.4 70.0 66.5 62.5 232 233
good57_2 239.5 452.5 16.9 75.0 70.5 70.5 233 234
good57_3 243.5 448.5 17.4 89.0 65.5 66.5 232 232
good57_4 243.5 450.5 18.5 150.0 65.5 68.5 233 233
good57_5 241.5 449.5 17.7 130.0 66.5 68.5 231 234
good57_6 238.5 454.5 17.9 129.0 69.5 72.5 232 233
good58_1 241.5 445.5 18.0 146.0 65.5 65.5 230 233
good58_2 243.5 446.5 18.8 268.0 66.5 65.5 234 233
good58_3 242.5 446.5 17.1 85.0 66.5 67.5 231 235
good58_4 243.5 451.5 18.5 154.0 65.5 69.5 232 233
good58_5 244.5 449.5 19.1 230.0 65.5 69.5 233 234
good58_6 241.5 448.5 18.1 141.0 65.5 68.5 230 234
good59_1 240.5 450.5 18.0 165.0 68.5 69.5 232 234
good59_2 239.5 451.5 17.7 128.0 69.5 70.5 232 234
good59_3 243.5 450.5 17.4 157.0 65.5 68.5 232 231
good59_4 242.5 448.5 18.2 157.0 67.5 67.5 232 234
good59_5 240.5 447.5 16.6 114.0 67.5 66.5 231 233
good59_6 238.5 450.5 17.2 68.0 70.5 68.5 232 233
good60_1 240.5 448.5 18.1 247.0 68.5 67.5 232 233
good60_2 243.5 446.5 18.8 297.0 66.5 65.5 233 231
good60_3 241.5 446.5 17.4 124.0 67.5 66.5 231 234
good60_4 243.5 449.5 18.0 225.0 64.5 68.5 231 233
good60_5 243.5 449.5 18.8 261.0 66.5 68.5 233 231
good60_6 245.5 450.5 17.7 181.0 64.5 70.5 231 234
good61_1 242.5 445.5 17.4 77.0 66.5 65.5 232 234
good61_2 242.5 448.5 17.4 86.0 66.5 67.5 232 233
good61_3 245.5 447.5 17.2 150.0 64.5 65.5 232 233
good61_4 242.5 450.5 17.7 142.0 67.5 69.5 233 232
good61_5 242.5 450.5 18.0 141.0 65.5 70.5 231 234
good61_6 242.5 452.5 18.1 104.0 66.5 70.5 232 233
good62_1 242.5 449.5 19.1 212.0 64.5 69.5 230 234
good62_2 243.5 450.5 19.1 277.0 66.5 70.5 231 234
good62_3 242.5 449.5 18.0 210.0 66.5 68.5 232 232
good62_4 241.5 445.5 17.9 121.0 67.5 65.5 232 233
good62_5 243.5 443.5 17.9 162.0 65.5 63.5 231 234
good62_6 245.5 449.5 18.5 190.0 64.5 68.5 231 234
good63_1 244.5 450.5 18.0 111.0 65.5 69.5 233 233
good63_2 242.5 449.5 17.4 46.0 67.5 69.5 233 203
good63_3 242.5 451.5 18.5 108.0 66.5 70.5 232 234
good63_4 244.5 447.5 17.4 57.0 65.5 66.5 233 234
good63_5 243.5 452.5 18.0 150.0 65.5 71.5 233 234
good63_6 242.5 446.5 17.2 84.0 65.5 65.5 233 233
good64_1 240.5 449.5 17.1 37.0 66.5 68.5 232 234
good64_2 241.5 450.5 18.2 148.0 68.5 68.5 233 233
good64_3 242.5 452.5 18.3 93.0 67.5 70.5 234 232
good64_4 244.5 448.5 18.5 138.0 65.5 66.5 233 232
good64_5 244.5 445.5 17.4 56.0 66.5 65.5 232 235
good64_6 244.5 447.5 17.4 42.0 63.5 65.5 231 233
good65_1 242.5 450.5 17.2 230.0 66.5 69.5 232 233
good65_2 241.5 450.5 18.1 187.0 67.5 68.5 232 232
good65_3 242.5 449.5 17.9 150.0 66.5 68.5 232 234
good65_4 240.5 449.5 17.7 327.0 67.5 68.5 231 234
good65_5 239.5 446.5 18.0 178.0 70.5 65.5 234 233
good65_6 239.5 448.5 17.7 208.0 68.5 67.5 231 234
good66_1 242.5 447.5 17.4 107.0 66.5 67.5 231 234
good66_2 240.5 455.5 17.4 79.0 68.5 73.5 232 233
good66_3 243.5 448.5 18.0 142.0 66.5 67.5 233 233
good66_4 244.5 451.5 16.6 28.0 66.5 69.5 233 233
good66_5 244.5 449.5 18.1 105.0 64.5 70.5 231 235
good66_6 238.5 451.5 16.8 56.0 69.5 70.5 231 234
good67_1 239.5 452.5 18.5 111.0 67.5 70.5 231 233
good67_2 240.5 453.5 17.7 124.0 66.5 71.5 232 232
good67_3 245.5 451.5 18.0 155.0 64.5 69.5 231 233
good67_4 239.5 453.5 16.6 52.0 68.5 71.5 231 233
good67_5 241.5 446.5 18.1 181.0 65.5 64.5 231 232
good67_6 239.5 445.5 18.1 118.0 68.5 63.5 232 233
good68_1 238.5 455.5 19.3 369.0 69.5 73.5 231 233
good68_2 242.5 450.5 18.0 274.0 66.5 68.5 232 232
good68_3 242.5 450.5 18.8 255.0 65.5 69.5 231 232
good68_4 240.5 448.5 19.1 315.0 68.5 66.5 231 233
good68_5 244.5 448.5 17.4 131.0 65.5 66.5 232 233
good68_6 236.5 446.5 17.2 161.0 70.5 65.5 230 233
good69_1 241.5 448.5 17.4 103.0 67.5 66.5 232 233
good69_2 241.5 446.5 17.9 119.0 67.5 65.5 233 233
good69_3 239.5 447.5 17.4 60.0 69.5 65.5 230 233
good69_4 241.5 448.5 19.3 221.0 66.5 67.5 231 234
good69_5 243.5 450.5 18.0 152.0 65.5 68.5 232 233
good69_6 243.5 449.5 19.3 218.0 65.5 67.5 231 233
good70_1 242.5 445.5 17.2 40.0 66.5 64.5 232 234
good70_2 242.5 448.5 17.2 35.0 65.5 67.5 232 204
good70_3 241.5 446.5 17.4 100.0 66.5 65.5 232 232
good70_4 242.5 449.5 17.9 109.0 65.5 68.5 233 233
good70_5 243.5 452.5 18.5 103.0 64.5 71.5 231 234
good70_6 243.5 449.5 17.9 108.0 64.5 68.5 231 233
