bad1_1 241.5 442.5 19.1 666.0 1129.0 67.5 60.5 232 232
bad1_2 244.5 443.5 18.8 726.0 1129.0 65.5 61.5 231 231
bad1_3 239.5 446.5 15.5 462.0 797.0 68.5 64.5 230 232
bad1_4 258.5 450.5 18.8 706.0 1129.0 50.5 70.5 232 234
bad1_5 256.5 449.5 17.7 731.0 1009.0 51.5 67.5 231 231
bad1_6 262.5 448.5 18.3 636.0 1009.0 47.5 66.5 232 232
bad2_1 240.5 449.5 17.4 265.0 901.0 67.5 67.5 231 231
bad2_2 242.5 450.5 17.6 356.0 1009.0 65.5 68.5 231 232
bad2_3 240.5 452.5 18.8 426.0 1129.0 67.5 69.5 231 231
bad2_4 239.5 451.5 17.2 260.0 901.0 68.5 69.5 231 232
bad2_5 242.5 449.5 17.7 369.0 1009.0 68.5 67.5 231 233
bad2_6 243.5 449.5 17.2 294.0 901.0 64.5 66.5 231 230
bad3_1 243.5 457.5 20.2 643.0 1257.0 65.5 74.5 232 230
bad3_2 242.5 452.5 18.3 299.0 1009.0 66.5 70.5 231 232
bad3_3 240.5 453.5 19.4 418.0 1129.0 67.5 71.5 231 232
bad3_4 240.5 452.5 18.1 377.0 1009.0 67.5 70.5 230 232
bad3_5 241.5 452.5 16.6 179.0 901.0 66.5 69.5 232 232
bad3_6 241.5 451.5 17.2 214.0 901.0 67.5 70.5 232 232
bad4_1 241.5 446.5 17.2 286.0 901.0 68.5 64.5 233 233
bad4_2 244.5 443.5 17.7 505.0 1009.0 64.5 61.5 232 232
bad4_3 243.5 444.5 17.7 422.0 1009.0 64.5 62.5 231 233
bad4_4 241.5 450.5 17.4 288.0 901.0 66.5 68.5 232 233
bad4_5 242.5 451.5 18.0 394.0 1009.0 65.5 69.5 231 232
bad4_6 243.5 451.5 18.0 414.0 1009.0 65.5 69.5 232 232
bad5_1 244.5 452.5 17.3 438.0 901.0 64.5 70.5 232 233
bad5_2 244.5 451.5 17.8 398.0 1009.0 65.5 69.5 233 232
bad5_3 242.5 452.5 16.8 275.0 901.0 65.5 70.5 231 232
bad5_4 239.5 442.5 18.1 526.0 1009.0 69.5 60.5 232 231
bad5_5 245.5 447.5 17.4 368.0 901.0 66.5 64.5 232 232
bad5_6 243.5 442.5 17.2 373.0 901.0 65.5 60.5 232 233
bad6_1 248.5 440.5 18.0 444.0 1009.0 61.5 60.5 231 233
bad6_2 246.5 439.5 17.7 563.0 1009.0 62.5 59.5 231 232
bad6_3 247.5 440.5 17.7 312.0 1009.0 64.5 60.5 234 232
bad6_4 245.5 445.5 15.8 224.0 797.0 64.5 67.5 233 232
bad6_5 250.5 447.5 19.6 592.0 1257.0 59.5 68.5 231 234
bad6_6 249.5 447.5 17.9 456.0 1009.0 60.5 66.5 232 233
bad7_1 241.5 450.5 20.2 507.0 1257.0 67.5 68.5 232 232
bad7_2 242.5 452.5 18.0 284.0 1009.0 67.5 70.5 232 232
bad7_3 241.5 448.5 19.1 540.0 1129.0 67.5 67.5 232 233
bad7_4 241.5 449.5 17.2 240.0 901.0 68.5 67.5 233 233
bad7_5 243.5 445.5 17.7 408.0 1009.0 67.5 64.5 232 233
bad7_6 239.5 445.5 17.7 403.0 1009.0 69.5 64.5 232 233
bad8_1 241.5 444.5 19.1 424.0 1129.0 67.5 63.5 232 231
bad8_2 242.5 445.5 17.4 207.0 901.0 65.5 64.5 231 232
bad8_3 238.5 447.5 17.7 328.0 1009.0 68.5 66.5 232 233
bad8_4 243.5 448.5 18.5 227.0 1009.0 64.5 67.5 231 232
bad8_5 243.5 450.5 19.9 639.0 1257.0 65.5 69.5 232 233
bad8_6 245.5 451.5 17.7 300.0 1009.0 62.5 69.5 231 230
bad9_1 241.5 444.5 19.1 494.0 1129.0 67.5 62.5 232 232
bad9_2 243.5 446.5 17.7 364.0 1009.0 66.5 64.5 232 231
bad9_3 242.5 443.5 18.0 353.0 1009.0 65.5 62.5 231 232
bad9_4 244.5 449.5 17.7 371.0 1009.0 65.5 67.5 233 232
bad9_5 244.5 449.5 18.3 249.0 1009.0 65.5 68.5 233 231
bad9_6 244.5 448.5 18.8 433.0 1129.0 63.5 67.5 231 231
bad10_1 247.5 442.5 17.4 482.0 901.0 61.5 62.5 232 229
bad10_2 245.5 443.5 17.2 182.0 901.0 64.5 64.5 233 234
bad10_3 242.5 449.5 17.7 282.0 1009.0 66.5 70.5 231 234
bad10_4 242.5 442.5 19.1 638.0 1129.0 67.5 63.5 235 233
bad10_5 242.5 447.5 18.8 457.0 1129.0 66.5 66.5 232 232
bad10_6 244.5 446.5 18.8 375.0 1129.0 64.5 66.5 234 231
bad11_1 247.5 447.5 20.2 587.0 1257.0 61.5 66.5 231 233
bad11_2 244.5 449.5 17.7 283.0 1009.0 63.5 67.5 232 232
bad11_3 247.5 450.5 19.1 660.0 1129.0 61.5 68.5 234 232
bad11_4 246.5 444.5 17.1 334.0 901.0 63.5 62.5 232 231
bad11_5 241.5 438.5 17.2 521.0 901.0 66.5 56.5 231 231
bad11_6 244.5 446.5 17.4 199.0 901.0 63.5 63.5 231 232
bad12_1 243.5 451.5 17.9 310.0 1009.0 65.5 68.5 232 231
bad12_2 242.5 450.5 18.0 331.0 1009.0 65.5 69.5 230 233
bad12_3 243.5 451.5 18.1 345.0 1009.0 64.5 69.5 231 233
bad12_4 241.5 445.5 17.2 265.0 901.0 66.5 65.5 231 234
bad12_5 241.5 447.5 17.4 222.0 901.0 67.5 64.5 232 232
bad12_6 240.5 446.5 16.6 257.0 901.0 68.5 64.5 232 232
bad13_1 244.5 449.5 18.0 563.0 1009.0 64.5 68.5 233 233
bad13_2 242.5 450.5 18.3 461.0 1009.0 66.5 68.5 232 232
bad13_3 245.5 448.5 17.2 339.0 901.0 63.5 69.5 232 236
bad13_4 246.5 442.5 17.4 536.0 901.0 65.5 60.5 232 233
bad13_5 248.5 445.5 18.1 555.0 1009.0 61.5 64.5 233 232
bad13_6 247.5 448.5 18.1 413.0 1009.0 65.5 70.5 234 233
bad14_1 239.5 446.5 17.2 340.0 901.0 70.5 64.5 233 233
bad14_2 241.5 442.5 16.7 400.0 901.0 67.5 61.5 233 232
bad14_3 241.5 441.5 18.0 478.0 1009.0 66.5 59.5 231 232
bad14_4 241.5 454.5 17.7 229.0 1009.0 67.5 73.5 232 234
bad14_5 244.5 453.5 18.1 346.0 1009.0 65.5 71.5 233 232
bad14_6 242.5 453.5 17.9 410.0 1009.0 65.5 71.5 231 232
bad15_1 257.5 448.5 16.6 251.0 901.0 52.5 66.5 231 232
bad15_2 240.5 446.5 17.2 348.0 901.0 68.5 65.5 231 233
bad15_3 243.5 445.5 18.5 309.0 1009.0 66.5 63.5 232 232
bad15_4 245.5 436.5 19.3 466.0 1129.0 64.5 56.5 231 232
bad15_5 244.5 448.5 17.7 286.0 1009.0 63.5 66.5 232 232
bad15_6 243.5 450.5 18.0 368.0 1009.0 66.5 68.5 233 231
bad16_1 240.5 445.5 17.7 287.0 1009.0 68.5 64.5 233 232
bad16_2 243.5 445.5 17.7 398.0 1009.0 65.5 64.5 230 233
bad16_3 243.5 450.5 18.5 365.0 1009.0 65.5 68.5 233 232
bad16_4 244.5 449.5 18.0 268.0 1009.0 64.5 68.5 232 233
bad16_5 241.5 444.5 18.0 381.0 1009.0 67.5 63.5 232 233
bad16_6 244.5 451.5 17.7 332.0 1009.0 63.5 69.5 231 231
bad17_1 241.5 449.5 18.8 389.0 1129.0 67.5 67.5 232 232
bad17_2 240.5 450.5 18.5 271.0 1009.0 67.5 69.5 232 234
bad17_3 242.5 448.5 17.7 770.0 1009.0 67.5 66.5 233 232
bad17_4 244.5 449.5 17.8 337.0 1009.0 63.5 67.5 232 232
bad17_5 259.5 447.5 18.1 861.0 1009.0 49.5 65.5 231 232
bad17_6 244.5 449.5 17.2 178.0 901.0 65.5 67.5 234 233
bad18_1 238.5 452.5 20.2 627.0 1257.0 69.5 70.5 232 232
bad18_2 244.5 453.5 17.7 377.0 1009.0 65.5 71.5 232 233
bad18_3 243.5 451.5 18.0 325.0 1009.0 65.5 70.5 232 233
bad18_4 242.5 452.5 17.4 322.0 901.0 67.5 70.5 232 232
bad18_5 244.5 446.5 17.7 429.0 1009.0 64.5 65.5 233 232
bad18_6 240.5 447.5 18.6 561.0 1129.0 69.5 66.5 233 233
bad19_1 245.5 448.5 18.0 324.0 1009.0 63.5 66.5 232 231
bad19_2 242.5 444.5 17.2 236.0 901.0 63.5 65.5 232 233
bad19_3 240.5 449.5 18.8 492.0 1129.0 68.5 67.5 232 232
bad19_4 241.5 445.5 19.1 541.0 1129.0 66.5 64.5 230 232
bad19_5 240.5 451.5 17.2 249.0 901.0 68.5 69.5 232 232
bad19_6 245.5 443.5 17.4 306.0 901.0 64.5 61.5 232 231
bad20_1 242.5 445.5 16.9 396.0 901.0 66.5 63.5 231 233
bad20_2 241.5 443.5 17.7 546.0 1009.0 68.5 61.5 233 232
bad20_3 241.5 444.5 18.0 498.0 1009.0 66.5 62.5 231 232
bad20_4 243.5 453.5 18.0 286.0 1009.0 65.5 71.5 232 232
bad20_5 244.5 452.5 17.9 366.0 1009.0 65.5 70.5 233 233
bad20_6 243.5 452.5 17.7 447.0 1009.0 65.5 70.5 232 232
bad21_1 245.5 443.5 20.1 549.0 1257.0 63.5 63.5 232 233
bad21_2 250.5 446.5 16.3 181.0 797.0 60.5 64.5 232 231
bad21_3 249.5 447.5 16.9 259.0 901.0 59.5 68.5 231 234
bad21_4 248.5 444.5 17.2 203.0 901.0 61.5 64.5 232 233
bad21_5 245.5 441.5 17.4 283.0 901.0 63.5 62.5 232 234
bad21_6 245.5 437.5 17.9 480.0 1009.0 62.5 57.5 231 233
bad22_1 243.5 449.5 19.0 429.0 1129.0 64.5 68.5 231 233
bad22_2 244.5 447.5 19.4 433.0 1129.0 64.5 65.5 231 232
bad22_3 242.5 449.5 17.2 294.0 901.0 65.5 68.5 232 233
bad22_4 246.5 448.5 17.4 369.0 901.0 63.5 67.5 231 233
bad22_5 244.5 448.5 18.0 389.0 1009.0 63.5 67.5 232 232
bad22_6 242.5 448.5 17.2 289.0 901.0 67.5 66.5 232 232
bad23_1 239.5 450.5 18.8 468.0 1129.0 68.5 67.5 231 232
bad23_2 239.5 450.5 17.7 291.0 1009.0 68.5 67.5 231 232
bad23_3 237.5 451.5 17.9 234.0 1009.0 70.5 69.5 232 230
bad23_4 239.5 454.5 18.3 307.0 1009.0 68.5 71.5 231 230
bad23_5 241.5 454.5 17.4 181.0 901.0 68.5 72.5 232 233
bad23_6 240.5 456.5 18.0 340.0 1009.0 67.5 73.5 232 232
bad24_1 241.5 452.5 17.9 304.0 1009.0 67.5 71.5 231 233
bad24_2 241.5 453.5 18.8 545.0 1129.0 68.5 72.5 232 233
bad24_3 239.5 452.5 18.0 451.0 1009.0 69.5 71.5 232 233
bad24_4 239.5 449.5 17.2 225.0 901.0 69.5 68.5 232 232
bad24_5 238.5 453.5 17.8 421.0 1009.0 71.5 72.5 233 233
bad24_6 238.5 448.5 16.0 259.0 797.0 70.5 67.5 232 233
bad25_1 242.5 450.5 17.9 417.0 1009.0 66.5 69.5 232 234
bad25_2 241.5 449.5 18.0 391.0 1009.0 67.5 67.5 232 232
bad25_3 244.5 451.5 18.1 408.0 1009.0 64.5 69.5 232 233
bad25_4 246.5 444.5 17.4 381.0 901.0 62.5 62.5 232 233
bad25_5 241.5 440.5 18.3 537.0 1009.0 67.5 59.5 233 234
bad25_6 245.5 444.5 18.0 445.0 1009.0 63.5 63.5 232 233
bad26_1 242.5 451.5 18.5 418.0 1009.0 66.5 70.5 232 233
bad26_2 244.5 450.5 18.5 402.0 1009.0 66.5 68.5 233 233
bad26_3 241.5 449.5 18.0 286.0 1009.0 68.5 68.5 233 233
bad26_4 243.5 443.5 17.2 433.0 901.0 66.5 62.5 233 233
bad26_5 243.5 447.5 18.3 450.0 1009.0 66.5 66.5 233 234
bad26_6 243.5 439.5 19.1 697.0 1129.0 66.5 60.5 233 232
bad27_1 237.5 452.5 19.0 428.0 1129.0 70.5 70.5 231 232
bad27_2 238.5 446.5 18.1 462.0 1009.0 69.5 66.5 232 233
bad27_3 239.5 450.5 18.0 856.0 1009.0 68.5 68.5 231 232
bad27_4 239.5 451.5 18.8 422.0 1129.0 68.5 70.5 231 233
bad27_5 244.5 452.5 15.6 621.0 797.0 63.5 70.5 231 231
bad27_6 240.5 452.5 18.3 425.0 1009.0 66.5 70.5 231 232
bad28_1 243.5 445.5 17.0 203.0 901.0 66.5 66.5 231 234
bad28_2 242.5 448.5 18.1 363.0 1009.0 65.5 66.5 231 232
bad28_3 244.5 447.5 16.7 260.0 901.0 65.5 66.5 233 231
bad28_4 244.5 447.5 19.4 489.0 1129.0 65.5 65.5 233 230
bad28_5 242.5 443.5 18.5 402.0 1009.0 66.5 63.5 232 232
bad28_6 241.5 447.5 19.4 438.0 1129.0 66.5 66.5 231 232
bad29_1 246.5 447.5 17.9 268.0 1009.0 62.5 64.5 231 230
bad29_2 246.5 450.5 16.6 239.0 901.0 62.5 68.5 232 233
bad29_3 243.5 448.5 17.4 242.0 901.0 64.5 65.5 232 232
bad29_4 244.5 444.5 17.2 175.0 901.0 63.5 63.5 231 234
bad29_5 243.5 444.5 17.7 416.0 1009.0 65.5 61.5 232 232
bad29_6 243.5 443.5 16.6 268.0 901.0 64.5 60.5 232 231
bad30_1 239.5 452.5 19.1 483.0 1129.0 70.5 71.5 231 234
bad30_2 239.5 448.5 19.9 568.0 1257.0 68.5 67.5 231 232
bad30_3 238.5 450.5 19.1 394.0 1129.0 70.5 70.5 232 234
bad30_4 240.5 458.5 18.2 297.0 1009.0 68.5 77.5 232 233
bad30_5 242.5 454.5 17.2 174.0 901.0 67.5 72.5 233 231
bad30_6 241.5 453.5 17.7 292.0 1009.0 66.5 73.5 230 233
bad31_1 240.5 451.5 18.5 394.0 1009.0 69.5 70.5 232 231
bad31_2 240.5 450.5 17.4 209.0 901.0 70.5 70.5 230 234
bad31_3 234.5 454.5 17.8 247.0 1009.0 74.5 72.5 232 232
bad31_4 239.5 452.5 18.8 510.0 1129.0 68.5 72.5 230 233
bad31_5 237.5 453.5 19.2 454.0 1129.0 70.5 71.5 230 231
bad31_6 240.5 453.5 20.5 490.0 1257.0 70.5 72.5 234 231
bad32_1 238.5 450.5 20.1 506.0 1257.0 70.5 68.5 232 232
bad32_2 237.5 449.5 18.3 241.0 1009.0 70.5 67.5 232 233
bad32_3 241.5 451.5 18.0 490.0 1009.0 68.5 69.5 233 233
bad32_4 240.5 454.5 18.8 331.0 1129.0 68.5 72.5 233 232
bad32_5 239.5 452.5 18.0 365.0 1009.0 68.5 70.5 231 232
bad32_6 241.5 454.5 17.4 162.0 901.0 66.5 72.5 231 233
bad33_1 246.5 445.5 17.7 533.0 1009.0 63.5 64.5 233 234
bad33_2 241.5 442.5 17.7 458.0 1009.0 67.5 60.5 232 233
bad33_3 243.5 443.5 18.0 493.0 1009.0 65.5 60.5 232 232
bad33_4 242.5 450.5 17.2 295.0 901.0 66.5 68.5 232 232
bad33_5 242.5 450.5 17.7 416.0 1009.0 65.5 69.5 231 234
bad33_6 243.5 454.5 17.4 334.0 901.0 66.5 71.5 232 232
bad34_1 240.5 450.5 18.2 311.0 1009.0 67.5 68.5 231 232
bad34_2 242.5 450.5 17.9 336.0 1009.0 67.5 68.5 232 232
bad34_3 243.5 450.5 19.1 438.0 1129.0 65.5 68.5 231 233
bad34_4 244.5 450.5 17.4 209.0 901.0 63.5 68.5 231 232
bad34_5 244.5 451.5 18.1 319.0 1009.0 64.5 69.5 232 232
bad34_6 245.5 449.5 17.9 444.0 1009.0 63.5 67.5 232 232
bad35_1 244.5 450.5 21.3 777.0 1373.0 65.5 69.5 232 233
bad35_2 256.5 449.5 17.7 797.0 1009.0 52.5 68.5 232 233
bad35_3 242.5 449.5 17.4 235.0 901.0 66.5 67.5 231 233
bad35_4 240.5 449.5 19.3 581.0 1129.0 68.5 68.5 232 233
bad35_5 242.5 448.5 18.5 307.0 1009.0 66.5 66.5 232 232
bad35_6 243.5 449.5 17.4 603.0 901.0 65.5 67.5 232 233
bad36_1 242.5 446.5 20.2 561.0 1257.0 67.5 64.5 233 232
bad36_2 244.5 447.5 18.0 372.0 1009.0 65.5 66.5 232 234
bad36_3 239.5 445.5 19.3 563.0 1129.0 69.5 64.5 232 233
bad36_4 244.5 449.5 18.0 336.0 1009.0 64.5 69.5 231 233
bad36_5 244.5 455.5 17.9 389.0 1009.0 64.5 73.5 232 232
bad36_6 249.5 450.5 17.0 382.0 901.0 60.5 69.5 233 232
bad37_1 239.5 453.5 19.1 422.0 1129.0 70.5 71.5 232 232
bad37_2 240.5 452.5 17.9 345.0 1009.0 67.5 70.5 230 233
bad37_3 245.5 448.5 21.3 1153.0 1373.0 62.5 65.5 232 232
bad37_4 240.5 453.5 17.4 214.0 901.0 69.5 72.5 230 234
bad37_5 233.5 456.5 18.0 686.0 1009.0 74.5 73.5 231 232
bad37_6 240.5 452.5 17.9 320.0 1009.0 69.5 69.5 232 230
bad38_1 241.5 451.5 19.1 402.0 1129.0 67.5 69.5 232 232
bad38_2 242.5 452.5 18.0 367.0 1009.0 67.5 70.5 233 232
bad38_3 241.5 451.5 17.9 395.0 1009.0 67.5 70.5 231 233
bad38_4 239.5 448.5 17.4 198.0 901.0 67.5 66.5 231 232
bad38_5 242.5 448.5 16.9 308.0 901.0 66.5 66.5 232 231
bad38_6 241.5 448.5 17.7 446.0 1009.0 67.5 67.5 231 233
bad39_1 245.5 450.5 17.4 359.0 901.0 63.5 70.5 233 232
bad39_2 241.5 447.5 17.7 390.0 1009.0 66.5 69.5 230 232
bad39_3 246.5 447.5 17.4 276.0 901.0 64.5 68.5 232 231
bad39_4 242.5 438.5 17.7 576.0 1009.0 68.5 61.5 235 231
bad39_5 245.5 443.5 18.0 491.0 1009.0 63.5 64.5 231 234
bad39_6 240.5 448.5 16.9 349.0 901.0 66.5 69.5 231 231
bad40_1 238.5 452.5 18.8 820.0 1129.0 70.5 71.5 232 233
bad40_2 240.5 455.5 19.0 913.0 1129.0 68.5 74.5 232 233
bad40_3 240.5 453.5 18.5 404.0 1009.0 68.5 71.5 231 233
bad40_4 253.5 446.5 18.1 739.0 1009.0 55.5 65.5 232 234
bad40_5 237.5 446.5 18.0 443.0 1009.0 70.5 65.5 232 233
bad40_6 255.5 448.5 17.7 835.0 1009.0 52.5 66.5 231 232
bad41_1 238.5 448.5 17.4 264.0 901.0 71.5 66.5 232 232
bad41_2 242.5 450.5 17.1 224.0 901.0 66.5 69.5 234 234
bad41_3 238.5 448.5 17.4 279.0 901.0 71.5 67.5 233 233
bad41_4 241.5 453.5 18.8 450.0 1129.0 67.5 72.5 234 233
bad41_5 241.5 453.5 17.2 170.0 901.0 68.5 72.5 233 233
bad41_6 242.5 449.5 18.1 427.0 1009.0 67.5 68.5 233 233
bad42_1 243.5 446.5 17.2 207.0 901.0 64.5 64.5 231 232
bad42_2 242.5 443.5 17.7 437.0 1009.0 67.5 62.5 233 231
bad42_3 240.5 444.5 19.1 503.0 1129.0 67.5 63.5 230 232
bad42_4 249.5 447.5 18.0 416.0 1009.0 58.5 66.5 230 233
bad42_5 248.5 447.5 18.0 381.0 1009.0 59.5 66.5 232 231
bad42_6 251.5 445.5 17.2 419.0 901.0 56.5 64.5 230 232
bad43_1 241.5 442.5 17.9 439.0 1009.0 66.5 60.5 231 233
bad43_2 244.5 444.5 17.4 402.0 901.0 64.5 62.5 232 233
bad43_3 246.5 445.5 17.2 422.0 901.0 63.5 63.5 233 231
bad43_4 246.5 452.5 19.1 554.0 1129.0 62.5 70.5 232 233
bad43_5 241.5 450.5 17.4 348.0 901.0 66.5 68.5 231 232
bad43_6 242.5 449.5 17.9 392.0 1009.0 66.5 67.5 233 233
bad44_1 235.5 455.5 17.7 268.0 1009.0 73.5 72.5 231 232
bad44_2 236.5 451.5 18.5 251.0 1009.0 72.5 69.5 232 231
bad44_3 236.5 452.5 17.4 184.0 901.0 70.5 70.5 229 232
bad44_4 236.5 452.5 20.1 573.0 1257.0 70.5 70.5 230 232
bad44_5 239.5 452.5 19.1 434.0 1129.0 69.5 70.5 232 231
bad44_6 237.5 454.5 17.9 275.0 1009.0 71.5 72.5 231 233
bad45_1 238.5 451.5 17.7 359.0 1009.0 71.5 70.5 233 231
bad45_2 238.5 450.5 19.9 641.0 1257.0 69.5 69.5 232 232
bad45_3 235.5 452.5 16.9 287.0 901.0 73.5 71.5 232 232
bad45_4 241.5 450.5 18.0 329.0 1009.0 66.5 70.5 230 235
bad45_5 238.5 452.5 17.2 289.0 901.0 70.5 72.5 231 234
bad45_6 241.5 452.5 17.4 346.0 901.0 67.5 71.5 232 232
bad46_1 242.5 451.5 17.7 310.0 1009.0 65.5 70.5 230 232
bad46_2 241.5 450.5 19.1 764.0 1129.0 67.5 68.5 232 233
bad46_3 241.5 448.5 17.7 454.0 1009.0 68.5 67.5 234 229
bad46_4 241.5 451.5 17.0 209.0 901.0 67.5 69.5 231 231
bad46_5 241.5 450.5 17.4 289.0 901.0 65.5 68.5 231 232
bad46_6 252.5 449.5 17.8 701.0 1009.0 55.5 68.5 231 233
bad47_1 250.5 446.5 18.3 355.0 1009.0 59.5 66.5 232 232
bad47_2 248.5 447.5 16.7 424.0 901.0 61.5 66.5 232 232
bad47_3 248.5 448.5 17.7 358.0 1009.0 61.5 67.5 232 232
bad47_4 245.5 440.5 17.4 323.0 901.0 63.5 60.5 231 233
bad47_5 247.5 441.5 18.1 414.0 1009.0 61.5 61.5 232 234
bad47_6 249.5 441.5 18.0 646.0 1009.0 59.5 61.5 232 232
bad48_1 242.5 447.5 17.4 337.0 901.0 66.5 65.5 232 233
bad48_2 244.5 443.5 16.9 396.0 901.0 64.5 61.5 232 232
bad48_3 244.5 442.5 18.5 526.0 1009.0 64.5 60.5 232 233
bad48_4 241.5 452.5 18.5 287.0 1009.0 68.5 71.5 233 233
bad48_5 243.5 451.5 19.1 495.0 1129.0 66.5 69.5 233 232
bad48_6 244.5 451.5 17.8 380.0 1009.0 65.5 69.5 233 233
bad49_1 243.5 454.5 17.4 239.0 901.0 65.5 72.5 232 233
bad49_2 243.5 453.5 18.1 379.0 1009.0 64.5 70.5 231 231
bad49_3 243.5 452.5 18.5 355.0 1009.0 66.5 70.5 233 232
bad49_4 242.5 444.5 17.2 450.0 901.0 67.5 61.5 233 232
bad49_5 245.5 447.5 17.2 429.0 901.0 63.5 65.5 232 232
bad49_6 242.5 443.5 17.9 553.0 1009.0 66.5 61.5 232 233
bad50_1 240.5 454.5 19.1 392.0 1129.0 68.5 72.5 233 233
bad50_2 240.5 455.5 18.8 412.0 1129.0 67.5 73.5 231 233
bad50_3 241.5 454.5 17.2 287.0 901.0 67.5 72.5 232 232
bad50_4 240.5 449.5 16.9 321.0 901.0 68.5 67.5 232 232
bad50_5 238.5 449.5 17.2 193.0 901.0 69.5 67.5 231 233
bad50_6 236.5 451.5 17.4 259.0 901.0 72.5 69.5 233 233
bad51_1 243.5 442.5 19.0 720.0 1129.0 66.5 60.5 233 232
bad51_2 241.5 443.5 17.4 358.0 901.0 66.5 61.5 231 232
bad51_3 242.5 444.5 18.3 532.0 1009.0 66.5 64.5 233 234
bad51_4 242.5 451.5 19.4 540.0 1129.0 66.5 70.5 232 233
bad51_5 240.5 452.5 17.2 343.0 901.0 69.5 71.5 233 233
bad51_6 244.5 451.5 18.1 379.0 1009.0 65.5 71.5 233 232
bad52_1 240.5 454.5 17.2 246.0 901.0 65.5 71.5 229 232
bad52_2 242.5 451.5 18.5 296.0 1009.0 64.5 69.5 230 231
bad52_3 241.5 451.5 19.3 494.0 1129.0 64.5 69.5 229 230
bad52_4 238.5 445.5 17.9 484.0 1009.0 68.5 64.5 232 230
bad52_5 239.5 444.5 17.4 386.0 901.0 67.5 62.5 230 230
bad52_6 236.5 449.5 17.2 150.0 901.0 69.5 68.5 229 233
bad53_1 248.5 443.5 19.1 637.0 1129.0 64.5 74.5 230 239
bad53_2 240.5 441.5 18.8 538.0 1129.0 68.5 62.5 233 234
bad53_3 242.5 444.5 18.1 353.0 1009.0 66.5 65.5 232 233
bad53_4 246.5 444.5 18.1 552.0 1009.0 63.5 67.5 230 232
bad53_5 247.5 446.5 17.4 421.0 901.0 62.5 66.5 231 232
bad53_6 247.5 445.5 17.4 456.0 901.0 61.5 66.5 233 233
bad54_1 251.5 443.5 17.2 634.0 901.0 57.5 61.5 232 232
bad54_2 241.5 439.5 18.1 470.0 1009.0 66.5 59.5 231 235
bad54_3 244.5 441.5 17.9 629.0 1009.0 65.5 60.5 233 232
bad54_4 244.5 453.5 17.2 488.0 901.0 64.5 72.5 232 233
bad54_5 243.5 453.5 18.2 453.0 1009.0 64.5 71.5 232 232
bad54_6 245.5 453.5 17.7 468.0 1009.0 63.5 72.5 233 233
bad55_1 241.5 450.5 18.2 373.0 1009.0 68.5 69.5 231 233
bad55_2 239.5 450.5 19.9 707.0 1257.0 69.5 69.5 232 232
bad55_3 240.5 454.5 19.4 461.0 1129.0 70.5 73.5 234 231
bad55_4 241.5 452.5 17.7 370.0 1009.0 68.5 71.5 232 233
bad55_5 237.5 450.5 17.4 253.0 901.0 71.5 69.5 231 233
bad55_6 235.5 454.5 17.4 247.0 901.0 73.5 73.5 232 232
bad56_1 244.5 444.5 18.5 430.0 1009.0 64.5 63.5 231 232
bad56_2 243.5 452.5 19.1 901.0 1129.0 65.5 71.5 231 233
bad56_3 241.5 446.5 18.5 359.0 1009.0 67.5 65.5 232 232
bad56_4 242.5 449.5 18.0 299.0 1009.0 66.5 68.5 231 232
bad56_5 243.5 447.5 18.0 391.0 1009.0 65.5 66.5 232 231
bad56_6 240.5 448.5 19.1 909.0 1129.0 68.5 67.5 232 233
bad57_1 236.5 452.5 18.8 558.0 1129.0 71.5 70.5 231 231
bad57_2 234.5 452.5 19.4 419.0 1129.0 73.5 70.5 231 232
bad57_3 240.5 455.5 19.1 565.0 1129.0 71.5 72.5 231 232
bad57_4 238.5 454.5 17.4 355.0 901.0 70.5 72.5 230 232
bad57_5 236.5 455.5 18.1 279.0 1009.0 71.5 73.5 231 232
bad57_6 238.5 454.5 17.4 298.0 901.0 69.5 71.5 232 231
bad58_1 242.5 444.5 17.4 373.0 901.0 65.5 62.5 231 232
bad58_2 240.5 452.5 17.4 495.0 901.0 69.5 72.5 232 234
bad58_3 242.5 445.5 17.4 595.0 901.0 67.5 64.5 233 232
bad58_4 242.5 450.5 19.4 490.0 1129.0 66.5 68.5 232 231
bad58_5 240.5 453.5 16.3 389.0 797.0 67.5 73.5 231 234
bad58_6 239.5 449.5 18.8 736.0 1129.0 70.5 68.5 233 232
bad59_1 244.5 443.5 18.8 570.0 1129.0 66.5 62.5 233 231
bad59_2 241.5 443.5 17.1 291.0 901.0 67.5 63.5 231 233
bad59_3 239.5 444.5 17.2 260.0 901.0 69.5 64.5 232 232
bad59_4 244.5 448.5 18.8 449.0 1129.0 64.5 68.5 230 233
bad59_5 243.5 450.5 18.8 412.0 1129.0 65.5 69.5 233 233
bad59_6 245.5 447.5 18.0 359.0 1009.0 64.5 67.5 233 232
bad60_1 243.5 450.5 18.0 403.0 1009.0 64.5 68.5 231 233
bad60_2 242.5 448.5 17.7 348.0 1009.0 67.5 67.5 233 231
bad60_3 239.5 447.5 17.4 370.0 901.0 68.5 65.5 232 232
bad60_4 241.5 451.5 18.0 342.0 1009.0 66.5 69.5 231 232
bad60_5 240.5 451.5 17.4 189.0 901.0 67.5 69.5 233 231
bad60_6 242.5 451.5 17.7 294.0 1009.0 65.5 70.5 231 234
bad61_1 251.5 450.5 16.6 531.0 901.0 56.5 68.5 231 232
bad61_2 242.5 450.5 17.2 397.0 901.0 66.5 68.5 233 232
bad61_3 242.5 450.5 18.0 421.0 1009.0 66.5 68.5 232 232
bad61_4 242.5 451.5 18.0 560.0 1009.0 67.5 69.5 233 233
bad61_5 241.5 449.5 17.4 321.0 901.0 67.5 67.5 232 232
bad61_6 240.5 449.5 17.4 363.0 901.0 67.5 67.5 232 233
bad62_1 241.5 447.5 17.2 264.0 901.0 66.5 65.5 231 232
bad62_2 241.5 446.5 18.1 421.0 1009.0 67.5 64.5 233 231
bad62_3 241.5 446.5 17.2 363.0 901.0 66.5 64.5 231 232
bad62_4 241.5 451.5 17.9 338.0 1009.0 67.5 69.5 232 232
bad62_5 240.5 453.5 18.0 289.0 1009.0 67.5 71.5 233 231
bad62_6 239.5 451.5 16.1 161.0 797.0 67.5 70.5 232 234
bad63_1 241.5 449.5 17.7 340.0 1009.0 66.5 67.5 232 231
bad63_2 239.5 450.5 17.2 681.0 901.0 68.5 68.5 232 233
bad63_3 240.5 450.5 19.0 479.0 1129.0 67.5 68.5 232 233
bad63_4 243.5 448.5 16.9 287.0 901.0 65.5 66.5 233 233
bad63_5 240.5 451.5 17.7 407.0 1009.0 67.5 69.5 232 232
bad63_6 258.5 449.5 16.9 763.0 901.0 50.5 67.5 232 232
bad64_1 243.5 454.5 17.9 411.0 1009.0 64.5 72.5 231 233
bad64_2 243.5 448.5 17.7 333.0 1009.0 65.5 66.5 233 232
bad64_3 243.5 452.5 18.3 356.0 1009.0 64.5 70.5 231 232
bad64_4 241.5 441.5 17.2 435.0 901.0 66.5 59.5 231 233
bad64_5 242.5 444.5 17.4 409.0 901.0 65.5 62.5 231 232
bad64_6 245.5 441.5 17.4 372.0 901.0 62.5 59.5 232 232
bad65_1 240.5 451.5 18.0 283.0 1009.0 67.5 70.5 232 232
bad65_2 241.5 454.5 18.8 470.0 1129.0 67.5 72.5 232 232
bad65_3 240.5 451.5 17.9 344.0 1009.0 68.5 70.5 233 233
bad65_4 240.5 451.5 18.0 364.0 1009.0 68.5 69.5 232 233
bad65_5 241.5 450.5 16.1 248.0 797.0 68.5 69.5 233 233
bad65_6 238.5 447.5 17.2 286.0 901.0 69.5 66.5 232 233
bad66_1 240.5 446.5 17.9 360.0 1009.0 68.5 65.5 231 233
bad66_2 243.5 446.5 17.7 362.0 1009.0 64.5 64.5 231 233
bad66_3 242.5 446.5 16.8 412.0 901.0 67.5 64.5 233 231
bad66_4 244.5 452.5 17.7 304.0 1009.0 64.5 70.5 232 230
bad66_5 245.5 451.5 18.0 407.0 1009.0 63.5 70.5 231 233
bad66_6 244.5 449.5 17.2 269.0 901.0 64.5 67.5 232 232
bad67_1 239.5 450.5 18.0 404.0 1009.0 70.5 68.5 234 232
bad67_2 238.5 449.5 18.1 417.0 1009.0 68.5 68.5 231 233
bad67_3 243.5 448.5 17.2 394.0 901.0 67.5 66.5 232 232
bad67_4 240.5 451.5 16.9 264.0 901.0 67.5 70.5 231 233
bad67_5 248.5 448.5 16.6 480.0 901.0 63.5 66.5 232 232
bad67_6 240.5 452.5 17.2 304.0 901.0 69.5 70.5 233 232
bad68_1 243.5 449.5 17.9 456.0 1009.0 64.5 69.5 231 233
bad68_2 237.5 451.5 16.3 106.0 797.0 70.5 70.5 231 232
bad68_3 243.5 445.5 18.2 362.0 1009.0 67.5 64.5 233 231
bad68_4 240.5 448.5 18.5 499.0 1009.0 69.5 67.5 233 231
bad68_5 248.5 449.5 17.7 369.0 1009.0 60.5 69.5 231 233
bad68_6 242.5 451.5 17.4 247.0 901.0 68.5 73.5 233 233
bad69_1 240.5 451.5 18.8 463.0 1129.0 68.5 70.5 233 231
bad69_2 239.5 451.5 18.0 323.0 1009.0 68.5 71.5 231 233
bad69_3 239.5 450.5 19.1 446.0 1129.0 69.5 69.5 232 232
bad69_4 240.5 447.5 18.0 418.0 1009.0 67.5 67.5 232 233
bad69_5 241.5 450.5 16.8 201.0 901.0 66.5 69.5 231 232
bad69_6 240.5 449.5 17.8 404.0 1009.0 69.5 68.5 233 231
bad70_1 245.5 450.5 17.4 266.0 901.0 63.5 68.5 232 230
bad70_2 244.5 451.5 18.3 320.0 1009.0 62.5 70.5 229 232
bad70_3 243.5 450.5 17.7 337.0 1009.0 63.5 68.5 230 231
bad70_4 241.5 445.5 17.4 301.0 901.0 65.5 63.5 230 231
bad70_5 239.5 444.5 17.7 396.0 1009.0 68.5 62.5 231 230
bad70_6 240.5 445.5 18.0 434.0 1009.0 68.5 62.5 231 230
