  1115_0 54.4 623.0 1723.0 8809.0 16 201.5 209.5 701 693
1115_90 54.4 1056.0 2284.0 8809.0 18 201.5 206.5 701 692
1115_180 54.4 829.0 2369.0 8809.0 18 202.5 193.5 704 697
1115_270 53.3 657.0 2101.0 8497.0 18 206.5 191.5 701 695

1115_0deg2 53.3 2391.0 2735.0 8497.0 19 203.5 193.5 698 690
1115_90deg2 51.1 2793.0 3245.0 7845.0 19 175.5 205.5 694 697
1115_180deg2 53.3 3037.0 3845.0 8497.0 21 197.5 175.5 705 692
1115_270deg2 53.3 3078.0 4362.0 8497.0 20 191.5 192.5 694 701

1115_0deg2 53.3 2391.0 2735.0 8497.0 19 203.5 193.5 698 690
1115_90deg2 53.3 3112.0 3940.0 8497.0 17 179.5 203.5 695 697
1115_0deg3 54.4 2812.0 4308.0 8809.0 23 199.5 192.5 704 690
1115_0deg3 54.4 2812.0 4308.0 8809.0 23 201.5 193.5 709 695

1115_0deg3 54.4 2812.0 4308.0 8809.0 23 201.5 193.5 709 695
1115_90deg3 54.4 3671.0 5315.0 8809.0 19 194.5 205.5 708 703
1115_180deg3 53.3 3298.0 4470.0 8497.0 18 204.5 179.5 708 695
1115_270deg3 53.3 2511.0 3735.0 8497.0 18 193.5 196.5 708 705

1115_0deg4 53.3 5056.0 11252.0 8497.0 9 169.5 178.5 642 639
1115_0deg4 48.9 3665.0 4305.0 7213.0 23 174.5 184.5 643 639

1115_0deg4 49.4 3665.0 4305.0 7213.0 15 173.5 182.5 643 638
1115_90deg4 49.4 3166.0 3882.0 7213.0 20 185.5 168.5 644 634
1115_180deg4 49.4 1733.0 2561.0 7213.0 19 171.5 182.5 641 636
1115_270deg4 48.35 1640.0 1748.0 6921.0 16 184.5 168.5 646 632
1115_270deg4 48.35 1640.0 1748.0 6921.0 16 189.5 171.5 653 638
1115_270deg4 48.35 1640.0 1748.0 6921.0 16 189.5 170.5 653 637

1115_0deg4 49.4 3665.0 4305.0 7213.0 15 175.5 184.5 651 643
1115_90deg4 49.4 3166.0 3882.0 7213.0 20 186.5 171.5 650 637
1115_0deg4 49.4 3665.0 4305.0 7213.0 15 175.5 189.5 651 648
1115_90deg4 49.4 3166.0 3882.0 7213.0 20 186.5 171.5 650 643
1115_90deg4 49.4 3166.0 3882.0 7213.0 20 186.5 171.5 650 643

1115_0deg4 49.4 3665.0 4305.0 7213.0 15 175.5 189.5 651 648
1115_90deg4 49.4 3166.0 3882.0 7213.0 20 186.5 171.5 650 643
1115_180deg4 49.4 1733.0 2561.0 7213.0 19 178.5 184.5 649 647
1115_270deg4 48.35 1640.0 1748.0 6921.0 16 189.5 177.5 653 644

1115_0deg3 49.4 2178.0 2494.0 7213.0 9 201.5 192.5 714 705
1115_90deg3 49.4 2168.0 2480.0 7213.0 8 199.5 209.5 712 709
1115_180deg3 49.4 2075.0 2487.0 7213.0 9 207.5 192.5 713 705
1115_270deg3 49.4 2059.0 2631.0 7213.0 8 191.5 198.5 712 711
1115_0deg3 49.4 2178.0 2494.0 7213.0 9 201.5 192.5 714 705
1115_0deg4 49.4 3665.0 4305.0 7213.0 15 175.5 189.5 651 648
1115_0deg4 49.4 3665.0 4305.0 7213.0 15 175.5 189.5 651 648
1115_0deg4 49.4 3665.0 4305.0 7213.0 15 175.5 189.5 651 648
1115_0deg4 49.4 3699.0 4603.0 7213.0 16 189.5 176.5 647 648
1115_0deg4 49.4 3699.0 4603.0 7213.0 16 251.5 81.5 647 651
1115_0deg4 49.4 3699.0 4603.0 7213.0 16 251.5 81.5 647 651
1115_0deg4 49.4 3699.0 4603.0 7213.0 16 252.5 82.5 647 651
1115_0deg4 49.4 3699.0 4603.0 7213.0 16 252.5 82.5 647 651
1115_0deg4 49.4 3699.0 4603.0 7213.0 16 252.5 82.5 647 651
1115_0deg4 49.4 3699.0 4603.0 7213.0 16 253.5 82.5 648 651
1115_0deg4 49.4 3699.0 4603.0 7213.0 16 252.5 82.5 646 651
1115_0deg4 49.4 3699.0 4603.0 7213.0 16 252.5 82.5 646 651
1115_0deg4 49.4 3976.0 5752.0 7525.0 16 252.5 82.5 646 651
1115_0deg4 49.4 3976.0 5752.0 7525.0 16 252.5 82.5 646 651
1115_0deg4 49.4 3976.0 5752.0 7525.0 16 252.5 82.5 646 651
1115_0deg4 39.4 1509.0 1613.0 4777.0 7 245.5 89.5 647 651
1115_0deg4 40.0 1695.0 1983.0 5025.0 13 246.5 90.5 647 651
1115_0deg4 49.4 3976.0 5752.0 7525.0 16 252.5 82.5 646 651
1115_0deg4 49.4 3976.0 5752.0 7525.0 16 252.5 82.5 646 651
1115_0deg4 49.4 3976.0 5752.0 7525.0 16 252.5 82.5 646 651
1115_0deg4 49.4 3976.0 5752.0 7525.0 16 252.5 82.5 646 651
1115_0deg4 49.4 3976.0 5752.0 7525.0 16 252.5 82.5 646 651
1115_0deg4 49.4 3976.0 5752.0 7525.0 16 252.5 82.5 646 651
1115_0deg4 49.4 3976.0 5752.0 7525.0 16 252.5 82.5 646 651
