testbad 278.5 343.5 16.1 62.5 69.5 235 235
testbad 286.5 344.5 15.8 62.5 68.5 234 235
testbad 186.5 350.5 17.2 164.5 62.5 234 235
test_present 186.5 350.5 17.2 164.5 62.5 234 235
test_now2 199.5 359.5 16.9 162.5 59.5 233 233
test_now3 199.5 255.5 17.4 163.5 165.5 234 235
test_now4 197.5 336.5 16.6 165.5 69.5 234 234
test_now5 295.5 340.5 16.9 67.5 65.5 234 234
test_now6 198.5 342.5 15.9 164.5 59.5 234 234
test_now7 192.5 241.5 17.2 172.5 163.5 234 233
test_now6 296.5 237.5 15.9 67.5 167.5 235 233
test_now7 198.5 342.5 16.0 164.5 64.5 234 237
test 195.5 239.5 17.3 169.5 165.5 238 233
test 297.5 336.5 17.7 63.5 70.5 232 235
test 189.5 241.5 17.9 167.5 164.5 233 234
test 193.5 331.5 17.4 166.5 70.5 233 235
test 192.5 240.5 17.7 166.5 165.5 234 236
test 195.5 232.5 17.7 165.5 167.5 233 235
test 291.5 243.5 18.0 67.5 166.5 234 235
test 192.5 341.5 16.9 168.5 63.5 234 233
test 195.5 341.5 17.2 165.5 63.5 233 232
test_newglid1008 294.5 238.5 17.2 65.5 166.5 235 233
test 248.5 281.5 18.3 64.5 174.5 232 234
test 243.5 282.5 16.1 66.5 173.5 232 234
test 243.5 292.5 15.9 68.5 163.5 233 235
test 243.5 289.5 17.4 67.5 166.5 232 234
test 242.5 288.5 17.4 67.5 166.5 232 233
test 242.5 289.5 17.4 68.5 166.5 232 234
test 244.5 284.5 17.4 67.5 170.5 232 234
test 242.5 288.5 16.0 68.5 166.5 233 232
test1101 288.5 249.5 17.7 68.5 161.5 232 232
test1101 287.5 247.5 18.8 69.5 163.5 232 232
test1108 202.5 240.5 18.5 161.5 159.5 234 230
stest1108 201.5 333.5 18.2 162.5 68.5 232 232
