bad1_1 17.2 444.0 1824.0 901.0 9 68.5 59.5 233 232
bad1_2 18.3 606.0 2754.0 1009.0 18 65.5 60.5 231 231
bad1_3 17.2 579.0 2691.0 901.0 11 67.5 67.5 230 232
bad1_4 17.2 498.0 2194.0 901.0 24 49.5 70.5 232 234
bad1_5 17.2 624.0 2792.0 901.0 19 49.5 67.5 231 231
bad1_6 17.2 537.0 2437.0 901.0 19 48.5 65.5 232 232
bad2_1 17.2 252.0 884.0 901.0 19 64.5 67.5 231 231
bad2_2 17.2 259.0 851.0 901.0 17 67.5 67.5 231 232
bad2_3 17.2 199.0 563.0 901.0 17 65.5 70.5 231 231
bad2_4 17.2 261.0 793.0 901.0 22 67.5 68.5 231 232
bad2_5 17.2 270.0 974.0 901.0 18 68.5 67.5 231 233
bad2_6 17.2 269.0 805.0 901.0 21 66.5 70.5 232 231
bad3_1 17.2 293.0 1137.0 901.0 11 65.5 70.5 232 230
bad3_2 17.2 196.0 656.0 901.0 20 68.5 70.5 231 232
bad3_3 17.2 192.0 572.0 901.0 19 68.5 72.5 232 233
bad3_4 17.2 276.0 936.0 901.0 24 67.5 68.5 230 232
bad3_5 17.2 160.0 488.0 901.0 17 68.5 68.5 231 232
bad3_6 18.3 310.0 1166.0 1009.0 21 67.5 71.5 231 232
bad4_1 17.2 327.0 863.0 901.0 16 66.5 62.5 233 233
bad4_2 17.2 407.0 1439.0 901.0 18 63.5 61.5 232 232
bad4_3 17.2 347.0 1175.0 901.0 20 64.5 62.5 231 233
bad4_4 17.2 288.0 1084.0 901.0 20 66.5 68.5 232 233
bad4_5 17.2 287.0 1071.0 901.0 21 67.5 70.5 232 232
bad4_6 17.2 325.0 1049.0 901.0 20 65.5 70.5 232 232
bad5_1 17.2 438.0 1750.0 901.0 19 65.5 70.5 232 233
bad5_2 17.2 295.0 1075.0 901.0 21 64.5 71.5 233 232
bad5_3 17.2 269.0 725.0 901.0 23 66.5 71.5 231 232
bad5_4 17.2 418.0 1786.0 901.0 17 67.5 62.5 232 231
bad5_5 17.2 368.0 1344.0 901.0 19 65.5 64.5 232 232
bad5_6 17.2 332.0 1324.0 901.0 18 64.5 61.5 232 233
bad6_1 18.3 441.0 1617.0 1009.0 17 62.5 61.5 231 233
bad6_2 18.3 563.0 1951.0 1009.0 16 62.5 60.5 232 232
bad6_3 17.2 194.0 486.0 901.0 20 64.5 62.5 234 232
bad6_4 17.2 325.0 1225.0 901.0 11 60.5 69.5 232 232
bad6_5 17.2 242.0 762.0 901.0 16 59.5 68.5 231 234
bad6_6 17.2 350.0 1198.0 901.0 21 59.5 68.5 232 233
bad7_1 17.2 175.0 519.0 901.0 9 67.5 70.5 232 233
bad7_2 17.2 191.0 719.0 901.0 22 67.5 70.5 232 232
bad7_3 17.2 356.0 1536.0 901.0 14 67.5 67.5 232 233
bad7_4 17.2 240.0 892.0 901.0 17 67.5 68.5 233 233
bad7_5 17.2 321.0 1085.0 901.0 21 67.5 65.5 232 233
bad7_6 17.2 303.0 1211.0 901.0 21 67.5 64.5 232 233
bad8_1 18.3 312.0 912.0 1009.0 17 65.5 64.5 232 231
bad8_2 18.3 315.0 1131.0 1009.0 21 67.5 65.5 232 232
bad8_3 18.3 351.0 1263.0 1009.0 15 67.5 65.5 231 233
bad8_4 18.3 227.0 799.0 1009.0 16 63.5 66.5 231 232
bad8_5 17.2 297.0 913.0 901.0 13 66.5 69.5 232 233
bad8_6 17.2 221.0 685.0 901.0 15 63.5 68.5 231 230
bad9_1 17.2 264.0 980.0 901.0 13 67.5 67.5 232 233
bad9_2 18.3 359.0 1427.0 1009.0 18 68.5 64.5 232 231
bad9_3 17.2 245.0 685.0 901.0 22 65.5 64.5 231 232
bad9_4 17.2 277.0 1117.0 901.0 18 64.5 69.5 233 232
bad9_5 18.3 249.0 977.0 1009.0 19 64.5 69.5 232 231
bad9_6 17.2 225.0 793.0 901.0 17 62.5 69.5 231 232
bad10_1 17.2 482.0 2010.0 901.0 16 61.5 62.5 232 229
bad10_2 17.2 182.0 506.0 901.0 19 64.5 64.5 233 234
bad10_3 17.2 175.0 483.0 901.0 21 66.5 72.5 232 234
bad10_4 17.2 410.0 1782.0 901.0 10 66.5 65.5 235 233
bad10_5 17.2 230.0 638.0 901.0 19 67.5 68.5 232 232
bad10_6 18.2 262.0 942.0 1009.0 19 63.5 65.5 235 231
bad11_1 17.2 260.0 708.0 901.0 16 62.5 65.5 231 233
bad11_2 17.2 178.0 550.0 901.0 21 64.5 66.5 232 232
bad11_3 17.2 449.0 1941.0 901.0 11 61.5 67.5 232 232
bad11_4 17.2 311.0 915.0 901.0 22 64.5 64.5 232 231
bad11_5 17.2 498.0 1774.0 901.0 17 64.5 57.5 232 231
bad11_6 17.2 189.0 617.0 901.0 17 62.5 63.5 231 232
bad12_1 18.3 310.0 978.0 1009.0 15 65.5 68.5 233 231
bad12_2 17.2 222.0 658.0 901.0 18 63.5 69.5 230 234
bad12_3 17.2 247.0 623.0 901.0 22 64.5 69.5 231 233
bad12_4 17.2 265.0 789.0 901.0 24 66.5 65.5 231 234
bad12_5 17.2 228.0 604.0 901.0 19 68.5 64.5 232 232
bad12_6 18.3 308.0 1152.0 1009.0 22 67.5 66.5 232 232
bad13_1 18.3 563.0 2547.0 1009.0 9 64.5 68.5 233 233
bad13_2 17.2 364.0 984.0 901.0 18 67.5 68.5 231 232
bad13_3 17.2 336.0 1148.0 901.0 18 63.5 70.5 232 235
bad13_4 17.2 536.0 2256.0 901.0 11 64.5 59.5 231 233
bad13_5 17.2 447.0 1735.0 901.0 19 62.5 65.5 233 233
bad13_6 17.2 289.0 789.0 901.0 19 66.5 72.5 235 233
bad14_1 18.3 428.0 1244.0 1009.0 25 69.5 64.5 233 233
bad14_2 17.2 377.0 1361.0 901.0 17 67.5 64.5 233 232
bad14_3 18.3 470.0 1862.0 1009.0 23 67.5 61.5 231 232
bad14_4 17.2 122.0 230.0 901.0 20 67.5 73.5 232 234
bad14_5 17.2 254.0 874.0 901.0 22 64.5 73.5 232 232
bad14_6 17.2 294.0 1062.0 901.0 19 64.5 71.5 231 232
bad15_1 18.3 338.0 1066.0 1009.0 22 52.5 67.5 231 232
bad15_2 18.3 446.0 1514.0 1009.0 21 66.5 66.5 230 233
bad15_3 17.2 202.0 462.0 901.0 18 66.5 63.5 232 232
bad15_4 17.2 269.0 1001.0 901.0 14 63.5 56.5 231 232
bad15_5 17.2 177.0 433.0 901.0 23 63.5 67.5 232 232
bad15_6 17.2 288.0 832.0 901.0 20 64.5 68.5 233 231
bad16_1 17.2 194.0 574.0 901.0 16 69.5 64.5 233 232
bad16_2 18.3 398.0 1434.0 1009.0 19 66.5 62.5 230 233
bad16_3 18.3 365.0 1297.0 1009.0 15 64.5 67.5 233 232
bad16_4 17.2 170.0 494.0 901.0 17 64.5 68.5 232 233
bad16_5 17.2 265.0 869.0 901.0 17 67.5 66.5 231 233
bad16_6 17.2 217.0 745.0 901.0 19 61.5 69.5 231 231
bad17_1 18.3 269.0 853.0 1009.0 19 66.5 67.5 232 232
bad17_2 17.2 174.0 474.0 901.0 23 66.5 68.5 232 234
bad17_3 18.3 770.0 3562.0 1009.0 20 67.5 67.5 233 232
bad17_4 17.2 266.0 734.0 901.0 19 62.5 66.5 232 232
bad17_5 17.2 753.0 3573.0 901.0 16 49.5 66.5 231 232
bad17_6 18.3 286.0 950.0 1009.0 21 66.5 68.5 234 233
bad18_1 18.3 390.0 1182.0 1009.0 13 70.5 69.5 231 232
bad18_2 17.2 275.0 851.0 901.0 18 65.5 71.5 232 233
bad18_3 17.2 233.0 649.0 901.0 18 65.5 70.5 232 233
bad18_4 17.2 322.0 938.0 901.0 19 67.5 70.5 232 232
bad18_5 17.2 329.0 913.0 901.0 19 67.5 65.5 233 233
bad18_6 18.3 441.0 1617.0 1009.0 18 67.5 66.5 232 233
bad19_1 17.2 249.0 917.0 901.0 12 63.5 66.5 232 231
bad19_2 17.2 236.0 792.0 901.0 19 62.5 64.5 232 232
bad19_3 17.2 286.0 994.0 901.0 19 66.5 68.5 232 232
bad19_4 17.2 345.0 1321.0 901.0 16 64.5 62.5 230 231
bad19_5 18.3 344.0 1084.0 1009.0 14 67.5 70.5 231 232
bad19_6 17.1 293.0 797.0 901.0 20 63.5 63.5 233 231
bad20_1 18.3 501.0 1837.0 1009.0 19 66.5 64.5 231 233
bad20_2 17.2 438.0 1854.0 901.0 22 65.5 61.5 232 232
bad20_3 17.2 390.0 1466.0 901.0 21 65.5 63.5 231 232
bad20_4 17.2 190.0 482.0 901.0 20 64.5 71.5 231 232
bad20_5 17.2 251.0 735.0 901.0 23 66.5 72.5 233 233
bad20_6 17.2 345.0 1249.0 901.0 14 65.5 71.5 231 232
bad21_1 18.3 350.0 1274.0 1009.0 13 64.5 62.5 232 232
bad21_2 17.1 274.0 1218.0 901.0 14 59.5 65.5 232 230
bad21_3 17.2 260.0 1032.0 901.0 15 62.5 68.5 231 233
bad21_4 17.2 198.0 722.0 901.0 16 63.5 63.5 231 233
bad21_5 17.2 302.0 1170.0 901.0 19 62.5 60.5 233 232
bad21_6 18.3 480.0 2164.0 1009.0 17 61.5 58.5 231 233
bad22_1 18.3 322.0 966.0 1009.0 18 65.5 68.5 231 233
bad22_2 17.2 211.0 695.0 901.0 18 66.5 68.5 231 231
bad22_3 18.3 401.0 1533.0 1009.0 23 65.5 67.5 232 233
bad22_4 18.3 467.0 1475.0 1009.0 17 64.5 67.5 231 233
bad22_5 17.2 310.0 1202.0 901.0 13 62.5 65.5 232 232
bad22_6 17.1 288.0 960.0 901.0 16 65.5 65.5 232 232
bad23_1 18.3 353.0 1193.0 1009.0 17 68.5 68.5 231 232
bad23_2 17.2 180.0 592.0 901.0 22 69.5 69.5 231 232
bad23_3 17.2 139.0 403.0 901.0 23 70.5 69.5 232 230
bad23_4 17.2 211.0 659.0 901.0 21 67.5 72.5 231 231
bad23_5 18.3 289.0 945.0 1009.0 19 68.5 72.5 231 233
bad23_6 17.2 236.0 808.0 901.0 21 67.5 71.5 232 232
bad24_1 17.2 217.0 629.0 901.0 21 67.5 71.5 231 233
bad24_2 17.2 317.0 581.0 901.0 22 67.5 72.5 232 232
bad24_3 18.3 442.0 1370.0 1009.0 19 70.5 72.5 232 233
bad24_4 18.3 332.0 1036.0 1009.0 25 67.5 69.5 231 232
bad24_5 17.2 328.0 924.0 901.0 18 68.5 72.5 233 233
bad24_6 17.2 341.0 1137.0 901.0 20 69.5 67.5 232 233
bad25_1 18.3 416.0 1452.0 1009.0 23 66.5 70.5 232 234
bad25_2 18.3 391.0 1323.0 1009.0 21 66.5 68.5 232 232
bad25_3 17.2 338.0 1406.0 901.0 20 67.5 71.5 233 233
bad25_4 17.2 341.0 977.0 901.0 20 63.5 64.5 231 233
bad25_5 17.2 429.0 1605.0 901.0 19 67.5 59.5 233 234
bad25_6 17.2 343.0 1231.0 901.0 17 64.5 62.5 231 233
bad26_1 17.2 327.0 1323.0 901.0 21 67.5 69.5 232 233
bad26_2 17.2 296.0 992.0 901.0 17 66.5 69.5 233 232
bad26_3 18.3 286.0 934.0 1009.0 18 67.5 69.5 233 233
bad26_4 17.2 476.0 2012.0 901.0 16 64.5 61.5 233 233
bad26_5 18.3 450.0 1726.0 1009.0 15 66.5 66.5 233 234
bad26_6 18.3 578.0 2374.0 1009.0 20 67.5 61.5 233 233
bad27_1 17.2 230.0 674.0 901.0 10 70.5 69.5 231 232
bad27_2 17.2 383.0 1183.0 901.0 20 69.5 66.5 234 233
bad27_3 17.2 748.0 3632.0 901.0 8 67.5 67.5 231 232
bad27_4 18.3 317.0 1037.0 1009.0 18 68.5 71.5 231 233
bad27_5 18.3 829.0 3981.0 1009.0 10 66.5 68.5 231 231
bad27_6 17.2 308.0 864.0 901.0 20 67.5 71.5 231 232
bad28_1 17.2 203.0 815.0 901.0 15 66.5 67.5 231 234
bad28_2 17.2 261.0 873.0 901.0 13 64.5 65.5 231 231
bad28_3 17.2 262.0 926.0 901.0 20 63.5 66.5 232 231
bad28_4 17.2 262.0 882.0 901.0 17 65.5 67.5 233 231
bad28_5 17.2 283.0 1099.0 901.0 16 65.5 65.5 232 232
bad28_6 18.3 327.0 1331.0 1009.0 15 65.5 67.5 231 232
bad29_1 17.2 162.0 422.0 901.0 20 62.5 66.5 231 231
bad29_2 17.2 249.0 901.0 901.0 21 61.5 69.5 232 233
bad29_3 17.2 252.0 1016.0 901.0 14 65.5 66.5 231 232
bad29_4 17.2 175.0 547.0 901.0 20 63.5 63.5 231 234
bad29_5 17.2 292.0 1052.0 901.0 17 64.5 62.5 232 232
bad29_6 17.2 295.0 1111.0 901.0 23 62.5 60.5 232 231
bad30_1 18.3 368.0 1196.0 1009.0 16 71.5 73.5 231 234
bad30_2 18.3 315.0 1139.0 1009.0 19 67.5 72.5 231 232
bad30_3 17.2 178.0 350.0 901.0 19 71.5 70.5 232 234
bad30_4 17.2 201.0 549.0 901.0 21 69.5 78.5 232 233
bad30_5 17.2 156.0 416.0 901.0 19 68.5 73.5 233 231
bad30_6 17.2 191.0 539.0 901.0 18 67.5 73.5 230 233
bad31_1 17.2 319.0 1047.0 901.0 18 68.5 69.5 232 231
bad31_2 18.3 317.0 993.0 1009.0 16 71.5 69.5 230 234
bad31_3 17.2 157.0 461.0 901.0 18 74.5 71.5 232 232
bad31_4 17.2 285.0 765.0 901.0 17 68.5 72.5 230 233
bad31_5 17.2 230.0 666.0 901.0 20 69.5 73.5 230 232
bad31_6 18.3 283.0 1075.0 1009.0 14 68.5 71.5 234 232
bad32_1 18.3 270.0 830.0 1009.0 12 71.5 68.5 232 232
bad32_2 18.3 241.0 873.0 1009.0 21 69.5 67.5 232 233
bad32_3 18.3 490.0 1862.0 1009.0 18 68.5 68.5 233 232
bad32_4 17.2 124.0 364.0 901.0 19 68.5 73.5 233 232
bad32_5 17.2 274.0 750.0 901.0 17 68.5 70.5 231 232
bad32_6 17.2 162.0 450.0 901.0 22 67.5 73.5 231 233
bad33_1 17.2 425.0 1789.0 901.0 17 63.5 64.5 233 234
bad33_2 18.3 453.0 1977.0 1009.0 15 67.5 61.5 233 233
bad33_3 17.2 385.0 1537.0 901.0 17 65.5 60.5 232 232
bad33_4 18.3 398.0 1694.0 1009.0 21 67.5 67.5 233 232
bad33_5 18.3 410.0 1802.0 1009.0 22 66.5 70.5 232 234
bad33_6 17.2 330.0 1354.0 901.0 14 63.5 69.5 232 232
bad34_1 17.2 226.0 726.0 901.0 21 66.5 66.5 231 232
bad34_2 18.3 335.0 1167.0 1009.0 21 66.5 68.5 232 232
bad34_3 17.2 213.0 557.0 901.0 14 67.5 67.5 231 233
bad34_4 18.3 317.0 1017.0 1009.0 21 64.5 67.5 231 232
bad34_5 17.2 211.0 599.0 901.0 19 63.5 69.5 231 232
bad34_6 17.2 339.0 1171.0 901.0 23 63.5 67.5 232 232
bad35_1 18.3 423.0 1483.0 1009.0 12 67.5 73.5 232 233
bad35_2 18.3 803.0 3771.0 1009.0 19 52.5 65.5 233 233
bad35_3 17.2 235.0 779.0 901.0 20 66.5 67.5 231 233
bad35_4 18.3 467.0 1791.0 1009.0 17 67.5 68.5 232 233
bad35_5 17.2 213.0 725.0 901.0 21 66.5 66.5 232 232
bad35_6 17.2 604.0 2712.0 901.0 16 66.5 68.5 232 233
bad36_1 17.2 208.0 732.0 901.0 11 68.5 68.5 233 232
bad36_2 18.3 372.0 1200.0 1009.0 22 66.5 66.5 232 234
bad36_3 18.3 438.0 1770.0 1009.0 16 69.5 68.5 232 233
bad36_4 17.2 252.0 940.0 901.0 20 63.5 68.5 231 233
bad36_5 17.2 290.0 926.0 901.0 17 66.5 73.5 232 232
bad36_6 17.2 382.0 1374.0 901.0 18 59.5 68.5 233 232
bad37_1 17.2 215.0 639.0 901.0 18 68.5 70.5 233 232
bad37_2 17.2 222.0 578.0 901.0 20 67.5 71.5 230 233
bad37_3 18.3 789.0 3705.0 1009.0 21 62.5 61.5 232 232
bad37_4 17.2 190.0 418.0 901.0 19 68.5 73.5 230 234
bad37_5 17.2 588.0 2740.0 901.0 15 74.5 71.5 231 232
bad37_6 17.2 245.0 729.0 901.0 17 70.5 72.5 232 231
bad38_1 17.2 184.0 580.0 901.0 17 67.5 71.5 232 232
bad38_2 17.2 271.0 1163.0 901.0 14 67.5 68.5 233 232
bad38_3 17.2 288.0 736.0 901.0 23 66.5 71.5 231 233
bad38_4 17.2 193.0 529.0 901.0 18 65.5 68.5 231 232
bad38_5 17.2 311.0 915.0 901.0 17 68.5 66.5 232 231
bad38_6 17.2 376.0 1564.0 901.0 14 66.5 65.5 231 233
bad39_1 17.2 359.0 1383.0 901.0 19 63.5 70.5 233 232
bad39_2 17.2 287.0 967.0 901.0 15 65.5 70.5 231 232
bad39_3 18.3 389.0 1465.0 1009.0 16 64.5 67.5 233 231
bad39_4 17.2 468.0 1952.0 901.0 16 66.5 60.5 235 232
bad39_5 18.3 491.0 1735.0 1009.0 13 63.5 64.5 231 234
bad39_6 17.2 341.0 1149.0 901.0 11 65.5 69.5 232 232
bad40_1 18.2 700.0 3180.0 1009.0 16 70.5 73.5 231 233
bad40_2 17.2 685.0 3073.0 901.0 18 68.5 73.5 232 233
bad40_3 18.3 393.0 1281.0 1009.0 16 68.5 74.5 232 233
bad40_4 17.2 615.0 2755.0 901.0 26 56.5 66.5 232 233
bad40_5 18.3 437.0 1213.0 1009.0 20 70.5 66.5 231 233
bad40_6 17.2 713.0 3297.0 901.0 17 55.5 66.5 231 232
bad41_1 17.2 240.0 656.0 901.0 22 69.5 68.5 233 233
bad41_2 17.2 224.0 732.0 901.0 24 66.5 69.5 234 234
bad41_3 18.3 351.0 1123.0 1009.0 18 69.5 67.5 233 233
bad41_4 17.2 226.0 450.0 901.0 21 66.5 72.5 233 233
bad41_5 18.3 270.0 886.0 1009.0 21 68.5 72.5 233 232
bad41_6 17.2 321.0 1105.0 901.0 18 67.5 69.5 233 233
bad42_1 17.2 205.0 665.0 901.0 20 64.5 63.5 232 233
bad42_2 17.2 335.0 1187.0 901.0 16 65.5 61.5 233 231
bad42_3 18.3 395.0 1347.0 1009.0 15 64.5 66.5 229 232
bad42_4 17.2 308.0 944.0 901.0 20 59.5 66.5 230 233
bad42_5 17.2 273.0 857.0 901.0 17 59.5 65.5 232 230
bad42_6 17.2 422.0 1642.0 901.0 15 56.5 65.5 229 232
bad43_1 17.2 338.0 1286.0 901.0 23 66.5 60.5 231 233
bad43_2 17.2 373.0 1437.0 901.0 15 66.5 63.5 232 233
bad43_3 18.3 530.0 2098.0 1009.0 21 64.5 63.5 233 232
bad43_4 17.2 356.0 1436.0 901.0 16 63.5 70.5 231 233
bad43_5 18.3 456.0 1756.0 1009.0 18 65.5 67.5 231 232
bad43_6 17.2 284.0 1172.0 901.0 22 67.5 69.5 234 233
bad44_1 17.2 170.0 534.0 901.0 16 73.5 72.5 231 232
bad44_2 17.2 136.0 440.0 901.0 20 71.5 72.5 232 231
bad44_3 17.2 194.0 690.0 901.0 15 69.5 69.5 230 232
bad44_4 17.2 220.0 704.0 901.0 14 69.5 74.5 230 232
bad44_5 17.2 193.0 625.0 901.0 17 69.5 74.5 232 231
bad44_6 17.2 190.0 638.0 901.0 20 69.5 71.5 231 233
bad45_1 17.2 253.0 921.0 901.0 25 68.5 71.5 233 231
bad45_2 17.2 285.0 929.0 901.0 18 68.5 70.5 234 232
bad45_3 17.2 287.0 1091.0 901.0 11 71.5 72.5 232 232
bad45_4 17.2 221.0 733.0 901.0 16 65.5 71.5 230 235
bad45_5 17.2 292.0 976.0 901.0 16 68.5 71.5 231 234
bad45_6 17.2 354.0 1210.0 901.0 15 68.5 68.5 233 232
bad46_1 17.2 208.0 568.0 901.0 18 66.5 69.5 230 232
bad46_2 18.3 644.0 2548.0 1009.0 20 67.5 69.5 232 233
bad46_3 17.2 334.0 758.0 901.0 22 67.5 69.5 233 230
bad46_4 17.2 209.0 681.0 901.0 19 67.5 69.5 231 231
bad46_5 17.2 304.0 900.0 901.0 17 63.5 67.5 230 232
bad46_6 17.2 593.0 2361.0 901.0 17 56.5 68.5 231 232
bad47_1 17.2 247.0 883.0 901.0 15 59.5 67.5 232 231
bad47_2 16.25 333.0 1193.0 797.0 13 62.5 68.5 233 232
bad47_3 17.2 250.0 846.0 901.0 17 60.5 67.5 232 232
bad47_4 17.2 322.0 1214.0 901.0 21 61.5 61.5 231 233
bad47_5 18.3 415.0 1539.0 1009.0 23 62.5 61.5 232 234
bad47_6 18.3 646.0 2710.0 1009.0 18 60.5 59.5 232 232
bad48_1 17.2 337.0 1125.0 901.0 18 66.5 65.5 232 233
bad48_2 17.2 424.0 1876.0 901.0 17 63.5 61.5 232 232
bad48_3 17.2 403.0 1715.0 901.0 14 64.5 61.5 232 233
bad48_4 18.3 300.0 1052.0 1009.0 18 66.5 71.5 233 233
bad48_5 18.3 375.0 1523.0 1009.0 19 66.5 69.5 233 232
bad48_6 17.2 272.0 940.0 901.0 18 66.5 71.5 233 233
bad49_1 18.3 332.0 1192.0 1009.0 20 64.5 71.5 231 233
bad49_2 17.2 282.0 1026.0 901.0 19 64.5 69.5 231 231
bad49_3 17.2 264.0 864.0 901.0 22 66.5 71.5 233 232
bad49_4 17.2 429.0 1553.0 901.0 24 67.5 63.5 233 233
bad49_5 18.2 526.0 2210.0 1009.0 17 64.5 64.5 232 232
bad49_6 17.2 445.0 1689.0 901.0 21 66.5 61.5 232 233
bad50_1 17.2 170.0 394.0 901.0 21 68.5 74.5 233 233
bad50_2 17.2 190.0 486.0 901.0 19 67.5 74.5 231 233
bad50_3 17.2 267.0 831.0 901.0 22 67.5 74.5 232 232
bad50_4 17.2 323.0 847.0 901.0 20 70.5 68.5 232 232
bad50_5 17.2 190.0 622.0 901.0 20 69.5 69.5 231 232
bad50_6 17.2 249.0 625.0 901.0 23 70.5 70.5 232 233
bad51_1 18.3 600.0 2640.0 1009.0 15 66.5 61.5 233 232
bad51_2 18.3 463.0 1915.0 1009.0 21 65.5 61.5 231 232
bad51_3 17.2 419.0 1623.0 901.0 17 66.5 65.5 233 234
bad51_4 17.2 316.0 1276.0 901.0 20 66.5 70.5 232 232
bad51_5 17.2 340.0 1096.0 901.0 23 68.5 72.5 234 233
bad51_6 17.2 277.0 1005.0 901.0 20 67.5 72.5 233 232
bad52_1 18.3 348.0 1292.0 1009.0 16 65.5 70.5 229 231
bad52_2 17.2 210.0 598.0 901.0 19 65.5 70.5 230 231
bad52_3 18.3 374.0 1374.0 1009.0 17 63.5 70.5 229 230
bad52_4 17.2 378.0 1434.0 901.0 19 68.5 64.5 232 230
bad52_5 17.2 379.0 1243.0 901.0 19 66.5 63.5 230 230
bad52_6 18.3 241.0 893.0 1009.0 24 68.5 68.5 229 233
bad53_1 18.3 527.0 1915.0 1009.0 12 66.5 75.5 234 239
bad53_2 17.2 325.0 1073.0 901.0 16 68.5 63.5 233 233
bad53_3 18.3 341.0 1169.0 1009.0 17 66.5 68.5 232 234
bad53_4 17.2 445.0 1637.0 901.0 20 63.5 67.5 230 232
bad53_5 18.3 497.0 1961.0 1009.0 16 64.5 67.5 233 234
bad53_6 17.2 470.0 1710.0 901.0 17 59.5 67.5 233 232
bad54_1 18.3 731.0 3291.0 1009.0 21 58.5 61.5 232 232
bad54_2 17.2 361.0 1469.0 901.0 17 66.5 61.5 231 235
bad54_3 18.3 624.0 2776.0 1009.0 23 66.5 62.5 233 232
bad54_4 17.2 489.0 2069.0 901.0 22 65.5 71.5 232 232
bad54_5 17.2 347.0 1463.0 901.0 18 64.5 71.5 232 232
bad54_6 18.3 468.0 1936.0 1009.0 21 65.5 71.5 233 233
bad55_1 17.2 239.0 819.0 901.0 14 68.5 72.5 231 233
bad55_2 18.3 440.0 1780.0 1009.0 13 71.5 72.5 232 232
bad55_3 17.2 238.0 842.0 901.0 19 70.5 76.5 234 231
bad55_4 17.2 274.0 906.0 901.0 16 68.5 71.5 232 232
bad55_5 17.2 215.0 807.0 901.0 15 71.5 70.5 231 233
bad55_6 17.2 228.0 728.0 901.0 19 72.5 74.5 232 232
bad56_1 18.3 430.0 1434.0 1009.0 14 64.5 63.5 231 232
bad56_2 17.2 673.0 3085.0 901.0 17 64.5 73.5 231 233
bad56_3 17.2 241.0 849.0 901.0 15 66.5 66.5 232 232
bad56_4 18.3 295.0 915.0 1009.0 16 64.5 67.5 231 232
bad56_5 17.2 303.0 939.0 901.0 19 64.5 67.5 231 232
bad56_6 18.3 789.0 3545.0 1009.0 10 67.5 68.5 232 233
bad57_1 17.2 336.0 1288.0 901.0 16 71.5 74.5 232 231
bad57_2 18.3 295.0 1043.0 1009.0 23 69.5 73.5 231 232
bad57_3 18.3 447.0 1723.0 1009.0 20 71.5 71.5 231 232
bad57_4 17.2 356.0 1200.0 901.0 14 69.5 72.5 230 232
bad57_5 17.2 173.0 533.0 901.0 19 69.5 73.5 231 232
bad57_6 17.2 302.0 974.0 901.0 20 69.5 72.5 233 231
bad58_1 18.3 478.0 1906.0 1009.0 13 65.5 61.5 231 232
bad58_2 18.3 594.0 1746.0 1009.0 21 68.5 72.5 232 234
bad58_3 17.2 595.0 2315.0 901.0 16 68.5 65.5 233 232
bad58_4 17.2 273.0 1097.0 901.0 19 66.5 71.5 232 231
bad58_5 17.2 482.0 2046.0 901.0 11 66.5 72.5 231 234
bad58_6 17.2 534.0 1614.0 901.0 18 67.5 71.5 232 233
bad59_1 18.3 466.0 1786.0 1009.0 17 66.5 61.5 232 231
bad59_2 18.3 383.0 1307.0 1009.0 17 68.5 64.5 231 233
bad59_3 17.2 307.0 1111.0 901.0 16 67.5 62.5 231 232
bad59_4 17.2 222.0 578.0 901.0 19 63.5 71.5 230 232
bad59_5 17.2 200.0 532.0 901.0 17 64.5 68.5 232 232
bad59_6 17.2 238.0 562.0 901.0 21 63.5 70.5 233 231
bad60_1 17.2 315.0 927.0 901.0 21 64.5 67.5 231 233
bad60_2 17.2 257.0 757.0 901.0 20 66.5 66.5 233 231
bad60_3 17.2 395.0 1427.0 901.0 21 66.5 64.5 231 232
bad60_4 17.2 234.0 574.0 901.0 22 65.5 71.5 231 232
bad60_5 18.3 296.0 1148.0 1009.0 19 67.5 70.5 233 231
bad60_6 17.2 209.0 729.0 901.0 18 64.5 70.5 231 233
bad61_1 17.2 521.0 2189.0 901.0 20 56.5 70.5 231 233
bad61_2 17.2 382.0 1174.0 901.0 21 67.5 69.5 233 232
bad61_3 18.3 421.0 1449.0 1009.0 19 66.5 68.5 232 232
bad61_4 18.3 560.0 2184.0 1009.0 25 68.5 69.5 233 233
bad61_5 18.3 421.0 1441.0 1009.0 22 66.5 68.5 231 232
bad61_6 17.2 390.0 1022.0 901.0 22 66.5 68.5 232 233
bad62_1 18.3 354.0 1314.0 1009.0 18 66.5 67.5 231 232
bad62_2 17.2 306.0 982.0 901.0 22 66.5 66.5 232 232
bad62_3 17.2 337.0 1117.0 901.0 21 67.5 65.5 231 232
bad62_4 17.2 240.0 700.0 901.0 22 67.5 71.5 232 232
bad62_5 17.2 182.0 562.0 901.0 21 65.5 70.5 232 231
bad62_6 17.2 248.0 784.0 901.0 20 66.5 70.5 230 234
bad63_1 17.2 239.0 675.0 901.0 21 68.5 68.5 232 232
bad63_2 17.2 681.0 2985.0 901.0 21 66.5 68.5 232 233
bad63_3 17.2 252.0 660.0 901.0 20 67.5 67.5 233 233
bad63_4 17.2 249.0 741.0 901.0 16 67.5 68.5 233 233
bad63_5 17.2 298.0 710.0 901.0 18 67.5 69.5 233 232
bad63_6 17.2 773.0 3609.0 901.0 15 49.5 70.5 232 231
bad64_1 17.2 327.0 1215.0 901.0 23 63.5 73.5 231 232
bad64_2 17.2 233.0 541.0 901.0 22 64.5 68.5 233 232
bad64_3 17.2 281.0 913.0 901.0 22 65.5 70.5 231 232
bad64_4 17.2 435.0 1599.0 901.0 23 66.5 59.5 231 233
bad64_5 17.2 412.0 1492.0 901.0 20 64.5 62.5 231 232
bad64_6 17.2 351.0 1235.0 901.0 16 62.5 61.5 232 232
bad65_1 18.3 283.0 887.0 1009.0 16 67.5 71.5 232 232
bad65_2 17.2 276.0 792.0 901.0 22 67.5 73.5 232 232
bad65_3 17.2 240.0 564.0 901.0 17 67.5 72.5 233 233
bad65_4 17.2 263.0 743.0 901.0 19 67.5 69.5 232 233
bad65_5 17.2 323.0 1103.0 901.0 26 69.5 69.5 233 233
bad65_6 18.2 368.0 1352.0 1009.0 13 68.5 67.5 232 233
bad66_1 17.2 252.0 784.0 901.0 16 69.5 65.5 232 233
bad66_2 18.3 361.0 1393.0 1009.0 16 65.5 63.5 231 233
bad66_3 17.2 418.0 1758.0 901.0 12 68.5 62.5 233 231
bad66_4 17.2 208.0 740.0 901.0 20 64.5 70.5 232 230
bad66_5 17.2 299.0 1259.0 901.0 12 63.5 70.5 231 233
bad66_6 17.2 282.0 934.0 901.0 19 63.5 69.5 232 232
bad67_1 17.2 302.0 986.0 901.0 23 68.5 69.5 234 232
bad67_2 18.3 410.0 1270.0 1009.0 14 67.5 69.5 231 233
bad67_3 17.2 385.0 1233.0 901.0 24 67.5 67.5 232 232
bad67_4 17.2 266.0 718.0 901.0 19 66.5 71.5 231 233
bad67_5 17.1 480.0 1844.0 901.0 15 63.5 65.5 232 232
bad67_6 18.3 409.0 1349.0 1009.0 26 67.5 69.5 232 232
bad68_1 17.2 338.0 1454.0 901.0 10 67.5 70.5 231 233
bad68_2 17.2 206.0 794.0 901.0 20 70.5 71.5 231 233
bad68_3 17.2 262.0 1094.0 901.0 16 67.5 65.5 233 231
bad68_4 17.2 422.0 1714.0 901.0 15 68.5 67.5 233 231
bad68_5 17.2 261.0 965.0 901.0 14 60.5 69.5 231 233
bad68_6 17.2 247.0 799.0 901.0 18 68.5 74.5 232 234
bad69_1 17.2 237.0 905.0 901.0 13 68.5 73.5 232 231
bad69_2 17.2 219.0 775.0 901.0 17 66.5 72.5 230 233
bad69_3 17.2 222.0 522.0 901.0 20 68.5 70.5 232 232
bad69_4 18.3 418.0 1598.0 1009.0 18 69.5 68.5 232 232
bad69_5 17.2 206.0 498.0 901.0 18 65.5 70.5 231 232
bad69_6 18.3 404.0 1572.0 1009.0 19 70.5 70.5 233 231
bad70_1 17.2 262.0 870.0 901.0 17 63.5 69.5 232 230
bad70_2 18.3 320.0 1192.0 1009.0 19 62.5 71.5 229 232
bad70_3 18.3 330.0 1382.0 1009.0 17 63.5 69.5 230 231
bad70_4 17.2 301.0 1017.0 901.0 15 65.5 64.5 230 231
bad70_5 17.2 269.0 969.0 901.0 14 66.5 66.5 230 230
bad70_6 17.2 352.0 1304.0 901.0 16 65.5 62.5 231 230
