bad1_1 241.5 441.5 20.2 68.5 58.5 232 233
bad1_2 243.5 442.5 18.0 66.5 59.5 231 232
bad1_3 242.5 444.5 20.2 66.5 61.5 231 233
bad1_4 260.5 451.5 18.0 48.5 69.5 231 234
bad1_5 259.5 448.5 17.4 49.5 65.5 231 232
bad1_6 261.5 447.5 17.4 49.5 64.5 232 234
bad2_1 242.5 448.5 17.4 65.5 65.5 230 231
bad2_2 240.5 451.5 16.0 68.5 68.5 231 233
bad2_3 242.5 456.5 16.8 66.5 72.5 231 232
bad2_4 240.5 451.5 16.6 69.5 73.5 232 238
bad2_5 244.5 451.5 16.9 66.5 68.5 231 233
bad2_6 241.5 451.5 17.2 69.5 69.5 237 233
bad3_1 241.5 456.5 22.4 70.5 72.5 234 232
bad3_2 240.5 452.5 16.6 69.5 69.5 231 240
bad3_3 239.5 454.5 16.9 69.5 71.5 231 233
bad3_4 240.5 450.5 15.9 68.5 68.5 231 234
bad3_5 240.5 453.5 16.3 68.5 69.5 232 232
bad3_6 240.5 452.5 17.3 69.5 70.5 234 234
bad4_1 243.5 445.5 16.8 66.5 61.5 232 232
bad4_2 245.5 444.5 17.1 64.5 61.5 232 233
bad4_3 244.5 445.5 16.6 64.5 62.5 232 233
bad4_4 241.5 451.5 17.2 67.5 68.5 232 233
bad4_5 240.5 452.5 17.4 69.5 69.5 233 232
bad4_6 241.5 453.5 17.4 69.5 73.5 233 236
bad5_1 242.5 453.5 16.8 66.5 73.5 232 236
bad5_2 244.5 453.5 15.8 66.5 70.5 233 233
bad5_3 242.5 453.5 16.0 66.5 70.5 231 232
bad5_4 242.5 444.5 16.6 67.5 61.5 233 233
bad5_5 247.5 446.5 15.4 65.5 62.5 233 232
bad5_6 244.5 441.5 17.7 65.5 59.5 232 234
bad6_1 247.5 440.5 16.6 63.5 60.5 232 235
bad6_2 246.5 440.5 16.3 64.5 59.5 232 233
bad6_3 247.5 444.5 16.8 66.5 63.5 235 232
bad6_4 249.5 445.5 18.0 61.5 66.5 235 234
bad6_5 250.5 448.5 16.6 60.5 69.5 231 236
bad6_6 250.5 450.5 16.6 60.5 68.5 232 233
bad7_1 241.5 452.5 15.8 68.5 69.5 232 233
bad7_2 243.5 454.5 16.7 66.5 71.5 231 232
bad7_3 241.5 448.5 19.1 68.5 65.5 232 232
bad7_4 240.5 447.5 19.9 69.5 64.5 233 233
bad7_5 242.5 448.5 17.2 69.5 66.5 233 233
bad7_6 240.5 446.5 15.8 69.5 63.5 232 233
bad8_1 241.5 446.5 17.7 68.5 65.5 232 233
bad8_2 241.5 445.5 16.6 69.5 62.5 233 233
bad8_3 238.5 449.5 16.8 70.5 72.5 234 238
bad8_4 243.5 451.5 16.9 65.5 69.5 231 233
bad8_5 241.5 449.5 18.8 68.5 68.5 233 235
bad8_6 243.5 451.5 16.9 65.5 68.5 231 231
bad9_1 241.5 446.5 19.1 68.5 63.5 232 232
bad9_2 242.5 444.5 18.1 68.5 61.5 232 232
bad9_3 241.5 443.5 17.9 67.5 61.5 232 233
bad9_4 246.5 450.5 18.0 64.5 67.5 233 233
bad9_5 245.5 448.5 17.2 65.5 66.5 233 233
bad9_6 243.5 451.5 16.9 66.5 69.5 232 233
bad10_1 247.5 440.5 17.7 62.5 59.5 234 233
bad10_2 246.5 445.5 16.6 64.5 66.5 234 236
bad10_3 241.5 450.5 16.5 67.5 81.5 231 245
bad10_4 244.5 443.5 18.8 66.5 64.5 235 236
bad10_5 240.5 449.5 16.6 69.5 68.5 231 234
bad10_6 243.5 448.5 16.9 67.5 68.5 238 235
bad11_1 246.5 447.5 16.9 64.5 64.5 232 233
bad11_2 243.5 449.5 17.4 66.5 66.5 234 233
bad11_3 246.5 447.5 19.1 63.5 63.5 235 232
bad11_4 246.5 446.5 17.2 63.5 63.5 231 233
bad11_5 242.5 436.5 19.1 66.5 54.5 232 234
bad11_6 246.5 447.5 16.9 63.5 64.5 233 233
bad12_1 243.5 450.5 16.9 66.5 66.5 233 233
bad12_2 243.5 451.5 16.9 66.5 70.5 232 236
bad12_3 242.5 449.5 17.2 66.5 67.5 231 234
bad12_4 240.5 445.5 15.5 69.5 63.5 233 234
bad12_5 239.5 449.5 17.4 70.5 65.5 232 232
bad12_6 241.5 447.5 16.3 68.5 64.5 235 232
bad13_1dummy 0 0 0 0 0 0 0 
bad13_2 243.5 452.5 17.2 66.5 72.5 233 235
bad13_3 244.5 451.5 16.8 65.5 72.5 232 237
bad13_4 248.5 439.5 18.8 63.5 56.5 232 234
bad13_5 247.5 445.5 16.9 62.5 63.5 232 233
bad13_6 246.5 451.5 16.6 68.5 72.5 236 237
bad14_1 241.5 446.5 17.0 68.5 63.5 233 233
bad14_2 242.5 442.5 16.6 68.5 60.5 234 234
bad14_3 240.5 442.5 18.5 68.5 59.5 231 233
bad14_4 243.5 454.5 17.2 66.5 72.5 232 234
bad14_5 242.5 454.5 17.2 67.5 71.5 233 233
bad14_6 243.5 456.5 16.9 65.5 73.5 231 233
bad15_1 256.5 449.5 16.8 54.5 67.5 232 233
bad15_2 241.5 448.5 17.4 68.5 70.5 232 238
bad15_3 245.5 446.5 16.8 65.5 63.5 233 233
bad15_4 245.5 437.5 17.7 65.5 57.5 232 237
bad15_5 243.5 450.5 16.9 64.5 67.5 231 233
bad15_6 245.5 451.5 16.6 68.5 68.5 236 232
bad16_1 239.5 446.5 16.9 70.5 63.5 233 232
bad16_2 242.5 446.5 16.6 67.5 64.5 231 234
bad16_3 245.5 451.5 16.9 64.5 68.5 233 233
bad16_4 245.5 452.5 16.9 65.5 70.5 233 234
bad16_5 241.5 446.5 16.3 68.5 69.5 232 238
bad16_6 245.5 450.5 17.2 64.5 67.5 232 233
bad17_1 242.5 448.5 16.9 67.5 65.5 232 233
bad17_2 240.5 449.5 16.6 68.5 66.5 232 233
bad17_3 242.5 449.5 16.9 69.5 66.5 237 233
bad17_4 243.5 448.5 17.0 65.5 65.5 234 232
bad17_5 261.5 448.5 16.9 48.5 66.5 233 234
bad17_6 243.5 450.5 15.5 67.5 67.5 234 233
bad18_1 239.5 450.5 19.0 70.5 69.5 234 235
bad18_2 243.5 453.5 16.6 67.5 70.5 232 233
bad18_3 243.5 451.5 18.0 66.5 69.5 232 234
bad18_4 242.5 451.5 16.3 67.5 68.5 233 233
bad18_5 242.5 445.5 17.2 67.5 64.5 235 234
bad18_6 240.5 449.5 16.6 69.5 67.5 232 234
bad19_1 244.5 453.5 16.9 65.5 70.5 232 232
bad19_2 243.5 443.5 18.1 66.5 63.5 235 236
bad19_3 242.5 451.5 18.5 67.5 68.5 232 232
bad19_4 243.5 443.5 17.7 66.5 63.5 232 235
bad19_5 239.5 452.5 16.7 70.5 69.5 232 233
bad19_6 246.5 445.5 17.9 63.5 62.5 233 233
bad20_1 243.5 448.5 17.3 66.5 64.5 231 235
bad20_2 243.5 443.5 16.3 66.5 60.5 232 233
bad20_3 241.5 444.5 17.2 68.5 61.5 232 233
bad20_4 241.5 454.5 17.0 67.5 71.5 231 232
bad20_5 245.5 455.5 16.9 65.5 85.5 233 246
bad20_6 243.5 453.5 16.5 65.5 70.5 231 233
bad21_1 245.5 446.5 16.9 64.5 64.5 232 232
bad21_2 250.5 443.5 19.9 61.5 65.5 233 237
bad21_3 247.5 445.5 15.8 63.5 67.5 233 237
bad21_4 245.5 444.5 16.9 64.5 64.5 231 236
bad21_5 246.5 441.5 17.2 65.5 61.5 235 235
bad21_6 245.5 437.5 17.4 64.5 57.5 232 235
bad22_1 241.5 451.5 16.9 67.5 69.5 232 234
bad22_2 244.5 451.5 15.8 65.5 68.5 232 232
bad22_3 241.5 449.5 17.7 67.5 66.5 234 233
bad22_4 245.5 448.5 15.8 64.5 66.5 231 234
bad22_5 247.5 446.5 17.8 62.5 69.5 233 238
bad22_6 243.5 448.5 17.2 67.5 65.5 233 232
bad23_1 239.5 450.5 18.8 68.5 66.5 230 232
bad23_2 238.5 452.5 17.4 70.5 68.5 231 232
bad23_3 238.5 450.5 17.2 70.5 67.5 234 233
bad23_4 240.5 455.5 15.8 68.5 71.5 232 232
bad23_5 241.5 454.5 16.6 68.5 71.5 233 233
bad23_6 238.5 455.5 18.5 70.5 72.5 232 233
bad24_1 241.5 452.5 17.4 69.5 69.5 234 232
bad24_2 241.5 454.5 15.6 69.5 72.5 234 233
bad24_3 239.5 453.5 16.8 70.5 72.5 232 235
bad24_4 240.5 449.5 16.3 70.5 67.5 233 233
bad24_5 241.5 453.5 16.8 68.5 71.5 233 233
bad24_6 238.5 448.5 16.8 71.5 66.5 232 233
bad25_1 241.5 451.5 17.9 68.5 69.5 232 234
bad25_2 242.5 451.5 17.4 67.5 68.5 233 233
bad25_3 244.5 454.5 15.8 66.5 73.5 233 235
bad25_4 244.5 444.5 17.9 65.5 61.5 232 233
bad25_5 241.5 440.5 17.4 68.5 58.5 233 234
bad25_6 244.5 443.5 17.7 64.5 60.5 231 232
bad26_1 241.5 450.5 17.7 68.5 68.5 234 233
bad26_2 244.5 454.5 16.9 66.5 71.5 233 233
bad26_3 241.5 450.5 17.2 70.5 70.5 235 236
bad26_4 245.5 443.5 16.3 65.5 61.5 233 234
bad26_5 245.5 447.5 17.2 64.5 65.5 232 234
bad26_6 243.5 439.5 18.5 67.5 59.5 233 234
bad27_1 236.5 453.5 16.9 72.5 71.5 232 234
bad27_2 239.5 448.5 17.9 70.5 69.5 234 237
bad27_3 238.5 450.5 17.7 70.5 67.5 231 232
bad27_4 240.5 454.5 15.8 68.5 75.5 232 236
bad27_5 241.5 452.5 16.6 69.5 69.5 233 232
bad27_6 239.5 454.5 16.8 68.5 71.5 233 232
bad28_1 244.5 445.5 16.1 67.5 65.5 233 235
bad28_2 241.5 448.5 16.3 67.5 93.5 231 260
bad28_3 243.5 448.5 16.6 67.5 66.5 233 232
bad28_4 243.5 448.5 20.2 67.5 67.5 235 234
bad28_5 242.5 442.5 18.0 67.5 62.5 232 235
bad28_6 242.5 449.5 16.9 67.5 67.5 232 233
bad29_1 246.5 448.5 18.5 64.5 71.5 234 239
bad29_2 246.5 448.5 16.9 64.5 65.5 233 233
bad29_3 243.5 448.5 16.9 65.5 64.5 232 232
bad29_4 243.5 446.5 17.4 65.5 64.5 232 235
bad29_5 243.5 445.5 16.3 65.5 62.5 231 233
bad29_6 245.5 442.5 17.4 64.5 58.5 233 232
bad30_1 238.5 452.5 16.9 72.5 72.5 233 236
bad30_2 239.5 452.5 15.5 70.5 70.5 232 233
bad30_3 238.5 449.5 16.7 72.5 67.5 233 234
bad30_4 239.5 457.5 16.3 71.5 75.5 233 234
bad30_5 242.5 456.5 16.9 67.5 73.5 232 232
bad30_6 242.5 453.5 17.1 67.5 71.5 232 234
bad31_1 238.5 451.5 15.8 72.5 68.5 233 232
bad31_2 240.5 448.5 17.9 71.5 70.5 230 237
bad31_3 234.5 455.5 16.7 75.5 72.5 232 233
bad31_4 239.5 451.5 19.1 69.5 70.5 232 235
bad31_5 236.5 452.5 20.2 73.5 69.5 232 232
bad31_6 240.5 451.5 20.1 70.5 69.5 234 233
bad32_1 238.5 450.5 20.1 71.5 68.5 233 234
bad32_2 239.5 450.5 16.9 69.5 67.5 232 233
bad32_3 240.5 451.5 16.6 70.5 67.5 233 232
bad32_4 239.5 455.5 16.7 70.5 72.5 233 233
bad32_5 238.5 453.5 17.4 71.5 70.5 232 232
bad32_6 240.5 456.5 17.4 69.5 73.5 232 233
bad33_1 248.5 444.5 17.2 62.5 62.5 233 234
bad33_2 243.5 442.5 17.2 66.5 59.5 232 233
bad33_3 242.5 443.5 17.1 66.5 61.5 231 234
bad33_4 243.5 451.5 15.6 66.5 68.5 232 233
bad33_5 242.5 451.5 18.8 66.5 70.5 231 235
bad33_6 244.5 452.5 17.8 66.5 68.5 233 233
bad34_1 240.5 450.5 16.9 69.5 68.5 232 234
bad34_2 243.5 451.5 17.2 66.5 68.5 232 233
bad34_3 242.5 450.5 16.3 67.5 67.5 232 233
bad34_4 244.5 449.5 16.3 63.5 66.5 230 233
bad34_5 245.5 451.5 17.2 64.5 67.5 232 232
bad34_6 245.5 450.5 17.2 64.5 67.5 232 233
bad35_1 245.5 456.5 15.6 64.5 74.5 231 234
bad35_2 257.5 449.5 17.9 52.5 67.5 234 234
bad35_3 244.5 450.5 16.0 66.5 68.5 233 234
bad35_4 240.5 448.5 18.0 69.5 66.5 232 234
bad35_5 241.5 450.5 15.6 68.5 69.5 232 235
bad35_6 244.5 450.5 16.9 65.5 67.5 232 233
bad36_1 242.5 449.5 15.8 68.5 67.5 233 233
bad36_2 243.5 448.5 16.0 68.5 69.5 233 237
bad36_3 239.5 448.5 16.9 71.5 66.5 233 234
bad36_4 244.5 450.5 16.6 66.5 70.5 233 236
bad36_5 243.5 457.5 17.2 66.5 74.5 232 233
bad36_6 249.5 448.5 17.0 64.5 72.5 236 239
bad37_1 241.5 451.5 16.9 68.5 67.5 232 232
bad37_2 240.5 454.5 16.0 81.5 71.5 245 239
bad37_3 246.5 443.5 21.3 62.5 59.5 232 232
bad37_4 241.5 453.5 17.7 69.5 70.5 231 233
bad37_5 233.5 456.5 16.8 74.5 72.5 230 232
bad37_6 240.5 452.5 16.9 69.5 68.5 231 231
bad38_1 241.5 453.5 18.0 68.5 70.5 233 233
bad38_2 240.5 453.5 17.7 69.5 76.5 235 238
bad38_3 242.5 450.5 17.1 67.5 68.5 232 234
bad38_4 239.5 449.5 17.2 68.5 66.5 231 233
bad38_5 240.5 446.5 16.9 70.5 67.5 234 236
bad38_6 243.5 447.5 16.9 66.5 65.5 232 234
bad39_1 246.5 449.5 17.7 64.5 69.5 235 235
bad39_2 243.5 448.5 16.9 65.5 69.5 232 233
bad39_3 244.5 445.5 18.5 67.5 65.5 234 232
bad39_4 244.5 436.5 17.2 67.5 58.5 236 235
bad39_5 244.5 443.5 18.5 65.5 64.5 232 234
bad39_6 241.5 452.5 20.2 69.5 73.5 238 235
bad40_1 238.5 455.5 16.7 71.5 73.5 232 233
bad40_2 240.5 456.5 18.0 68.5 73.5 232 232
bad40_3 242.5 456.5 16.9 67.5 73.5 232 233
bad40_4 252.5 447.5 16.8 56.5 65.5 232 234
bad40_5 238.5 449.5 17.9 70.5 67.5 232 233
bad40_6 253.5 445.5 16.6 55.5 62.5 231 233
bad41_1 240.5 448.5 16.3 69.5 66.5 232 236
bad41_2 242.5 451.5 18.1 67.5 69.5 235 234
bad41_3 239.5 449.5 16.9 70.5 67.5 233 234
bad41_4 241.5 452.5 18.2 68.5 69.5 233 233
bad41_5 240.5 455.5 16.8 70.5 72.5 233 233
bad41_6 241.5 451.5 17.4 69.5 69.5 233 234
bad42_1 245.5 446.5 16.8 63.5 64.5 234 233
bad42_2 244.5 445.5 16.7 66.5 65.5 233 234
bad42_3 242.5 445.5 16.8 66.5 63.5 230 234
bad42_4 248.5 447.5 18.0 60.5 66.5 231 234
bad42_5 247.5 448.5 16.6 61.5 66.5 232 233
bad42_6 253.5 444.5 17.7 55.5 62.5 231 233
bad43_1 241.5 442.5 17.4 68.5 59.5 232 233
bad43_2 246.5 445.5 17.7 63.5 62.5 232 233
bad43_3 247.5 446.5 15.8 63.5 63.5 233 233
bad43_4 244.5 452.5 17.7 65.5 69.5 232 234
bad43_5 242.5 450.5 17.7 67.5 67.5 232 233
bad43_6 242.5 451.5 17.4 67.5 72.5 233 237
bad44_1 236.5 456.5 16.9 73.5 76.5 231 236
bad44_2 237.5 452.5 17.4 72.5 69.5 233 233
bad44_3 237.5 451.5 16.9 71.5 68.5 231 232
bad44_4 235.5 452.5 19.1 72.5 69.5 231 233
bad44_5 239.5 454.5 16.9 71.5 71.5 233 232
bad44_6 239.5 453.5 16.9 70.5 70.5 233 232
bad45_1 241.5 453.5 17.7 68.5 74.5 231 236
bad45_2 239.5 452.5 16.7 70.5 72.5 235 235
bad45_3 237.5 452.5 15.8 72.5 72.5 233 236
bad45_4 241.5 451.5 15.8 67.5 72.5 231 236
bad45_5 239.5 452.5 16.6 70.5 72.5 231 235
bad45_6 244.5 451.5 16.6 65.5 69.5 232 233
bad46_1 241.5 450.5 16.5 68.5 68.5 232 234
bad46_2 242.5 452.5 16.9 67.5 69.5 232 232
bad46_3 242.5 449.5 16.9 68.5 67.5 233 234
bad46_4 244.5 451.5 16.5 65.5 68.5 233 232
bad46_5 240.5 450.5 16.0 67.5 68.5 233 233
bad46_6 251.5 449.5 17.9 58.5 69.5 233 236
bad47_1 249.5 448.5 15.4 61.5 68.5 233 234
bad47_2 251.5 444.5 22.4 59.5 62.5 234 234
bad47_3 251.5 446.5 18.0 59.5 66.5 235 235
bad47_4 248.5 440.5 16.9 62.5 59.5 233 234
bad47_5 246.5 442.5 17.1 64.5 60.5 233 233
bad47_6 249.5 441.5 18.1 62.5 60.5 234 231
bad48_1 242.5 445.5 17.8 67.5 62.5 233 233
bad48_2 243.5 443.5 16.6 66.5 61.5 232 233
bad48_3 245.5 445.5 17.7 64.5 62.5 232 234
bad48_4 241.5 452.5 16.6 69.5 69.5 233 233
bad48_5 243.5 451.5 16.9 66.5 68.5 233 233
bad48_6 243.5 453.5 16.3 66.5 71.5 233 234
bad49_1 241.5 454.5 17.4 67.5 72.5 231 234
bad49_2 245.5 452.5 15.8 63.5 68.5 232 232
bad49_3 243.5 452.5 16.3 67.5 69.5 234 233
bad49_4 242.5 445.5 16.3 68.5 61.5 233 232
bad49_5 245.5 448.5 16.0 64.5 65.5 232 233
bad49_6 242.5 442.5 18.2 67.5 59.5 232 234
bad50_1 242.5 454.5 17.8 67.5 71.5 233 233
bad50_2 239.5 456.5 17.4 69.5 73.5 232 233
bad50_3 241.5 455.5 17.9 68.5 72.5 234 233
bad50_4 238.5 449.5 16.6 71.5 66.5 232 233
bad50_5 238.5 451.5 16.9 70.5 73.5 232 238
bad50_6 237.5 453.5 16.9 72.5 69.5 233 232
bad51_1 245.5 440.5 18.0 66.5 57.5 235 233
bad51_2 242.5 442.5 18.0 67.5 59.5 232 233
bad51_3 240.5 444.5 18.5 69.5 63.5 234 235
bad51_4 245.5 450.5 16.9 64.5 69.5 233 235
bad51_5 241.5 452.5 16.6 68.5 75.5 235 239
bad51_6 243.5 451.5 17.2 67.5 71.5 234 235
bad52_1 242.5 454.5 19.1 64.5 71.5 229 233
bad52_2 241.5 453.5 15.8 65.5 70.5 229 232
bad52_3 241.5 451.5 16.9 65.5 68.5 229 232
bad52_4 239.5 445.5 17.4 68.5 64.5 233 234
bad52_5 240.5 444.5 17.7 67.5 61.5 231 234
bad52_6 237.5 449.5 15.8 69.5 69.5 229 235
bad53_1 247.5 445.5 19.0 68.5 75.5 237 245
bad53_2 241.5 443.5 18.8 68.5 68.5 232 240
bad53_3 243.5 446.5 18.5 66.5 67.5 232 235
bad53_4 247.5 445.5 16.7 63.5 67.5 231 232
bad53_5 246.5 446.5 16.9 64.5 65.5 234 234
bad53_6 247.5 444.5 16.1 62.5 64.5 233 234
bad54_1 251.5 444.5 18.5 57.5 61.5 231 233
bad54_2 240.5 441.5 18.0 69.5 61.5 232 235
bad54_3 243.5 443.5 17.2 67.5 61.5 233 233
bad54_4 242.5 454.5 17.1 67.5 72.5 233 235
bad54_5 244.5 449.5 16.8 65.5 66.5 235 233
bad54_6 242.5 452.5 18.0 67.5 70.5 235 234
bad55_1 242.5 451.5 19.1 69.5 69.5 233 234
bad55_2 239.5 450.5 20.2 71.5 68.5 233 233
bad55_3 240.5 456.5 15.8 71.5 74.5 234 233
bad55_4 241.5 452.5 18.1 70.5 69.5 238 232
bad55_5 236.5 450.5 17.7 73.5 68.5 232 234
bad55_6 238.5 457.5 15.8 71.5 76.5 232 235
bad56_1 246.5 447.5 15.8 63.5 65.5 232 233
bad56_2 246.5 454.5 16.8 63.5 72.5 232 234
bad56_3 240.5 449.5 15.8 69.5 70.5 232 236
bad56_4 244.5 447.5 19.8 65.5 65.5 232 233
bad56_5 244.5 449.5 17.7 64.5 67.5 232 234
bad56_6 239.5 446.5 19.1 70.5 63.5 232 232
bad57_1 234.5 456.5 15.8 75.5 74.5 233 233
bad57_2 237.5 453.5 16.7 72.5 70.5 232 233
bad57_3 239.5 456.5 18.0 73.5 73.5 231 233
bad57_4 241.5 452.5 15.5 68.5 69.5 231 233
bad57_5 237.5 457.5 15.6 71.5 74.5 232 233
bad57_6 239.5 453.5 16.2 69.5 70.5 232 232
bad58_1 241.5 443.5 17.2 67.5 61.5 234 234
bad58_2 242.5 454.5 16.9 68.5 72.5 233 233
bad58_3 241.5 447.5 17.9 68.5 65.5 236 233
bad58_4 240.5 452.5 19.1 70.5 72.5 233 235
bad58_5 239.5 453.5 16.7 68.5 72.5 233 235
bad58_6 238.5 448.5 19.6 71.5 69.5 233 236
bad59_1 244.5 444.5 18.0 67.5 62.5 234 231
bad59_2 242.5 446.5 16.9 67.5 67.5 232 236
bad59_3 239.5 444.5 16.9 70.5 64.5 232 234
bad59_4 246.5 452.5 16.8 63.5 72.5 232 235
bad59_5 245.5 449.5 17.7 64.5 67.5 235 233
bad59_6 244.5 450.5 16.8 66.5 71.5 233 235
bad60_1 241.5 449.5 16.9 67.5 66.5 231 233
bad60_2 243.5 447.5 17.2 66.5 65.5 232 233
bad60_3 240.5 447.5 17.4 69.5 64.5 233 234
bad60_4 241.5 453.5 15.8 67.5 73.5 231 236
bad60_5 240.5 453.5 16.6 67.5 70.5 232 232
bad60_6 242.5 451.5 16.9 66.5 69.5 231 234
bad61_1 250.5 451.5 16.9 58.5 73.5 231 238
bad61_2 242.5 450.5 16.6 67.5 67.5 233 233
bad61_3 243.5 450.5 16.6 65.5 70.5 232 236
bad61_4 240.5 451.5 16.9 69.5 68.5 233 233
bad61_5 241.5 451.5 18.1 68.5 74.5 234 239
bad61_6 240.5 450.5 18.0 67.5 68.5 231 234
bad62_1 241.5 449.5 17.4 67.5 66.5 231 232
bad62_2 239.5 448.5 17.3 70.5 65.5 233 233
bad62_3 241.5 447.5 16.3 67.5 64.5 231 234
bad62_4 241.5 452.5 16.9 68.5 69.5 232 233
bad62_5 240.5 452.5 16.3 68.5 69.5 233 232
bad62_6 241.5 452.5 16.9 66.5 74.5 232 238
bad63_1 240.5 452.5 17.4 68.5 69.5 232 233
bad63_2 241.5 451.5 16.6 67.5 68.5 232 233
bad63_3 239.5 448.5 18.8 69.5 68.5 232 236
bad63_4 242.5 450.5 17.2 66.5 67.5 232 233
bad63_5 243.5 451.5 16.6 66.5 69.5 233 235
bad63_6 258.5 450.5 17.2 50.5 67.5 231 233
bad64_1 245.5 455.5 16.8 63.5 73.5 232 234
bad64_2 246.5 449.5 17.6 63.5 66.5 233 233
bad64_3 243.5 451.5 17.4 64.5 68.5 231 233
bad64_4 240.5 439.5 17.2 68.5 56.5 231 233
bad64_5 243.5 443.5 17.4 66.5 62.5 232 235
bad64_6 245.5 442.5 16.3 63.5 59.5 232 233
bad65_1 240.5 452.5 16.8 68.5 70.5 233 234
bad65_2 242.5 455.5 17.4 67.5 75.5 233 236
bad65_3 240.5 452.5 17.3 69.5 70.5 233 234
bad65_4 242.5 451.5 17.2 68.5 68.5 233 233
bad65_5 241.5 450.5 17.7 70.5 68.5 234 234
bad65_6 238.5 448.5 17.3 70.5 66.5 233 234
bad66_1 239.5 444.5 16.3 70.5 63.5 232 235
bad66_2 239.5 447.5 15.5 70.5 64.5 232 232
bad66_3 242.5 445.5 17.4 68.5 62.5 233 232
bad66_4 247.5 451.5 18.0 64.5 68.5 235 232
bad66_5 248.5 448.5 18.8 61.5 66.5 231 234
bad66_6 245.5 450.5 15.8 64.5 67.5 233 233
bad67_1 240.5 450.5 16.6 70.5 67.5 234 233
bad67_2 240.5 451.5 15.8 67.5 69.5 232 234
bad67_3 244.5 449.5 17.9 66.5 66.5 234 234
bad67_4 241.5 453.5 16.3 67.5 70.5 231 233
bad67_5 248.5 448.5 15.5 64.5 65.5 234 233
bad67_6 241.5 451.5 16.0 69.5 72.5 233 237
bad68_1 241.5 450.5 21.3 68.5 70.5 233 235
bad68_2 239.5 453.5 16.7 70.5 71.5 236 233
bad68_3 243.5 443.5 16.3 67.5 64.5 234 236
bad68_4 240.5 446.5 18.0 70.5 67.5 234 236
bad68_5 249.5 447.5 18.0 60.5 66.5 232 234
bad68_6 240.5 453.5 17.4 70.5 74.5 232 236
bad69_1 241.5 453.5 16.6 69.5 71.5 235 233
bad69_2 239.5 454.5 16.6 69.5 74.5 231 235
bad69_3 243.5 448.5 20.2 67.5 65.5 233 232
bad69_4 238.5 448.5 17.7 70.5 67.5 232 234
bad69_5 242.5 452.5 16.9 67.5 74.5 232 237
bad69_6 239.5 450.5 16.6 72.5 67.5 234 231
bad70_1 245.5 451.5 16.0 65.5 70.5 234 234
bad70_2 244.5 451.5 16.6 62.5 69.5 229 235
bad70_3 243.5 452.5 15.8 64.5 69.5 233 232
bad70_4 240.5 445.5 16.9 67.5 64.5 230 234
bad70_5 238.5 445.5 17.7 70.5 62.5 231 231
bad70_6 242.5 445.5 16.3 67.5 61.5 232 232

