good1_1 17.2 136.0 312.0 901.0 26 65.5 69.5 231 231
good1_2 18.3 189.0 281.0 901.0 20 67.5 63.5 230 231
good1_3 17.2 155.0 515.0 901.0 22 61.5 66.5 229 231
good1_4 18.3 141.0 373.0 901.0 25 67.5 60.5 231 231
good1_5 17.2 104.0 176.0 901.0 22 68.5 69.5 232 230
good1_6 17.2 249.0 349.0 901.0 23 66.5 65.5 230 230
good2_1 17.2 189.0 525.0 901.0 23 66.5 65.5 229 229
good2_2 18.3 286.0 442.0 901.0 21 63.5 64.5 229 229
good2_3 18.3 146.0 426.0 901.0 20 66.5 69.5 230 230
good2_4 17.2 200.0 288.0 901.0 21 65.5 64.5 228 230
good2_5 17.2 93.0 281.0 901.0 24 64.5 69.5 230 229
good2_6 17.2 181.0 265.0 901.0 26 66.5 66.5 229 230
good3_1 17.2 185.0 469.0 901.0 22 68.5 68.5 230 230
good3_2 18.3 311.0 547.0 901.0 21 62.5 63.5 232 229
good3_3 18.3 143.0 351.0 901.0 23 68.5 69.5 230 231
good3_4 18.2 231.0 443.0 901.0 21 66.5 63.5 231 229
good3_5 18.3 114.0 370.0 901.0 24 62.5 66.5 230 230
good3_6 17.2 269.0 417.0 901.0 21 66.5 65.5 230 231
good4_1 17.2 135.0 319.0 901.0 20 65.5 68.5 230 229
good4_2 17.2 214.0 322.0 901.0 19 66.5 65.5 231 229
good4_3 17.2 130.0 330.0 901.0 19 64.5 68.5 230 229
good4_4 17.2 175.0 355.0 901.0 22 67.5 65.5 229 230
good4_5 18.3 120.0 376.0 901.0 20 67.5 65.5 230 227
good4_6 17.2 264.0 496.0 901.0 22 69.5 60.5 230 228
good5_1 17.2 111.0 223.0 901.0 24 65.5 67.5 230 230
good5_2 18.3 340.0 652.0 901.0 20 66.5 62.5 230 230
good5_3 17.2 120.0 436.0 901.0 20 63.5 70.5 230 232
good5_4 18.3 311.0 675.0 901.0 24 65.5 61.5 230 231
good5_5 17.2 179.0 323.0 901.0 24 67.5 67.5 230 230
good5_6 17.2 239.0 527.0 901.0 23 68.5 61.5 231 230
good6_1 17.2 221.0 405.0 901.0 17 67.5 65.5 231 229
good6_2 18.3 124.0 248.0 901.0 21 69.5 66.5 230 230
good6_3 17.2 167.0 263.0 901.0 21 68.5 68.5 231 229
good6_4 17.2 134.0 302.0 901.0 21 70.5 66.5 231 230
good6_5 17.2 110.0 282.0 901.0 19 62.5 66.5 230 229
good6_6 17.2 192.0 228.0 901.0 18 66.5 64.5 232 229
good7_1 17.2 187.0 455.0 901.0 17 68.5 69.5 229 230
good7_2 18.3 172.0 340.0 901.0 21 66.5 63.5 230 229
good7_3 18.3 103.0 215.0 901.0 24 66.5 70.5 230 231
good7_4 17.2 200.0 432.0 901.0 22 67.5 58.5 232 230
good7_5 17.2 216.0 508.0 901.0 23 67.5 68.5 230 230
good7_6 17.2 172.0 404.0 901.0 20 66.5 62.5 229 231
good8_1 17.2 111.0 215.0 901.0 24 68.5 69.5 232 229
good8_2 17.2 182.0 350.0 901.0 20 67.5 64.5 231 230
good8_3 17.2 133.0 413.0 901.0 22 66.5 69.5 231 231
good8_4 17.2 225.0 473.0 901.0 21 66.5 59.5 232 229
good8_5 17.2 149.0 241.0 901.0 21 68.5 67.5 230 230
good8_6 17.2 188.0 384.0 901.0 23 68.5 61.5 231 231
good9_1 17.2 152.0 244.0 901.0 22 67.5 69.5 230 231
good9_2 18.3 241.0 489.0 901.0 25 68.5 64.5 231 230
good9_3 17.2 113.0 309.0 901.0 22 62.5 68.5 230 231
good9_4 18.3 209.0 573.0 901.0 24 66.5 62.5 230 230
good9_5 17.2 201.0 257.0 901.0 23 67.5 68.5 230 230
good9_6 17.2 200.0 476.0 901.0 23 67.5 62.5 231 231
good10_1 17.2 192.0 336.0 901.0 21 65.5 64.5 230 229
good10_2 17.2 325.0 661.0 901.0 18 63.5 64.5 231 230
good10_3 17.2 246.0 422.0 901.0 23 67.5 68.5 231 228
good10_4 17.2 213.0 357.0 901.0 21 67.5 65.5 230 230
good10_5 18.3 83.0 159.0 901.0 26 62.5 67.5 231 229
good10_6 17.2 292.0 376.0 901.0 24 67.5 64.5 231 229
good11_1 17.2 182.0 382.0 901.0 21 68.5 64.5 230 229
good11_2 17.2 350.0 606.0 901.0 23 61.5 65.5 230 230
good11_3 17.2 225.0 697.0 901.0 23 68.5 69.5 232 228
good11_4 17.2 211.0 375.0 901.0 19 66.5 65.5 231 230
good11_5 18.3 138.0 346.0 901.0 24 60.5 69.5 230 228
good11_6 17.2 284.0 560.0 901.0 21 66.5 66.5 230 229
good12_1 18.3 252.0 400.0 901.0 22 65.5 65.5 230 231
good12_2 18.3 353.0 669.0 901.0 19 62.5 62.5 229 230
good12_3 17.2 180.0 308.0 901.0 22 67.5 67.5 231 230
good12_4 17.2 296.0 460.0 901.0 18 65.5 64.5 230 231
good12_5 17.2 92.0 200.0 901.0 21 65.5 66.5 231 229
good12_6 17.2 199.0 295.0 901.0 19 66.5 64.5 230 230
good13_1 17.2 99.0 219.0 901.0 23 65.5 68.5 231 230
good13_2 18.3 143.0 235.0 901.0 21 66.5 65.5 231 231
good13_3 17.2 119.0 331.0 901.0 22 64.5 69.5 231 230
good13_4 18.3 209.0 441.0 901.0 17 66.5 66.5 229 232
good13_5 18.3 211.0 455.0 901.0 20 68.5 67.5 231 229
good13_6 17.2 245.0 521.0 901.0 22 66.5 58.5 231 230
good14_1 17.2 242.0 386.0 901.0 24 66.5 64.5 233 229
good14_2 18.3 391.0 751.0 901.0 25 64.5 64.5 230 230
good14_3 17.2 199.0 403.0 901.0 19 67.5 66.5 230 229
good14_4 17.2 197.0 441.0 901.0 19 67.5 66.5 231 229
good14_5 17.2 135.0 387.0 901.0 21 64.5 67.5 231 229
good14_6 17.2 197.0 397.0 901.0 22 66.5 64.5 232 230
good15_1 17.2 281.0 581.0 901.0 22 64.5 64.5 231 229
good15_2 18.3 172.0 360.0 901.0 25 67.5 66.5 230 230
good15_3 18.3 168.0 248.0 901.0 23 67.5 68.5 231 229
good15_4 17.2 123.0 207.0 901.0 25 68.5 65.5 230 229
good15_5 17.2 112.0 344.0 901.0 23 63.5 67.5 231 229
good15_6 18.3 206.0 426.0 901.0 23 65.5 63.5 230 229
good16_1 17.2 206.0 350.0 901.0 22 66.5 65.5 230 230
good16_2 17.2 231.0 407.0 901.0 24 68.5 67.5 231 231
good16_3 18.3 175.0 371.0 901.0 22 68.5 67.5 232 230
good16_4 18.3 129.0 205.0 901.0 23 70.5 65.5 231 231
good16_5 17.2 104.0 284.0 901.0 24 64.5 68.5 232 228
good16_6 17.2 205.0 361.0 901.0 25 67.5 64.5 232 230
good17_1 17.2 272.0 684.0 901.0 22 66.5 67.5 230 229
good17_2 17.2 344.0 800.0 901.0 24 63.5 66.5 232 229
good17_3 17.2 147.0 243.0 901.0 20 67.5 68.5 229 230
good17_4 17.2 264.0 524.0 901.0 25 67.5 64.5 231 229
good17_5 17.2 130.0 314.0 901.0 22 64.5 68.5 230 231
good17_6 18.3 241.0 549.0 901.0 25 67.5 64.5 230 230
good18_1 18.3 106.0 334.0 901.0 24 66.5 67.5 230 230
good18_2 17.2 154.0 254.0 901.0 22 65.5 64.5 230 231
good18_3 18.3 124.0 292.0 901.0 20 63.5 68.5 230 231
good18_4 18.3 212.0 440.0 901.0 24 66.5 61.5 230 230
good18_5 17.2 125.0 189.0 901.0 20 68.5 70.5 230 230
good18_6 17.2 162.0 358.0 901.0 22 67.5 65.5 231 231
good19_1 18.3 228.0 464.0 901.0 19 65.5 65.5 230 232
good19_2 18.3 274.0 442.0 901.0 24 63.5 63.5 230 230
good19_3 18.3 155.0 435.0 901.0 21 67.5 66.5 231 231
good19_4 17.2 206.0 342.0 901.0 20 66.5 66.5 230 232
good19_5 18.3 117.0 221.0 901.0 26 63.5 67.5 230 230
good19_6 18.3 253.0 445.0 901.0 22 67.5 65.5 231 231
good20_1 17.2 145.0 413.0 901.0 20 67.5 68.5 230 230
good20_2 18.3 217.0 457.0 901.0 22 66.5 65.5 230 230
good20_3 17.2 161.0 545.0 901.0 19 62.5 68.5 230 230
good20_4 17.2 186.0 374.0 901.0 22 66.5 60.5 229 230
good20_5 18.3 173.0 297.0 901.0 20 68.5 69.5 230 229
good20_6 17.2 212.0 476.0 901.0 23 69.5 66.5 230 230
good21_1 18.3 274.0 590.0 901.0 20 66.5 66.5 229 230
good21_2 17.2 248.0 364.0 901.0 17 62.5 65.5 229 231
good21_3 18.3 138.0 290.0 901.0 19 68.5 66.5 229 230
good21_4 17.2 282.0 514.0 901.0 23 66.5 64.5 229 230
good21_5 17.2 84.0 240.0 901.0 20 65.5 70.5 230 230
good21_6 18.3 269.0 653.0 901.0 22 67.5 67.5 230 231
good22_1 17.2 298.0 566.0 901.0 22 68.5 71.5 231 230
good22_2 18.3 349.0 513.0 901.0 23 63.5 62.5 232 229
good22_3 17.2 135.0 175.0 901.0 21 68.5 71.5 230 230
good22_4 17.2 193.0 265.0 901.0 19 66.5 64.5 231 231
good22_5 17.2 163.0 547.0 901.0 21 62.5 68.5 230 232
good22_6 17.2 226.0 442.0 901.0 19 66.5 64.5 231 231
good23_1 17.2 90.0 314.0 901.0 21 67.5 68.5 232 229
good23_2 17.2 126.0 218.0 901.0 23 66.5 66.5 230 231
good23_3 17.2 144.0 392.0 901.0 24 64.5 68.5 230 229
good23_4 17.2 99.0 199.0 901.0 22 67.5 66.5 230 231
good23_5 18.3 246.0 506.0 901.0 22 67.5 66.5 230 229
good23_6 17.2 217.0 473.0 901.0 23 66.5 59.5 233 230
good24_1 17.2 136.0 364.0 901.0 22 67.5 68.5 231 231
good24_2 17.2 190.0 470.0 901.0 20 64.5 63.5 230 228
good24_3 17.2 89.0 285.0 901.0 20 67.5 69.5 230 231
good24_4 17.2 119.0 263.0 901.0 23 66.5 65.5 231 230
good24_5 17.2 115.0 275.0 901.0 23 63.5 69.5 229 231
good24_6 17.2 149.0 321.0 901.0 26 67.5 65.5 230 232
good25_1 17.2 199.0 435.0 901.0 21 65.5 67.5 230 230
good25_2 17.2 214.0 554.0 901.0 25 67.5 62.5 230 229
good25_3 18.3 157.0 457.0 901.0 18 64.5 70.5 230 231
good25_4 17.2 221.0 473.0 901.0 18 67.5 59.5 230 228
good25_5 17.2 127.0 207.0 901.0 25 66.5 68.5 231 231
good25_6 18.3 222.0 518.0 901.0 23 67.5 62.5 230 231
good26_1 18.3 156.0 392.0 901.0 21 64.5 68.5 230 229
good26_2 18.3 256.0 464.0 901.0 20 67.5 62.5 230 230
good26_3 17.2 142.0 474.0 901.0 22 61.5 69.5 231 229
good26_4 17.2 206.0 474.0 901.0 19 65.5 61.5 230 231
good26_5 18.3 117.0 161.0 901.0 17 66.5 68.5 232 229
good26_6 17.2 203.0 439.0 901.0 20 64.5 57.5 231 230
good27_1 17.2 173.0 509.0 901.0 22 67.5 68.5 229 230
good27_2 17.2 339.0 1367.0 901.0 18 64.5 66.5 229 230
good27_3 17.2 214.0 718.0 901.0 22 66.5 68.5 230 231
good27_4 18.3 298.0 1030.0 901.0 19 67.5 64.5 230 230
good27_5 17.2 126.0 426.0 901.0 23 65.5 68.5 230 230
good27_6 18.3 209.0 485.0 901.0 22 66.5 66.5 230 231
good28_1 17.2 128.0 208.0 901.0 22 65.5 70.5 230 229
good28_2 17.2 241.0 709.0 901.0 23 65.5 64.5 230 229
good28_3 18.3 196.0 364.0 901.0 24 64.5 67.5 232 229
good28_4 17.2 291.0 935.0 901.0 21 67.5 61.5 231 230
good28_5 17.2 182.0 458.0 901.0 25 67.5 69.5 231 229
good28_6 18.3 175.0 411.0 901.0 22 65.5 61.5 231 229
good29_1 18.3 160.0 356.0 901.0 24 68.5 67.5 229 230
good29_2 17.2 229.0 609.0 901.0 19 64.5 65.5 229 229
good29_3 18.3 168.0 388.0 901.0 23 68.5 67.5 230 229
good29_4 17.2 227.0 563.0 901.0 22 66.5 64.5 230 229
good29_5 17.2 129.0 261.0 901.0 21 63.5 70.5 229 230
good29_6 17.2 226.0 314.0 901.0 22 65.5 65.5 229 230
good30_1 17.2 283.0 719.0 901.0 24 66.5 66.5 231 230
good30_2 18.3 271.0 535.0 901.0 20 63.5 64.5 232 230
good30_3 17.2 149.0 241.0 901.0 25 67.5 68.5 230 230
good30_4 17.2 146.0 266.0 901.0 24 66.5 63.5 232 229
good30_5 18.3 109.0 241.0 901.0 21 62.5 67.5 229 231
good30_6 18.2 194.0 442.0 901.0 23 66.5 64.5 230 231
good31_1 17.2 118.0 294.0 901.0 24 64.5 68.5 231 231
good31_2 17.2 187.0 359.0 901.0 19 65.5 63.5 229 231
good31_3 17.2 164.0 512.0 901.0 22 62.5 69.5 230 231
good31_4 17.2 193.0 293.0 901.0 22 65.5 60.5 230 230
good31_5 18.3 137.0 353.0 901.0 22 68.5 67.5 231 230
good31_6 18.3 207.0 419.0 901.0 16 66.5 60.5 231 230
good32_1 17.2 49.0 109.0 901.0 20 65.5 69.5 232 230
good32_2 18.3 175.0 339.0 901.0 21 66.5 63.5 230 230
good32_3 17.2 124.0 316.0 901.0 18 63.5 68.5 230 229
good32_4 18.3 161.0 393.0 901.0 19 67.5 67.5 231 232
good32_5 17.2 142.0 370.0 901.0 23 65.5 68.5 230 230
good32_6 17.2 218.0 478.0 901.0 23 65.5 61.5 231 231
good33_1 17.2 139.0 395.0 901.0 19 66.5 69.5 230 230
good33_2 17.2 279.0 895.0 901.0 20 67.5 64.5 230 230
good33_3 17.2 82.0 182.0 901.0 20 64.5 69.5 230 229
good33_4 17.2 251.0 623.0 901.0 23 67.5 60.5 229 229
good33_5 18.3 146.0 382.0 901.0 20 66.5 69.5 230 230
good33_6 17.2 252.0 620.0 901.0 21 65.5 61.5 230 231
good34_1 17.2 136.0 284.0 901.0 20 65.5 69.5 230 231
good34_2 17.2 129.0 229.0 901.0 18 66.5 64.5 230 231
good34_3 18.3 156.0 340.0 901.0 23 63.5 67.5 230 231
good34_4 17.2 167.0 355.0 901.0 21 67.5 60.5 231 231
good34_5 17.2 256.0 480.0 901.0 22 68.5 69.5 231 232
good34_6 17.2 214.0 442.0 901.0 19 66.5 60.5 231 231
good35_1 18.3 181.0 409.0 901.0 23 66.5 65.5 229 231
good35_2 17.2 334.0 810.0 901.0 18 63.5 65.5 229 230
good35_3 18.3 118.0 234.0 901.0 23 66.5 68.5 230 232
good35_4 17.2 206.0 622.0 901.0 20 65.5 65.5 230 231
good35_5 17.2 168.0 476.0 901.0 22 63.5 69.5 230 231
good35_6 17.2 260.0 680.0 901.0 20 66.5 65.5 230 230
good36_1 17.2 121.0 201.0 901.0 25 68.5 69.5 230 231
good36_2 17.2 265.0 701.0 901.0 21 65.5 64.5 230 230
good36_3 17.1 106.0 318.0 901.0 21 67.5 70.5 230 231
good36_4 17.2 211.0 487.0 901.0 21 68.5 60.5 230 229
good36_5 18.3 114.0 222.0 901.0 24 67.5 67.5 230 231
good36_6 17.2 237.0 621.0 901.0 25 67.5 62.5 229 232
good37_1 17.2 255.0 691.0 901.0 25 66.5 63.5 231 230
good37_2 17.2 271.0 507.0 901.0 17 63.5 64.5 233 229
good37_3 17.2 206.0 454.0 901.0 23 69.5 70.5 232 232
good37_4 18.3 244.0 568.0 901.0 22 66.5 66.5 233 230
good37_5 17.2 187.0 387.0 901.0 21 60.5 68.5 229 231
good37_6 17.2 309.0 653.0 901.0 26 65.5 65.5 230 230
good38_1 18.3 146.0 370.0 901.0 21 68.5 68.5 230 231
good38_2 17.2 152.0 356.0 901.0 23 65.5 63.5 230 229
good38_3 17.2 165.0 449.0 901.0 21 68.5 70.5 232 232
good38_4 17.2 228.0 504.0 901.0 19 66.5 61.5 232 230
good38_5 17.2 136.0 228.0 901.0 23 67.5 69.5 231 230
good38_6 18.3 191.0 391.0 901.0 26 65.5 61.5 230 231
good39_1 17.2 77.0 193.0 901.0 18 66.5 68.5 230 230
good39_2 17.2 301.0 813.0 901.0 24 64.5 64.5 231 230
good39_3 17.2 76.0 160.0 901.0 25 65.5 69.5 230 230
good39_4 17.2 264.0 748.0 901.0 19 68.5 64.5 233 230
good39_5 17.2 130.0 362.0 901.0 22 65.5 69.5 230 231
good39_6 18.3 177.0 361.0 901.0 23 65.5 65.5 229 231
good40_1 18.3 176.0 396.0 901.0 21 66.5 68.5 230 231
good40_2 17.2 182.0 474.0 901.0 17 67.5 62.5 230 231
good40_3 17.2 213.0 425.0 901.0 20 63.5 65.5 230 231
good40_4 18.3 236.0 648.0 901.0 18 66.5 60.5 231 231
good40_5 17.2 182.0 326.0 901.0 22 66.5 69.5 230 232
good40_6 17.2 190.0 390.0 901.0 22 64.5 60.5 230 230
good41_1 17.2 123.0 323.0 901.0 20 67.5 70.5 231 231
good41_2 18.3 217.0 401.0 901.0 23 63.5 63.5 231 229
good41_3 18.3 126.0 362.0 901.0 20 67.5 70.5 230 231
good41_4 18.3 133.0 325.0 901.0 21 65.5 65.5 230 230
good41_5 18.3 125.0 245.0 901.0 21 63.5 67.5 229 231
good41_6 17.2 116.0 328.0 901.0 20 65.5 65.5 230 231
good42_1 18.3 220.0 556.0 901.0 21 66.5 67.5 229 230
good42_2 18.3 203.0 407.0 901.0 23 63.5 68.5 230 231
good42_3 17.2 122.0 298.0 901.0 20 63.5 70.5 230 230
good42_4 17.2 147.0 287.0 901.0 24 67.5 66.5 229 231
good42_5 17.2 131.0 279.0 901.0 17 66.5 69.5 230 231
good42_6 17.2 180.0 400.0 901.0 20 67.5 64.5 230 230
good43_1 18.3 102.0 266.0 901.0 19 65.5 70.5 230 232
good43_2 17.2 164.0 372.0 901.0 21 66.5 64.5 230 231
good43_3 17.2 85.0 221.0 901.0 17 62.5 68.5 231 233
good43_4 18.3 237.0 465.0 901.0 21 65.5 61.5 230 232
good43_5 17.2 114.0 206.0 901.0 24 68.5 67.5 231 231
good43_6 17.2 202.0 450.0 901.0 20 67.5 61.5 230 231
good44_1 17.2 215.0 627.0 901.0 19 67.5 64.5 231 229
good44_2 18.3 233.0 481.0 901.0 22 64.5 66.5 230 230
good44_3 17.2 171.0 531.0 901.0 22 67.5 68.5 231 230
good44_4 17.2 203.0 619.0 901.0 19 66.5 65.5 229 230
good44_5 18.3 79.0 195.0 901.0 24 63.5 69.5 230 230
good44_6 17.2 130.0 162.0 901.0 23 65.5 63.5 230 229
good45_1 17.2 148.0 364.0 901.0 19 65.5 68.5 230 232
good45_2 17.2 119.0 215.0 901.0 20 66.5 64.5 232 230
good45_3 17.2 180.0 568.0 901.0 22 63.5 67.5 230 231
good45_4 17.2 189.0 349.0 901.0 21 64.5 61.5 232 230
good45_5 17.2 129.0 249.0 901.0 19 65.5 68.5 230 231
good45_6 18.3 229.0 457.0 901.0 23 66.5 61.5 231 231
good46_1 17.2 275.0 723.0 901.0 24 65.5 63.5 229 230
good46_2 17.1 290.0 766.0 901.0 21 60.5 66.5 230 231
good46_3 17.2 250.0 594.0 901.0 22 68.5 68.5 230 230
good46_4 17.2 277.0 897.0 901.0 17 67.5 65.5 229 232
good46_5 18.3 135.0 343.0 901.0 21 63.5 69.5 230 230
good46_6 17.2 273.0 881.0 901.0 19 70.5 65.5 230 230
good47_1 17.2 118.0 270.0 901.0 24 68.5 66.5 231 229
good47_2 17.2 203.0 559.0 901.0 22 64.5 67.5 230 229
good47_3 18.3 230.0 586.0 901.0 21 65.5 68.5 231 229
good47_4 17.2 206.0 458.0 901.0 23 67.5 66.5 230 230
good47_5 18.3 166.0 334.0 901.0 22 63.5 69.5 230 229
good47_6 17.2 162.0 230.0 901.0 22 66.5 62.5 230 228
good48_1 17.2 231.0 571.0 901.0 19 68.5 65.5 230 231
good48_2 17.2 200.0 476.0 901.0 19 63.5 67.5 229 231
good48_3 17.2 271.0 747.0 901.0 23 68.5 69.5 230 230
good48_4 17.2 200.0 516.0 901.0 22 67.5 66.5 230 231
good48_5 18.3 177.0 561.0 901.0 24 64.5 69.5 230 230
good48_6 17.2 202.0 490.0 901.0 29 67.5 66.5 230 231
good49_1 17.2 158.0 362.0 901.0 21 64.5 65.5 229 231
good49_2 17.2 171.0 387.0 901.0 19 62.5 64.5 231 229
good49_3 18.3 151.0 319.0 901.0 24 67.5 67.5 230 230
good49_4 17.2 244.0 488.0 901.0 23 67.5 66.5 232 231
good49_5 17.2 141.0 449.0 901.0 19 63.5 68.5 230 232
good49_6 17.2 155.0 267.0 901.0 22 66.5 64.5 230 232
good50_1 17.2 141.0 305.0 901.0 21 65.5 68.5 232 230
good50_2 18.3 242.0 622.0 901.0 16 67.5 68.5 231 232
good50_3 17.2 152.0 360.0 901.0 22 63.5 67.5 232 228
good50_4 17.2 117.0 329.0 901.0 22 67.5 64.5 231 231
good50_5 17.2 201.0 749.0 901.0 22 66.5 68.5 231 230
good50_6 18.3 196.0 464.0 901.0 20 67.5 60.5 232 230
good51_1 18.3 162.0 358.0 901.0 22 66.5 65.5 230 231
good51_2 17.2 291.0 731.0 901.0 22 63.5 64.5 231 230
good51_3 17.2 154.0 354.0 901.0 24 68.5 67.5 231 231
good51_4 18.3 211.0 431.0 901.0 25 66.5 64.5 231 230
good51_5 18.3 272.0 580.0 901.0 20 62.5 68.5 230 231
good51_6 17.2 189.0 469.0 901.0 24 66.5 66.5 229 232
good52_1 17.2 97.0 213.0 901.0 24 65.5 68.5 231 229
good52_2 17.2 222.0 482.0 901.0 21 66.5 65.5 231 230
good52_3 18.3 162.0 466.0 901.0 20 64.5 67.5 231 229
good52_4 17.2 203.0 411.0 901.0 21 66.5 62.5 230 231
good52_5 18.3 153.0 345.0 901.0 23 66.5 67.5 230 230
good52_6 18.3 244.0 480.0 901.0 22 66.5 61.5 231 230
good53_1 17.2 201.0 497.0 901.0 20 66.5 64.5 230 231
good53_2 17.2 345.0 877.0 901.0 24 61.5 65.5 229 231
good53_3 17.2 115.0 303.0 901.0 24 67.5 66.5 230 231
good53_4 17.2 206.0 314.0 901.0 24 65.5 65.5 229 231
good53_5 17.2 150.0 354.0 901.0 23 63.5 69.5 230 230
good53_6 17.2 130.0 278.0 901.0 19 67.5 64.5 230 231
good54_1 18.3 132.0 436.0 901.0 23 67.5 69.5 231 231
good54_2 18.3 287.0 747.0 901.0 19 65.5 65.5 229 231
good54_3 17.2 242.0 666.0 901.0 25 64.5 67.5 231 231
good54_4 17.2 193.0 441.0 901.0 21 65.5 61.5 231 231
good54_5 17.2 217.0 681.0 901.0 22 66.5 70.5 231 231
good54_6 17.2 240.0 636.0 901.0 24 68.5 65.5 231 230
good55_1 18.3 179.0 443.0 901.0 23 64.5 69.5 230 230
good55_2 17.2 215.0 467.0 901.0 21 67.5 64.5 229 231
good55_3 17.2 174.0 350.0 901.0 26 62.5 69.5 229 231
good55_4 18.3 267.0 623.0 901.0 22 66.5 59.5 230 232
good55_5 18.3 186.0 538.0 901.0 21 67.5 66.5 230 231
good55_6 17.2 199.0 487.0 901.0 21 67.5 61.5 230 229
good56_1 17.1 241.0 669.0 901.0 21 67.5 64.5 233 230
good56_2 18.3 153.0 349.0 901.0 20 67.5 65.5 231 231
good56_3 17.2 194.0 386.0 901.0 22 66.5 68.5 231 229
good56_4 17.2 148.0 252.0 901.0 20 68.5 65.5 230 230
good56_5 17.2 191.0 467.0 901.0 22 65.5 67.5 232 231
good56_6 18.3 202.0 458.0 901.0 21 67.5 64.5 233 230
good57_1 18.3 244.0 528.0 901.0 22 66.5 62.5 230 232
good57_2 18.3 271.0 519.0 901.0 19 64.5 64.5 230 232
good57_3 18.3 160.0 456.0 901.0 24 67.5 65.5 229 232
good57_4 17.2 146.0 366.0 901.0 23 67.5 66.5 230 232
good57_5 17.2 88.0 280.0 901.0 23 68.5 71.5 231 231
good57_6 17.2 158.0 354.0 901.0 18 69.5 66.5 230 230
good58_1 18.3 172.0 392.0 901.0 19 66.5 66.5 230 230
good58_2 17.2 214.0 462.0 901.0 19 62.5 64.5 231 230
good58_3 18.2 94.0 226.0 901.0 17 65.5 68.5 230 230
good58_4 18.3 155.0 511.0 901.0 20 65.5 65.5 231 229
good58_5 17.2 210.0 474.0 901.0 23 64.5 67.5 230 231
good58_6 17.2 192.0 448.0 901.0 23 67.5 65.5 230 231
good59_1 17.2 120.0 328.0 901.0 19 66.5 68.5 230 232
good59_2 18.3 289.0 673.0 901.0 23 66.5 63.5 229 231
good59_3 17.2 163.0 511.0 901.0 24 65.5 70.5 230 231
good59_4 18.3 287.0 667.0 901.0 19 67.5 62.5 230 232
good59_5 17.2 157.0 325.0 901.0 19 68.5 69.5 231 231
good59_6 17.2 200.0 452.0 901.0 22 70.5 65.5 230 231
good60_1 17.2 266.0 818.0 901.0 21 68.5 65.5 231 230
good60_2 17.2 255.0 675.0 901.0 21 63.5 62.5 231 229
good60_3 18.3 256.0 860.0 901.0 16 68.5 68.5 230 231
good60_4 18.3 266.0 934.0 901.0 25 65.5 63.5 231 229
good60_5 17.2 319.0 987.0 901.0 17 64.5 68.5 230 231
good60_6 17.2 192.0 492.0 901.0 19 66.5 64.5 230 232
good61_1 17.2 166.0 370.0 901.0 23 65.5 63.5 231 231
good61_2 17.2 214.0 678.0 901.0 21 63.5 62.5 231 231
good61_3 17.2 123.0 291.0 901.0 25 66.5 68.5 230 233
good61_4 17.2 242.0 574.0 901.0 17 64.5 65.5 230 231
good61_5 17.2 110.0 314.0 901.0 22 65.5 68.5 230 230
good61_6 18.3 95.0 215.0 901.0 21 67.5 65.5 230 230
good62_1 17.2 113.0 233.0 901.0 23 64.5 68.5 229 229
good62_2 18.3 228.0 480.0 901.0 20 69.5 61.5 231 229
good62_3 18.3 196.0 452.0 901.0 21 62.5 69.5 229 230
good62_4 17.2 278.0 510.0 901.0 21 67.5 58.5 230 230
good62_5 18.3 165.0 301.0 901.0 20 67.5 68.5 230 230
good62_6 17.2 282.0 802.0 901.0 16 66.5 61.5 231 230
good63_1 18.3 171.0 251.0 901.0 23 66.5 68.5 231 230
good63_2 17.2 165.0 281.0 901.0 25 68.5 65.5 231 231
good63_3 18.3 236.0 424.0 901.0 22 63.5 68.5 231 231
good63_4 18.3 214.0 498.0 901.0 24 66.5 66.5 231 231
good63_5 17.2 160.0 324.0 901.0 22 67.5 67.5 230 230
good63_6 17.2 254.0 498.0 901.0 22 65.5 61.5 232 230
good64_1 18.3 94.0 226.0 901.0 24 68.5 68.5 231 232
good64_2 18.3 143.0 319.0 901.0 21 66.5 64.5 231 232
good64_3 17.2 212.0 456.0 901.0 21 62.5 67.5 229 232
good64_4 17.2 239.0 515.0 901.0 24 65.5 61.5 230 232
good64_5 17.2 150.0 362.0 901.0 21 66.5 68.5 231 231
good64_6 18.3 265.0 433.0 901.0 19 64.5 62.5 230 231
good65_1 17.2 264.0 824.0 901.0 22 65.5 68.5 230 230
good65_2 18.3 164.0 440.0 901.0 22 66.5 62.5 230 229
good65_3 18.3 314.0 962.0 901.0 25 64.5 68.5 230 231
good65_4 18.3 230.0 454.0 901.0 25 67.5 60.5 231 229
good65_5 17.2 216.0 692.0 901.0 22 66.5 67.5 230 231
good65_6 18.2 171.0 531.0 901.0 21 68.5 65.5 230 232
good66_1 18.3 151.0 335.0 901.0 19 67.5 64.5 231 231
good66_2 17.2 200.0 520.0 901.0 21 63.5 62.5 232 231
good66_3 17.2 155.0 335.0 901.0 21 67.5 68.5 230 232
good66_4 18.2 118.0 242.0 901.0 19 66.5 64.5 230 231
good66_5 17.2 149.0 489.0 901.0 18 70.5 68.5 230 231
good66_6 18.3 188.0 376.0 901.0 25 69.5 66.5 230 230
good67_1 18.3 187.0 427.0 901.0 20 69.5 68.5 229 230
good67_2 17.2 126.0 274.0 901.0 21 66.5 64.5 230 230
good67_3 18.3 131.0 299.0 901.0 18 67.5 69.5 229 230
good67_4 17.2 216.0 584.0 901.0 25 66.5 60.5 230 229
good67_5 18.3 158.0 318.0 901.0 20 66.5 68.5 229 231
good67_6 18.3 216.0 504.0 901.0 24 69.5 61.5 229 231
good68_1 17.2 310.0 1182.0 901.0 18 67.5 69.5 230 229
good68_2 17.2 138.0 346.0 901.0 21 66.5 62.5 231 229
good68_3 17.2 277.0 929.0 901.0 18 65.5 71.5 229 230
good68_4 17.2 226.0 534.0 901.0 24 65.5 62.5 230 230
good68_5 18.3 293.0 993.0 901.0 22 65.5 68.5 229 229
good68_6 17.2 372.0 1032.0 901.0 24 67.5 61.5 230 231
good69_1 17.2 193.0 569.0 901.0 22 65.5 66.5 230 231
good69_2 17.2 172.0 432.0 901.0 22 62.5 66.5 230 230
good69_3 17.2 150.0 274.0 901.0 22 65.5 67.5 229 230
good69_4 17.2 163.0 339.0 901.0 20 66.5 64.5 231 228
good69_5 17.2 176.0 464.0 901.0 23 63.5 66.5 230 230
good69_6 17.2 138.0 286.0 901.0 17 66.5 64.5 230 232
good70_1 17.2 139.0 387.0 901.0 23 67.5 65.5 231 231
good70_2 18.3 245.0 521.0 901.0 20 62.5 63.5 230 231
good70_3 17.2 146.0 398.0 901.0 21 66.5 68.5 230 230
good70_4 17.2 143.0 375.0 901.0 20 64.5 65.5 230 231
good70_5 17.2 246.0 498.0 901.0 22 63.5 68.5 231 231
good70_6 17.2 124.0 356.0 901.0 21 64.5 66.5 231 232
