bad_cube_11 306 335 19 77 76 259 259
bad_cube_12 305 333 20 79 78 259 258
dummy13 0 0 0 0 0 0 0
bad_cube_14 305 334 19 78 77 259 260
bad_cube_15 301 332 17 82 80 261 259
bad_cube_16 303 333 18 81 80 260 261
bad_cube_21 312 346 19 73 66 261 259
bad_cube_22 310 342 21 73 69 259 260
bad_cube_23 318 343 19 65 67 262 260
bad_cube_24 318 339 18 66 73 260 259
bad_cube_25 311 345 18 74 65 261 258
bad_cube_26 317 347 19 67 65 260 261
bad_cube_31 316 341 20 66 70 262 259
bad_cube_32 315 340 18 67 70 260 259
bad_cube_33 310 340 20 72 73 260 260
bad_cube_34 310 341 22 73 73 261 261
bad_cube_35 315 340 19 68 69 262 257
bad_cube_36 309 343 18 74 71 263 264
dummy41 0 0 0 0 0 0 0
bad_cube_42 308 338 19 76 74 261 260
bad_cube_43 307 336 19 77 75 262 260
bad_cube_44 308 336 21 75 75 261 259
bad_cube_45 309 338 19 74 73 261 260
bad_cube_46 307 335 20 77 77 260 260
bad_cube_51 314 342 19 71 73 265 265
dummy52 0 0 0 0 0 0 0
bad_cube_53 305 336 20 78 75 263 259
bad_cube_54 305 337 17 78 77 261 262
bad_cube_55 315 340 18 69 71 261 259
bad_cube_56 304 335 21 79 78 262 262
dummy61 0 0 0 0 0 0 0
bad_cube_62 309 341 15 74 72 260 261
bad_cube_63 309 340 18 74 72 260 259
bad_cube_64 313 340 19 70 73 260 262
bad_cube_65 309 339 21 75 73 261 259
bad_cube_66 312 337 19 71 76 260 261
bad_cube_71 307 336 19 70 76 262 258
dummy72 0 0 0 0 0 0 0
bad_cube_73 300 339 16 78 74 260 260
bad_cube_74 302 338 19 76 75 260 260
bad_cube_75 305 336 19 73 78 260 263
bad_cube_76 301 338 20 74 74 260 259
bad_cube_81 300 341 15 79 72 263 261
bad_cube_82 299 338 20 79 76 264 263
bad_cube_83 308 339 19 69 74 261 261
bad_cube_84 310 339 20 69 76 263 265
bad_cube_85 299 338 19 77 76 260 262
dummy86 0 0 0 0 0 0 0
bad_cube_91 299 339 21 79 73 261 263
bad_cube_92 300 341 19 77 70 261 258
bad_cube_93 308 336 19 70 74 262 258
bad_cube_94 306 333 20 72 80 260 264
bad_cube_95 301 339 16 77 74 261 261
bad_cube_96 304 336 20 73 76 262 261
bad_cube_101 303 333 22 72 79 259 259
bad_cube_102 303 338 19 73 75 259 261
bad_cube_103 293 339 19 82 70 259 259
bad_cube_104 302 340 18 74 71 260 258
bad_cube_105 304 334 22 72 78 261 260
bad_cube_106 303 341 19 73 73 259 262
