dummybad1 0 0 0 0 0 0 0 0 0
dummybad1 0 0 0 0 0 0 0 0 0
dummybad1 0 0 0 0 0 0 0 0 0
dummybad1 0 0 0 0 0 0 0 0 0
dummybad1 0 0 0 0 0 0 0 0 0
dummybad1 0 0 0 0 0 0 0 0 0
bad2_1 241.5 448.5 17.2 229.0 901.0 66.5 66.5 231 231
bad2_2 242.5 449.5 15.9 96.0 797.0 65.5 67.5 231 232
bad2_3 240.5 453.5 17.4 161.0 901.0 67.5 70.5 231 231
bad2_4 240.5 449.5 17.7 313.0 1009.0 67.5 67.5 231 232
bad2_5 243.5 450.5 18.1 335.0 1009.0 67.5 68.5 231 233
bad2_6 241.5 451.5 17.2 215.0 901.0 67.5 69.5 232 231
bad3_1 242.5 455.5 17.2 251.0 901.0 66.5 72.5 232 230
bad3_2 240.5 451.5 17.2 159.0 901.0 68.5 69.5 231 232
bad3_3 239.5 452.5 17.2 160.0 901.0 69.5 70.5 232 232
bad3_4 240.5 449.5 17.4 230.0 901.0 67.5 67.5 230 232
bad3_5 241.5 452.5 17.0 141.0 901.0 65.5 69.5 231 232
bad3_6 240.5 452.5 17.7 268.0 1009.0 67.5 71.5 231 232
bad4_1 243.5 444.5 17.7 333.0 1009.0 66.5 62.5 233 233
bad4_2 243.5 443.5 17.2 357.0 901.0 65.5 61.5 232 232
bad4_3 243.5 444.5 17.2 311.0 901.0 64.5 62.5 231 233
bad4_4 241.5 450.5 17.7 353.0 1009.0 66.5 68.5 232 233
bad4_5 240.5 451.5 17.4 277.0 901.0 68.5 69.5 232 232
bad4_6 243.5 451.5 17.7 365.0 1009.0 65.5 69.5 232 232
bad5_1 244.5 453.5 17.2 393.0 901.0 64.5 71.5 232 233
bad5_2 244.5 451.5 17.7 362.0 1009.0 65.5 69.5 233 232
bad5_3 241.5 451.5 17.2 233.0 901.0 66.5 69.5 231 232
bad5_4 239.5 442.5 17.2 393.0 901.0 69.5 60.5 232 231
bad5_5 246.5 446.5 18.1 436.0 1009.0 65.5 63.5 233 232
bad5_6 244.5 443.5 17.7 407.0 1009.0 64.5 61.5 232 233
bad6_1 246.5 439.5 17.9 402.0 1009.0 63.5 59.5 231 233
bad6_2 247.5 440.5 17.7 509.0 1009.0 61.5 60.5 231 232
bad6_3 246.5 442.5 17.2 159.0 901.0 65.5 62.5 234 232
bad6_4 248.5 444.5 16.9 287.0 901.0 60.5 66.5 233 234
bad6_5 249.5 448.5 17.9 297.0 1009.0 60.5 68.5 231 233
bad6_6 249.5 447.5 16.6 280.0 901.0 60.5 66.5 232 233
bad7_1 241.5 450.5 18.0 241.0 1009.0 66.5 69.5 231 233
bad7_2 243.5 453.5 17.2 142.0 901.0 66.5 71.5 232 232
bad7_3 242.5 452.5 16.9 278.0 901.0 66.5 71.5 232 233
bad7_4 240.5 450.5 16.3 113.0 797.0 69.5 68.5 233 233
bad7_5 243.5 446.5 16.9 255.0 901.0 67.5 65.5 232 233
bad7_6 241.5 444.5 17.4 314.0 901.0 66.5 63.5 231 234
bad8_1 242.5 444.5 18.1 253.0 1009.0 66.5 63.5 232 231
bad8_2 241.5 447.5 16.9 167.0 901.0 67.5 66.5 232 232
bad8_3 239.5 448.5 16.6 160.0 901.0 67.5 67.5 231 233
bad8_4 241.5 448.5 18.2 185.0 1009.0 66.5 67.5 231 232
bad8_5 243.5 450.5 19.1 438.0 1129.0 65.5 69.5 232 233
bad8_6 243.5 451.5 17.7 236.0 1009.0 64.5 69.5 231 230
bad9_1 240.5 445.5 17.7 315.0 1009.0 68.5 64.5 232 233
bad9_2 241.5 447.5 16.7 212.0 901.0 68.5 65.5 232 231
bad9_3 241.5 444.5 18.5 288.0 1009.0 66.5 63.5 231 232
bad9_4 242.5 452.5 16.6 230.0 901.0 67.5 70.5 233 232
bad9_5 244.5 451.5 17.2 131.0 901.0 64.5 70.5 232 231
bad9_6 244.5 449.5 18.6 382.0 1129.0 63.5 68.5 231 232
dummybad10 0 0 0 0 0 0 0 0 0
dummybad10 0 0 0 0 0 0 0 0 0
dummybad10 0 0 0 0 0 0 0 0 0
dummybad10 0 0 0 0 0 0 0 0 0
dummybad10 0 0 0 0 0 0 0 0 0
dummybad10 0 0 0 0 0 0 0 0 0
bad11_1 247.5 447.5 19.1 367.0 1129.0 61.5 65.5 230 232
bad11_2 242.5 448.5 17.4 156.0 901.0 65.5 66.5 232 232
bad11_3 249.5 448.5 16.9 398.0 901.0 59.5 66.5 234 232
bad11_4 245.5 444.5 16.9 256.0 901.0 64.5 62.5 232 231
bad11_5 242.5 440.5 15.5 340.0 797.0 65.5 58.5 232 231
bad11_6 245.5 446.5 16.9 141.0 901.0 62.5 63.5 231 232
bad12_1 242.5 451.5 17.9 248.0 1009.0 67.5 68.5 233 231
bad12_2 244.5 448.5 17.8 302.0 1009.0 63.5 67.5 230 233
bad12_3 243.5 450.5 18.3 261.0 1009.0 64.5 68.5 231 233
bad12_4 239.5 444.5 17.4 216.0 901.0 68.5 64.5 231 234
bad12_5 240.5 448.5 15.8 71.0 797.0 68.5 65.5 232 232
bad12_6 240.5 449.5 16.9 179.0 901.0 68.5 67.5 232 232
dummybad13 0 0 0 0 0 0 0 0 0
dummybad13 0 0 0 0 0 0 0 0 0
dummybad13 0 0 0 0 0 0 0 0 0
dummybad13 0 0 0 0 0 0 0 0 0
dummybad13 0 0 0 0 0 0 0 0 0
dummybad13 0 0 0 0 0 0 0 0 0
bad14_1 241.5 447.5 17.4 258.0 901.0 68.5 65.5 233 233
bad14_2 240.5 444.5 17.2 336.0 901.0 69.5 63.5 234 233
bad14_3 239.5 442.5 17.2 346.0 901.0 68.5 60.5 231 232
bad14_4 240.5 454.5 16.7 109.0 901.0 68.5 73.5 232 234
bad14_5 244.5 455.5 17.4 215.0 901.0 64.5 73.5 232 232
bad14_6 242.5 454.5 17.8 372.0 1009.0 65.5 72.5 231 232
bad15_1 258.5 448.5 17.4 196.0 901.0 51.5 66.5 231 232
bad15_2 241.5 448.5 16.7 272.0 901.0 66.5 67.5 230 233
bad15_3 244.5 444.5 17.4 195.0 901.0 65.5 62.5 232 232
bad15_4 245.5 436.5 18.3 321.0 1009.0 64.5 56.5 231 232
bad15_5 243.5 449.5 18.3 237.0 1009.0 64.5 67.5 231 232
bad15_6 243.5 449.5 17.9 299.0 1009.0 66.5 67.5 233 231
bad16_1 241.5 445.5 17.7 234.0 1009.0 67.5 64.5 233 232
bad16_2 241.5 443.5 16.8 267.0 901.0 67.5 62.5 230 233
bad16_3 243.5 450.5 18.1 313.0 1009.0 65.5 68.5 233 232
bad16_4 246.5 450.5 18.1 207.0 1009.0 62.5 69.5 231 233
bad16_5 242.5 447.5 16.6 201.0 901.0 66.5 66.5 232 233
bad16_6 245.5 450.5 17.1 180.0 901.0 62.5 68.5 231 231
bad17_1 243.5 448.5 17.6 217.0 1009.0 65.5 66.5 232 232
bad17_2 241.5 450.5 17.4 134.0 901.0 66.5 69.5 232 234
bad17_3 242.5 448.5 17.2 634.0 901.0 67.5 66.5 233 232
bad17_4 243.5 448.5 17.2 184.0 901.0 64.5 66.5 232 232
bad17_5 260.5 449.5 15.9 634.0 797.0 48.5 67.5 231 232
bad17_6 242.5 450.5 17.2 163.0 901.0 67.5 68.5 234 233
bad18_1 237.5 452.5 19.1 417.0 1129.0 71.5 70.5 233 232
bad18_2 242.5 452.5 17.2 231.0 901.0 67.5 70.5 232 233
bad18_3 243.5 451.5 17.7 267.0 1009.0 65.5 70.5 232 233
bad18_4 242.5 451.5 16.1 165.0 797.0 67.5 69.5 232 232
bad18_5 241.5 446.5 17.4 259.0 901.0 67.5 65.5 233 233
bad18_6 242.5 447.5 17.7 397.0 1009.0 66.5 66.5 232 233
bad19_1 245.5 448.5 17.7 276.0 1009.0 63.5 66.5 232 231
bad19_2 241.5 444.5 17.7 258.0 1009.0 65.5 65.5 233 233
bad19_3 241.5 449.5 18.5 320.0 1009.0 67.5 67.5 232 232
bad19_4 244.5 444.5 17.2 284.0 901.0 64.5 63.5 231 232
bad19_5 241.5 450.5 17.9 291.0 1009.0 66.5 68.5 231 232
bad19_6 244.5 443.5 18.0 327.0 1009.0 65.5 61.5 232 231
bad20_1 242.5 446.5 17.9 448.0 1009.0 66.5 63.5 231 232
bad20_2 243.5 441.5 17.4 440.0 901.0 65.5 59.5 232 231
bad20_3 243.5 444.5 17.2 385.0 901.0 64.5 62.5 231 232
bad20_4 241.5 454.5 17.4 124.0 901.0 66.5 72.5 231 232
bad20_5 244.5 454.5 17.9 295.0 1009.0 65.5 72.5 233 233
bad20_6 242.5 453.5 17.2 295.0 901.0 65.5 71.5 231 232
dummybad21 0 0 0 0 0 0 0 0 0
dummybad21 0 0 0 0 0 0 0 0 0
dummybad21 0 0 0 0 0 0 0 0 0
dummybad21 0 0 0 0 0 0 0 0 0
dummybad21 0 0 0 0 0 0 0 0 0
dummybad21 0 0 0 0 0 0 0 0 0
bad22_1 243.5 450.5 17.7 212.0 1009.0 64.5 69.5 231 233
bad22_2 243.5 448.5 18.5 286.0 1009.0 65.5 66.5 231 232
bad22_3 240.5 449.5 18.0 374.0 1009.0 67.5 68.5 232 233
bad22_4 244.5 447.5 16.6 290.0 901.0 65.5 66.5 231 233
bad22_5 246.5 447.5 18.0 347.0 1009.0 61.5 66.5 232 232
bad22_6 243.5 446.5 16.9 263.0 901.0 66.5 64.5 232 232
bad23_1 238.5 448.5 18.0 322.0 1009.0 69.5 65.5 231 232
bad23_2 238.5 452.5 18.1 233.0 1009.0 69.5 69.5 231 232
bad23_3 238.5 450.5 16.9 106.0 901.0 68.5 68.5 231 230
bad23_4 240.5 456.5 16.9 152.0 901.0 67.5 73.5 231 231
bad23_5 241.5 454.5 16.9 114.0 901.0 67.5 71.5 231 232
bad23_6 238.5 454.5 16.8 187.0 901.0 69.5 71.5 232 232
bad24_1 239.5 453.5 18.5 221.0 1009.0 69.5 72.5 231 233
bad24_2 240.5 454.5 17.8 324.0 1009.0 69.5 73.5 232 233
bad24_3 238.5 454.5 17.7 370.0 1009.0 70.5 73.5 232 233
bad24_4 239.5 450.5 17.2 172.0 901.0 69.5 69.5 232 232
bad24_5 240.5 451.5 17.9 328.0 1009.0 69.5 70.5 233 233
bad24_6 239.5 448.5 15.8 207.0 797.0 69.5 67.5 232 233
bad25_1 240.5 451.5 17.4 304.0 901.0 68.5 70.5 232 234
bad25_2 242.5 450.5 17.7 336.0 1009.0 65.5 68.5 231 232
bad25_3 242.5 453.5 17.4 313.0 901.0 67.5 71.5 233 233
bad25_4 244.5 444.5 17.9 421.0 1009.0 64.5 62.5 232 233
bad25_5 242.5 440.5 16.1 302.0 797.0 66.5 59.5 233 234
bad25_6 244.5 445.5 16.8 274.0 901.0 64.5 63.5 232 232
bad26_1 241.5 451.5 17.7 380.0 1009.0 67.5 70.5 232 233
bad26_2 244.5 452.5 18.5 338.0 1009.0 66.5 70.5 233 233
bad26_3 240.5 450.5 17.9 235.0 1009.0 69.5 69.5 233 233
bad26_4 243.5 443.5 16.3 304.0 797.0 66.5 62.5 233 233
bad26_5 244.5 448.5 17.2 294.0 901.0 65.5 67.5 233 234
bad26_6 244.5 439.5 16.8 423.0 901.0 65.5 60.5 233 233
dummybad27 0 0 0 0 0 0 0 0 0
dummybad27 0 0 0 0 0 0 0 0 0
dummybad27 0 0 0 0 0 0 0 0 0
dummybad27 0 0 0 0 0 0 0 0 0
dummybad27 0 0 0 0 0 0 0 0 0
dummybad27 0 0 0 0 0 0 0 0 0
bad28_1 243.5 447.5 16.8 169.0 901.0 66.5 68.5 231 233
bad28_2 241.5 446.5 17.4 237.0 901.0 66.5 64.5 231 231
bad28_3 244.5 448.5 16.3 125.0 797.0 65.5 67.5 233 231
bad28_4 243.5 448.5 18.5 328.0 1009.0 66.5 66.5 233 231
bad28_5 243.5 444.5 18.5 362.0 1009.0 65.5 64.5 232 232
bad28_6 243.5 450.5 17.8 287.0 1009.0 64.5 69.5 231 232
bad29_1 245.5 449.5 17.2 108.0 901.0 63.5 66.5 231 230
bad29_2 248.5 450.5 17.2 173.0 901.0 60.5 68.5 232 233
bad29_3 243.5 448.5 15.6 109.0 797.0 64.5 65.5 231 232
bad29_4 244.5 445.5 18.1 205.0 1009.0 63.5 64.5 231 234
bad29_5 243.5 447.5 17.2 252.0 901.0 65.5 64.5 232 232
bad29_6 243.5 445.5 17.4 228.0 901.0 64.5 62.5 232 231
bad30_1 239.5 453.5 17.8 297.0 1009.0 70.5 72.5 231 234
bad30_2 238.5 452.5 17.4 171.0 901.0 69.5 71.5 231 232
bad30_3 238.5 451.5 17.4 138.0 901.0 71.5 70.5 233 233
bad30_4 239.5 457.5 16.6 145.0 901.0 70.5 76.5 233 233
bad30_5 241.5 454.5 16.9 116.0 901.0 68.5 72.5 233 231
bad30_6 239.5 451.5 17.9 234.0 1009.0 68.5 71.5 230 233
bad31_1 239.5 449.5 18.5 346.0 1009.0 70.5 68.5 232 232
bad31_2 240.5 449.5 18.0 264.0 1009.0 70.5 69.5 230 234
bad31_3 234.5 454.5 17.2 106.0 901.0 74.5 72.5 232 232
bad31_4 240.5 452.5 18.0 311.0 1009.0 67.5 71.5 230 233
bad31_5 237.5 455.5 16.7 177.0 901.0 70.5 73.5 230 231
bad31_6 241.5 453.5 17.4 110.0 901.0 69.5 72.5 234 231
bad32_1 237.5 453.5 19.1 321.0 1129.0 71.5 71.5 232 232
bad32_2 238.5 450.5 17.4 91.0 901.0 69.5 68.5 232 233
bad32_3 242.5 449.5 17.2 331.0 901.0 67.5 67.5 232 232
bad32_4 238.5 454.5 18.1 192.0 1009.0 70.5 72.5 233 232
bad32_5 239.5 452.5 17.4 204.0 901.0 68.5 70.5 231 232
bad32_6 241.5 453.5 18.0 172.0 1009.0 66.5 71.5 231 233
bad33_1 246.5 444.5 16.0 316.0 797.0 63.5 63.5 233 234
bad33_2 241.5 444.5 16.3 213.0 797.0 67.5 62.5 232 233
bad33_3 246.5 441.5 19.6 692.0 1257.0 61.5 58.5 231 232
bad33_4 241.5 450.5 17.4 275.0 901.0 68.5 68.5 233 232
bad33_5 243.5 450.5 18.0 383.0 1009.0 65.5 69.5 232 234
bad33_6 245.5 452.5 16.8 301.0 901.0 64.5 69.5 232 232
bad34_1 241.5 448.5 18.0 258.0 1009.0 66.5 66.5 231 232
bad34_2 244.5 448.5 17.9 304.0 1009.0 65.5 66.5 232 232
bad34_3 242.5 449.5 17.2 158.0 901.0 65.5 67.5 230 233
bad34_4 242.5 449.5 17.4 177.0 901.0 65.5 67.5 231 232
bad34_5 244.5 449.5 17.2 182.0 901.0 63.5 67.5 231 232
bad34_6 247.5 448.5 16.6 340.0 901.0 61.5 66.5 232 232
bad35_1 242.5 452.5 18.0 366.0 1009.0 67.5 71.5 232 233
bad35_2 257.5 449.5 17.7 767.0 1009.0 52.5 68.5 233 233
bad35_3 243.5 449.5 16.3 105.0 797.0 65.5 67.5 231 233
bad35_4 239.5 448.5 17.4 325.0 901.0 69.5 67.5 232 233
bad35_5 242.5 450.5 17.9 253.0 1009.0 66.5 68.5 232 232
bad35_6 244.5 451.5 17.2 586.0 901.0 64.5 69.5 232 233
bad36_1 242.5 450.5 16.8 175.0 901.0 67.5 68.5 233 232
bad36_2 243.5 447.5 16.3 131.0 797.0 67.5 66.5 233 234
bad36_3 240.5 448.5 16.6 300.0 901.0 69.5 67.5 233 233
bad36_4 244.5 447.5 17.2 211.0 901.0 64.5 67.5 231 233
bad36_5 243.5 455.5 16.1 135.0 797.0 65.5 73.5 233 232
bad36_6 251.5 448.5 17.7 448.0 1009.0 58.5 67.5 233 232
bad37_1 241.5 451.5 17.4 163.0 901.0 68.5 69.5 233 232
bad37_2 240.5 455.5 17.4 162.0 901.0 67.5 73.5 230 233
bad37_3 245.5 445.5 15.8 554.0 797.0 62.5 62.5 231 232
bad37_4 241.5 452.5 17.2 145.0 901.0 68.5 71.5 231 234
bad37_5 232.5 454.5 18.2 684.0 1009.0 75.5 71.5 231 232
bad37_6 239.5 452.5 17.2 167.0 901.0 70.5 69.5 232 230
bad38_1 242.5 453.5 18.0 230.0 1009.0 66.5 71.5 232 232
bad38_2 242.5 453.5 16.0 137.0 797.0 67.5 71.5 233 232
bad38_3 242.5 453.5 18.1 309.0 1009.0 66.5 72.5 231 233
bad38_4 240.5 449.5 16.3 46.0 797.0 66.5 67.5 231 232
bad38_5 239.5 448.5 17.2 237.0 901.0 69.5 66.5 232 231
bad38_6 241.5 448.5 17.7 404.0 1009.0 67.5 67.5 231 233
dummybad39 0 0 0 0 0 0 0 0 0
dummybad39 0 0 0 0 0 0 0 0 0
dummybad39 0 0 0 0 0 0 0 0 0
dummybad39 0 0 0 0 0 0 0 0 0
dummybad39 0 0 0 0 0 0 0 0 0
dummybad39 0 0 0 0 0 0 0 0 0
bad40_1 239.5 453.5 18.0 676.0 1009.0 69.5 72.5 232 233
bad40_2 239.5 453.5 18.5 761.0 1009.0 69.5 72.5 232 233
bad40_3 241.5 454.5 17.2 237.0 901.0 67.5 72.5 232 233
bad40_4 252.5 446.5 17.4 604.0 901.0 56.5 65.5 232 234
bad40_5 237.5 448.5 17.8 347.0 1009.0 70.5 67.5 232 233
bad40_6 254.5 447.5 17.2 689.0 901.0 53.5 65.5 231 232
bad41_1 238.5 449.5 16.8 195.0 901.0 71.5 68.5 232 233
bad41_2 242.5 451.5 16.1 69.0 797.0 66.5 70.5 232 234
bad41_3 240.5 447.5 17.2 197.0 901.0 69.5 66.5 233 233
bad41_4 241.5 452.5 17.7 259.0 1009.0 67.5 71.5 234 233
bad41_5 241.5 452.5 18.1 234.0 1009.0 68.5 70.5 233 232
bad41_6 242.5 449.5 17.7 374.0 1009.0 67.5 68.5 233 233
bad42_1 243.5 444.5 17.2 175.0 901.0 64.5 63.5 232 233
bad42_2 243.5 442.5 17.1 294.0 901.0 66.5 61.5 233 231
bad42_3 242.5 442.5 19.1 455.0 1129.0 64.5 61.5 229 232
bad42_4 248.5 447.5 18.1 345.0 1009.0 59.5 66.5 230 233
bad42_5 248.5 445.5 17.2 227.0 901.0 59.5 64.5 232 231
bad42_6 250.5 446.5 17.4 369.0 901.0 56.5 65.5 229 232
bad43_1 240.5 440.5 17.4 335.0 901.0 67.5 58.5 231 233
bad43_2 242.5 445.5 17.2 324.0 901.0 66.5 63.5 232 233
bad43_3 244.5 445.5 15.8 276.0 797.0 65.5 63.5 233 232
bad43_4 245.5 452.5 17.7 405.0 1009.0 63.5 70.5 232 233
bad43_5 240.5 449.5 17.4 336.0 901.0 67.5 67.5 231 232
bad43_6 242.5 449.5 17.2 262.0 901.0 66.5 67.5 233 233
bad44_1 236.5 455.5 17.7 215.0 1009.0 72.5 72.5 231 231
bad44_2 238.5 453.5 18.1 201.0 1009.0 69.5 71.5 232 231
bad44_3 236.5 454.5 17.2 95.0 901.0 70.5 72.5 230 232
bad44_4 235.5 455.5 18.0 275.0 1009.0 71.5 73.5 230 232
bad44_5 239.5 456.5 17.2 149.0 901.0 69.5 74.5 232 231
bad44_6 239.5 453.5 17.4 155.0 901.0 69.5 71.5 231 233
bad45_1 241.5 450.5 17.4 214.0 901.0 67.5 69.5 231 231
bad45_2 239.5 452.5 17.7 337.0 1009.0 68.5 71.5 230 232
bad45_3 237.5 455.5 18.0 357.0 1009.0 72.5 74.5 233 232
bad45_4 240.5 450.5 17.2 188.0 901.0 67.5 70.5 230 235
bad45_5 238.5 453.5 17.2 231.0 901.0 70.5 73.5 231 234
bad45_6 240.5 453.5 15.5 198.0 797.0 68.5 72.5 232 232
bad46_1 242.5 449.5 17.0 139.0 901.0 65.5 68.5 230 232
bad46_2 240.5 450.5 17.4 486.0 901.0 68.5 68.5 232 233
bad46_3 240.5 448.5 18.0 345.0 1009.0 68.5 67.5 233 230
bad46_4 243.5 450.5 18.0 264.0 1009.0 65.5 68.5 231 231
bad46_5 241.5 449.5 17.2 228.0 901.0 65.5 67.5 231 232
bad46_6 250.5 450.5 16.7 509.0 901.0 57.5 68.5 231 232
bad47_1 250.5 449.5 17.2 212.0 901.0 59.5 69.5 232 232
bad47_2 248.5 448.5 15.4 176.0 709.0 60.5 67.5 232 232
bad47_3 249.5 448.5 16.3 107.0 797.0 60.5 67.5 232 232
bad47_4 246.5 440.5 16.3 209.0 797.0 62.5 60.5 231 233
bad47_5 247.5 441.5 17.9 352.0 1009.0 61.5 61.5 232 234
bad47_6 247.5 440.5 17.2 487.0 901.0 61.5 60.5 232 232
bad48_1 242.5 447.5 17.2 280.0 901.0 66.5 65.5 232 233
bad48_2 245.5 443.5 17.2 393.0 901.0 63.5 61.5 232 232
bad48_3 246.5 444.5 17.4 389.0 901.0 62.5 62.5 232 233
bad48_4 241.5 451.5 17.2 145.0 901.0 68.5 70.5 233 233
bad48_5 243.5 450.5 17.4 238.0 901.0 66.5 68.5 233 232
bad48_6 244.5 452.5 17.2 237.0 901.0 65.5 70.5 233 233
bad49_1 242.5 452.5 17.1 209.0 901.0 66.5 70.5 232 233
bad49_2 243.5 455.5 17.2 243.0 901.0 64.5 72.5 231 231
bad49_3 242.5 451.5 17.2 219.0 901.0 67.5 69.5 233 232
bad49_4 243.5 444.5 16.3 349.0 797.0 66.5 61.5 233 232
bad49_5 244.5 447.5 16.3 279.0 797.0 64.5 65.5 232 232
bad49_6 240.5 443.5 17.2 409.0 901.0 68.5 61.5 232 233
bad50_1 239.5 453.5 18.0 208.0 1009.0 69.5 71.5 233 233
bad50_2 238.5 457.5 18.5 241.0 1009.0 69.5 75.5 231 233
bad50_3 241.5 454.5 17.2 244.0 901.0 67.5 72.5 232 232
bad50_4 239.5 449.5 18.0 356.0 1009.0 69.5 67.5 232 232
bad50_5 237.5 451.5 17.0 153.0 901.0 70.5 69.5 231 233
bad50_6 237.5 452.5 16.3 129.0 797.0 72.5 70.5 233 233
bad51_1 243.5 443.5 17.9 566.0 1009.0 66.5 61.5 233 232
bad51_2 243.5 442.5 17.7 448.0 1009.0 64.5 60.5 231 232
bad51_3 240.5 444.5 17.4 399.0 901.0 68.5 63.5 233 233
bad51_4 241.5 451.5 18.8 507.0 1129.0 67.5 70.5 232 233
bad51_5 241.5 451.5 17.2 270.0 901.0 68.5 70.5 234 232
bad51_6 242.5 452.5 17.2 239.0 901.0 67.5 72.5 233 232
bad52_1 241.5 454.5 17.2 180.0 901.0 64.5 71.5 229 232
bad52_2 242.5 451.5 17.7 238.0 1009.0 64.5 69.5 230 231
bad52_3 242.5 453.5 17.4 239.0 901.0 64.5 71.5 230 229
bad52_4 237.5 446.5 18.0 442.0 1009.0 69.5 63.5 232 228
bad52_5 240.5 444.5 16.0 255.0 797.0 66.5 62.5 231 230
bad52_6 237.5 449.5 18.1 200.0 1009.0 68.5 68.5 229 233
bad53_1 247.5 445.5 19.1 558.0 1129.0 65.5 74.5 235 237
bad53_2 240.5 444.5 16.9 262.0 901.0 68.5 64.5 232 233
bad53_3 243.5 445.5 17.2 187.0 901.0 64.5 67.5 231 234
bad53_4 246.5 445.5 16.9 384.0 901.0 63.5 68.5 230 232
bad53_5 246.5 447.5 17.7 447.0 1009.0 64.5 66.5 233 232
bad53_6 248.5 445.5 16.1 305.0 797.0 59.5 66.5 232 232
bad54_1 249.5 443.5 17.7 695.0 1009.0 59.5 61.5 232 232
bad54_2 239.5 440.5 17.8 427.0 1009.0 68.5 60.5 231 235
bad54_3 243.5 443.5 15.8 383.0 797.0 65.5 62.5 232 232
bad54_4 243.5 454.5 17.2 447.0 901.0 64.5 73.5 231 233
bad54_5 244.5 453.5 17.4 322.0 901.0 63.5 71.5 232 232
bad54_6 242.5 453.5 17.4 334.0 901.0 65.5 72.5 232 233
bad55_1 241.5 453.5 16.6 182.0 901.0 68.5 72.5 231 233
bad55_2 235.5 454.5 16.6 280.0 901.0 73.5 73.5 232 232
bad55_3 238.5 456.5 17.7 301.0 1009.0 71.5 75.5 233 231
bad55_4 240.5 453.5 16.3 111.0 797.0 69.5 72.5 232 233
bad55_5 236.5 451.5 16.0 88.0 797.0 72.5 70.5 231 233
bad55_6 236.5 455.5 16.1 75.0 797.0 72.5 74.5 232 232
dummybad56 0 0 0 0 0 0 0 0 0
dummybad56 0 0 0 0 0 0 0 0 0
dummybad56 0 0 0 0 0 0 0 0 0
dummybad56 0 0 0 0 0 0 0 0 0
dummybad56 0 0 0 0 0 0 0 0 0
dummybad56 0 0 0 0 0 0 0 0 0
bad57_1 235.5 454.5 17.4 272.0 901.0 72.5 72.5 231 231
bad57_2 237.5 455.5 17.2 150.0 901.0 70.5 73.5 231 232
bad57_3 240.5 454.5 17.9 395.0 1009.0 71.5 71.5 231 232
bad57_4 241.5 454.5 16.6 313.0 901.0 67.5 72.5 230 232
bad57_5 236.5 455.5 17.9 231.0 1009.0 71.5 73.5 231 232
bad57_6 240.5 454.5 17.0 240.0 901.0 68.5 71.5 233 231
bad58_1 242.5 442.5 17.0 381.0 901.0 65.5 60.5 231 232
bad58_2 241.5 452.5 15.6 293.0 797.0 68.5 71.5 232 233
bad58_3 242.5 445.5 17.2 533.0 901.0 67.5 64.5 233 232
bad58_4 242.5 453.5 17.4 252.0 901.0 66.5 71.5 232 231
bad58_5 242.5 450.5 17.2 445.0 901.0 65.5 70.5 231 234
bad58_6 240.5 452.5 15.9 287.0 797.0 68.5 71.5 232 232
bad59_1 243.5 444.5 17.4 282.0 901.0 67.5 63.5 232 231
bad59_2 241.5 445.5 17.4 201.0 901.0 67.5 65.5 231 233
bad59_3 240.5 442.5 17.7 341.0 1009.0 67.5 62.5 231 232
bad59_4 245.5 450.5 18.8 367.0 1129.0 63.5 70.5 230 233
bad59_5 245.5 449.5 18.0 227.0 1009.0 64.5 68.5 233 232
bad59_6 244.5 448.5 18.0 280.0 1009.0 65.5 68.5 233 232
bad60_1 241.5 448.5 17.2 265.0 901.0 66.5 66.5 231 233
bad60_2 241.5 447.5 18.2 283.0 1009.0 67.5 66.5 232 231
bad60_3 241.5 446.5 17.4 345.0 901.0 66.5 64.5 231 232
bad60_4 241.5 452.5 16.9 186.0 901.0 66.5 70.5 231 232
bad60_5 241.5 452.5 15.9 75.0 797.0 66.5 70.5 233 231
bad60_6 240.5 452.5 17.4 173.0 901.0 67.5 70.5 231 233
bad61_1 250.5 450.5 17.2 489.0 901.0 57.5 68.5 231 232
bad61_2 241.5 450.5 16.6 339.0 901.0 67.5 68.5 233 232
bad61_3 241.5 451.5 16.9 238.0 901.0 67.5 69.5 232 232
bad61_4 242.5 449.5 17.4 407.0 901.0 67.5 67.5 233 233
bad61_5 242.5 449.5 17.4 249.0 901.0 66.5 67.5 232 232
bad61_6 239.5 449.5 17.2 241.0 901.0 68.5 67.5 232 233
bad62_1 242.5 448.5 17.0 221.0 901.0 65.5 66.5 231 232
bad62_2 240.5 448.5 16.0 161.0 797.0 68.5 66.5 233 231
bad62_3 241.5 447.5 15.5 207.0 797.0 66.5 65.5 231 232
bad62_4 239.5 452.5 17.7 282.0 1009.0 69.5 70.5 232 232
bad62_5 240.5 451.5 17.2 150.0 901.0 67.5 69.5 233 231
bad62_6 239.5 451.5 17.1 201.0 901.0 66.5 70.5 230 234
bad63_1 241.5 449.5 17.2 181.0 901.0 66.5 67.5 232 231
bad63_2 241.5 449.5 16.9 634.0 901.0 66.5 67.5 232 233
bad63_3 240.5 449.5 17.7 290.0 1009.0 67.5 67.5 233 233
bad63_4 241.5 448.5 16.6 219.0 901.0 67.5 66.5 233 233
bad63_5 243.5 451.5 17.2 257.0 901.0 65.5 69.5 233 232
bad63_6 258.5 450.5 15.8 630.0 797.0 50.5 68.5 232 231
bad64_1 244.5 455.5 17.7 363.0 1009.0 63.5 73.5 231 232
bad64_2 245.5 449.5 17.2 173.0 901.0 63.5 67.5 233 232
bad64_3 242.5 452.5 17.7 313.0 1009.0 65.5 70.5 231 232
bad64_4 241.5 440.5 16.3 330.0 797.0 66.5 58.5 231 233
bad64_5 242.5 442.5 18.1 472.0 1009.0 65.5 60.5 231 231
bad64_6 245.5 442.5 16.3 266.0 797.0 62.5 60.5 232 232
bad65_1 238.5 452.5 17.7 234.0 1009.0 69.5 71.5 232 232
bad65_2 241.5 455.5 17.2 203.0 901.0 67.5 73.5 232 232
bad65_3 240.5 452.5 18.1 266.0 1009.0 68.5 71.5 233 233
bad65_4 239.5 450.5 17.4 227.0 901.0 69.5 68.5 232 233
bad65_5 240.5 449.5 17.2 281.0 901.0 69.5 68.5 233 234
bad65_6 238.5 448.5 16.9 254.0 901.0 69.5 67.5 232 233
bad66_1 239.5 445.5 17.7 294.0 1009.0 69.5 64.5 232 233
bad66_2 241.5 445.5 16.9 204.0 901.0 66.5 63.5 231 233
bad66_3 242.5 446.5 16.1 267.0 797.0 67.5 64.5 233 231
bad66_4 244.5 452.5 17.2 160.0 901.0 64.5 70.5 232 230
bad66_5 245.5 450.5 17.4 272.0 901.0 63.5 69.5 231 233
bad66_6 244.5 450.5 18.1 333.0 1009.0 64.5 68.5 232 232
bad67_1 239.5 451.5 17.4 248.0 901.0 70.5 69.5 234 232
bad67_2 238.5 450.5 17.2 247.0 901.0 68.5 69.5 231 233
bad67_3 243.5 449.5 18.0 426.0 1009.0 67.5 67.5 232 232
bad67_4 241.5 452.5 15.6 105.0 797.0 66.5 71.5 231 233
bad67_5 246.5 448.5 17.2 419.0 901.0 65.5 66.5 232 232
bad67_6 241.5 451.5 17.7 339.0 1009.0 67.5 69.5 232 232
dummybad68 0 0 0 0 0 0 0 0 0
dummybad68 0 0 0 0 0 0 0 0 0
dummybad68 0 0 0 0 0 0 0 0 0
dummybad68 0 0 0 0 0 0 0 0 0
dummybad68 0 0 0 0 0 0 0 0 0
dummybad68 0 0 0 0 0 0 0 0 0
bad69_1 241.5 453.5 17.7 314.0 1009.0 67.5 72.5 233 231
bad69_2 240.5 453.5 17.3 170.0 901.0 67.5 73.5 230 233
bad69_3 240.5 449.5 17.8 261.0 1009.0 69.5 67.5 232 231
bad69_4 239.5 448.5 18.0 377.0 1009.0 69.5 68.5 232 232
bad69_5 241.5 449.5 17.2 130.0 901.0 66.5 68.5 231 231
bad69_6 240.5 449.5 17.4 264.0 901.0 69.5 68.5 233 231
bad70_1 245.5 451.5 17.2 223.0 901.0 63.5 69.5 232 230
bad70_2 243.5 452.5 17.4 175.0 901.0 63.5 71.5 229 232
bad70_3 243.5 453.5 16.6 188.0 901.0 63.5 71.5 230 231
bad70_4 241.5 446.5 17.7 336.0 1009.0 65.5 64.5 230 231
bad70_5 240.5 445.5 16.3 159.0 797.0 66.5 63.5 230 230
bad70_6 241.5 446.5 17.4 266.0 901.0 67.5 63.5 231 230
