bad_cube_11 307.5 494.5 20.2 75.5 76.5 259 259
bad_cube_12 305.5 494.5 18.3 78.5 76.5 260 258
bad_cube_13 305.5 494.5 19.9 78.5 76.5 261 259
bad_cube_14 305.5 493.5 18.2 78.5 77.5 260 260
bad_cube_15 303.5 492.5 18.8 79.5 79.5 261 259
bad_cube_16 303.5 492.5 19.1 80.5 80.5 260 261
bad_cube_21 313.5 505.5 19.1 71.5 66.5 261 259
bad_cube_22 307.5 505.5 19.3 75.5 65.5 259 260
bad_cube_23 318.5 502.5 20.0 64.5 67.5 262 260
bad_cube_24 317.5 500.5 19.1 66.5 71.5 260 260
bad_cube_25 311.5 505.5 18.3 73.5 64.5 261 258
bad_cube_26 317.5 506.5 19.9 66.5 65.5 260 261
bad_cube_31 316.5 502.5 19.6 65.5 68.5 262 259
bad_cube_32 317.5 500.5 20.0 64.5 69.5 260 259
bad_cube_33 310.5 502.5 18.8 71.5 70.5 260 260
bad_cube_34 311.5 503.5 19.1 71.5 70.5 261 261
bad_cube_35 314.5 498.5 19.4 69.5 70.5 263 257
bad_cube_36 310.5 501.5 19.4 72.5 72.5 263 264
bad_cube_41 302.5 508.5 20.2 81.5 64.5 260 261
bad_cube_42 310.5 497.5 18.8 73.5 74.5 261 260
bad_cube_43 307.5 495.5 19.3 76.5 75.5 262 260
bad_cube_44 307.5 498.5 18.3 75.5 72.5 261 259
bad_cube_45 309.5 497.5 19.4 73.5 73.5 261 260
bad_cube_46 310.5 497.5 18.8 73.5 74.5 260 260
bad_cube_51 313.5 501.5 19.4 71.5 73.5 265 265
bad_cube_52 311.5 497.5 17.2 71.5 73.5 262 259
bad_cube_53 306.5 498.5 19.0 76.5 73.5 264 260
bad_cube_54 304.5 499.5 17.7 78.5 74.5 261 262
bad_cube_55 314.5 500.5 20.0 69.5 70.5 261 259
bad_cube_56 305.5 498.5 19.9 77.5 74.5 262 262
bad_cube_61 309.5 498.5 19.1 72.5 75.5 259 262
bad_cube_62 309.5 501.5 17.7 73.5 71.5 261 261
bad_cube_63 310.5 500.5 19.9 72.5 71.5 260 259
bad_cube_64 313.5 499.5 18.1 69.5 73.5 260 262
bad_cube_65 308.5 500.5 18.3 75.5 71.5 261 259
bad_cube_66 311.5 498.5 18.0 71.5 74.5 260 261
bad_cube_71 306.5 495.5 18.6 70.5 76.5 262 259
bad_cube_72 297.5 494.5 19.4 78.5 78.5 260 259
bad_cube_73 301.5 498.5 18.0 76.5 74.5 260 260
bad_cube_74 300.5 497.5 18.8 77.5 75.5 260 260
bad_cube_75 304.5 496.5 19.9 73.5 77.5 260 263
bad_cube_76 300.5 499.5 19.3 74.5 72.5 260 259
bad_cube_81 297.5 499.5 18.8 81.5 73.5 264 261
bad_cube_82 298.5 498.5 18.8 79.5 75.5 264 263
bad_cube_83 308.5 498.5 18.3 68.5 74.5 261 261
bad_cube_84 311.5 499.5 18.6 68.5 75.5 265 265
bad_cube_85 297.5 497.5 19.9 78.5 76.5 260 262
bad_cube_86 308.5 497.5 18.1 69.5 75.5 262 261
bad_cube_91 300.5 501.5 20.2 77.5 70.5 261 263
bad_cube_92 300.5 500.5 17.2 76.5 71.5 261 259
bad_cube_93 306.5 496.5 19.9 71.5 73.5 262 258
bad_cube_94 303.5 494.5 17.7 74.5 78.5 260 264
bad_cube_95 302.5 499.5 17.4 75.5 73.5 261 261
bad_cube_96 305.5 497.5 17.7 71.5 74.5 262 261
bad_cube_101 303.5 497.5 21.3 71.5 74.5 259 259
bad_cube_102 301.5 496.5 19.6 74.5 76.5 259 261
bad_cube_103 293.5 499.5 18.2 81.5 69.5 260 259
bad_cube_104 301.5 499.5 19.9 74.5 71.5 260 258
bad_cube_105 304.5 498.5 18.8 71.5 73.5 261 260
bad_cube_106 302.5 501.5 19.4 73.5 72.5 259 262
