good_cube_11 304 501 19 77 74 262 260
good_cube_12 303 498 19 78 76 261 259
good_cube_13 306 499 19 74 75 260 260
good_cube_14 303 498 18 78 77 260 260
good_cube_15 303 500 19 76 75 259 261
good_cube_16 310 498 19 72 76 261 259
good_cube_21 307 499 19 76 73 263 258
good_cube_22 308 500 18 75 74 262 260
good_cube_23 306 500 20 76 73 261 259
good_cube_24 305 498 21 77 75 261 259
good_cube_25 311 500 19 70 72 261 262
good_cube_26 303 503 16 79 68 262 259
good_cube_31 308 499 19 72 75 261 258
good_cube_32 305 494 21 74 81 259 259
good_cube_33 303 500 20 78 75 261 262
good_cube_34 301 500 16 79 75 260 259
good_cube_35 306 499 19 74 75 259 259
good_cube_36 304 501 19 77 73 262 259
good_cube_41 303 501 18 77 73 261 259
good_cube_42 303 500 19 77 76 261 261
good_cube_43 306 500 18 74 74 262 260
good_cube_44 308 500 19 72 75 260 260
good_cube_45 303 499 20 78 76 261 261
good_cube_46 307 498 18 74 74 262 259
good_cube_51 304 499 19 78 73 261 259
good_cube_52 305 500 19 78 72 262 260
dummy53 0 0 0 0 0 0 0
good_cube_54 309 498 19 71 76 260 261
good_cube_55 303 500 19 77 74 261 260
good_cube_56 306 498 19 76 76 263 260
good_cube_61 307 499 19 75 75 261 260
good_cube_62 307 501 18 75 73 265 261
good_cube_63 303 500 20 79 72 262 257
good_cube_64 304 501 19 76 73 260 260
good_cube_65 308 497 18 73 77 261 260
good_cube_66 302 501 19 78 73 261 260
good_cube_71 305 501 19 78 73 263 259
good_cube_72 305 499 18 77 76 261 262
good_cube_73 307 501 18 75 73 262 262
good_cube_74 305 501 16 75 73 260 260
good_cube_75 304 501 19 77 74 260 261
good_cube_76 308 499 19 74 74 262 259
good_cube_81 302 501 19 78 74 261 260
good_cube_82 304 500 19 77 74 261 261
good_cube_83 310 499 19 73 76 263 260
good_cube_84 309 499 20 73 74 262 258
good_cube_85 303 499 20 78 73 262 258
good_cube_86 307 499 19 73 75 260 262
good_cube_91 302 498 18 77 78 260 261
good_cube_92 305 497 17 74 78 259 261
good_cube_93 304 500 19 78 75 259 260
good_cube_94 304 497 16 77 77 261 259
good_cube_95 306 497 19 74 77 260 259
good_cube_96 303 499 20 78 76 259 261
good_cube_101 310 500 20 72 71 260 258
good_cube_102 312 503 19 70 69 262 258
good_cube_103 305 497 19 77 73 264 259
good_cube_104 304 502 19 77 70 260 258
good_cube_105 311 503 19 69 70 261 259
good_cube_106 303 499 20 78 72 263 260
good_cube_11 302.5 500.5 19.3 78.5 74.5 262 260
good_cube_12 302.5 497.5 19.4 78.5 76.5 261 259
good_cube_13 306.5 498.5 19.3 73.5 75.5 260 260
good_cube_14 303.5 497.5 18.2 77.5 77.5 260 260
good_cube_15 301.5 501.5 19.1 77.5 73.5 259 261
good_cube_16 310.5 498.5 18.5 71.5 75.5 261 259
good_cube_21 307.5 498.5 20.2 75.5 73.5 263 258
good_cube_22 308.5 498.5 18.0 74.5 75.5 262 260
good_cube_23 305.5 501.5 20.2 76.5 71.5 261 259
good_cube_24 304.5 501.5 17.7 77.5 71.5 261 259
good_cube_25 311.5 497.5 19.4 69.5 74.5 261 262
good_cube_26 303.5 501.5 18.0 78.5 69.5 262 259
good_cube_31 306.5 499.5 19.3 73.5 74.5 261 258
good_cube_32 304.5 496.5 18.0 74.5 78.5 259 259
good_cube_33 302.5 501.5 19.4 78.5 73.5 261 262
good_cube_34 302.5 498.5 17.2 77.5 76.5 260 259
good_cube_35 305.5 498.5 19.4 74.5 75.5 259 259
good_cube_36 305.5 500.5 20.8 75.5 73.5 262 259
good_cube_41 303.5 500.5 20.0 76.5 73.5 261 259
good_cube_42 303.5 500.5 18.8 76.5 75.5 261 261
good_cube_43 307.5 500.5 20.0 72.5 73.5 262 260
good_cube_44 307.5 500.5 20.2 72.5 74.5 260 260
good_cube_45 302.5 500.5 19.3 78.5 74.5 261 261
good_cube_46 308.5 497.5 18.1 72.5 74.5 262 259
good_cube_51 304.5 499.5 20.1 77.5 72.5 261 259
good_cube_52 304.5 498.5 19.6 78.5 73.5 262 260
good_cube_53 308.5 499.5 18.8 73.5 71.5 262 258
good_cube_54 307.5 498.5 19.1 72.5 75.5 260 261
good_cube_55 302.5 500.5 20.1 77.5 73.5 261 260
good_cube_56 306.5 499.5 20.0 75.5 74.5 263 260
good_cube_11 302.5 500.5 19.3 78.5 74.5 262 260
good_cube_12 302.5 497.5 19.4 78.5 76.5 261 259
good_cube_13 306.5 498.5 19.3 73.5 75.5 260 260
good_cube_14 303.5 497.5 18.2 77.5 77.5 260 260
good_cube_15 301.5 501.5 19.1 77.5 73.5 259 261
good_cube_16 310.5 498.5 18.5 71.5 75.5 261 259
good_cube_21 307.5 498.5 20.2 75.5 73.5 263 258
good_cube_22 308.5 498.5 18.0 74.5 75.5 262 260
good_cube_23 305.5 501.5 20.2 76.5 71.5 261 259
good_cube_24 304.5 501.5 17.7 77.5 71.5 261 259
good_cube_25 311.5 497.5 19.4 69.5 74.5 261 262
good_cube_26 303.5 501.5 18.0 78.5 69.5 262 259
good_cube_31 306.5 499.5 19.3 73.5 74.5 261 258
good_cube_32 304.5 496.5 18.0 74.5 78.5 259 259
good_cube_33 302.5 501.5 19.4 78.5 73.5 261 262
good_cube_34 302.5 498.5 17.2 77.5 76.5 260 259
good_cube_35 305.5 498.5 19.4 74.5 75.5 259 259
good_cube_36 305.5 500.5 20.8 75.5 73.5 262 259
good_cube_41 303.5 500.5 20.0 76.5 73.5 261 259
good_cube_42 303.5 500.5 18.8 76.5 75.5 261 261
good_cube_43 307.5 500.5 20.0 72.5 73.5 262 260
good_cube_44 307.5 500.5 20.2 72.5 74.5 260 260
good_cube_45 302.5 500.5 19.3 78.5 74.5 261 261
good_cube_46 308.5 497.5 18.1 72.5 74.5 262 259
good_cube_51 304.5 499.5 20.1 77.5 72.5 261 259
good_cube_52 304.5 498.5 19.6 78.5 73.5 262 260
good_cube_53 308.5 499.5 18.8 73.5 71.5 262 258
good_cube_54 307.5 498.5 19.1 72.5 75.5 260 261
good_cube_55 302.5 500.5 20.1 77.5 73.5 261 260
good_cube_56 306.5 499.5 20.0 75.5 74.5 263 260
good_cube_61 308.5 499.5 18.8 73.5 74.5 261 260
good_cube_62 307.5 502.5 19.1 74.5 71.5 265 261
good_cube_63 304.5 501.5 20.1 77.5 70.5 262 257
good_cube_64 304.5 501.5 19.3 75.5 72.5 260 260
good_cube_65 308.5 499.5 17.7 72.5 74.5 261 260
good_cube_66 302.5 500.5 18.5 77.5 73.5 261 260
good_cube_71 306.5 499.5 19.9 76.5 74.5 263 259
good_cube_72 304.5 498.5 19.0 77.5 76.5 261 262
good_cube_73 307.5 501.5 18.0 74.5 72.5 262 262
good_cube_74 309.5 501.5 19.4 70.5 72.5 260 260
good_cube_75 304.5 499.5 18.8 76.5 75.5 260 261
good_cube_76 306.5 500.5 19.1 75.5 72.5 262 259
good_cube_81 301.5 499.5 19.1 78.5 75.5 261 260
good_cube_82 302.5 500.5 19.9 78.5 73.5 261 261
good_cube_83 309.5 500.5 20.1 73.5 74.5 263 260
good_cube_84 309.5 500.5 20.0 72.5 72.5 262 258
good_cube_85 302.5 500.5 19.9 78.5 71.5 262 258
good_cube_86 307.5 499.5 18.5 72.5 74.5 260 262
good_cube_91 301.5 496.5 17.2 77.5 79.5 260 261
good_cube_92 304.5 498.5 18.3 74.5 76.5 259 261
good_cube_93 301.5 498.5 17.2 80.5 76.5 259 260
good_cube_94 303.5 499.5 18.8 77.5 74.5 261 259
good_cube_95 306.5 497.5 17.7 73.5 76.5 260 259
good_cube_96 302.5 500.5 17.4 78.5 74.5 259 261
good_cube_101 309.5 499.5 18.8 72.5 71.5 260 258
good_cube_102 311.5 502.5 19.6 70.5 69.5 262 258
good_cube_103 306.5 496.5 19.9 75.5 73.5 264 259
good_cube_104 304.5 501.5 20.2 76.5 70.5 260 258
good_cube_105 311.5 502.5 18.8 68.5 70.5 261 259
good_cube_106 304.5 498.5 20.2 76.5 72.5 263 260
