bad1_1 26.4 708.0 2536.0 1961.0 9 97.5 78.5 327 324
bad1_2 26.4 1051.0 4119.0 1961.0 13 85.5 93.5 325 325
bad1_3 25.3 1210.0 5186.0 1793.0 16 93.5 71.5 327 325
bad1_4 26.4 1344.0 3908.0 1961.0 17 71.5 87.5 325 323
bad1_5 26.4 961.0 3817.0 1961.0 10 83.5 91.5 325 324
bad1_6 26.4 1335.0 4975.0 1961.0 18 67.5 87.5 326 324
bad2_1 26.4 906.0 1846.0 1961.0 15 94.5 92.5 326 323
bad2_2 26.4 630.0 1506.0 1961.0 17 98.5 91.5 326 324
bad2_3 26.4 834.0 1562.0 1961.0 18 93.5 97.5 327 323
bad2_4 25.3 491.0 639.0 1793.0 17 95.5 91.5 325 325
bad2_5 26.4 875.0 1911.0 1961.0 11 90.5 93.5 326 323
bad2_6 25.3 561.0 913.0 1793.0 16 94.5 89.5 328 323
bad3_1 26.4 849.0 2885.0 1961.0 8 98.5 95.5 326 323
bad3_2 26.4 623.0 1595.0 1961.0 9 100.5 93.5 327 325
bad3_3 25.3 825.0 1397.0 1793.0 13 94.5 98.5 327 323
bad3_4 25.3 574.0 1122.0 1793.0 12 96.5 90.5 326 324
bad3_5 26.4 963.0 2599.0 1961.0 9 91.5 95.5 325 322
bad3_6 26.4 786.0 1710.0 1961.0 14 94.5 90.5 327 322
bad4_1 26.4 1085.0 2021.0 1961.0 13 92.5 86.5 327 325
bad4_2 26.4 957.0 1861.0 1961.0 15 86.5 88.5 327 324
bad4_3 26.4 397.0 945.0 1961.0 19 95.5 94.5 327 326
bad4_4 26.4 512.0 1340.0 1961.0 19 95.5 92.5 328 324
bad4_5 26.4 1300.0 2192.0 1961.0 11 82.5 92.5 327 325
bad4_6 26.4 517.0 1169.0 1961.0 17 94.5 93.5 326 325
bad5_1 26.4 931.0 2567.0 1961.0 16 93.5 98.5 326 325
bad5_2 26.4 369.0 877.0 1961.0 16 96.5 90.5 326 324
bad5_3 26.4 1180.0 4716.0 1961.0 15 82.5 95.5 325 325
bad5_4 25.3 848.0 1732.0 1793.0 14 94.5 84.5 328 325
bad5_5 25.3 373.0 793.0 1793.0 20 96.5 94.5 326 326
bad5_6 25.3 991.0 2539.0 1793.0 15 92.5 82.5 328 327
bad6_1 26.4 1143.0 2107.0 1961.0 14 89.5 82.5 325 326
bad6_2 26.4 678.0 1350.0 1961.0 14 80.5 85.5 324 324
bad6_3 26.4 738.0 2646.0 1961.0 9 89.5 90.5 326 326
bad6_4 26.4 578.0 1806.0 1961.0 8 80.5 92.5 324 326
bad6_5 26.4 1051.0 2407.0 1961.0 11 80.5 89.5 326 323
bad6_6 26.4 672.0 1852.0 1961.0 10 83.5 84.5 327 323
bad7_1 26.4 787.0 2435.0 1961.0 8 96.5 97.5 327 326
bad7_2 26.4 749.0 2229.0 1961.0 9 97.5 90.5 327 325
bad7_3 26.4 805.0 2349.0 1961.0 16 93.5 97.5 327 327
bad7_4 26.4 876.0 1856.0 1961.0 16 95.5 85.5 327 325
bad7_5 26.4 533.0 1657.0 1961.0 10 96.5 96.5 327 326
bad7_6 26.4 871.0 2475.0 1961.0 14 96.5 83.5 326 325
bad8_1 26.4 837.0 1489.0 1961.0 13 93.5 87.5 327 322
bad8_2 26.4 709.0 2001.0 1961.0 11 89.5 96.5 325 323
bad8_3 26.4 571.0 1099.0 1961.0 14 91.5 91.5 325 321
bad8_4 26.4 850.0 1782.0 1961.0 10 93.5 92.5 325 324
bad8_5 26.4 897.0 1641.0 1961.0 12 86.5 95.5 325 323
bad8_6 26.4 555.0 1255.0 1961.0 14 88.5 90.5 326 323
bad9_1 26.4 932.0 3000.0 1961.0 10 95.5 89.5 327 324
bad9_2 26.4 783.0 1431.0 1961.0 16 87.5 90.5 327 323
bad9_3 26.4 836.0 2544.0 1961.0 16 94.5 92.5 327 325
bad9_4 26.4 668.0 1612.0 1961.0 20 90.5 89.5 327 323
bad9_5 26.4 930.0 2338.0 1961.0 18 85.5 97.5 326 324
bad9_6 26.4 682.0 1946.0 1961.0 11 91.5 91.5 325 325
bad10_1 25.3 1266.0 4906.0 1793.0 14 88.5 82.5 327 320
bad10_2 25.3 564.0 976.0 1793.0 15 96.5 92.5 325 324
bad10_3 25.3 744.0 2880.0 1793.0 10 82.5 92.5 326 322
bad10_4 26.4 778.0 1394.0 1961.0 15 95.5 89.5 326 325
bad10_5 26.4 958.0 2414.0 1961.0 15 86.5 90.5 326 324
bad10_6 26.4 604.0 1260.0 1961.0 11 88.5 85.5 329 323
bad11_1 26.4 827.0 1879.0 1961.0 10 89.5 89.5 325 325
bad11_2 26.4 982.0 3482.0 1961.0 15 89.5 85.5 324 326
bad11_3 26.4 924.0 1852.0 1961.0 20 84.5 91.5 325 325
bad11_4 26.4 1229.0 4049.0 1961.0 15 90.5 74.5 325 324
bad11_5 25.3 574.0 1050.0 1793.0 12 87.5 91.5 326 325
bad11_6 26.4 588.0 1360.0 1961.0 16 88.5 84.5 325 324
bad12_1 26.4 737.0 1277.0 1961.0 14 91.5 93.5 327 323
bad12_2 26.4 640.0 1044.0 1961.0 19 92.5 90.5 327 325
bad12_3 26.4 848.0 2012.0 1961.0 15 87.5 95.5 326 323
bad12_4 25.3 430.0 706.0 1793.0 10 96.5 86.5 328 325
bad12_5 26.4 908.0 2528.0 1961.0 13 95.5 92.5 329 323
bad12_6 26.4 704.0 1512.0 1961.0 13 94.5 85.5 326 323
bad13_1 26.4 1158.0 5034.0 1961.0 8 90.5 92.5 328 326
bad13_2 26.4 613.0 1581.0 1961.0 19 92.5 88.5 326 325
bad13_3 26.4 1208.0 4568.0 1961.0 17 80.5 91.5 327 326
bad13_4 25.3 757.0 1145.0 1793.0 16 87.5 83.5 326 323
bad13_5 26.4 791.0 1555.0 1961.0 18 90.5 100.5 330 325
bad13_6 25.3 575.0 1023.0 1793.0 16 91.5 91.5 326 325
bad14_1 26.4 941.0 1949.0 1961.0 15 98.5 88.5 328 325
bad14_2 26.4 1027.0 2979.0 1961.0 15 82.5 92.5 327 323
bad14_3 26.4 513.0 1069.0 1961.0 15 98.5 96.5 327 325
bad14_4 26.4 534.0 1102.0 1961.0 15 90.5 94.5 327 324
bad14_5 25.3 1012.0 2924.0 1793.0 14 84.5 97.5 327 325
bad14_6 26.4 440.0 1124.0 1961.0 17 91.5 96.5 326 324
bad15_1 26.4 843.0 1911.0 1961.0 14 75.5 91.5 325 324
bad15_2 26.4 658.0 1218.0 1961.0 12 85.5 89.5 325 324
bad15_3 25.3 713.0 1313.0 1793.0 13 78.5 92.5 328 321
bad15_4 26.4 538.0 978.0 1961.0 20 91.5 88.5 326 326
bad15_5 26.4 841.0 1709.0 1961.0 15 87.5 96.5 325 323
bad15_6 26.4 676.0 1444.0 1961.0 16 91.5 89.5 327 323
bad16_1 26.4 924.0 2948.0 1961.0 12 98.5 87.5 327 323
bad16_2 26.4 652.0 1844.0 1961.0 15 92.5 88.5 326 324
bad16_3 26.4 797.0 2397.0 1961.0 11 91.5 90.5 325 322
bad16_4 26.4 808.0 2416.0 1961.0 12 92.5 85.5 325 324
bad16_5 26.4 957.0 2417.0 1961.0 16 84.5 95.5 327 322
bad16_6 26.4 613.0 1413.0 1961.0 18 87.5 90.5 325 322
bad17_1 26.4 606.0 1170.0 1961.0 11 94.5 92.5 327 324
bad17_2 26.4 1129.0 1749.0 1961.0 12 93.5 91.5 325 325
bad17_3 26.4 880.0 1784.0 1961.0 17 90.5 90.5 325 324
bad17_4 26.4 1680.0 5220.0 1961.0 16 66.5 89.5 324 324
bad17_5 26.4 716.0 1092.0 1961.0 15 91.5 95.5 327 325
bad17_6 26.4 583.0 1223.0 1961.0 15 92.5 89.5 328 325
bad18_1 26.4 691.0 1527.0 1961.0 10 97.5 95.5 328 325
bad18_2 26.4 543.0 1023.0 1961.0 13 94.5 90.5 326 324
bad18_3 26.4 861.0 1593.0 1961.0 16 94.5 95.5 327 324
bad18_4 26.4 745.0 1469.0 1961.0 11 93.5 86.5 328 324
bad18_5 26.4 716.0 1272.0 1961.0 12 95.5 96.5 325 324
bad18_6 26.4 664.0 1524.0 1961.0 12 95.5 87.5 326 325
bad19_1 26.4 800.0 2196.0 1961.0 9 90.5 93.5 327 323
bad19_2 26.4 682.0 1362.0 1961.0 12 94.5 90.5 326 324
bad19_3 26.4 898.0 2310.0 1961.0 15 86.5 92.5 327 323
bad19_4 26.4 517.0 1329.0 1961.0 16 95.5 93.5 327 324
bad19_5 26.4 772.0 1444.0 1961.0 18 86.5 90.5 325 322
bad19_6 26.4 616.0 1280.0 1961.0 17 89.5 81.5 326 322
bad20_1 25.3 907.0 1631.0 1793.0 11 93.5 87.5 324 325
bad20_2 25.3 859.0 1691.0 1793.0 15 85.5 89.5 326 323
bad20_3 26.4 325.0 837.0 1961.0 17 96.5 94.5 325 324
bad20_4 26.4 402.0 1138.0 1961.0 12 94.5 93.5 326 324
bad20_5 26.4 1321.0 3729.0 1961.0 17 82.5 94.5 327 325
bad20_6 26.4 614.0 1462.0 1961.0 15 90.5 96.5 326 326
bad21_1 26.4 750.0 1794.0 1961.0 8 86.5 89.5 325 324
bad21_2 26.4 795.0 2895.0 1961.0 8 84.5 82.5 327 323
bad21_3 26.4 790.0 1654.0 1961.0 15 84.5 90.5 327 324
bad21_4 26.4 873.0 2421.0 1961.0 17 88.5 77.5 327 322
bad21_5 26.4 788.0 3192.0 1961.0 8 85.5 92.5 326 325
bad21_6 26.4 1077.0 3849.0 1961.0 15 87.5 73.5 325 326
bad22_1 26.4 799.0 1535.0 1961.0 11 94.5 93.5 327 324
bad22_2 26.4 601.0 1177.0 1961.0 17 91.5 90.5 326 326
bad22_3 26.4 760.0 1716.0 1961.0 15 89.5 91.5 325 323
bad22_4 26.4 991.0 2379.0 1961.0 17 87.5 88.5 327 325
bad22_5 26.4 668.0 1156.0 1961.0 15 92.5 94.5 326 323
bad22_6 25.3 608.0 1040.0 1793.0 12 92.5 85.5 326 324
bad23_1 26.4 818.0 1602.0 1961.0 15 96.5 93.5 324 325
bad23_2 26.4 483.0 935.0 1961.0 15 93.5 95.5 325 324
bad23_3 26.4 767.0 1763.0 1961.0 9 100.5 96.5 325 324
bad23_4 25.3 386.0 1226.0 1793.0 10 93.5 100.5 326 324
bad23_5 26.4 754.0 1482.0 1961.0 14 94.5 99.5 326 324
bad23_6 25.3 665.0 1361.0 1793.0 11 93.5 96.5 325 325
bad24_1 25.3 395.0 631.0 1793.0 17 96.5 98.5 326 325
bad24_2 26.4 641.0 1101.0 1961.0 16 97.5 95.5 327 324
bad24_3 25.3 704.0 1000.0 1793.0 15 93.5 98.5 327 324
bad24_4 26.4 445.0 1097.0 1961.0 13 99.5 95.5 328 325
bad24_5 26.4 640.0 1140.0 1961.0 14 97.5 98.5 326 325
bad24_6 26.4 672.0 1424.0 1961.0 13 97.5 88.5 326 325
bad25_1 26.4 318.0 790.0 1961.0 21 95.5 95.5 326 325
bad25_2 26.4 641.0 1241.0 1961.0 18 98.5 89.5 329 325
bad25_3 26.4 1128.0 1876.0 1961.0 18 86.5 89.5 326 324
bad25_4 26.4 1206.0 3182.0 1961.0 12 94.5 76.5 328 326
bad25_5 26.4 506.0 1442.0 1961.0 16 93.5 95.5 326 324
bad25_6 26.4 950.0 2546.0 1961.0 11 91.5 82.5 327 325
bad26_1 26.4 639.0 1611.0 1961.0 15 93.5 94.5 327 325
bad26_2 26.4 489.0 989.0 1961.0 12 94.5 93.5 328 326
bad26_3 25.3 996.0 2292.0 1793.0 13 84.5 90.5 326 324
bad26_4 26.4 731.0 1351.0 1961.0 16 93.5 86.5 328 325
bad26_5 26.4 579.0 1279.0 1961.0 13 95.5 92.5 326 322
bad26_6 25.3 795.0 1775.0 1793.0 14 93.5 78.5 326 324
bad27_1 26.4 581.0 1177.0 1961.0 12 100.5 98.5 327 325
bad27_2 26.4 1713.0 7949.0 1961.0 15 91.5 94.5 325 324
bad27_3 25.3 624.0 712.0 1793.0 14 98.5 96.5 326 324
bad27_4 26.4 1623.0 6931.0 1961.0 17 93.5 92.5 325 323
bad27_5 25.3 717.0 1201.0 1793.0 12 90.5 98.5 326 325
bad27_6 26.4 622.0 1590.0 1961.0 14 92.5 95.5 324 323
bad28_1 26.4 790.0 2254.0 1961.0 11 94.5 89.5 325 325
bad28_2 26.4 793.0 2569.0 1961.0 13 90.5 86.5 324 325
bad28_3 26.4 942.0 2790.0 1961.0 11 91.5 91.5 324 325
bad28_4 26.4 741.0 2529.0 1961.0 11 93.5 90.5 325 325
bad28_5 26.4 797.0 1461.0 1961.0 13 88.5 94.5 325 324
bad28_6 26.4 603.0 2095.0 1961.0 9 97.5 90.5 327 323
bad29_1 26.4 701.0 1493.0 1961.0 16 89.5 90.5 325 323
bad29_2 26.4 744.0 2608.0 1961.0 9 92.5 88.5 328 325
bad29_3 26.4 804.0 1532.0 1961.0 17 83.5 91.5 326 323
bad29_4 25.3 742.0 1942.0 1793.0 14 91.5 82.5 327 325
bad29_5 26.4 671.0 1891.0 1961.0 15 89.5 90.5 326 323
bad29_6 26.4 905.0 2121.0 1961.0 13 89.5 78.5 327 322
bad30_1 26.4 998.0 2442.0 1961.0 8 105.5 92.5 325 325
bad30_2 26.4 600.0 1624.0 1961.0 8 97.5 96.5 326 324
bad30_3 26.4 579.0 1283.0 1961.0 13 104.5 100.5 327 324
bad30_4 25.3 194.0 454.0 1793.0 13 97.5 93.5 328 323
bad30_5 26.4 971.0 2851.0 1961.0 7 96.5 91.5 324 325
bad30_6 26.4 563.0 1411.0 1961.0 17 93.5 95.5 324 325
bad31_1 26.4 884.0 2132.0 1961.0 15 98.5 95.5 327 323
bad31_2 26.4 527.0 1063.0 1961.0 18 98.5 101.5 326 325
bad31_3 26.4 920.0 2428.0 1961.0 10 96.5 94.5 328 322
bad31_4 26.4 730.0 1686.0 1961.0 9 97.5 95.5 326 324
bad31_5 26.4 758.0 1542.0 1961.0 16 91.5 102.5 326 323
bad31_6 26.4 587.0 1803.0 1961.0 8 99.5 99.5 328 322
bad32_1 26.4 829.0 1397.0 1961.0 8 100.5 98.5 327 325
bad32_2 26.4 744.0 1528.0 1961.0 18 93.5 93.5 327 325
bad32_3 26.4 570.0 1206.0 1961.0 16 96.5 97.5 326 325
bad32_4 25.3 427.0 567.0 1793.0 15 96.5 94.5 327 324
bad32_5 26.4 806.0 1542.0 1961.0 16 90.5 99.5 325 323
bad32_6 25.3 321.0 541.0 1793.0 17 94.5 96.5 325 325
bad33_1 26.4 1297.0 5253.0 1961.0 13 87.5 88.5 326 326
bad33_2 26.4 1133.0 3933.0 1961.0 14 81.5 90.5 326 324
bad33_3 26.4 581.0 1245.0 1961.0 17 94.5 95.5 328 327
bad33_4 26.4 602.0 1314.0 1961.0 19 92.5 91.5 325 323
bad33_5 26.4 1234.0 4646.0 1961.0 17 81.5 95.5 326 324
bad33_6 26.4 800.0 1772.0 1961.0 16 91.5 92.5 326 324
bad34_1 26.4 627.0 1127.0 1961.0 14 93.5 93.5 325 324
bad34_2 25.3 288.0 396.0 1793.0 15 91.5 92.5 327 325
bad34_3 25.3 829.0 1345.0 1793.0 15 91.5 90.5 325 323
bad34_4 25.3 479.0 595.0 1793.0 16 92.5 89.5 327 324
bad34_5 26.4 653.0 1129.0 1961.0 15 91.5 96.5 326 325
bad34_6 26.4 853.0 1625.0 1961.0 16 88.5 86.5 326 323
bad35_1 26.4 773.0 1513.0 1961.0 8 94.5 100.5 326 325
bad35_2 26.4 826.0 1530.0 1961.0 15 92.5 89.5 328 324
bad35_3 26.4 932.0 1912.0 1961.0 11 92.5 96.5 327 325
bad35_4 26.4 520.0 976.0 1961.0 14 94.5 88.5 326 323
bad35_5 26.4 1617.0 4529.0 1961.0 15 91.5 74.5 326 325
bad35_6 26.4 1116.0 2432.0 1961.0 12 93.5 88.5 327 323
bad36_1 26.4 1050.0 3290.0 1961.0 8 98.5 87.5 328 324
bad36_2 26.4 972.0 3424.0 1961.0 9 87.5 98.5 327 324
bad36_3 25.3 740.0 1600.0 1793.0 14 91.5 92.5 328 323
bad36_4 26.4 632.0 1484.0 1961.0 15 91.5 98.5 327 325
bad36_5 26.4 652.0 1868.0 1961.0 9 92.5 94.5 327 323
bad36_6 26.4 906.0 1554.0 1961.0 14 83.5 86.5 327 322
bad37_1 26.4 898.0 2322.0 1961.0 6 99.5 92.5 328 323
bad37_2 26.4 1736.0 5872.0 1961.0 6 84.5 74.5 326 325
bad37_3 26.4 602.0 1254.0 1961.0 16 97.5 98.5 327 323
bad37_4 26.4 1189.0 3029.0 1961.0 16 105.5 97.5 326 323
bad37_5 26.4 832.0 1828.0 1961.0 10 99.5 98.5 327 323
bad37_6 26.4 375.0 947.0 1961.0 15 98.5 92.5 325 323
bad38_1 26.4 698.0 1886.0 1961.0 8 98.5 95.5 327 325
bad38_2 26.4 749.0 1617.0 1961.0 11 95.5 91.5 326 322
bad38_3 25.3 895.0 1695.0 1793.0 11 88.5 94.5 326 323
bad38_4 26.4 890.0 1754.0 1961.0 15 95.5 84.5 327 323
bad38_5 26.4 821.0 3473.0 1961.0 9 96.5 90.5 324 325
bad38_6 26.4 901.0 2789.0 1961.0 17 94.5 85.5 324 324
bad39_1 26.4 719.0 1819.0 1961.0 14 91.5 95.5 327 324
bad39_2 25.3 465.0 813.0 1793.0 12 93.5 88.5 324 324
bad39_3 25.3 1015.0 3127.0 1793.0 14 78.5 95.5 323 324
bad39_4 26.4 940.0 2172.0 1961.0 10 88.5 84.5 324 323
bad39_5 26.4 779.0 1755.0 1961.0 12 93.5 94.5 324 323
bad39_6 26.4 606.0 1758.0 1961.0 16 91.5 89.5 325 322
bad40_1 26.4 847.0 1683.0 1961.0 12 98.5 98.5 326 326
bad40_2 26.4 663.0 1179.0 1961.0 14 98.5 91.5 325 323
bad40_3 26.4 1678.0 4130.0 1961.0 18 90.5 79.5 326 324
bad40_4 25.3 585.0 921.0 1793.0 11 97.5 87.5 325 325
bad40_5 26.4 1063.0 1511.0 1961.0 11 100.5 97.5 324 324
bad40_6 25.3 1379.0 1699.0 1793.0 17 76.5 88.5 325 325
bad41_1 25.3 791.0 1755.0 1793.0 14 97.5 92.5 327 325
bad41_2 26.4 741.0 1333.0 1961.0 18 90.5 94.5 326 326
bad41_3 26.4 660.0 1244.0 1961.0 17 97.5 94.5 325 324
bad41_4 26.4 423.0 875.0 1961.0 15 97.5 95.5 328 325
bad41_5 26.4 773.0 1389.0 1961.0 17 95.5 94.5 328 325
bad41_6 26.4 705.0 1521.0 1961.0 15 94.5 92.5 327 325
bad42_1 26.4 726.0 1926.0 1961.0 14 90.5 84.5 326 324
bad42_2 26.4 637.0 1525.0 1961.0 11 85.5 88.5 325 321
bad42_3 26.4 936.0 2500.0 1961.0 12 87.5 86.5 324 323
bad42_4 25.3 729.0 1325.0 1793.0 13 83.5 84.5 326 322
bad42_5 26.4 800.0 1688.0 1961.0 14 83.5 91.5 324 323
bad42_6 26.4 1074.0 2102.0 1961.0 11 79.5 85.5 325 323
bad43_1 26.4 1125.0 3785.0 1961.0 13 95.5 81.5 326 325
bad43_2 26.4 1040.0 3176.0 1961.0 15 86.5 87.5 326 325
bad43_3 26.4 464.0 916.0 1961.0 12 97.5 92.5 327 325
bad43_4 26.4 717.0 1201.0 1961.0 15 93.5 88.5 327 324
bad43_5 26.4 1131.0 4227.0 1961.0 16 87.5 92.5 328 326
bad43_6 25.3 458.0 606.0 1793.0 17 94.5 90.5 327 324
bad44_1 26.4 664.0 1928.0 1961.0 14 104.5 101.5 326 324
bad44_2 26.4 654.0 1686.0 1961.0 17 97.5 97.5 326 322
bad44_3 26.4 788.0 2116.0 1961.0 10 97.5 100.5 325 323
bad44_4 26.4 574.0 1458.0 1961.0 8 95.5 94.5 325 322
bad44_5 26.4 523.0 1563.0 1961.0 17 94.5 101.5 324 324
bad44_6 25.3 434.0 1050.0 1793.0 11 96.5 94.5 325 324
bad45_1 26.4 836.0 2456.0 1961.0 13 99.5 95.5 327 323
bad45_2 26.4 865.0 3109.0 1961.0 8 93.5 97.5 326 323
bad45_3 26.4 939.0 2651.0 1961.0 11 96.5 94.5 325 320
bad45_4 26.4 857.0 2177.0 1961.0 15 97.5 92.5 326 324
bad45_5 26.4 802.0 2462.0 1961.0 8 100.5 96.5 325 320
bad45_6 26.4 766.0 2082.0 1961.0 13 95.5 90.5 327 322
bad46_1 26.4 704.0 1420.0 1961.0 18 92.5 93.5 324 324
bad46_2 25.3 465.0 769.0 1793.0 17 91.5 92.5 324 325
bad46_3 26.4 754.0 1646.0 1961.0 13 91.5 94.5 325 325
bad46_4 25.3 546.0 1002.0 1793.0 14 91.5 88.5 325 324
bad46_5 26.4 903.0 1871.0 1961.0 16 92.5 95.5 326 324
bad46_6 25.3 1176.0 2776.0 1793.0 18 79.5 89.5 325 323
bad47_1 26.4 742.0 2594.0 1961.0 9 87.5 89.5 326 322
bad47_2 26.4 657.0 2365.0 1961.0 8 88.5 77.5 326 322
bad47_3 26.4 1077.0 1925.0 1961.0 15 82.5 90.5 329 322
bad47_4 26.4 998.0 2870.0 1961.0 16 87.5 76.5 327 324
bad47_5 26.4 825.0 3105.0 1961.0 12 88.5 89.5 328 322
bad47_6 26.4 1092.0 3104.0 1961.0 15 87.5 77.5 327 323
bad48_1 26.4 1106.0 3122.0 1961.0 12 94.5 89.5 327 326
bad48_2 25.3 938.0 2802.0 1793.0 14 84.5 89.5 327 325
bad48_3 26.4 580.0 1252.0 1961.0 13 97.5 95.5 328 325
bad48_4 25.3 519.0 935.0 1793.0 16 93.5 92.5 327 324
bad48_5 26.4 1269.0 5205.0 1961.0 17 83.5 92.5 326 326
bad48_6 25.3 420.0 616.0 1793.0 16 93.5 94.5 329 326
bad49_1 26.4 476.0 964.0 1961.0 18 93.5 99.5 327 323
bad49_2 26.4 506.0 1086.0 1961.0 20 94.5 91.5 326 326
bad49_3 26.4 1078.0 2822.0 1961.0 15 84.5 97.5 327 327
bad49_4 25.3 908.0 1884.0 1793.0 16 91.5 83.5 325 324
bad49_5 25.3 257.0 301.0 1793.0 17 97.5 92.5 326 325
bad49_6 25.3 950.0 2714.0 1793.0 15 93.5 77.5 326 324
bad50_1 26.4 652.0 1272.0 1961.0 14 96.5 100.5 328 324
bad50_2 26.4 488.0 1060.0 1961.0 23 99.5 93.5 325 324
bad50_3 26.4 974.0 1870.0 1961.0 15 90.5 100.5 326 324
bad50_4 26.4 809.0 1801.0 1961.0 16 98.5 90.5 325 325
bad50_5 26.4 536.0 1148.0 1961.0 15 100.5 98.5 327 324
bad50_6 26.4 746.0 1458.0 1961.0 16 102.5 92.5 328 324
bad51_1 26.4 1293.0 5109.0 1961.0 11 94.5 83.5 327 324
bad51_2 26.4 999.0 2347.0 1961.0 15 87.5 92.5 327 325
bad51_3 25.3 473.0 1309.0 1793.0 18 98.5 93.5 328 324
bad51_4 26.4 627.0 1331.0 1961.0 14 96.5 94.5 326 325
bad51_5 25.3 945.0 3321.0 1793.0 11 85.5 93.5 326 324
bad51_6 26.4 630.0 1474.0 1961.0 18 93.5 93.5 327 326
bad52_1 26.4 747.0 2187.0 1961.0 10 95.5 96.5 322 322
bad52_2 26.4 696.0 1636.0 1961.0 11 92.5 90.5 322 323
bad52_3 26.4 1083.0 2647.0 1961.0 16 85.5 96.5 323 321
bad52_4 25.3 824.0 1412.0 1793.0 16 92.5 81.5 324 322
bad52_5 26.4 965.0 2385.0 1961.0 16 91.5 94.5 325 321
bad52_6 25.3 417.0 601.0 1793.0 12 97.5 87.5 323 325
bad53_1 26.4 923.0 1375.0 1961.0 8 94.5 94.5 325 329
bad53_2 25.3 499.0 1011.0 1793.0 14 90.5 92.5 326 324
bad53_3 26.4 1047.0 2111.0 1961.0 15 89.5 91.5 326 319
bad53_4 26.4 860.0 1652.0 1961.0 14 87.5 88.5 325 324
bad53_5 26.4 458.0 910.0 1961.0 14 87.5 95.5 330 325
bad53_6 26.4 806.0 1634.0 1961.0 14 84.5 84.5 328 324
bad54_1 26.4 1498.0 4782.0 1961.0 14 82.5 84.5 326 324
bad54_2 26.4 1195.0 3363.0 1961.0 15 84.5 88.5 327 324
bad54_3 26.4 670.0 1346.0 1961.0 17 97.5 93.5 326 324
bad54_4 26.4 695.0 2443.0 1961.0 11 94.5 97.5 327 326
bad54_5 26.4 1277.0 5057.0 1961.0 14 80.5 96.5 327 324
bad54_6 26.4 892.0 2264.0 1961.0 15 91.5 95.5 326 325
bad55_1 26.4 1152.0 4100.0 1961.0 13 96.5 97.5 325 325
bad55_2 26.4 685.0 2325.0 1961.0 12 101.5 97.5 325 326
bad55_3 26.4 1114.0 3950.0 1961.0 18 94.5 100.5 326 326
bad55_4 26.4 598.0 1642.0 1961.0 14 101.5 93.5 325 326
bad55_5 26.4 928.0 2592.0 1961.0 8 97.5 102.5 326 324
bad55_6 26.4 679.0 1771.0 1961.0 19 102.5 98.5 327 325
bad56_1 26.4 996.0 2292.0 1961.0 9 91.5 91.5 325 326
bad56_2 26.4 799.0 2075.0 1961.0 12 92.5 92.5 326 324
bad56_3 26.4 631.0 1607.0 1961.0 9 89.5 92.5 325 324
bad56_4 26.4 692.0 1412.0 1961.0 14 89.5 88.5 326 324
bad56_5 26.4 1427.0 5791.0 1961.0 13 101.5 94.5 327 326
bad56_6 26.4 1455.0 5567.0 1961.0 8 96.5 88.5 326 324
bad57_1 26.4 903.0 2667.0 1961.0 9 101.5 99.5 326 322
bad57_2 26.4 670.0 2106.0 1961.0 8 94.5 100.5 326 324
bad57_3 25.3 597.0 1729.0 1793.0 16 98.5 99.5 325 322
bad57_4 26.4 588.0 1136.0 1961.0 17 99.5 97.5 325 324
bad57_5 26.4 617.0 1501.0 1961.0 11 100.5 103.5 326 322
bad57_6 26.4 707.0 1423.0 1961.0 15 98.5 93.5 328 322
bad58_1 26.4 1147.0 3655.0 1961.0 13 93.5 84.5 324 324
bad58_2 25.3 943.0 2427.0 1793.0 12 88.5 92.5 327 326
bad58_3 26.4 591.0 1655.0 1961.0 10 92.5 94.5 325 324
bad58_4 26.4 876.0 3504.0 1961.0 10 90.5 93.5 324 325
bad58_5 26.4 792.0 2104.0 1961.0 16 94.5 96.5 325 325
bad58_6 26.4 717.0 2081.0 1961.0 10 94.5 90.5 325 324
bad59_1 26.4 1003.0 3107.0 1961.0 10 93.5 85.5 326 322
bad59_2 26.4 813.0 1917.0 1961.0 15 86.5 93.5 327 323
bad59_3 26.4 665.0 1529.0 1961.0 14 93.5 91.5 326 322
bad59_4 26.4 570.0 1162.0 1961.0 10 89.5 90.5 327 323
bad59_5 26.4 777.0 1637.0 1961.0 16 85.5 95.5 326 322
bad59_6 26.4 592.0 1456.0 1961.0 12 91.5 92.5 326 322
bad60_1 26.4 939.0 1855.0 1961.0 14 93.5 92.5 326 324
bad60_2 26.4 844.0 2048.0 1961.0 15 88.5 91.5 327 323
bad60_3 26.4 789.0 1997.0 1961.0 12 91.5 95.5 326 323
bad60_4 26.4 611.0 2015.0 1961.0 8 96.5 92.5 327 323
bad60_5 25.3 717.0 1157.0 1793.0 12 88.5 96.5 323 325
bad60_6 26.4 514.0 1442.0 1961.0 11 90.5 93.5 324 324
bad61_1 25.3 1039.0 1879.0 1793.0 12 80.5 95.5 325 324
bad61_2 25.3 528.0 1160.0 1793.0 13 95.5 91.5 327 325
bad61_3 26.4 724.0 1224.0 1961.0 19 92.5 97.5 325 325
bad61_4 26.4 740.0 1316.0 1961.0 18 94.5 89.5 325 324
bad61_5 25.3 604.0 1316.0 1793.0 13 93.5 94.5 327 325
bad61_6 26.4 599.0 1091.0 1961.0 17 95.5 89.5 326 324
bad62_1 25.3 712.0 1388.0 1793.0 12 93.5 91.5 326 325
bad62_2 26.4 709.0 1521.0 1961.0 14 90.5 91.5 327 322
bad62_3 26.4 879.0 2155.0 1961.0 13 95.5 95.5 327 324
bad62_4 26.4 645.0 1817.0 1961.0 11 92.5 90.5 327 322
bad62_5 25.3 712.0 1788.0 1793.0 16 87.5 96.5 324 326
bad62_6 26.4 672.0 2128.0 1961.0 9 90.5 92.5 325 325
bad63_1 26.4 670.0 1278.0 1961.0 15 95.5 93.5 326 324
bad63_2 26.4 734.0 1446.0 1961.0 13 93.5 93.5 327 324
bad63_3 26.4 895.0 2299.0 1961.0 12 92.5 94.5 326 326
bad63_4 25.3 624.0 1048.0 1793.0 15 94.5 92.5 326 325
bad63_5 25.3 929.0 1785.0 1793.0 17 93.5 96.5 327 323
bad63_6 26.4 1756.0 5980.0 1961.0 14 69.5 89.5 326 325
bad64_1 26.4 472.0 960.0 1961.0 16 89.5 98.5 325 324
bad64_2 26.4 567.0 1251.0 1961.0 11 94.5 88.5 326 324
bad64_3 26.4 1127.0 3647.0 1961.0 16 77.5 95.5 325 325
bad64_4 25.3 923.0 2103.0 1793.0 15 92.5 80.5 325 325
bad64_5 26.4 593.0 1397.0 1961.0 16 91.5 91.5 327 325
bad64_6 25.3 879.0 2207.0 1793.0 17 89.5 79.5 328 325
bad65_1 26.4 632.0 1148.0 1961.0 12 97.5 97.5 326 324
bad65_2 26.4 537.0 1009.0 1961.0 19 99.5 92.5 329 325
bad65_3 25.3 703.0 1019.0 1793.0 16 92.5 96.5 326 324
bad65_4 26.4 622.0 1358.0 1961.0 14 96.5 91.5 328 325
bad65_5 26.4 647.0 1259.0 1961.0 15 99.5 96.5 327 324
bad65_6 25.3 534.0 1038.0 1793.0 15 97.5 88.5 326 324
bad66_1 26.4 870.0 2854.0 1961.0 13 97.5 85.5 325 325
bad66_2 26.4 1085.0 4029.0 1961.0 12 84.5 93.5 325 326
bad66_3 26.4 731.0 1783.0 1961.0 15 94.5 91.5 325 325
bad66_4 26.4 877.0 3273.0 1961.0 9 89.5 90.5 327 325
bad66_5 26.4 862.0 1894.0 1961.0 13 87.5 94.5 327 325
bad66_6 26.4 735.0 1655.0 1961.0 16 89.5 89.5 326 325
bad67_1 26.4 813.0 1633.0 1961.0 17 96.5 93.5 327 324
bad67_2 26.4 798.0 1778.0 1961.0 18 92.5 90.5 327 324
bad67_3 25.3 612.0 1108.0 1793.0 13 95.5 95.5 328 325
bad67_4 26.4 800.0 2000.0 1961.0 15 90.5 87.5 326 323
bad67_5 26.4 846.0 1586.0 1961.0 13 93.5 95.5 327 324
bad67_6 25.3 471.0 883.0 1793.0 14 94.5 90.5 326 324
bad68_1 26.4 957.0 3781.0 1961.0 8 99.5 97.5 324 325
bad68_2 26.4 885.0 3529.0 1961.0 8 87.5 97.5 323 325
bad68_3 26.4 1107.0 3735.0 1961.0 15 90.5 98.5 324 325
bad68_4 26.4 776.0 2060.0 1961.0 14 85.5 87.5 325 325
bad68_5 26.4 877.0 3117.0 1961.0 8 96.5 105.5 330 323
bad68_6 26.4 806.0 1906.0 1961.0 18 97.5 95.5 326 325
bad69_1 25.3 829.0 2421.0 1793.0 10 93.5 94.5 328 322
bad69_2 26.4 539.0 1311.0 1961.0 8 91.5 91.5 326 322
bad69_3 26.4 799.0 1783.0 1961.0 20 92.5 98.5 327 322
bad69_4 26.4 490.0 1106.0 1961.0 12 94.5 91.5 326 325
bad69_5 26.4 798.0 2494.0 1961.0 8 99.5 97.5 327 322
bad69_6 26.4 683.0 2099.0 1961.0 19 99.5 89.5 328 322
bad70_1 25.3 709.0 1341.0 1793.0 14 89.5 94.5 325 321
bad70_2 26.4 991.0 2867.0 1961.0 12 94.5 86.5 325 323
bad70_3 25.3 586.0 858.0 1793.0 14 85.5 94.5 323 319
bad70_4 26.4 918.0 2358.0 1961.0 10 94.5 85.5 324 323
bad70_5 26.4 738.0 2126.0 1961.0 14 94.5 90.5 325 321
bad70_6 26.4 850.0 2510.0 1961.0 15 95.5 80.5 325 321
