bad1_1 241.5 441.5 21.2 902.0 1373.0 68.5 59.5 233 232
bad1_2 244.5 441.5 20.2 854.0 1257.0 65.5 59.5 231 231
bad1_3 240.5 443.5 19.1 794.0 1129.0 67.5 61.5 230 232
bad1_4 256.5 448.5 20.2 834.0 1257.0 52.5 68.5 232 234
bad1_5 259.5 449.5 18.8 851.0 1129.0 48.5 67.5 231 231
bad1_6 262.5 449.5 17.7 636.0 1009.0 47.5 67.5 232 232
bad2_1 241.5 448.5 18.0 358.0 1009.0 66.5 66.5 231 231
bad2_2 243.5 448.5 17.7 360.0 1009.0 64.5 66.5 231 232
bad2_3 241.5 453.5 17.7 299.0 1009.0 66.5 70.5 231 231
bad2_4 241.5 451.5 19.0 485.0 1129.0 66.5 69.5 231 232
bad2_5 242.5 450.5 17.7 369.0 1009.0 68.5 68.5 231 233
bad2_6 241.5 450.5 17.2 272.0 901.0 67.5 68.5 232 231
bad3_1 241.5 452.5 19.1 518.0 1129.0 67.5 69.5 232 230
bad3_2 240.5 450.5 19.1 419.0 1129.0 68.5 68.5 231 232
bad3_3 241.5 452.5 20.2 546.0 1257.0 66.5 70.5 231 232
bad3_4 238.5 451.5 18.5 385.0 1009.0 69.5 69.5 230 232
bad3_5 239.5 451.5 18.5 268.0 1009.0 68.5 68.5 232 232
bad3_6 239.5 452.5 18.0 310.0 1009.0 68.5 71.5 231 232
bad4_1 242.5 446.5 18.0 376.0 1009.0 67.5 64.5 233 233
bad4_2 243.5 443.5 17.8 505.0 1009.0 65.5 61.5 232 232
bad4_3 242.5 446.5 18.0 413.0 1009.0 65.5 64.5 231 233
bad4_4 241.5 450.5 18.8 501.0 1129.0 66.5 68.5 232 233
bad4_5 240.5 449.5 19.1 514.0 1129.0 68.5 67.5 232 232
bad4_6 242.5 451.5 17.7 414.0 1009.0 66.5 69.5 232 232
bad5_1 243.5 453.5 17.7 537.0 1009.0 65.5 71.5 232 233
bad5_2 243.5 451.5 18.0 398.0 1009.0 66.5 69.5 233 232
bad5_3 242.5 453.5 18.8 489.0 1129.0 65.5 71.5 231 232
bad5_4 240.5 442.5 18.1 526.0 1009.0 68.5 60.5 232 231
bad5_5 245.5 445.5 18.8 596.0 1129.0 66.5 62.5 232 232
bad5_6 243.5 442.5 19.3 560.0 1129.0 65.5 60.5 232 233
bad6_1 245.5 440.5 18.8 561.0 1129.0 64.5 60.5 231 233
bad6_2 247.5 441.5 17.7 563.0 1009.0 61.5 61.5 231 232
bad6_3 247.5 441.5 19.1 420.0 1129.0 64.5 61.5 234 232
bad6_4 247.5 443.5 19.1 553.0 1129.0 61.5 65.5 233 234
bad6_5 249.5 445.5 20.1 592.0 1257.0 60.5 66.5 231 234
bad6_6 247.5 447.5 20.0 704.0 1257.0 61.5 66.5 231 233
bad7_1 240.5 448.5 20.2 518.0 1257.0 67.5 67.5 231 233
bad7_2 243.5 451.5 18.0 284.0 1009.0 66.5 69.5 232 232
bad7_3 241.5 450.5 20.2 646.0 1257.0 67.5 69.5 232 233
bad7_4 241.5 451.5 18.0 339.0 1009.0 68.5 69.5 233 233
bad7_5 243.5 448.5 17.7 405.0 1009.0 67.5 67.5 232 233
bad7_6 240.5 445.5 19.1 523.0 1129.0 67.5 63.5 231 232
bad8_1 243.5 445.5 19.1 421.0 1129.0 65.5 65.5 232 232
bad8_2 240.5 444.5 19.1 436.0 1129.0 68.5 63.5 232 232
bad8_3 239.5 447.5 18.0 322.0 1009.0 67.5 66.5 231 233
bad8_4 243.5 449.5 19.1 338.0 1129.0 64.5 68.5 231 232
bad8_5 241.5 448.5 19.9 642.0 1257.0 66.5 67.5 231 232
bad8_6 244.5 450.5 17.8 301.0 1009.0 63.5 68.5 231 230
bad9_1 241.5 446.5 19.1 478.0 1129.0 66.5 65.5 231 233
bad9_2 242.5 444.5 17.7 372.0 1009.0 67.5 62.5 232 231
bad9_3 242.5 444.5 19.4 472.0 1129.0 65.5 63.5 231 232
bad9_4 245.5 450.5 18.0 381.0 1009.0 64.5 68.5 233 232
bad9_5 243.5 450.5 17.7 249.0 1009.0 66.5 69.5 233 231
bad9_6 246.5 449.5 19.1 432.0 1129.0 61.5 68.5 231 232
bad10_1 248.5 440.5 18.8 710.0 1129.0 61.5 60.5 233 229
bad10_2 243.5 444.5 17.7 274.0 1009.0 66.5 65.5 233 234
bad10_3 241.5 451.5 17.7 282.0 1009.0 67.5 72.5 231 234
bad10_4 242.5 442.5 19.1 638.0 1129.0 67.5 63.5 235 233
bad10_5 241.5 447.5 19.0 457.0 1129.0 67.5 66.5 232 232
bad10_6 244.5 445.5 19.9 503.0 1257.0 64.5 65.5 234 231
bad11_1 245.5 448.5 22.4 841.0 1517.0 63.5 67.5 232 233
bad11_2 243.5 446.5 18.8 405.0 1129.0 64.5 64.5 232 232
bad11_3 247.5 447.5 19.1 660.0 1129.0 61.5 65.5 233 232
bad11_4 246.5 445.5 18.8 539.0 1129.0 63.5 63.5 232 231
bad11_5 242.5 438.5 17.7 608.0 1009.0 65.5 56.5 232 231
bad11_6 245.5 446.5 17.7 274.0 1009.0 62.5 63.5 231 232
bad12_1 245.5 452.5 18.0 313.0 1009.0 64.5 69.5 233 231
bad12_2 244.5 449.5 19.6 578.0 1257.0 64.5 68.5 231 233
bad12_3 242.5 451.5 17.7 347.0 1009.0 65.5 69.5 231 233
bad12_4 240.5 446.5 18.5 363.0 1009.0 67.5 66.5 231 234
bad12_5 241.5 449.5 17.9 313.0 1009.0 67.5 66.5 232 232
bad12_6 240.5 448.5 18.8 428.0 1129.0 68.5 66.5 232 232
bad13_1 244.5 449.5 18.0 563.0 1009.0 64.5 68.5 233 233
bad13_2 242.5 450.5 19.1 581.0 1129.0 66.5 68.5 231 232
bad13_3 246.5 449.5 18.5 441.0 1009.0 62.5 68.5 232 234
bad13_4 187.5 499.5 19.1 1083.0 1129.0 107.5 115.5 232 233
bad13_5 247.5 446.5 18.0 555.0 1009.0 62.5 65.5 233 232
bad13_6 246.5 449.5 18.5 397.0 1009.0 65.5 71.5 234 233
bad14_1 239.5 447.5 18.1 423.0 1009.0 70.5 65.5 233 233
bad14_2 242.5 442.5 17.2 400.0 901.0 67.5 61.5 233 233
bad14_3 241.5 443.5 18.2 470.0 1009.0 66.5 61.5 231 232
bad14_4 241.5 453.5 18.5 229.0 1009.0 66.5 72.5 231 234
bad14_5 242.5 453.5 18.8 467.0 1129.0 67.5 71.5 233 232
bad14_6 243.5 454.5 18.8 522.0 1129.0 64.5 72.5 231 232
bad15_1 258.5 449.5 18.8 458.0 1129.0 51.5 67.5 231 232
bad15_2 242.5 447.5 17.7 446.0 1009.0 65.5 66.5 230 233
bad15_3 244.5 443.5 19.1 429.0 1129.0 65.5 61.5 232 232
bad15_4 245.5 437.5 19.9 582.0 1257.0 64.5 57.5 231 232
bad15_5 243.5 447.5 18.5 286.0 1009.0 64.5 65.5 232 232
bad15_6 244.5 450.5 19.0 488.0 1129.0 65.5 68.5 233 231
bad16_1 239.5 444.5 19.0 410.0 1129.0 69.5 63.5 233 232
bad16_2 242.5 442.5 18.8 526.0 1129.0 66.5 61.5 230 233
bad16_3 243.5 449.5 18.6 484.0 1129.0 64.5 67.5 232 232
bad16_4 245.5 449.5 17.9 270.0 1009.0 63.5 68.5 232 233
bad16_5 240.5 445.5 18.8 493.0 1129.0 68.5 64.5 232 233
bad16_6 244.5 452.5 18.5 332.0 1009.0 63.5 70.5 231 231
bad17_1 242.5 448.5 17.8 276.0 1009.0 66.5 66.5 232 232
bad17_2 240.5 449.5 19.1 391.0 1129.0 67.5 68.5 232 234
bad17_3 243.5 448.5 19.1 890.0 1129.0 66.5 66.5 233 232
bad17_4 241.5 446.5 20.1 585.0 1257.0 66.5 64.5 232 232
bad17_5 260.5 447.5 18.1 861.0 1009.0 48.5 65.5 231 232
bad17_6 242.5 449.5 17.7 295.0 1009.0 67.5 67.5 234 233
bad18_1 237.5 453.5 20.2 629.0 1257.0 71.5 71.5 232 232
bad18_2 243.5 452.5 18.0 391.0 1009.0 66.5 70.5 232 233
bad18_3 242.5 449.5 18.0 325.0 1009.0 66.5 68.5 232 232
bad18_4 241.5 451.5 18.0 430.0 1009.0 68.5 69.5 232 232
bad18_5 243.5 446.5 18.8 549.0 1129.0 65.5 65.5 233 232
bad18_6 241.5 446.5 17.9 449.0 1009.0 68.5 65.5 233 233
bad19_1 246.5 447.5 21.3 677.0 1373.0 62.5 65.5 232 231
bad19_2 241.5 444.5 18.3 321.0 1009.0 64.5 64.5 232 232
bad19_3 241.5 450.5 19.9 617.0 1257.0 67.5 68.5 232 232
bad19_4 242.5 444.5 17.9 429.0 1009.0 66.5 62.5 231 231
bad19_5 240.5 450.5 18.8 470.0 1129.0 67.5 68.5 231 232
bad19_6 245.5 444.5 19.1 520.0 1129.0 64.5 62.5 233 231
bad20_1 243.5 444.5 17.9 523.0 1009.0 65.5 62.5 231 233
bad20_2 241.5 442.5 18.1 550.0 1009.0 68.5 60.5 233 232
bad20_3 242.5 444.5 17.4 405.0 901.0 65.5 62.5 231 232
bad20_4 242.5 453.5 18.6 406.0 1129.0 66.5 71.5 232 232
bad20_5 243.5 452.5 17.7 366.0 1009.0 66.5 70.5 233 233
bad20_6 244.5 452.5 19.9 694.0 1257.0 63.5 70.5 231 232
bad21_1 244.5 443.5 20.2 549.0 1257.0 64.5 62.5 232 232
bad21_2 248.5 444.5 19.1 505.0 1129.0 62.5 62.5 232 231
bad21_3 248.5 449.5 21.3 721.0 1373.0 59.5 69.5 230 233
bad21_4 248.5 443.5 18.5 304.0 1009.0 61.5 63.5 232 233
bad21_5 246.5 441.5 17.4 283.0 901.0 63.5 60.5 234 232
bad21_6 246.5 436.5 17.7 504.0 1009.0 61.5 56.5 231 233
bad22_1 245.5 448.5 19.1 434.0 1129.0 62.5 67.5 231 233
bad22_2 242.5 447.5 19.9 561.0 1257.0 66.5 65.5 231 232
bad22_3 242.5 449.5 17.7 402.0 1009.0 65.5 68.5 232 233
bad22_4 243.5 444.5 20.2 731.0 1257.0 66.5 63.5 231 233
bad22_5 244.5 446.5 17.9 395.0 1009.0 63.5 65.5 232 232
bad22_6 243.5 446.5 17.9 401.0 1009.0 66.5 64.5 232 232
bad23_1 239.5 450.5 18.8 468.0 1129.0 68.5 67.5 231 232
bad23_2 239.5 450.5 18.0 291.0 1009.0 68.5 67.5 231 232
bad23_3 237.5 451.5 18.1 234.0 1009.0 69.5 69.5 233 230
bad23_4 240.5 452.5 19.1 432.0 1129.0 67.5 69.5 231 231
bad23_5 242.5 453.5 19.3 395.0 1129.0 67.5 71.5 232 233
bad23_6 239.5 455.5 18.1 340.0 1009.0 68.5 72.5 232 232
bad24_1 242.5 452.5 18.5 304.0 1009.0 66.5 71.5 231 233
bad24_2 240.5 452.5 18.8 547.0 1129.0 69.5 71.5 232 233
bad24_3 239.5 452.5 20.0 679.0 1257.0 70.5 71.5 233 233
bad24_4 238.5 449.5 18.8 453.0 1129.0 70.5 68.5 232 232
bad24_5 240.5 453.5 18.8 531.0 1129.0 69.5 72.5 233 233
bad24_6 238.5 446.5 18.0 458.0 1009.0 70.5 65.5 232 233
bad25_1 242.5 451.5 19.2 536.0 1129.0 66.5 70.5 232 234
bad25_2 241.5 450.5 19.4 511.0 1129.0 67.5 68.5 232 232
bad25_3 243.5 452.5 18.8 528.0 1129.0 66.5 70.5 234 233
bad25_4 245.5 444.5 17.7 459.0 1009.0 63.5 62.5 232 233
bad25_5 243.5 440.5 17.4 443.0 901.0 65.5 59.5 233 234
bad25_6 244.5 443.5 19.3 560.0 1129.0 64.5 61.5 232 232
bad26_1 241.5 448.5 19.4 544.0 1129.0 67.5 67.5 232 233
bad26_2 243.5 451.5 19.1 511.0 1129.0 67.5 69.5 234 233
bad26_3 241.5 449.5 19.9 534.0 1257.0 68.5 68.5 233 233
bad26_4 244.5 443.5 18.3 540.0 1009.0 65.5 62.5 233 233
bad26_5 243.5 446.5 17.4 367.0 901.0 66.5 65.5 233 234
bad26_6 243.5 437.5 19.3 701.0 1129.0 66.5 58.5 233 233
bad27_1 235.5 453.5 19.1 426.0 1129.0 72.5 71.5 231 232
bad27_2 241.5 445.5 19.9 692.0 1257.0 66.5 65.5 232 233
bad27_3 240.5 448.5 18.0 856.0 1009.0 67.5 66.5 231 232
bad27_4 238.5 453.5 18.0 310.0 1009.0 69.5 72.5 231 233
bad27_5 241.5 450.5 17.7 829.0 1009.0 66.5 68.5 231 231
bad27_6 240.5 454.5 18.8 529.0 1129.0 66.5 72.5 231 232
bad28_1 243.5 447.5 17.4 200.0 901.0 66.5 68.5 231 234
bad28_2 242.5 446.5 17.7 371.0 1009.0 65.5 64.5 231 232
bad28_3 243.5 447.5 17.7 364.0 1009.0 66.5 66.5 233 231
bad28_4 243.5 447.5 20.1 617.0 1257.0 66.5 65.5 232 231
bad28_5 241.5 445.5 19.6 633.0 1257.0 67.5 65.5 232 232
bad28_6 240.5 447.5 20.2 566.0 1257.0 67.5 66.5 231 232
bad29_1 156.5 550.5 19.1 1129.0 1129.0 78.5 62.5 231 230
bad29_2 246.5 447.5 17.7 336.0 1009.0 62.5 65.5 232 233
bad29_3 246.5 448.5 17.6 350.0 1009.0 61.5 65.5 232 232
bad29_4 242.5 445.5 17.7 257.0 1009.0 65.5 64.5 231 234
bad29_5 243.5 444.5 17.9 416.0 1009.0 65.5 61.5 232 232
bad29_6 244.5 443.5 17.4 268.0 901.0 63.5 60.5 232 231
bad30_1 238.5 454.5 20.2 608.0 1257.0 71.5 73.5 231 234
bad30_2 239.5 448.5 20.2 568.0 1257.0 68.5 67.5 231 232
bad30_3 236.5 447.5 20.2 522.0 1257.0 72.5 67.5 232 234
bad30_4 239.5 458.5 18.5 297.0 1009.0 69.5 77.5 232 233
bad30_5 240.5 455.5 18.1 268.0 1009.0 69.5 73.5 233 231
bad30_6 240.5 452.5 18.8 412.0 1129.0 67.5 72.5 230 233
bad31_1 240.5 451.5 19.0 514.0 1129.0 69.5 70.5 232 231
bad31_2 240.5 447.5 18.3 321.0 1009.0 70.5 67.5 230 234
bad31_3 234.5 452.5 18.8 370.0 1129.0 74.5 70.5 232 232
bad31_4 239.5 451.5 19.4 510.0 1129.0 68.5 70.5 230 233
bad31_5 236.5 451.5 20.2 584.0 1257.0 71.5 69.5 230 231
bad31_6 241.5 451.5 20.2 490.0 1257.0 69.5 70.5 234 231
bad32_1 239.5 449.5 20.2 503.0 1257.0 68.5 67.5 231 232
bad32_2 238.5 447.5 18.8 361.0 1129.0 69.5 65.5 232 233
bad32_3 241.5 449.5 18.5 490.0 1009.0 68.5 67.5 232 233
bad32_4 239.5 451.5 19.9 459.0 1257.0 69.5 69.5 233 232
bad32_5 240.5 452.5 17.7 365.0 1009.0 67.5 70.5 231 232
bad32_6 242.5 455.5 18.3 235.0 1009.0 65.5 73.5 231 233
bad33_1 246.5 445.5 18.5 533.0 1009.0 63.5 64.5 233 233
bad33_2 241.5 442.5 18.5 458.0 1009.0 67.5 60.5 232 233
bad33_3 241.5 443.5 17.7 493.0 1009.0 67.5 60.5 232 232
bad33_4 242.5 449.5 17.7 398.0 1009.0 67.5 67.5 233 232
bad33_5 242.5 451.5 19.1 530.0 1129.0 66.5 69.5 232 233
bad33_6 244.5 452.5 17.2 331.0 901.0 65.5 69.5 232 232
bad34_1 242.5 450.5 19.1 425.0 1129.0 65.5 68.5 231 232
bad34_2 242.5 449.5 18.0 336.0 1009.0 67.5 67.5 232 232
bad34_3 240.5 448.5 18.8 442.0 1129.0 68.5 66.5 231 233
bad34_4 243.5 448.5 17.7 326.0 1009.0 64.5 66.5 231 232
bad34_5 244.5 449.5 18.0 319.0 1009.0 64.5 67.5 232 232
bad34_6 246.5 448.5 17.4 351.0 901.0 62.5 66.5 232 232
bad35_1 241.5 454.5 20.2 662.0 1257.0 68.5 73.5 232 233
bad35_2 256.5 447.5 18.0 797.0 1009.0 53.5 66.5 233 233
bad35_3 243.5 447.5 18.1 342.0 1009.0 65.5 65.5 231 233
bad35_4 241.5 448.5 19.1 584.0 1129.0 67.5 67.5 232 233
bad35_5 242.5 448.5 18.0 307.0 1009.0 66.5 66.5 232 232
bad35_6 243.5 449.5 18.8 829.0 1129.0 65.5 67.5 232 233
bad36_1 242.5 446.5 20.2 561.0 1257.0 67.5 64.5 233 232
bad36_2 243.5 447.5 19.1 492.0 1129.0 66.5 66.5 232 233
bad36_3 239.5 446.5 19.1 563.0 1129.0 70.5 65.5 233 233
bad36_4 245.5 447.5 17.9 336.0 1009.0 63.5 67.5 231 233
bad36_5 244.5 454.5 18.1 389.0 1009.0 64.5 72.5 232 232
bad36_6 249.5 447.5 17.4 392.0 901.0 60.5 66.5 233 232
bad37_1 240.5 450.5 22.4 810.0 1517.0 69.5 68.5 233 232
bad37_2 239.5 451.5 20.2 573.0 1257.0 68.5 69.5 230 233
bad37_3 246.5 440.5 20.2 1049.0 1257.0 61.5 57.5 232 232
bad37_4 241.5 454.5 17.2 190.0 901.0 68.5 73.5 230 234
bad37_5 101.5 585.5 19.9 1257.0 1257.0 24.5 29.5 231 232
bad37_6 239.5 454.5 18.0 317.0 1009.0 70.5 71.5 232 230
bad38_1 242.5 449.5 20.2 530.0 1257.0 66.5 67.5 232 232
bad38_2 243.5 450.5 19.4 487.0 1129.0 66.5 68.5 233 232
bad38_3 242.5 448.5 19.4 520.0 1129.0 66.5 67.5 231 233
bad38_4 239.5 448.5 17.7 284.0 1009.0 67.5 66.5 231 232
bad38_5 241.5 448.5 17.9 411.0 1009.0 67.5 66.5 232 231
bad38_6 242.5 446.5 18.0 461.0 1009.0 66.5 65.5 231 233
bad39_1 244.5 450.5 17.7 467.0 1009.0 64.5 70.5 233 232
bad39_2 241.5 447.5 19.1 506.0 1129.0 66.5 69.5 231 232
bad39_3 244.5 448.5 20.2 628.0 1257.0 66.5 69.5 233 231
bad39_4 244.5 436.5 17.2 490.0 901.0 65.5 59.5 233 233
bad39_5 216.5 605.5 19.1 1084.0 1129.0 92.5 7.5 231 234
bad39_6 240.5 449.5 19.1 569.0 1129.0 66.5 71.5 231 232
bad40_1 238.5 453.5 20.2 948.0 1257.0 70.5 72.5 232 233
bad40_2 241.5 452.5 20.2 1041.0 1257.0 67.5 71.5 232 233
bad40_3 241.5 454.5 19.9 641.0 1257.0 67.5 72.5 232 233
bad40_4 253.5 445.5 18.0 739.0 1009.0 55.5 64.5 232 234
bad40_5 238.5 447.5 17.7 437.0 1009.0 69.5 66.5 232 233
bad40_6 253.5 447.5 17.9 819.0 1009.0 54.5 65.5 231 232
bad41_1 238.5 448.5 18.3 354.0 1009.0 71.5 66.5 233 232
bad41_2 241.5 450.5 18.1 325.0 1009.0 67.5 69.5 232 234
bad41_3 238.5 448.5 17.7 365.0 1009.0 71.5 67.5 233 233
bad41_4 239.5 451.5 20.0 578.0 1257.0 69.5 70.5 233 233
bad41_5 240.5 452.5 18.5 285.0 1009.0 69.5 71.5 233 233
bad41_6 241.5 449.5 18.8 547.0 1129.0 68.5 68.5 233 233
bad42_1 243.5 444.5 18.2 313.0 1009.0 64.5 63.5 232 233
bad42_2 244.5 441.5 19.0 556.0 1129.0 65.5 60.5 233 231
bad42_3 242.5 444.5 20.2 630.0 1257.0 65.5 63.5 230 232
bad42_4 249.5 446.5 19.1 536.0 1129.0 58.5 65.5 230 233
bad42_5 247.5 446.5 17.9 381.0 1009.0 60.5 64.5 232 230
bad42_6 251.5 445.5 17.4 419.0 901.0 56.5 64.5 230 232
bad43_1 240.5 442.5 18.1 439.0 1009.0 67.5 60.5 231 233
bad43_2 244.5 445.5 19.0 600.0 1129.0 64.5 63.5 232 233
bad43_3 246.5 445.5 17.7 530.0 1009.0 63.5 63.5 233 231
bad43_4 244.5 451.5 18.8 554.0 1129.0 64.5 69.5 232 233
bad43_5 241.5 448.5 18.1 456.0 1009.0 66.5 66.5 231 232
bad43_6 242.5 450.5 17.4 287.0 901.0 67.5 68.5 234 233
bad44_1 235.5 455.5 17.9 268.0 1009.0 73.5 72.5 231 232
bad44_2 237.5 452.5 17.7 251.0 1009.0 71.5 70.5 232 231
bad44_3 237.5 452.5 18.1 272.0 1009.0 69.5 70.5 230 232
bad44_4 236.5 452.5 21.3 685.0 1373.0 70.5 70.5 230 232
bad44_5 239.5 453.5 20.2 544.0 1257.0 69.5 71.5 232 231
bad44_6 239.5 451.5 19.9 522.0 1257.0 69.5 69.5 231 233
bad45_1 239.5 450.5 20.2 603.0 1257.0 70.5 69.5 233 231
bad45_2 238.5 449.5 20.2 641.0 1257.0 69.5 68.5 232 232
bad45_3 237.5 450.5 19.1 516.0 1129.0 71.5 69.5 232 232
bad45_4 242.5 449.5 18.0 329.0 1009.0 65.5 68.5 230 234
bad45_5 239.5 451.5 17.7 393.0 1009.0 69.5 71.5 231 234
bad45_6 242.5 450.5 18.0 456.0 1009.0 66.5 69.5 232 232
bad46_1 243.5 449.5 18.8 430.0 1129.0 64.5 67.5 230 231
bad46_2 242.5 450.5 19.3 764.0 1129.0 66.5 68.5 232 233
bad46_3 240.5 448.5 18.5 452.0 1009.0 68.5 67.5 233 230
bad46_4 241.5 449.5 17.7 310.0 1009.0 67.5 67.5 231 231
bad46_5 242.5 447.5 18.5 404.0 1009.0 64.5 65.5 230 232
bad46_6 252.5 449.5 18.0 701.0 1009.0 55.5 67.5 231 232
bad47_1 247.5 445.5 20.2 603.0 1257.0 62.5 65.5 232 232
bad47_2 246.5 448.5 16.9 424.0 901.0 63.5 67.5 233 233
bad47_3 248.5 447.5 20.2 606.0 1257.0 61.5 66.5 232 232
bad47_4 245.5 441.5 17.2 315.0 901.0 63.5 61.5 231 233
bad47_5 247.5 440.5 17.4 333.0 901.0 60.5 60.5 231 234
bad47_6 249.5 440.5 17.2 555.0 901.0 59.5 60.5 232 232
bad48_1 240.5 445.5 18.8 563.0 1129.0 68.5 63.5 232 233
bad48_2 242.5 443.5 17.7 504.0 1009.0 66.5 61.5 232 232
bad48_3 245.5 443.5 17.7 498.0 1009.0 63.5 61.5 232 233
bad48_4 242.5 451.5 18.0 287.0 1009.0 67.5 70.5 233 233
bad48_5 243.5 451.5 19.1 495.0 1129.0 66.5 69.5 233 232
bad48_6 243.5 452.5 17.4 274.0 901.0 66.5 70.5 233 233
bad49_1 242.5 452.5 17.7 333.0 1009.0 66.5 70.5 232 233
bad49_2 242.5 453.5 18.2 388.0 1009.0 65.5 70.5 231 231
bad49_3 242.5 452.5 17.7 360.0 1009.0 67.5 70.5 233 232
bad49_4 244.5 445.5 17.7 537.0 1009.0 65.5 62.5 233 232
bad49_5 243.5 447.5 17.7 526.0 1009.0 65.5 65.5 232 232
bad49_6 240.5 443.5 18.0 553.0 1009.0 68.5 61.5 232 233
bad50_1 239.5 453.5 18.5 274.0 1009.0 69.5 71.5 233 233
bad50_2 238.5 454.5 18.8 418.0 1129.0 69.5 72.5 231 233
bad50_3 241.5 454.5 17.4 287.0 901.0 67.5 72.5 232 232
bad50_4 239.5 448.5 18.2 440.0 1009.0 69.5 66.5 232 232
bad50_5 238.5 448.5 18.5 316.0 1009.0 69.5 66.5 231 232
bad50_6 237.5 451.5 17.1 249.0 901.0 71.5 69.5 232 233
bad51_1 244.5 441.5 19.1 720.0 1129.0 65.5 59.5 233 232
bad51_2 242.5 442.5 18.1 481.0 1009.0 65.5 61.5 231 233
bad51_3 240.5 444.5 18.2 530.0 1009.0 67.5 64.5 232 234
bad51_4 242.5 451.5 18.1 420.0 1009.0 66.5 70.5 232 232
bad51_5 240.5 452.5 18.1 443.0 1009.0 69.5 71.5 233 233
bad51_6 242.5 451.5 18.2 382.0 1009.0 67.5 71.5 233 232
bad52_1 240.5 452.5 18.0 350.0 1009.0 65.5 69.5 229 231
bad52_2 242.5 452.5 19.1 415.0 1129.0 64.5 70.5 230 231
bad52_3 240.5 451.5 19.1 494.0 1129.0 66.5 69.5 230 230
bad52_4 237.5 445.5 17.4 378.0 901.0 69.5 64.5 231 230
bad52_5 239.5 443.5 17.7 487.0 1009.0 67.5 61.5 230 230
bad52_6 236.5 448.5 18.0 249.0 1009.0 69.5 67.5 229 232
bad53_1 247.5 445.5 20.2 764.0 1257.0 64.5 76.5 234 239
bad53_2 241.5 442.5 20.0 665.0 1257.0 67.5 62.5 232 233
bad53_3 243.5 445.5 18.0 341.0 1009.0 65.5 67.5 232 234
bad53_4 247.5 445.5 17.9 552.0 1009.0 62.5 68.5 230 232
bad53_5 247.5 446.5 17.9 508.0 1009.0 62.5 66.5 231 232
bad53_6 247.5 445.5 17.9 564.0 1009.0 61.5 66.5 233 233
bad54_1 251.5 443.5 17.7 731.0 1009.0 57.5 61.5 232 232
bad54_2 242.5 439.5 18.8 584.0 1129.0 65.5 59.5 231 235
bad54_3 243.5 442.5 19.2 744.0 1129.0 66.5 61.5 233 233
bad54_4 243.5 453.5 19.0 716.0 1129.0 65.5 72.5 232 233
bad54_5 242.5 453.5 18.8 573.0 1129.0 65.5 71.5 232 232
bad54_6 245.5 453.5 18.0 468.0 1009.0 63.5 72.5 233 233
bad55_1 239.5 450.5 20.1 593.0 1257.0 70.5 69.5 231 233
bad55_2 238.5 451.5 20.0 688.0 1257.0 70.5 70.5 232 232
bad55_3 237.5 453.5 20.2 589.0 1257.0 73.5 72.5 234 231
bad55_4 240.5 451.5 17.4 269.0 901.0 69.5 69.5 232 232
bad55_5 236.5 450.5 17.9 331.0 1009.0 72.5 69.5 231 233
bad55_6 235.5 455.5 18.1 335.0 1009.0 73.5 74.5 232 232
bad56_1 244.5 443.5 18.0 430.0 1009.0 64.5 62.5 231 232
bad56_2 243.5 451.5 20.2 1029.0 1257.0 65.5 70.5 231 233
bad56_3 242.5 447.5 20.0 591.0 1257.0 66.5 66.5 232 232
bad56_4 244.5 446.5 19.1 427.0 1129.0 64.5 65.5 231 232
bad56_5 244.5 448.5 18.8 510.0 1129.0 64.5 68.5 232 232
bad56_6 239.5 446.5 20.2 1037.0 1257.0 69.5 65.5 232 233
bad57_1 237.5 453.5 20.0 686.0 1257.0 70.5 71.5 231 231
bad57_2 236.5 451.5 20.2 540.0 1257.0 71.5 69.5 231 232
bad57_3 240.5 454.5 20.2 693.0 1257.0 71.5 71.5 231 232
bad57_4 238.5 452.5 17.7 467.0 1009.0 70.5 70.5 230 232
bad57_5 237.5 453.5 19.9 521.0 1257.0 69.5 71.5 230 232
bad57_6 240.5 454.5 17.7 398.0 1009.0 68.5 71.5 233 231
bad58_1 241.5 442.5 18.0 490.0 1009.0 66.5 60.5 231 232
bad58_2 241.5 451.5 17.9 594.0 1009.0 68.5 71.5 232 234
bad58_3 241.5 446.5 18.8 813.0 1129.0 68.5 64.5 233 231
bad58_4 244.5 452.5 19.1 490.0 1129.0 64.5 70.5 232 231
bad58_5 238.5 453.5 15.8 402.0 797.0 69.5 73.5 231 234
bad58_6 238.5 448.5 20.2 865.0 1257.0 71.5 67.5 233 232
bad59_1 245.5 444.5 17.7 453.0 1009.0 65.5 64.5 232 232
bad59_2 240.5 442.5 18.8 515.0 1129.0 68.5 62.5 231 233
bad59_3 238.5 442.5 18.8 500.0 1129.0 70.5 62.5 232 232
bad59_4 246.5 449.5 19.6 575.0 1257.0 62.5 69.5 231 232
bad59_5 244.5 450.5 19.9 540.0 1257.0 64.5 69.5 233 233
bad59_6 245.5 448.5 18.8 457.0 1129.0 64.5 68.5 233 232
bad60_1 242.5 450.5 17.4 293.0 901.0 65.5 68.5 231 233
bad60_2 242.5 446.5 17.7 357.0 1009.0 66.5 65.5 232 231
bad60_3 240.5 445.5 17.4 371.0 901.0 68.5 63.5 233 232
bad60_4 239.5 451.5 19.9 585.0 1257.0 68.5 69.5 231 232
bad60_5 239.5 453.5 18.0 296.0 1009.0 68.5 71.5 233 231
bad60_6 241.5 452.5 19.1 414.0 1129.0 66.5 70.5 231 233
bad61_1 251.5 452.5 17.7 629.0 1009.0 56.5 71.5 231 233
bad61_2 241.5 450.5 17.1 397.0 901.0 67.5 68.5 233 232
bad61_3 242.5 449.5 17.4 313.0 901.0 66.5 67.5 232 232
bad61_4 241.5 449.5 18.0 560.0 1009.0 68.5 67.5 233 233
bad61_5 240.5 449.5 18.3 423.0 1009.0 68.5 67.5 232 232
bad61_6 240.5 450.5 19.1 585.0 1129.0 67.5 68.5 232 233
bad62_1 242.5 447.5 18.0 355.0 1009.0 65.5 65.5 231 231
bad62_2 241.5 446.5 18.2 421.0 1009.0 67.5 64.5 233 231
bad62_3 240.5 448.5 17.4 337.0 901.0 67.5 66.5 231 232
bad62_4 241.5 451.5 18.5 338.0 1009.0 67.5 69.5 232 232
bad62_5 239.5 451.5 18.8 406.0 1129.0 68.5 69.5 233 231
bad62_6 241.5 452.5 17.9 354.0 1009.0 65.5 71.5 231 234
bad63_1 240.5 450.5 18.5 339.0 1009.0 67.5 68.5 232 231
bad63_2 241.5 449.5 17.9 789.0 1009.0 66.5 67.5 232 233
bad63_3 239.5 450.5 19.1 479.0 1129.0 68.5 68.5 233 233
bad63_4 243.5 449.5 17.2 251.0 901.0 65.5 67.5 233 233
bad63_5 241.5 451.5 18.0 406.0 1009.0 67.5 69.5 233 232
bad63_6 257.5 450.5 17.4 763.0 901.0 50.5 68.5 231 232
bad64_1 244.5 453.5 18.0 411.0 1009.0 63.5 71.5 231 232
bad64_2 244.5 449.5 18.5 332.0 1009.0 64.5 67.5 233 232
bad64_3 243.5 451.5 17.2 256.0 901.0 64.5 69.5 231 232
bad64_4 241.5 439.5 17.4 442.0 901.0 66.5 57.5 231 233
bad64_5 243.5 442.5 19.0 637.0 1129.0 64.5 60.5 231 232
bad64_6 245.5 442.5 17.1 372.0 901.0 62.5 60.5 232 232
bad65_1 240.5 452.5 18.8 403.0 1129.0 67.5 71.5 232 232
bad65_2 241.5 452.5 18.3 364.0 1009.0 67.5 70.5 232 232
bad65_3 240.5 450.5 18.8 467.0 1129.0 68.5 69.5 233 233
bad65_4 240.5 450.5 18.8 484.0 1129.0 68.5 68.5 232 233
bad65_5 242.5 450.5 18.0 422.0 1009.0 67.5 69.5 233 233
bad65_6 238.5 448.5 18.0 375.0 1009.0 69.5 67.5 232 233
bad66_1 239.5 443.5 19.1 480.0 1129.0 68.5 62.5 231 233
bad66_2 243.5 444.5 18.8 485.0 1129.0 64.5 62.5 231 233
bad66_3 242.5 443.5 18.0 520.0 1009.0 67.5 61.5 233 231
bad66_4 245.5 451.5 17.7 304.0 1009.0 63.5 69.5 232 230
bad66_5 245.5 449.5 18.0 407.0 1009.0 63.5 68.5 231 233
bad66_6 246.5 449.5 18.3 377.0 1009.0 62.5 67.5 232 232
bad67_1 240.5 449.5 18.0 404.0 1009.0 69.5 67.5 233 232
bad67_2 239.5 449.5 18.0 410.0 1009.0 67.5 68.5 232 233
bad67_3 244.5 448.5 17.4 394.0 901.0 66.5 66.5 232 233
bad67_4 240.5 453.5 17.7 367.0 1009.0 67.5 72.5 231 233
bad67_5 248.5 447.5 18.3 585.0 1009.0 63.5 65.5 232 232
bad67_6 241.5 450.5 17.4 316.0 901.0 68.5 69.5 233 233
bad68_1 243.5 449.5 17.9 456.0 1009.0 64.5 69.5 231 233
bad68_2 235.5 451.5 17.9 314.0 1009.0 72.5 70.5 231 233
bad68_3 239.5 446.5 18.0 361.0 1009.0 71.5 65.5 233 231
bad68_4 239.5 448.5 17.7 499.0 1009.0 70.5 67.5 233 231
bad68_5 248.5 447.5 18.8 489.0 1129.0 60.5 67.5 231 233
bad68_6 242.5 452.5 18.8 469.0 1129.0 68.5 74.5 233 234
bad69_1 239.5 450.5 20.1 591.0 1257.0 69.5 70.5 233 232
bad69_2 238.5 449.5 20.2 571.0 1257.0 69.5 69.5 231 233
bad69_3 239.5 447.5 20.2 574.0 1257.0 69.5 66.5 231 232
bad69_4 240.5 447.5 18.8 538.0 1129.0 67.5 67.5 232 233
bad69_5 242.5 449.5 17.7 301.0 1009.0 65.5 68.5 231 232
bad69_6 240.5 450.5 17.4 307.0 901.0 70.5 69.5 234 231
bad70_1 243.5 451.5 17.8 365.0 1009.0 65.5 69.5 232 230
bad70_2 244.5 449.5 18.8 440.0 1129.0 62.5 68.5 229 232
bad70_3 242.5 449.5 18.8 450.0 1129.0 64.5 67.5 230 231
bad70_4 238.5 446.5 18.8 505.0 1129.0 68.5 64.5 230 231
bad70_5 238.5 445.5 17.9 376.0 1009.0 68.5 63.5 230 230
bad70_6 240.5 445.5 18.0 434.0 1009.0 68.5 62.5 231 230
