bad1_1 241.5 442.5 19.1 468.0 67.5 60.5 232 233
bad1_2 244.5 443.5 18.8 597.0 65.5 61.5 231 233
bad1_3 239.5 446.5 15.5 361.0 68.5 64.5 230 233
bad1_4 258.5 450.5 18.8 549.0 50.5 70.5 232 235
bad1_5 256.5 449.5 17.7 543.0 51.5 67.5 231 232
bad1_6 262.5 448.5 18.3 499.0 47.5 66.5 232 233
bad2_1 240.5 449.5 17.4 112.0 67.5 67.5 231 231
bad2_2 242.5 450.5 17.6 168.0 65.5 68.5 231 233
bad2_3 240.5 452.5 18.8 274.0 67.5 69.5 231 237
bad2_4 239.5 451.5 17.2 61.0 68.5 69.5 231 170
bad2_5 242.5 449.5 17.7 155.0 68.5 67.5 231 233
bad2_6 243.5 449.5 17.2 102.0 64.5 66.5 231 232
bad3_1 243.5 457.5 20.2 491.0 65.5 74.5 232 238
bad3_2 242.5 452.5 18.3 150.0 66.5 70.5 231 233
bad3_3 240.5 453.5 19.4 240.0 68.5 71.5 232 233
bad3_4 240.5 452.5 18.1 137.0 67.5 70.5 230 233
bad3_5 241.5 452.5 16.6 84.0 66.5 69.5 232 232
bad3_6 241.5 451.5 17.2 80.0 67.5 70.5 232 233
bad4_1 241.5 446.5 17.2 55.0 68.5 64.5 233 238
bad4_2 244.5 443.5 17.7 140.0 64.5 61.5 232 233
bad4_3 243.5 444.5 17.7 157.0 64.5 62.5 231 233
bad4_4 241.5 450.5 17.4 117.0 66.5 68.5 232 233
bad4_5 242.5 451.5 18.0 161.0 65.5 69.5 231 233
bad4_6 243.5 451.5 18.0 120.0 65.5 69.5 232 233
bad5_1 244.5 452.5 17.3 248.0 64.5 70.5 232 234
bad5_2 244.5 451.5 17.8 187.0 65.5 69.5 233 233
bad5_3 242.5 452.5 16.8 39.0 65.5 70.5 231 232
bad5_4 239.5 442.5 18.1 398.0 69.5 60.5 233 233
bad5_5 245.5 447.5 17.4 105.0 66.5 64.5 233 233
bad5_6 243.5 442.5 17.2 212.0 65.5 60.5 232 233
bad6_1 248.5 440.5 18.0 152.0 61.5 60.5 231 234
bad6_2 246.5 439.5 17.7 210.0 62.5 59.5 231 233
bad6_3 247.5 440.5 17.7 163.0 64.5 60.5 234 233
bad6_4 245.5 445.5 15.8 108.0 64.5 67.5 233 234
bad6_5 250.5 447.5 19.6 392.0 59.5 68.5 231 235
bad6_6 249.5 447.5 17.9 234.0 60.5 66.5 232 233
bad7_1 241.5 450.5 20.2 317.0 67.5 69.5 232 234
bad7_2 242.5 452.5 18.0 186.0 67.5 70.5 232 232
bad7_3 241.5 448.5 19.1 409.0 67.5 67.5 232 234
bad7_4 241.5 449.5 17.2 125.0 68.5 67.5 233 233
bad7_5 243.5 445.5 17.7 205.0 67.5 64.5 232 234
bad7_6 239.5 445.5 17.7 230.0 69.5 64.5 232 234
bad8_1 241.5 444.5 19.1 188.0 67.5 63.5 232 232
bad8_2 242.5 445.5 17.4 63.0 66.5 64.5 231 233
bad8_3 238.5 447.5 17.7 146.0 68.5 66.5 231 204
bad8_4 243.5 448.5 18.5 124.0 64.5 67.5 231 233
bad8_5 243.5 450.5 19.9 374.0 65.5 69.5 232 233
bad8_6 245.5 451.5 17.7 131.0 62.5 69.5 231 231
bad9_1 241.5 444.5 19.1 325.0 67.5 63.5 232 233
bad9_2 243.5 446.5 17.7 219.0 66.5 64.5 232 232
bad9_3 242.5 443.5 18.0 128.0 65.5 62.5 231 234
bad9_4 244.5 449.5 17.7 249.0 65.5 67.5 233 233
bad9_5 244.5 449.5 18.3 148.0 65.5 68.5 233 233
bad9_6 244.5 448.5 18.8 285.0 63.5 67.5 231 234
bad10_1 247.5 442.5 17.4 290.0 61.5 62.5 232 233
bad10_2 245.5 443.5 17.2 67.0 64.5 64.5 232 235
bad10_3 242.5 449.5 17.7 131.0 66.5 45.5 231 116
bad10_4 242.5 442.5 19.1 522.0 66.5 63.5 233 235
bad10_5 242.5 447.5 18.8 256.0 66.5 66.5 232 233
bad10_6 244.5 446.5 18.8 240.0 64.5 66.5 234 232
bad11_1 247.5 447.5 20.2 306.0 62.5 65.5 232 233
bad11_2 244.5 449.5 17.7 140.0 63.5 67.5 232 233
bad11_3 247.5 450.5 19.1 490.0 61.5 68.5 232 239
bad11_4 246.5 444.5 17.1 116.0 63.5 62.5 232 233
bad11_5 241.5 438.5 17.2 237.0 66.5 56.5 232 233
bad11_6 244.5 446.5 17.4 98.0 63.5 63.5 231 232
bad12_1 243.5 451.5 17.9 118.0 65.5 68.5 232 238
bad12_2 242.5 450.5 18.0 163.0 66.5 69.5 231 234
bad12_3 243.5 451.5 18.1 112.0 64.5 69.5 231 234
bad12_4 241.5 445.5 17.2 85.0 66.5 65.5 231 235
bad12_5 241.5 447.5 17.4 65.0 67.5 64.5 232 238
bad12_6 240.5 446.5 16.6 129.0 68.5 64.5 232 233
bad13_1 244.5 449.5 18.0 450.0 64.5 68.5 233 234
bad13_2 242.5 450.5 18.3 157.0 66.5 68.5 232 233
bad13_3 245.5 448.5 17.2 134.0 63.5 69.5 232 158
bad13_4 246.5 442.5 17.4 368.0 65.5 60.5 232 234
bad13_5 248.5 445.5 18.1 284.0 61.5 64.5 233 234
bad13_6 247.5 448.5 18.1 199.0 64.5 69.5 234 235
bad14_1 239.5 446.5 17.2 53.0 70.5 64.5 233 233
bad14_2 241.5 442.5 16.7 160.0 67.5 61.5 233 234
bad14_3 241.5 441.5 18.0 255.0 66.5 59.5 231 233
bad14_4 241.5 454.5 17.7 103.0 67.5 73.5 232 234
bad14_5 244.5 453.5 18.1 146.0 65.5 71.5 233 233
bad14_6 242.5 453.5 17.9 183.0 65.5 71.5 231 233
bad15_1 257.5 448.5 16.6 79.0 52.5 66.5 231 233
bad15_2 240.5 446.5 17.2 138.0 68.5 65.5 231 194
bad15_3 243.5 445.5 18.5 122.0 66.5 63.5 232 233
bad15_4 245.5 436.5 19.3 219.0 64.5 56.5 231 232
bad15_5 244.5 448.5 17.7 129.0 63.5 66.5 232 233
bad15_6 243.5 450.5 18.0 148.0 66.5 68.5 233 232
bad16_1 240.5 445.5 17.7 114.0 68.5 64.5 233 233
bad16_2 243.5 445.5 17.7 179.0 65.5 64.5 230 234
bad16_3 243.5 450.5 18.5 143.0 65.5 68.5 233 233
bad16_4 244.5 449.5 18.0 123.0 64.5 68.5 232 234
bad16_5 241.5 444.5 18.0 215.0 67.5 63.5 232 192
bad16_6 244.5 451.5 17.7 154.0 63.5 69.5 231 233
bad17_1 241.5 449.5 18.8 231.0 67.5 67.5 232 233
bad17_2 240.5 450.5 18.5 118.0 67.5 69.5 232 234
bad17_3 242.5 448.5 17.7 563.0 67.5 66.5 233 233
bad17_4 244.5 449.5 17.8 120.0 63.5 67.5 232 233
bad17_5 259.5 447.5 18.1 745.0 49.5 65.5 231 234
bad17_6 244.5 449.5 17.2 30.0 65.5 67.5 234 233
bad18_1 238.5 452.5 20.2 278.0 69.5 70.5 232 233
bad18_2 244.5 453.5 17.7 146.0 65.5 71.5 232 234
bad18_3 243.5 451.5 18.0 128.0 65.5 70.5 232 234
bad18_4 242.5 452.5 17.4 56.0 67.5 70.5 232 233
bad18_5 244.5 446.5 17.7 146.0 64.5 65.5 233 233
bad18_6 240.5 447.5 18.6 317.0 69.5 66.5 233 234
bad19_1 245.5 448.5 18.0 209.0 63.5 66.5 232 232
bad19_2 242.5 444.5 17.2 91.0 65.5 64.5 234 235
bad19_3 240.5 449.5 18.8 267.0 68.5 67.5 232 233
bad19_4 241.5 445.5 19.1 362.0 66.5 64.5 230 234
bad19_5 240.5 451.5 17.2 70.0 68.5 69.5 232 233
bad19_6 245.5 443.5 17.4 73.0 64.5 61.5 232 232
bad20_1 242.5 445.5 16.9 71.0 66.5 63.5 231 234
bad20_2 241.5 443.5 17.7 390.0 67.5 61.5 232 234
bad20_3 241.5 444.5 18.0 215.0 66.5 62.5 231 233
bad20_4 243.5 453.5 18.0 119.0 64.5 71.5 231 233
bad20_5 244.5 452.5 17.9 151.0 65.5 70.5 233 148
bad20_6 243.5 452.5 17.7 210.0 65.5 70.5 232 233
bad21_1 245.5 443.5 20.1 293.0 63.5 63.5 232 234
bad21_2 250.5 446.5 16.3 132.0 60.5 65.5 232 232
bad21_3 249.5 447.5 16.9 170.0 59.5 68.5 231 235
bad21_4 248.5 444.5 17.2 91.0 61.5 64.5 232 234
bad21_5 245.5 441.5 17.4 128.0 63.5 62.5 232 235
bad21_6 245.5 437.5 17.9 374.0 62.5 57.5 231 233
bad22_1 243.5 449.5 19.0 207.0 64.5 68.5 231 234
bad22_2 244.5 447.5 19.4 229.0 64.5 65.5 231 233
bad22_3 242.5 449.5 17.2 69.0 65.5 68.5 232 234
bad22_4 246.5 448.5 17.4 75.0 63.5 67.5 231 234
bad22_5 244.5 448.5 18.0 175.0 63.5 67.5 232 211
bad22_6 242.5 448.5 17.2 96.0 67.5 66.5 233 233
bad23_1 239.5 450.5 18.8 212.0 68.5 67.5 231 238
bad23_2 239.5 450.5 17.7 176.0 68.5 67.5 231 232
bad23_3 237.5 451.5 17.9 106.0 69.5 69.5 233 233
bad23_4 239.5 454.5 18.3 157.0 68.5 71.5 231 238
bad23_5 241.5 454.5 17.4 37.0 67.5 72.5 229 234
bad23_6 240.5 456.5 18.0 170.0 67.5 73.5 232 233
bad24_1 241.5 452.5 17.9 142.0 67.5 71.5 231 234
bad24_2 241.5 453.5 18.8 233.0 68.5 72.5 232 234
bad24_3 239.5 452.5 18.0 147.0 69.5 71.5 232 235
bad24_4 239.5 449.5 17.2 45.0 69.5 68.5 232 233
bad24_5 238.5 453.5 17.8 151.0 71.5 72.5 233 234
bad24_6 238.5 448.5 16.0 48.0 70.5 67.5 232 234
bad25_1 242.5 450.5 17.9 169.0 66.5 69.5 232 234
bad25_2 241.5 449.5 18.0 143.0 67.5 67.5 232 233
bad25_3 244.5 451.5 18.1 260.0 64.5 69.5 232 234
bad25_4 246.5 444.5 17.4 93.0 62.5 62.5 232 233
bad25_5 241.5 440.5 18.3 267.0 67.5 59.5 233 234
bad25_6 245.5 444.5 18.0 241.0 63.5 63.5 232 234
bad26_1 242.5 451.5 18.5 198.0 66.5 70.5 232 234
bad26_2 244.5 450.5 18.5 183.0 66.5 68.5 233 234
bad26_3 241.5 449.5 18.0 122.0 68.5 68.5 233 234
bad26_4 243.5 443.5 17.2 265.0 66.5 62.5 233 235
bad26_5 243.5 447.5 18.3 190.0 66.5 66.5 233 235
bad26_6 243.5 439.5 19.1 427.0 66.5 60.5 233 234
bad27_1 237.5 452.5 19.0 199.0 70.5 70.5 231 233
bad27_2 238.5 446.5 18.1 229.0 69.5 66.5 232 235
bad27_3 239.5 450.5 18.0 815.0 68.5 68.5 231 233
bad27_4 239.5 451.5 18.8 229.0 68.5 70.5 231 234
bad27_5 244.5 452.5 15.6 567.0 63.5 70.5 231 233
bad27_6 240.5 452.5 18.3 177.0 66.5 70.5 232 233
bad28_1 243.5 445.5 17.0 127.0 66.5 66.5 231 235
bad28_2 242.5 448.5 18.1 193.0 65.5 66.5 231 157
bad28_3 244.5 447.5 16.7 122.0 65.5 66.5 233 233
bad28_4 244.5 447.5 19.4 309.0 65.5 65.5 233 231
bad28_5 242.5 443.5 18.5 275.0 66.5 63.5 232 234
bad28_6 241.5 447.5 19.4 293.0 66.5 66.5 231 233
bad29_1 246.5 447.5 17.9 144.0 62.5 64.5 232 201
bad29_2 246.5 450.5 16.6 107.0 61.5 68.5 231 234
bad29_3 243.5 448.5 17.4 137.0 64.5 65.5 231 237
bad29_4 244.5 444.5 17.2 70.0 63.5 63.5 231 235
bad29_5 243.5 444.5 17.7 261.0 65.5 61.5 232 233
bad29_6 243.5 443.5 16.6 77.0 64.5 60.5 232 238
bad30_1 239.5 452.5 19.1 226.0 70.5 70.5 231 234
bad30_2 239.5 448.5 19.9 416.0 68.5 67.5 231 233
bad30_3 238.5 450.5 19.1 219.0 70.5 70.5 232 234
bad30_4 240.5 458.5 18.2 121.0 68.5 77.5 232 234
bad30_5 242.5 454.5 17.2 63.0 67.5 72.5 233 232
bad30_6 241.5 453.5 17.7 155.0 66.5 73.5 230 234
bad31_1 240.5 451.5 18.5 171.0 69.5 70.5 232 233
bad31_2 240.5 450.5 17.4 33.0 70.5 46.5 230 117
bad31_3 234.5 454.5 17.8 130.0 74.5 72.5 232 233
bad31_4 239.5 452.5 18.8 267.0 68.5 72.5 230 235
bad31_5 237.5 453.5 19.2 254.0 70.5 71.5 230 233
bad31_6 240.5 453.5 20.5 340.0 70.5 72.5 234 233
bad32_1 238.5 450.5 20.1 273.0 70.5 68.5 232 233
bad32_2 237.5 449.5 18.3 122.0 70.5 67.5 232 233
bad32_3 241.5 451.5 18.0 195.0 68.5 68.5 233 238
bad32_4 240.5 454.5 18.8 226.0 68.5 72.5 233 233
bad32_5 239.5 452.5 18.0 132.0 68.5 70.5 231 232
bad32_6 241.5 454.5 17.4 56.0 66.5 72.5 231 233
bad33_1 246.5 445.5 17.7 396.0 63.5 64.5 233 234
bad33_2 241.5 442.5 17.7 319.0 67.5 60.5 232 233
bad33_3 243.5 443.5 18.0 362.0 65.5 60.5 232 232
bad33_4 242.5 450.5 17.2 165.0 66.5 68.5 232 234
bad33_5 242.5 450.5 17.7 283.0 65.5 69.5 231 234
bad33_6 243.5 454.5 17.4 203.0 66.5 71.5 232 233
bad34_1 240.5 450.5 18.2 108.0 67.5 68.5 231 233
bad34_2 242.5 450.5 17.9 143.0 67.5 68.5 232 233
bad34_3 243.5 450.5 19.1 247.0 65.5 68.5 231 234
bad34_4 244.5 450.5 17.4 23.0 63.5 68.5 231 233
bad34_5 244.5 451.5 18.1 135.0 64.5 69.5 232 238
bad34_6 245.5 449.5 17.9 163.0 62.5 67.5 231 233
bad35_1 244.5 450.5 21.3 474.0 65.5 69.5 232 234
bad35_2 256.5 449.5 17.7 548.0 52.5 68.5 232 234
bad35_3 242.5 449.5 17.4 97.0 66.5 67.5 231 233
bad35_4 240.5 449.5 19.3 329.0 68.5 68.5 232 234
bad35_5 242.5 448.5 18.5 151.0 66.5 66.5 232 233
bad35_6 243.5 449.5 17.4 388.0 65.5 67.5 232 233
bad36_1 242.5 446.5 20.2 430.0 67.5 64.5 233 233
bad36_2 244.5 447.5 18.0 157.0 65.5 66.5 232 210
bad36_3 239.5 445.5 19.3 406.0 69.5 64.5 232 234
bad36_4 244.5 449.5 18.0 170.0 64.5 69.5 231 234
bad36_5 244.5 455.5 17.9 162.0 64.5 73.5 232 233
bad36_6 249.5 450.5 17.0 64.0 60.5 69.5 233 190
bad37_1 239.5 453.5 19.1 214.0 70.5 71.5 233 239
bad37_2 240.5 452.5 17.9 178.0 67.5 70.5 230 234
bad37_3 245.5 448.5 21.3 997.0 62.5 65.5 231 238
bad37_4 240.5 453.5 17.4 68.0 69.5 72.5 230 235
bad37_5 233.5 456.5 18.0 522.0 74.5 73.5 231 237
bad37_6 240.5 452.5 17.9 153.0 69.5 69.5 232 238
bad38_1 241.5 451.5 19.1 261.0 67.5 69.5 232 233
bad38_2 242.5 452.5 18.0 272.0 67.5 70.5 233 173
bad38_3 241.5 451.5 17.9 130.0 67.5 70.5 231 234
bad38_4 239.5 448.5 17.4 65.0 67.5 66.5 231 233
bad38_5 242.5 448.5 16.9 90.0 66.5 66.5 232 232
bad38_6 241.5 448.5 17.7 251.0 67.5 67.5 231 234
bad39_1 245.5 450.5 17.4 182.0 63.5 70.5 233 234
bad39_2 241.5 447.5 17.7 170.0 66.5 69.5 230 234
bad39_3 246.5 447.5 17.4 68.0 64.5 68.5 232 232
bad39_4 242.5 438.5 17.7 390.0 68.5 61.5 235 235
bad39_5 245.5 443.5 18.0 201.0 63.5 64.5 231 234
bad39_6 240.5 448.5 16.9 140.0 66.5 69.5 231 234
bad40_1 238.5 452.5 18.8 342.0 70.5 71.5 232 234
bad40_2 240.5 455.5 19.0 396.0 68.5 74.5 232 234
bad40_3 240.5 453.5 18.5 169.0 68.5 71.5 232 234
bad40_4 253.5 446.5 18.1 285.0 55.5 65.5 232 234
bad40_5 237.5 446.5 18.0 159.0 70.5 65.5 232 234
bad40_6 255.5 448.5 17.7 536.0 52.5 66.5 231 233
bad41_1 238.5 448.5 17.4 111.0 71.5 67.5 232 234
bad41_2 242.5 450.5 17.1 80.0 66.5 69.5 234 234
bad41_3 238.5 448.5 17.4 92.0 71.5 67.5 233 234
bad41_4 241.5 453.5 18.8 219.0 67.5 72.5 234 234
bad41_5 241.5 453.5 17.2 37.0 68.5 72.5 233 234
bad41_6 242.5 449.5 18.1 149.0 67.5 68.5 233 235
bad42_1 243.5 446.5 17.2 62.0 64.5 64.5 231 233
bad42_2 242.5 443.5 17.7 210.0 67.5 62.5 233 232
bad42_3 240.5 444.5 19.1 251.0 67.5 63.5 230 234
bad42_4 249.5 447.5 18.0 171.0 58.5 66.5 230 233
bad42_5 248.5 447.5 18.0 159.0 59.5 66.5 232 232
bad42_6 251.5 445.5 17.2 167.0 56.5 64.5 230 233
bad43_1 241.5 442.5 17.9 242.0 66.5 60.5 231 233
bad43_2 244.5 444.5 17.4 256.0 64.5 62.5 232 234
bad43_3 246.5 445.5 17.2 188.0 63.5 63.5 233 233
bad43_4 246.5 452.5 19.1 348.0 62.5 70.5 232 234
bad43_5 241.5 450.5 17.4 86.0 66.5 68.5 231 233
bad43_6 242.5 449.5 17.9 235.0 66.5 67.5 233 141
bad44_1 235.5 455.5 17.7 113.0 73.5 72.5 232 232
bad44_2 236.5 451.5 18.5 155.0 72.5 69.5 233 232
bad44_3 236.5 452.5 17.4 78.0 70.5 70.5 230 233
bad44_4 236.5 452.5 20.1 394.0 70.5 70.5 230 233
bad44_5 239.5 452.5 19.1 311.0 69.5 70.5 232 232
bad44_6 237.5 454.5 17.9 141.0 71.5 72.5 231 233
bad45_1 238.5 451.5 17.7 213.0 71.5 70.5 233 233
bad45_2 238.5 450.5 19.9 426.0 69.5 69.5 232 233
bad45_3 235.5 452.5 16.9 178.0 73.5 71.5 232 234
bad45_4 241.5 450.5 18.0 183.0 66.5 70.5 230 235
bad45_5 238.5 452.5 17.2 137.0 70.5 72.5 231 235
bad45_6 241.5 452.5 17.4 130.0 67.5 71.5 232 233
bad46_1 242.5 451.5 17.7 137.0 65.5 70.5 230 233
bad46_2 241.5 450.5 19.1 283.0 67.5 68.5 232 233
bad46_3 241.5 448.5 17.7 160.0 68.5 67.5 234 233
bad46_4 241.5 451.5 17.0 80.0 67.5 69.5 231 232
bad46_5 241.5 450.5 17.4 65.0 65.5 68.5 231 233
bad46_6 252.5 449.5 17.8 411.0 55.5 67.5 231 233
bad47_1 250.5 446.5 18.3 237.0 59.5 66.5 232 233
bad47_2 248.5 447.5 16.7 220.0 61.5 66.5 232 234
bad47_3 248.5 448.5 17.7 228.0 61.5 67.5 232 233
bad47_4 245.5 440.5 17.4 155.0 63.5 60.5 231 234
bad47_5 247.5 441.5 18.1 195.0 61.5 61.5 232 234
bad47_6 249.5 441.5 18.0 396.0 59.5 61.5 232 232
bad48_1 242.5 447.5 17.4 90.0 66.5 65.5 232 234
bad48_2 244.5 443.5 16.9 241.0 64.5 61.5 232 233
bad48_3 244.5 442.5 18.5 368.0 64.5 60.5 232 234
bad48_4 241.5 452.5 18.5 115.0 68.5 71.5 233 234
bad48_5 243.5 451.5 19.1 305.0 66.5 69.5 233 233
bad48_6 244.5 451.5 17.8 178.0 65.5 69.5 233 234
bad49_1 243.5 454.5 17.4 57.0 65.5 72.5 232 234
bad49_2 243.5 453.5 18.1 177.0 64.5 70.5 231 237
bad49_3 243.5 452.5 18.5 136.0 66.5 70.5 233 234
bad49_4 242.5 444.5 17.2 177.0 67.5 61.5 233 238
bad49_5 245.5 447.5 17.2 198.0 63.5 65.5 232 233
bad49_6 242.5 443.5 17.9 301.0 66.5 61.5 232 234
bad50_1 240.5 454.5 19.1 222.0 68.5 72.5 233 233
bad50_2 240.5 455.5 18.8 250.0 67.5 73.5 231 233
bad50_3 241.5 454.5 17.2 109.0 67.5 72.5 232 233
bad50_4 240.5 449.5 16.9 44.0 68.5 67.5 232 233
bad50_5 238.5 449.5 17.2 61.0 69.5 67.5 231 183
bad50_6 236.5 451.5 17.4 71.0 72.5 69.5 232 239
bad51_1 243.5 442.5 19.0 545.0 66.5 60.5 233 233
bad51_2 241.5 443.5 17.4 204.0 66.5 61.5 231 233
bad51_3 242.5 444.5 18.3 272.0 66.5 64.5 233 235
bad51_4 242.5 451.5 19.4 311.0 66.5 70.5 232 234
bad51_5 240.5 452.5 17.2 122.0 69.5 71.5 234 208
bad51_6 244.5 451.5 18.1 156.0 65.5 71.5 233 234
bad52_1 240.5 454.5 17.2 106.0 65.5 71.5 229 232
bad52_2 242.5 451.5 18.5 127.0 64.5 69.5 230 232
bad52_3 241.5 451.5 19.3 291.0 65.5 69.5 230 231
bad52_4 238.5 445.5 17.9 237.0 68.5 64.5 232 233
bad52_5 239.5 444.5 17.4 143.0 67.5 62.5 230 232
bad52_6 236.5 449.5 17.2 77.0 69.5 68.5 229 234
bad53_1 248.5 443.5 19.1 254.0 65.5 74.5 235 216
bad53_2 240.5 441.5 18.8 320.0 68.5 61.5 233 169
bad53_3 242.5 444.5 18.1 190.0 66.5 65.5 232 234
bad53_4 246.5 444.5 18.1 197.0 63.5 67.5 230 233
bad53_5 247.5 446.5 17.4 185.0 62.5 66.5 231 234
bad53_6 247.5 445.5 17.4 113.0 61.5 66.5 233 234
bad54_1 251.5 443.5 17.2 369.0 57.5 61.5 232 233
bad54_2 241.5 439.5 18.1 335.0 66.5 59.5 231 235
bad54_3 244.5 441.5 17.9 441.0 65.5 60.5 233 234
bad54_4 244.5 453.5 17.2 268.0 64.5 72.5 232 235
bad54_5 243.5 453.5 18.2 301.0 65.5 71.5 233 233
bad54_6 245.5 453.5 17.7 274.0 63.5 72.5 233 234
bad55_1 241.5 450.5 18.2 252.0 68.5 69.5 231 234
bad55_2 239.5 450.5 19.9 538.0 69.5 69.5 232 234
bad55_3 240.5 454.5 19.4 316.0 70.5 73.5 234 233
bad55_4 241.5 452.5 17.7 216.0 68.5 71.5 232 233
bad55_5 237.5 450.5 17.4 140.0 71.5 69.5 231 234
bad55_6 235.5 454.5 17.4 120.0 73.5 73.5 232 234
bad56_1 244.5 444.5 18.5 127.0 64.5 63.5 231 234
bad56_2 243.5 452.5 19.1 754.0 65.5 71.5 231 234
bad56_3 241.5 446.5 18.5 222.0 67.5 65.5 232 233
bad56_4 242.5 449.5 18.0 123.0 66.5 68.5 231 234
bad56_5 243.5 447.5 18.0 117.0 65.5 66.5 232 234
bad56_6 240.5 448.5 19.1 699.0 68.5 67.5 232 233
bad57_1 236.5 452.5 18.8 390.0 71.5 70.5 231 233
bad57_2 234.5 452.5 19.4 289.0 73.5 70.5 231 233
bad57_3 240.5 455.5 19.1 279.0 71.5 72.5 231 233
bad57_4 238.5 454.5 17.4 159.0 70.5 72.5 230 233
bad57_5 236.5 455.5 18.1 144.0 71.5 73.5 232 233
bad57_6 238.5 454.5 17.4 90.0 70.5 71.5 233 231
bad58_1 242.5 444.5 17.4 169.0 65.5 62.5 231 233
bad58_2 240.5 452.5 17.4 115.0 69.5 72.5 232 235
bad58_3 242.5 445.5 17.4 290.0 67.5 64.5 233 234
bad58_4 242.5 450.5 19.4 340.0 66.5 68.5 232 232
bad58_5 240.5 453.5 16.3 238.0 67.5 73.5 231 234
bad58_6 239.5 449.5 18.8 351.0 69.5 68.5 232 234
bad59_1 244.5 443.5 18.8 292.0 66.5 63.5 232 233
bad59_2 241.5 443.5 17.1 86.0 67.5 63.5 231 234
bad59_3 239.5 444.5 17.2 54.0 69.5 64.5 232 233
bad59_4 244.5 448.5 18.8 255.0 64.5 68.5 230 234
bad59_5 243.5 450.5 18.8 207.0 65.5 69.5 233 234
bad59_6 245.5 447.5 18.0 168.0 64.5 67.5 233 233
bad60_1 243.5 450.5 18.0 160.0 64.5 68.5 231 233
bad60_2 242.5 448.5 17.7 136.0 67.5 67.5 233 232
bad60_3 239.5 447.5 17.4 127.0 67.5 65.5 230 234
bad60_4 241.5 451.5 18.0 140.0 66.5 69.5 231 233
bad60_5 240.5 451.5 17.4 94.0 67.5 69.5 233 233
bad60_6 242.5 451.5 17.7 148.0 65.5 70.5 231 234
bad61_1 251.5 450.5 16.6 172.0 56.5 69.5 231 142
bad61_2 242.5 450.5 17.2 146.0 66.5 68.5 233 233
bad61_3 242.5 450.5 18.0 164.0 66.5 68.5 232 234
bad61_4 242.5 451.5 18.0 125.0 67.5 69.5 233 233
bad61_5 241.5 449.5 17.4 67.0 67.5 67.5 232 215
bad61_6 240.5 449.5 17.4 73.0 67.5 67.5 232 233
bad62_1 241.5 447.5 17.2 110.0 66.5 65.5 231 233
bad62_2 241.5 446.5 18.1 195.0 67.5 64.5 233 233
bad62_3 241.5 446.5 17.2 122.0 66.5 64.5 231 233
bad62_4 241.5 451.5 17.9 149.0 67.5 69.5 232 233
bad62_5 240.5 453.5 18.0 177.0 67.5 71.5 233 233
bad62_6 239.5 451.5 16.1 17.0 67.5 70.5 231 212
bad63_1 241.5 449.5 17.7 138.0 66.5 67.5 232 233
bad63_2 239.5 450.5 17.2 261.0 68.5 68.5 232 233
bad63_3 240.5 450.5 19.0 219.0 67.5 68.5 233 234
bad63_4 243.5 448.5 16.9 127.0 65.5 66.5 233 233
bad63_5 240.5 451.5 17.7 172.0 67.5 69.5 232 234
bad63_6 258.5 449.5 16.9 602.0 50.5 67.5 232 233
bad64_1 243.5 454.5 17.9 151.0 64.5 72.5 231 233
bad64_2 243.5 448.5 17.7 122.0 65.5 66.5 233 234
bad64_3 243.5 452.5 18.3 113.0 64.5 70.5 231 233
bad64_4 241.5 441.5 17.2 212.0 66.5 59.5 231 233
bad64_5 242.5 444.5 17.4 134.0 65.5 62.5 231 233
bad64_6 245.5 441.5 17.4 162.0 62.5 59.5 232 233
bad65_1 240.5 451.5 18.0 110.0 67.5 70.5 232 234
bad65_2 241.5 454.5 18.8 230.0 67.5 72.5 232 233
bad65_3 240.5 451.5 17.9 138.0 68.5 70.5 233 234
bad65_4 240.5 451.5 18.0 134.0 68.5 69.5 232 233
bad65_5 241.5 450.5 16.1 25.0 68.5 69.5 233 234
bad65_6 238.5 447.5 17.2 116.0 69.5 66.5 232 234
bad66_1 240.5 446.5 17.9 188.0 68.5 65.5 231 234
bad66_2 243.5 446.5 17.7 207.0 64.5 64.5 231 233
bad66_3 242.5 446.5 16.8 254.0 67.5 64.5 233 232
bad66_4 244.5 452.5 17.7 164.0 64.5 70.5 232 232
bad66_5 245.5 451.5 18.0 286.0 63.5 70.5 231 234
bad66_6 244.5 449.5 17.2 103.0 64.5 67.5 232 233
bad67_1 239.5 450.5 18.0 158.0 70.5 68.5 234 233
bad67_2 238.5 449.5 18.1 152.0 68.5 68.5 231 234
bad67_3 243.5 448.5 17.2 125.0 67.5 66.5 232 234
bad67_4 240.5 451.5 16.9 78.0 67.5 70.5 231 234
bad67_5 248.5 448.5 16.6 160.0 63.5 66.5 232 234
bad67_6 240.5 452.5 17.2 82.0 68.5 70.5 232 233
bad68_1 243.5 449.5 17.9 378.0 64.5 69.5 231 234
bad68_2 237.5 451.5 16.3 41.0 70.5 70.5 231 234
bad68_3 243.5 445.5 18.2 252.0 67.5 64.5 233 232
bad68_4 240.5 448.5 18.5 293.0 69.5 67.5 233 232
bad68_5 248.5 449.5 17.7 233.0 60.5 69.5 231 234
bad68_6 242.5 451.5 17.4 80.0 67.5 73.5 232 236
bad69_1 240.5 451.5 18.8 320.0 68.5 70.5 233 232
bad69_2 239.5 451.5 18.0 207.0 68.5 71.5 231 234
bad69_3 239.5 450.5 19.1 228.0 69.5 69.5 232 234
bad69_4 240.5 447.5 18.0 222.0 67.5 67.5 232 234
bad69_5 241.5 450.5 16.8 32.0 67.5 69.5 232 231
bad69_6 240.5 449.5 17.8 222.0 69.5 68.5 233 233
bad70_1 245.5 450.5 17.4 95.0 63.5 68.5 232 231
bad70_2 244.5 451.5 18.3 168.0 62.5 70.5 229 232
bad70_3 243.5 450.5 17.7 229.0 63.5 68.5 230 232
bad70_4 241.5 445.5 17.4 100.0 65.5 63.5 230 232
bad70_5 239.5 444.5 17.7 273.0 68.5 62.5 231 232
bad70_6 240.5 445.5 18.0 251.0 68.5 62.5 231 238
