good1_1 243.5 448.5 18.0 325.0 1009.0 64.5 69.5 231 234
good1_2 243.5 450.5 18.8 375.0 1129.0 67.5 70.5 233 234
good1_3 247.5 450.5 18.0 254.0 1009.0 63.5 70.5 232 234
good1_4 244.5 446.5 16.6 198.0 901.0 65.5 66.5 232 232
good1_5 246.5 445.5 17.2 218.0 901.0 65.5 68.5 232 234
good1_6 243.5 450.5 18.1 274.0 1009.0 66.5 71.5 232 235
good2_1 243.5 449.5 18.1 249.0 1009.0 66.5 68.5 231 232
good2_2 241.5 447.5 17.2 125.0 901.0 68.5 66.5 231 232
good2_3 242.5 448.5 18.8 324.0 1129.0 66.5 66.5 231 231
good2_4 242.5 450.5 17.9 238.0 1009.0 67.5 69.5 232 232
good2_5 243.5 448.5 18.8 334.0 1129.0 65.5 67.5 230 232
good2_6 245.5 452.5 18.8 301.0 1129.0 65.5 71.5 231 232
good3_1 243.5 449.5 18.0 225.0 1009.0 66.5 68.5 232 233
good3_2 246.5 445.5 17.4 179.0 901.0 65.5 65.5 234 232
good3_3 244.5 447.5 16.8 241.0 901.0 66.5 68.5 232 235
good3_4 241.5 452.5 18.1 210.0 1009.0 68.5 72.5 232 234
good3_5 243.5 451.5 17.4 219.0 901.0 66.5 70.5 233 233
good3_6 244.5 448.5 17.7 285.0 1009.0 65.5 68.5 231 234
good4_1 242.5 450.5 18.2 322.0 1009.0 65.5 69.5 231 231
good4_2 243.5 452.5 17.7 268.0 1009.0 66.5 72.5 231 234
good4_3 244.5 450.5 18.3 321.0 1009.0 66.5 70.5 232 233
good4_4 241.5 447.5 17.8 219.0 1009.0 66.5 67.5 230 234
good4_5 243.5 452.5 17.2 155.0 901.0 66.5 71.5 231 233
good4_6 241.5 445.5 18.3 226.0 1009.0 67.5 64.5 231 233
good5_1 243.5 450.5 16.9 183.0 901.0 65.5 72.5 231 236
good5_2 247.5 450.5 17.7 352.0 1009.0 65.5 69.5 232 234
good5_3 244.5 449.5 18.1 480.0 1009.0 66.5 69.5 232 233
good5_4 246.5 446.5 17.4 249.0 901.0 65.5 65.5 233 233
good5_5 243.5 447.5 16.6 337.0 901.0 65.5 69.5 231 236
good5_6 241.5 447.5 17.4 171.0 901.0 68.5 67.5 232 234
good6_1 245.5 448.5 18.0 233.0 1009.0 64.5 67.5 232 232
good6_2 242.5 446.5 17.4 227.0 901.0 66.5 66.5 232 234
good6_3 239.5 453.5 17.7 226.0 1009.0 69.5 72.5 232 233
good6_4 244.5 449.5 17.9 285.0 1009.0 65.5 70.5 231 235
good6_5 241.5 451.5 17.9 283.0 1009.0 68.5 70.5 232 234
good6_6 247.5 450.5 18.1 309.0 1009.0 64.5 70.5 232 234
good7_1 240.5 452.5 17.9 281.0 1009.0 68.5 72.5 231 234
good7_2 245.5 450.5 17.4 246.0 901.0 64.5 70.5 231 233
good7_3 244.5 449.5 18.2 284.0 1009.0 65.5 68.5 231 233
good7_4 240.5 450.5 18.1 287.0 1009.0 68.5 69.5 232 233
good7_5 245.5 445.5 17.7 306.0 1009.0 65.5 64.5 231 232
good7_6 245.5 447.5 17.7 313.0 1009.0 64.5 66.5 232 233
good8_1 242.5 452.5 18.0 283.0 1009.0 66.5 71.5 232 234
good8_2 243.5 452.5 18.5 304.0 1009.0 65.5 71.5 232 233
good8_3 246.5 452.5 18.0 339.0 1009.0 65.5 73.5 231 236
good8_4 242.5 451.5 18.8 457.0 1129.0 66.5 70.5 231 234
good8_5 244.5 446.5 17.4 202.0 901.0 66.5 65.5 233 233
good8_6 244.5 448.5 17.2 156.0 901.0 65.5 68.5 230 235
good9_1 248.5 451.5 18.0 345.0 1009.0 64.5 69.5 231 233
good9_2 245.5 453.5 18.0 327.0 1009.0 66.5 72.5 231 233
good9_3 244.5 450.5 17.7 326.0 1009.0 65.5 69.5 231 234
good9_4 241.5 447.5 18.1 223.0 1009.0 67.5 66.5 232 234
good9_5 243.5 448.5 17.2 275.0 901.0 66.5 67.5 232 233
good9_6 244.5 447.5 17.4 122.0 901.0 65.5 66.5 231 234
good10_1 248.5 447.5 18.0 401.0 1009.0 63.5 66.5 232 232
good10_2 242.5 447.5 17.9 358.0 1009.0 66.5 69.5 231 237
good10_3 243.5 449.5 17.7 224.0 1009.0 67.5 68.5 232 234
good10_4 247.5 449.5 17.4 237.0 901.0 65.5 70.5 231 236
good10_5 244.5 450.5 18.1 271.0 1009.0 65.5 69.5 232 234
good10_6 243.5 450.5 18.1 293.0 1009.0 66.5 69.5 231 232
good11_1 240.5 448.5 17.2 157.0 901.0 68.5 67.5 231 232
good11_2 240.5 444.5 17.4 248.0 901.0 67.5 63.5 231 234
good11_3 243.5 445.5 17.7 302.0 1009.0 68.5 64.5 231 234
good11_4 241.5 452.5 17.9 332.0 1009.0 67.5 71.5 231 234
good11_5 247.5 453.5 19.1 416.0 1129.0 64.5 72.5 231 234
good11_6 243.5 452.5 17.9 348.0 1009.0 66.5 71.5 232 233
good12_1 244.5 445.5 17.9 321.0 1009.0 65.5 66.5 231 235
good12_2 245.5 447.5 17.2 170.0 901.0 64.5 66.5 231 233
good12_3 244.5 447.5 17.7 401.0 1009.0 65.5 67.5 232 233
good12_4 245.5 451.5 18.0 291.0 1009.0 66.5 70.5 233 232
good12_5 245.5 449.5 17.2 303.0 901.0 64.5 69.5 231 234
good12_6 245.5 450.5 18.0 355.0 1009.0 64.5 71.5 232 236
good13_1 243.5 451.5 18.2 322.0 1009.0 66.5 72.5 232 234
good13_2 245.5 448.5 18.0 291.0 1009.0 64.5 69.5 231 235
good13_3 242.5 451.5 17.2 216.0 901.0 67.5 73.5 232 237
good13_4 241.5 447.5 17.8 249.0 1009.0 67.5 69.5 231 236
good13_5 242.5 452.5 17.9 329.0 1009.0 68.5 73.5 232 235
good13_6 245.5 445.5 17.0 267.0 901.0 65.5 65.5 234 233
good14_1 242.5 447.5 17.2 183.0 901.0 67.5 66.5 233 233
good14_2 244.5 447.5 17.7 330.0 1009.0 64.5 68.5 231 236
good14_3 240.5 448.5 17.9 277.0 1009.0 67.5 69.5 231 236
good14_4 246.5 452.5 17.9 342.0 1009.0 65.5 72.5 232 235
good14_5 242.5 452.5 17.2 270.0 901.0 66.5 72.5 231 235
good14_6 242.5 452.5 17.8 357.0 1009.0 67.5 72.5 232 234
good15_1 244.5 446.5 17.9 333.0 1009.0 66.5 66.5 232 234
good15_2 242.5 447.5 17.8 291.0 1009.0 66.5 67.5 231 234
good15_3 241.5 450.5 17.4 270.0 901.0 68.5 70.5 232 235
good15_4 242.5 449.5 18.3 365.0 1009.0 66.5 70.5 231 236
good15_5 241.5 452.5 18.8 453.0 1129.0 67.5 72.5 231 235
good15_6 246.5 451.5 17.4 266.0 901.0 64.5 72.5 232 234
good16_1 243.5 447.5 18.1 247.0 1009.0 65.5 69.5 233 236
good16_2 243.5 447.5 17.4 231.0 901.0 67.5 69.5 233 236
good16_3 241.5 453.5 17.2 163.0 901.0 67.5 72.5 232 234
good16_4 245.5 450.5 18.1 276.0 1009.0 65.5 70.5 232 234
good16_5 238.5 451.5 19.3 405.0 1129.0 70.5 71.5 232 235
good16_6 245.5 450.5 17.7 300.0 1009.0 65.5 69.5 234 233
good17_1 243.5 449.5 18.5 356.0 1009.0 67.5 69.5 232 234
good17_2 244.5 448.5 16.8 227.0 901.0 66.5 69.5 232 233
good17_3 240.5 445.5 19.6 528.0 1257.0 67.5 66.5 230 234
good17_4 241.5 452.5 18.0 264.0 1009.0 67.5 72.5 231 233
good17_5 245.5 450.5 17.4 194.0 901.0 65.5 70.5 232 233
good17_6 245.5 450.5 18.8 376.0 1129.0 64.5 71.5 232 233
good18_1 242.5 449.5 17.4 154.0 901.0 65.5 68.5 230 232
good18_2 240.5 451.5 17.9 257.0 1009.0 68.5 70.5 232 233
good18_3 243.5 452.5 18.0 276.0 1009.0 66.5 70.5 232 232
good18_4 243.5 448.5 17.4 279.0 901.0 67.5 66.5 232 232
good18_5 241.5 447.5 17.7 268.0 1009.0 67.5 66.5 231 233
good18_6 240.5 450.5 17.2 149.0 901.0 67.5 68.5 232 232
good19_1 243.5 447.5 17.2 192.0 901.0 66.5 68.5 232 235
good19_2 246.5 447.5 18.3 360.0 1009.0 65.5 67.5 232 235
good19_3 244.5 446.5 17.7 303.0 1009.0 65.5 66.5 232 233
good19_4 245.5 451.5 17.2 186.0 901.0 65.5 71.5 233 232
good19_5 241.5 449.5 18.5 284.0 1009.0 67.5 69.5 231 234
good19_6 244.5 451.5 18.1 322.0 1009.0 64.5 71.5 232 234
good20_1 244.5 449.5 17.7 301.0 1009.0 64.5 68.5 231 233
good20_2 241.5 451.5 17.2 204.0 901.0 67.5 70.5 231 233
good20_3 243.5 450.5 17.4 245.0 901.0 65.5 69.5 232 232
good20_4 243.5 447.5 17.7 335.0 1009.0 65.5 66.5 231 232
good20_5 241.5 448.5 18.1 277.0 1009.0 67.5 67.5 231 233
good20_6 242.5 450.5 17.9 246.0 1009.0 67.5 68.5 232 233
good21_1 241.5 447.5 17.2 133.0 901.0 68.5 67.5 231 233
good21_2 241.5 448.5 16.9 146.0 901.0 67.5 66.5 231 232
good21_3 244.5 447.5 17.7 266.0 1009.0 65.5 66.5 232 232
good21_4 243.5 451.5 18.5 282.0 1009.0 66.5 70.5 232 232
good21_5 244.5 448.5 18.2 224.0 1009.0 64.5 68.5 230 233
good21_6 244.5 449.5 18.3 241.0 1009.0 65.5 68.5 231 232
good22_1 241.5 451.5 17.2 140.0 901.0 68.5 72.5 232 234
good22_2 246.5 448.5 17.2 247.0 901.0 64.5 68.5 232 233
good22_3 245.5 447.5 17.4 140.0 901.0 63.5 68.5 231 234
good22_4 242.5 453.5 18.0 322.0 1009.0 68.5 73.5 232 234
good22_5 245.5 449.5 17.4 130.0 901.0 65.5 69.5 233 231
good22_6 244.5 448.5 18.3 323.0 1009.0 67.5 70.5 232 235
good23_1 245.5 452.5 17.7 305.0 1009.0 65.5 74.5 233 235
good23_2 242.5 449.5 17.9 359.0 1009.0 65.5 69.5 230 233
good23_3 240.5 451.5 18.1 272.0 1009.0 69.5 70.5 232 233
good23_4 245.5 445.5 17.4 359.0 901.0 65.5 65.5 231 234
good23_5 243.5 450.5 17.1 151.0 901.0 66.5 69.5 232 233
good23_6 245.5 448.5 17.4 255.0 901.0 65.5 67.5 233 232
good24_1 240.5 449.5 17.2 184.0 901.0 67.5 67.5 231 233
good24_2 243.5 448.5 18.1 297.0 1009.0 67.5 67.5 233 233
good24_3 243.5 447.5 18.5 317.0 1009.0 65.5 67.5 231 234
good24_4 241.5 452.5 18.6 365.0 1129.0 67.5 70.5 232 232
good24_5 244.5 450.5 17.4 192.0 901.0 65.5 69.5 232 233
good24_6 246.5 449.5 17.9 298.0 1009.0 65.5 68.5 231 233
good25_1 245.5 450.5 17.7 291.0 1009.0 66.5 69.5 232 233
good25_2 244.5 449.5 17.9 288.0 1009.0 66.5 68.5 232 232
good25_3 245.5 449.5 18.5 355.0 1009.0 64.5 68.5 230 233
good25_4 242.5 447.5 17.1 176.0 901.0 66.5 66.5 231 233
good25_5 241.5 446.5 17.7 317.0 1009.0 68.5 65.5 232 232
good25_6 244.5 448.5 16.3 144.0 797.0 66.5 68.5 232 234
good26_1 249.5 449.5 18.2 330.0 1009.0 63.5 71.5 233 232
good26_2 245.5 447.5 17.7 320.0 1009.0 64.5 69.5 232 234
good26_3 246.5 450.5 18.8 439.0 1129.0 63.5 71.5 231 233
good26_4 246.5 442.5 17.7 422.0 1009.0 64.5 64.5 231 234
good26_5 240.5 435.5 17.2 429.0 901.0 65.5 60.5 229 230
good26_6 244.5 444.5 18.0 301.0 1009.0 65.5 67.5 232 235
good27_1 241.5 451.5 17.2 270.0 901.0 67.5 70.5 231 233
good27_2 244.5 449.5 17.4 180.0 901.0 65.5 67.5 232 232
good27_3 237.5 449.5 18.0 442.0 1009.0 70.5 67.5 231 231
good27_4 243.5 450.5 17.2 276.0 901.0 66.5 68.5 232 231
good27_5 242.5 451.5 17.1 275.0 901.0 65.5 70.5 230 233
good27_6 243.5 450.5 18.0 285.0 1009.0 67.5 68.5 231 233
good28_1 243.5 452.5 18.1 275.0 1009.0 65.5 70.5 231 231
good28_2 242.5 450.5 18.0 315.0 1009.0 67.5 69.5 231 233
good28_3 243.5 450.5 17.4 257.0 901.0 65.5 68.5 231 233
good28_4 244.5 445.5 17.4 237.0 901.0 65.5 65.5 231 234
good28_5 244.5 450.5 17.4 259.0 901.0 65.5 69.5 232 233
good28_6 246.5 448.5 17.9 381.0 1009.0 63.5 66.5 232 231
good29_1 241.5 448.5 18.5 269.0 1009.0 69.5 67.5 231 233
good29_2 240.5 445.5 17.8 358.0 1009.0 67.5 63.5 231 231
good29_3 240.5 448.5 18.2 302.0 1009.0 67.5 67.5 230 232
good29_4 243.5 451.5 17.7 293.0 1009.0 66.5 69.5 232 232
good29_5 241.5 452.5 18.0 273.0 1009.0 66.5 70.5 230 231
good29_6 242.5 450.5 17.4 213.0 901.0 65.5 69.5 230 233
good30_1 243.5 447.5 17.2 263.0 901.0 66.5 66.5 232 233
good30_2 245.5 446.5 18.1 415.0 1009.0 65.5 66.5 232 233
good30_3 243.5 446.5 17.4 199.0 901.0 66.5 66.5 232 233
good30_4 242.5 450.5 17.9 331.0 1009.0 67.5 70.5 232 233
good30_5 244.5 450.5 17.9 250.0 1009.0 66.5 69.5 233 232
good30_6 243.5 449.5 18.6 377.0 1129.0 65.5 69.5 232 233
good31_1 245.5 448.5 18.0 237.0 1009.0 63.5 69.5 231 234
good31_2 245.5 450.5 18.1 294.0 1009.0 64.5 69.5 232 232
good31_3 244.5 448.5 18.5 247.0 1009.0 65.5 68.5 232 232
good31_4 243.5 446.5 18.0 313.0 1009.0 66.5 65.5 232 232
good31_5 243.5 446.5 17.2 180.0 901.0 65.5 67.5 231 234
good31_6 241.5 444.5 17.9 343.0 1009.0 66.5 64.5 231 232
good32_1 243.5 450.5 18.1 259.0 1009.0 66.5 70.5 232 232
good32_2 244.5 451.5 17.4 269.0 901.0 66.5 72.5 232 235
good32_3 241.5 450.5 18.0 273.0 1009.0 66.5 70.5 232 232
good32_4 243.5 446.5 18.3 330.0 1009.0 66.5 67.5 232 234
good32_5 242.5 451.5 18.0 229.0 1009.0 67.5 70.5 232 233
good32_6 248.5 447.5 17.4 330.0 901.0 62.5 67.5 232 233
good33_1 244.5 449.5 18.0 254.0 1009.0 65.5 68.5 232 231
good33_2 245.5 450.5 17.7 268.0 1009.0 63.5 71.5 230 234
good33_3 244.5 449.5 19.1 500.0 1129.0 65.5 69.5 231 233
good33_4 242.5 444.5 18.1 370.0 1009.0 67.5 65.5 231 234
good33_5 245.5 447.5 16.8 452.0 901.0 66.5 67.5 231 234
good33_6 243.5 448.5 17.2 215.0 901.0 66.5 68.5 232 232
good34_1 246.5 450.5 18.1 357.0 1009.0 64.5 72.5 231 236
good34_2 246.5 449.5 17.2 202.0 901.0 64.5 68.5 233 233
good34_3 246.5 449.5 17.9 306.0 1009.0 65.5 68.5 234 232
good34_4 243.5 446.5 16.9 201.0 901.0 66.5 66.5 232 232
good34_5 245.5 445.5 17.4 181.0 901.0 64.5 66.5 231 234
good34_6 245.5 446.5 18.1 296.0 1009.0 64.5 66.5 233 234
good35_1 245.5 448.5 18.1 384.0 1009.0 65.5 68.5 230 234
good35_2 243.5 449.5 17.7 377.0 1009.0 65.5 68.5 231 233
good35_3 244.5 445.5 17.8 387.0 1009.0 67.5 65.5 233 232
good35_4 245.5 450.5 18.0 325.0 1009.0 66.5 70.5 232 232
good35_5 245.5 449.5 18.0 306.0 1009.0 64.5 70.5 231 235
good35_6 243.5 449.5 17.4 296.0 901.0 65.5 68.5 231 232
good36_1 241.5 451.5 17.4 162.0 901.0 68.5 70.5 231 233
good36_2 247.5 450.5 18.1 299.0 1009.0 64.5 69.5 233 232
good36_3 244.5 450.5 17.7 240.0 1009.0 65.5 71.5 231 234
good36_4 241.5 449.5 19.1 388.0 1129.0 67.5 68.5 232 232
good36_5 242.5 446.5 17.9 340.0 1009.0 68.5 66.5 233 232
good36_6 243.5 445.5 17.9 324.0 1009.0 66.5 66.5 231 234
good37_1 247.5 445.5 19.1 516.0 1129.0 63.5 66.5 233 233
good37_2 245.5 442.5 17.7 452.0 1009.0 65.5 63.5 233 232
good37_3 246.5 446.5 17.4 216.0 901.0 63.5 68.5 231 234
good37_4 244.5 447.5 18.8 375.0 1129.0 65.5 68.5 232 234
good37_5 245.5 447.5 18.0 276.0 1009.0 66.5 69.5 235 231
good37_6 245.5 447.5 18.0 317.0 1009.0 64.5 69.5 232 234
good38_1 241.5 450.5 17.4 188.0 901.0 66.5 69.5 231 233
good38_2 242.5 450.5 17.9 279.0 1009.0 67.5 69.5 233 231
good38_3 243.5 450.5 17.7 359.0 1009.0 66.5 70.5 231 234
good38_4 243.5 449.5 17.8 356.0 1009.0 67.5 68.5 233 233
good38_5 246.5 447.5 17.2 220.0 901.0 64.5 66.5 233 232
good38_6 244.5 447.5 17.2 195.0 901.0 63.5 67.5 231 234
good39_1 243.5 449.5 17.7 280.0 1009.0 66.5 69.5 232 233
good39_2 244.5 447.5 17.7 297.0 1009.0 67.5 66.5 234 232
good39_3 244.5 444.5 18.0 396.0 1009.0 65.5 66.5 231 235
good39_4 241.5 451.5 17.4 245.0 901.0 68.5 71.5 232 233
good39_5 244.5 451.5 16.9 195.0 901.0 66.5 70.5 233 231
good39_6 242.5 450.5 17.7 233.0 1009.0 66.5 71.5 231 234
good40_1 244.5 450.5 17.9 336.0 1009.0 65.5 71.5 232 235
good40_2 241.5 450.5 18.8 446.0 1129.0 68.5 69.5 232 233
good40_3 244.5 448.5 18.1 364.0 1009.0 65.5 68.5 233 231
good40_4 247.5 445.5 17.7 371.0 1009.0 62.5 65.5 232 232
good40_5 244.5 447.5 17.2 299.0 901.0 65.5 69.5 232 236
good40_6 243.5 446.5 17.2 227.0 901.0 65.5 66.5 231 234
good41_1 239.5 453.5 17.2 129.0 901.0 69.5 71.5 232 232
good41_2 242.5 449.5 18.1 305.0 1009.0 66.5 67.5 232 231
good41_3 244.5 446.5 17.9 349.0 1009.0 63.5 65.5 230 233
good41_4 240.5 453.5 17.9 287.0 1009.0 67.5 71.5 231 233
good41_5 242.5 452.5 18.1 276.0 1009.0 67.5 70.5 232 231
good41_6 244.5 450.5 18.0 262.0 1009.0 64.5 69.5 231 233
good42_1 243.5 447.5 19.4 426.0 1129.0 65.5 66.5 231 232
good42_2 242.5 448.5 19.4 382.0 1129.0 67.5 66.5 231 233
good42_3 239.5 448.5 18.0 248.0 1009.0 70.5 66.5 232 231
good42_4 245.5 445.5 17.7 312.0 1009.0 68.5 64.5 233 232
good42_5 244.5 452.5 18.5 286.0 1009.0 65.5 71.5 231 233
good42_6 242.5 451.5 17.2 171.0 901.0 67.5 69.5 232 232
good43_1 245.5 450.5 18.1 314.0 1009.0 63.5 71.5 231 234
good43_2 244.5 451.5 17.4 144.0 901.0 65.5 71.5 232 234
good43_3 244.5 450.5 17.9 338.0 1009.0 66.5 69.5 233 232
good43_4 245.5 446.5 17.2 172.0 901.0 65.5 66.5 233 233
good43_5 245.5 445.5 17.2 245.0 901.0 63.5 66.5 231 235
good43_6 243.5 447.5 18.1 279.0 1009.0 66.5 66.5 232 233
good44_1 241.5 448.5 18.8 398.0 1129.0 67.5 66.5 231 231
good44_2 241.5 445.5 18.5 244.0 1009.0 66.5 66.5 231 236
good44_3 242.5 448.5 18.8 416.0 1129.0 67.5 66.5 232 232
good44_4 243.5 449.5 18.5 281.0 1009.0 64.5 68.5 230 232
good44_5 242.5 451.5 17.4 205.0 901.0 67.5 70.5 232 233
good44_6 244.5 448.5 18.8 370.0 1129.0 65.5 67.5 232 231
good45_1 243.5 450.5 18.1 265.0 1009.0 67.5 69.5 233 234
good45_2 242.5 450.5 18.3 342.0 1009.0 67.5 69.5 232 231
good45_3 242.5 449.5 18.5 373.0 1009.0 65.5 70.5 230 234
good45_4 243.5 448.5 17.2 186.0 901.0 65.5 67.5 231 233
good45_5 245.5 448.5 17.2 191.0 901.0 63.5 67.5 232 232
good45_6 246.5 444.5 17.9 389.0 1009.0 63.5 65.5 231 235
good46_1 246.5 445.5 17.2 314.0 901.0 63.5 64.5 230 233
good46_2 239.5 448.5 17.7 295.0 1009.0 69.5 66.5 232 233
good46_3 242.5 445.5 17.7 411.0 1009.0 68.5 63.5 233 231
good46_4 244.5 452.5 16.9 289.0 901.0 65.5 71.5 232 232
good46_5 244.5 450.5 17.7 381.0 1009.0 64.5 69.5 230 234
good46_6 241.5 453.5 17.7 317.0 1009.0 67.5 71.5 231 233
good47_1 241.5 450.5 18.6 404.0 1129.0 66.5 68.5 231 233
good47_2 241.5 446.5 17.7 234.0 1009.0 66.5 65.5 230 233
good47_3 241.5 451.5 17.4 155.0 901.0 68.5 69.5 231 232
good47_4 243.5 450.5 18.1 263.0 1009.0 64.5 69.5 230 233
good47_5 242.5 453.5 18.3 259.0 1009.0 66.5 71.5 232 234
good47_6 241.5 452.5 18.0 248.0 1009.0 66.5 70.5 231 232
good48_1 241.5 447.5 17.2 221.0 901.0 67.5 66.5 230 233
good48_2 244.5 450.5 17.4 391.0 901.0 68.5 68.5 231 233
good48_3 241.5 449.5 17.4 195.0 901.0 67.5 67.5 232 232
good48_4 242.5 453.5 18.1 351.0 1009.0 66.5 71.5 232 230
good48_5 242.5 455.5 18.5 362.0 1009.0 67.5 74.5 232 233
good48_6 243.5 453.5 17.2 175.0 901.0 66.5 70.5 232 232
good49_1 240.5 447.5 17.9 319.0 1009.0 68.5 65.5 232 232
good49_2 246.5 449.5 17.2 326.0 901.0 65.5 67.5 232 232
good49_3 242.5 448.5 17.4 181.0 901.0 64.5 67.5 230 233
good49_4 241.5 450.5 17.7 266.0 1009.0 66.5 68.5 232 233
good49_5 241.5 450.5 17.7 283.0 1009.0 67.5 68.5 233 231
good49_6 241.5 449.5 17.7 322.0 1009.0 66.5 68.5 231 233
good50_1 244.5 449.5 17.7 326.0 1009.0 65.5 68.5 233 232
good50_2 243.5 451.5 18.0 332.0 1009.0 65.5 71.5 232 233
good50_3 240.5 450.5 17.7 308.0 1009.0 68.5 70.5 232 234
good50_4 243.5 443.5 18.8 496.0 1129.0 65.5 63.5 231 233
good50_5 242.5 450.5 17.4 258.0 901.0 67.5 70.5 231 234
good50_6 241.5 448.5 17.7 353.0 1009.0 68.5 67.5 233 232
good51_1 242.5 447.5 17.1 229.0 901.0 65.5 65.5 231 232
good51_2 242.5 447.5 18.5 329.0 1009.0 67.5 65.5 234 230
good51_3 244.5 446.5 16.9 283.0 901.0 65.5 65.5 232 233
good51_4 242.5 452.5 18.0 288.0 1009.0 66.5 70.5 232 233
good51_5 243.5 452.5 18.1 301.0 1009.0 66.5 71.5 233 228
good51_6 245.5 451.5 17.4 349.0 901.0 65.5 73.5 232 236
good52_1 242.5 452.5 18.8 409.0 1129.0 66.5 69.5 232 231
good52_2 242.5 449.5 17.4 202.0 901.0 65.5 68.5 232 233
good52_3 244.5 452.5 17.2 222.0 901.0 66.5 70.5 232 232
good52_4 242.5 446.5 17.7 310.0 1009.0 66.5 64.5 232 233
good52_5 240.5 450.5 17.4 307.0 901.0 67.5 68.5 231 232
good52_6 241.5 448.5 16.3 116.0 797.0 65.5 66.5 231 232
good53_1 242.5 443.5 18.3 330.0 1009.0 66.5 64.5 231 233
good53_2 243.5 445.5 17.7 419.0 1009.0 65.5 64.5 232 232
good53_3 242.5 445.5 17.7 381.0 1009.0 67.5 65.5 232 230
good53_4 245.5 449.5 18.0 279.0 1009.0 64.5 69.5 232 231
good53_5 243.5 448.5 18.1 290.0 1009.0 64.5 68.5 230 232
good53_6 241.5 451.5 18.0 250.0 1009.0 66.5 71.5 231 232
good54_1 242.5 449.5 18.0 332.0 1009.0 67.5 69.5 232 234
good54_2 240.5 450.5 17.4 296.0 901.0 69.5 69.5 233 233
good54_3 242.5 448.5 18.0 306.0 1009.0 67.5 67.5 234 231
good54_4 242.5 446.5 18.0 417.0 1009.0 67.5 65.5 232 230
good54_5 240.5 445.5 17.4 230.0 901.0 67.5 65.5 232 233
good54_6 241.5 448.5 18.8 520.0 1129.0 67.5 67.5 232 233
good55_1 242.5 450.5 17.9 329.0 1009.0 65.5 69.5 230 233
good55_2 242.5 450.5 18.8 555.0 1129.0 66.5 69.5 232 233
good55_3 243.5 449.5 18.5 340.0 1009.0 66.5 68.5 233 231
good55_4 241.5 446.5 18.2 414.0 1009.0 68.5 65.5 233 231
good55_5 241.5 444.5 17.4 317.0 901.0 67.5 63.5 231 232
good55_6 241.5 445.5 18.1 542.0 1009.0 68.5 64.5 232 232
good56_1 243.5 446.5 16.6 220.0 901.0 66.5 65.5 234 232
good56_2 243.5 445.5 17.7 364.0 1009.0 65.5 65.5 232 233
good56_3 241.5 451.5 17.2 151.0 901.0 67.5 70.5 233 233
good56_4 244.5 448.5 17.4 225.0 901.0 65.5 68.5 232 234
good56_5 239.5 451.5 18.8 486.0 1129.0 69.5 70.5 232 233
good56_6 243.5 451.5 18.0 283.0 1009.0 66.5 70.5 234 232
good57_1 241.5 443.5 17.4 253.0 901.0 66.5 62.5 232 233
good57_2 239.5 452.5 16.9 256.0 901.0 70.5 70.5 233 233
good57_3 243.5 448.5 17.4 263.0 901.0 65.5 66.5 232 232
good57_4 243.5 450.5 18.5 287.0 1009.0 65.5 68.5 233 232
good57_5 241.5 449.5 17.7 321.0 1009.0 66.5 68.5 231 233
good57_6 238.5 454.5 17.9 297.0 1009.0 69.5 72.5 232 233
good58_1 241.5 445.5 18.0 353.0 1009.0 65.5 65.5 230 232
good58_2 243.5 446.5 18.8 552.0 1129.0 66.5 65.5 234 230
good58_3 242.5 446.5 17.1 229.0 901.0 66.5 67.5 231 234
good58_4 243.5 451.5 18.5 318.0 1009.0 65.5 69.5 232 232
good58_5 244.5 449.5 19.1 469.0 1129.0 65.5 69.5 233 231
good58_6 241.5 448.5 18.1 309.0 1009.0 65.5 68.5 230 233
good59_1 240.5 450.5 18.0 270.0 1009.0 68.5 69.5 232 233
good59_2 239.5 451.5 17.7 307.0 1009.0 69.5 70.5 232 233
good59_3 243.5 450.5 17.4 285.0 901.0 65.5 68.5 232 230
good59_4 242.5 448.5 18.2 413.0 1009.0 67.5 67.5 232 231
good59_5 240.5 447.5 16.6 310.0 901.0 67.5 66.5 231 233
good59_6 238.5 450.5 17.2 197.0 901.0 70.5 68.5 232 233
good60_1 240.5 448.5 18.1 448.0 1009.0 68.5 67.5 232 232
good60_2 243.5 446.5 18.8 542.0 1129.0 66.5 65.5 233 231
good60_3 241.5 446.5 17.4 261.0 901.0 67.5 66.5 231 233
good60_4 243.5 449.5 18.0 419.0 1009.0 64.5 68.5 231 232
good60_5 243.5 449.5 18.8 462.0 1129.0 66.5 68.5 233 230
good60_6 245.5 450.5 17.7 358.0 1009.0 64.5 70.5 231 233
good61_1 242.5 445.5 17.4 288.0 901.0 66.5 65.5 232 232
good61_2 242.5 448.5 17.4 226.0 901.0 66.5 67.5 232 233
good61_3 245.5 447.5 17.2 266.0 901.0 64.5 65.5 232 231
good61_4 242.5 450.5 17.7 308.0 1009.0 67.5 69.5 233 232
good61_5 242.5 450.5 18.0 340.0 1009.0 65.5 70.5 231 233
good61_6 242.5 452.5 18.1 330.0 1009.0 66.5 70.5 232 232
good62_1 242.5 449.5 19.1 401.0 1129.0 64.5 69.5 230 233
good62_2 243.5 450.5 19.1 496.0 1129.0 66.5 70.5 231 233
good62_3 242.5 449.5 18.0 357.0 1009.0 66.5 68.5 232 231
good62_4 241.5 445.5 17.9 310.0 1009.0 67.5 65.5 232 231
good62_5 243.5 443.5 17.9 375.0 1009.0 65.5 63.5 231 233
good62_6 245.5 449.5 18.5 354.0 1009.0 64.5 68.5 231 233
good63_1 244.5 450.5 18.0 265.0 1009.0 65.5 69.5 233 232
good63_2 242.5 449.5 17.4 198.0 901.0 67.5 68.5 233 233
good63_3 242.5 451.5 18.5 357.0 1009.0 66.5 70.5 232 233
good63_4 244.5 447.5 17.4 295.0 901.0 65.5 66.5 233 233
good63_5 243.5 452.5 18.0 340.0 1009.0 65.5 71.5 233 233
good63_6 242.5 446.5 17.2 244.0 901.0 65.5 64.5 233 231
good64_1 240.5 449.5 17.1 210.0 901.0 66.5 68.5 232 234
good64_2 241.5 450.5 18.2 351.0 1009.0 68.5 68.5 233 232
good64_3 242.5 452.5 18.3 271.0 1009.0 66.5 70.5 233 230
good64_4 244.5 448.5 18.5 417.0 1009.0 65.5 66.5 233 232
good64_5 244.5 445.5 17.4 243.0 901.0 66.5 65.5 232 233
good64_6 244.5 447.5 17.4 274.0 901.0 63.5 65.5 231 233
good65_1 242.5 450.5 17.2 390.0 901.0 66.5 69.5 232 233
good65_2 241.5 450.5 18.1 308.0 1009.0 67.5 68.5 232 231
good65_3 242.5 449.5 17.9 325.0 1009.0 66.5 68.5 232 233
good65_4 240.5 449.5 17.7 479.0 1009.0 67.5 68.5 231 234
good65_5 239.5 446.5 18.0 310.0 1009.0 68.5 65.5 232 232
good65_6 239.5 448.5 17.7 324.0 1009.0 68.5 67.5 231 233
good66_1 242.5 447.5 17.4 255.0 901.0 66.5 67.5 231 233
good66_2 240.5 455.5 17.4 225.0 901.0 68.5 73.5 232 232
good66_3 243.5 448.5 18.0 329.0 1009.0 66.5 67.5 233 231
good66_4 244.5 451.5 16.6 209.0 901.0 66.5 69.5 233 231
good66_5 244.5 449.5 18.1 301.0 1009.0 64.5 70.5 231 235
good66_6 238.5 451.5 16.8 220.0 901.0 70.5 70.5 232 232
good67_1 239.5 452.5 18.5 333.0 1009.0 67.5 70.5 231 232
good67_2 240.5 453.5 17.7 249.0 1009.0 66.5 71.5 232 231
good67_3 245.5 451.5 18.0 344.0 1009.0 64.5 69.5 231 233
good67_4 239.5 453.5 16.6 253.0 901.0 67.5 71.5 230 232
good67_5 241.5 446.5 18.1 309.0 1009.0 65.5 64.5 231 231
good67_6 239.5 445.5 18.1 331.0 1009.0 68.5 63.5 231 233
good68_1 238.5 455.5 19.3 497.0 1129.0 69.5 73.5 231 232
good68_2 242.5 450.5 18.0 419.0 1009.0 66.5 68.5 232 230
good68_3 242.5 450.5 18.8 404.0 1129.0 65.5 69.5 231 232
good68_4 240.5 448.5 19.1 463.0 1129.0 67.5 66.5 230 232
good68_5 244.5 448.5 17.4 364.0 901.0 65.5 66.5 232 231
good68_6 236.5 446.5 17.2 355.0 901.0 70.5 66.5 230 234
good69_1 241.5 448.5 17.4 260.0 901.0 67.5 66.5 232 231
good69_2 241.5 446.5 17.9 281.0 1009.0 67.5 65.5 233 232
good69_3 239.5 447.5 17.4 169.0 901.0 69.5 66.5 230 233
good69_4 241.5 448.5 19.3 369.0 1129.0 66.5 67.5 231 233
good69_5 243.5 450.5 18.0 317.0 1009.0 65.5 68.5 232 231
good69_6 243.5 449.5 19.3 356.0 1129.0 65.5 67.5 232 232
good70_1 242.5 445.5 17.2 302.0 901.0 66.5 64.5 232 233
good70_2 242.5 448.5 17.2 213.0 901.0 65.5 67.5 232 233
good70_3 241.5 446.5 17.4 255.0 901.0 66.5 65.5 232 231
good70_4 242.5 449.5 17.9 250.0 1009.0 65.5 68.5 233 230
good70_5 243.5 452.5 18.5 309.0 1009.0 64.5 71.5 231 233
good70_6 243.5 449.5 17.9 268.0 1009.0 64.5 68.5 231 232
good51_5 243.5 452.5 18.1 301.0 1009.0 66.5 71.5 233 228
good51_5 243.5 452.5 18.1 301.0 1009.0 66.5 71.5 233 228
good26_5 238.5 436.5 18.1 542.0 1009.0 69.5 61.5 232 230
good26_5 238.5 436.5 18.1 542.0 1009.0 69.5 61.5 232 230
good26_5 238.5 436.5 18.1 542.0 1009.0 69.5 61.5 232 230
good26_5 238.5 436.5 18.1 542.0 1009.0 69.5 61.5 232 230
good57_1 239.5 444.5 18.1 339.0 1009.0 68.5 63.5 232 233
good57_1 241.5 443.5 17.4 253.0 901.0 66.5 62.5 232 233
good57_1 241.5 443.5 17.4 253.0 901.0 66.5 62.5 232 233
good57_1 239.5 444.5 18.1 339.0 1009.0 68.5 63.5 232 233
good57_1 241.5 445.5 17.9 339.0 1009.0 66.5 64.5 232 233
good51_5 243.5 452.5 18.3 301.0 1009.0 66.5 71.5 233 228
good17_5 245.5 450.5 17.9 287.0 1009.0 65.5 70.5 232 233
good17_5 245.5 450.5 17.4 194.0 901.0 65.5 70.5 232 233
good17_3 240.5 445.5 19.6 528.0 1257.0 67.5 66.5 230 234
good56_5 239.5 451.5 18.8 486.0 1129.0 69.5 70.5 232 233
good56_5 239.5 451.5 18.8 486.0 1129.0 69.5 70.5 232 233
good56_5 242.5 450.5 18.0 368.0 1009.0 67.5 69.5 233 233
good56_5 242.5 451.5 18.0 366.0 1009.0 67.5 70.5 233 233
good50_4 242.5 443.5 17.9 390.0 1009.0 66.5 63.5 231 233
good50_4 243.5 443.5 18.8 496.0 1129.0 65.5 63.5 231 233
good68_1 238.5 455.5 19.3 497.0 1129.0 69.5 73.5 231 232
good68_1 240.5 453.5 16.1 168.0 797.0 67.5 71.5 231 232
good5_3 244.5 449.5 18.1 480.0 1009.0 66.5 69.5 232 233
good5_3 246.5 451.5 18.0 473.0 1009.0 64.5 71.5 232 233
good5_3 246.5 451.5 18.0 473.0 1009.0 64.5 71.5 232 233
good5_3 246.5 451.5 18.0 473.0 1009.0 64.5 71.5 232 233
good5_3 246.5 451.5 18.0 366.0 901.0 64.5 71.5 232 233
good5_3 246.5 451.5 18.0 360.0 1009.0 64.5 71.5 232 233
