bad1_1 18.3 437.0 1765.0 1009.0 13 64.5 57.5 230 230
bad1_2 17.2 590.0 2474.0 901.0 16 61.5 65.5 229 230
bad1_3 17.2 418.0 1634.0 901.0 21 65.5 50.5 230 230
bad1_4 17.2 625.0 2373.0 901.0 19 51.5 61.5 230 229
bad1_5 17.2 299.0 1111.0 901.0 21 57.5 67.5 229 230
bad1_6 18.3 617.0 2525.0 1009.0 27 49.5 63.5 231 231
bad2_1 17.2 207.0 479.0 901.0 20 64.5 66.5 230 229
bad2_2 17.2 177.0 441.0 901.0 22 68.5 65.5 230 230
bad2_3 17.2 216.0 376.0 901.0 23 66.5 69.5 230 229
bad2_4 18.3 335.0 863.0 1009.0 23 68.5 64.5 229 230
bad2_5 18.3 296.0 988.0 1009.0 22 65.5 65.5 231 229
bad2_6 18.3 252.0 712.0 1009.0 21 66.5 64.5 231 229
bad3_1 18.3 331.0 1371.0 1009.0 11 66.5 71.5 231 229
bad3_2 17.2 146.0 418.0 901.0 21 68.5 67.5 230 230
bad3_3 17.2 295.0 915.0 901.0 25 66.5 69.5 231 228
bad3_4 17.2 240.0 620.0 901.0 22 67.5 63.5 230 230
bad3_5 17.2 121.0 365.0 901.0 19 66.5 69.5 230 228
bad3_6 17.2 286.0 642.0 901.0 22 68.5 64.5 231 229
bad4_1 17.2 277.0 657.0 901.0 15 66.5 61.5 231 231
bad4_2 18.3 360.0 988.0 1009.0 22 62.5 63.5 231 231
bad4_3 18.3 283.0 807.0 1009.0 22 67.5 67.5 231 231
bad4_4 17.2 147.0 259.0 901.0 20 66.5 65.5 231 230
bad4_5 17.2 383.0 611.0 901.0 17 59.5 66.5 231 231
bad4_6 18.3 261.0 749.0 1009.0 24 65.5 66.5 230 230
bad5_1 18.2 475.0 1587.0 1009.0 22 64.5 69.5 230 230
bad5_2 17.2 253.0 433.0 901.0 22 67.5 63.5 230 230
bad5_3 17.2 449.0 1681.0 901.0 19 60.5 68.5 231 230
bad5_4 17.2 365.0 957.0 901.0 24 66.5 60.5 231 230
bad5_5 17.2 228.0 576.0 901.0 23 68.5 67.5 231 231
bad5_6 17.2 462.0 1554.0 901.0 20 66.5 57.5 231 231
bad6_1 17.2 284.0 608.0 901.0 19 64.5 60.5 230 232
bad6_2 17.2 184.0 420.0 901.0 20 56.5 62.5 230 231
bad6_3 17.2 303.0 1167.0 901.0 17 64.5 65.5 232 232
bad6_4 18.3 252.0 760.0 1009.0 20 59.5 63.5 231 234
bad6_5 18.3 444.0 1380.0 1009.0 17 57.5 65.5 231 230
bad6_6 18.3 383.0 1151.0 1009.0 17 61.5 60.5 230 230
bad7_1 17.2 217.0 413.0 901.0 11 67.5 69.5 230 231
bad7_2 17.2 339.0 1103.0 901.0 20 66.5 66.5 231 231
bad7_3 17.2 256.0 720.0 901.0 20 67.5 70.5 231 232
bad7_4 17.2 342.0 814.0 901.0 20 68.5 60.5 230 230
bad7_5 17.2 265.0 773.0 901.0 20 67.5 69.5 231 231
bad7_6 18.3 415.0 1383.0 1009.0 20 67.5 60.5 230 231
bad8_1 18.3 262.0 622.0 1009.0 20 65.5 63.5 230 230
bad8_2 17.2 234.0 430.0 901.0 20 64.5 66.5 230 232
bad8_3 18.3 310.0 846.0 1009.0 23 63.5 67.5 229 229
bad8_4 17.2 231.0 403.0 901.0 22 65.5 65.5 230 230
bad8_5 17.2 191.0 423.0 901.0 24 61.5 69.5 230 229
bad8_6 17.2 129.0 329.0 901.0 22 63.5 64.5 230 229
bad9_1 18.2 336.0 1152.0 1009.0 14 66.5 63.5 231 230
bad9_2 17.2 187.0 295.0 901.0 20 61.5 63.5 230 229
bad9_3 18.2 382.0 1278.0 1009.0 24 68.5 66.5 231 230
bad9_4 17.2 164.0 332.0 901.0 24 64.5 63.5 231 230
bad9_5 17.1 201.0 625.0 901.0 22 59.5 70.5 230 232
bad9_6 18.3 341.0 1133.0 1009.0 25 65.5 66.5 230 231
bad10_1 17.2 439.0 1535.0 901.0 20 61.5 59.5 231 228
bad10_2 17.2 145.0 377.0 901.0 19 66.5 64.5 230 230
bad10_3 18.3 555.0 2323.0 1009.0 15 59.5 67.5 231 229
bad10_4 18.3 289.0 721.0 1009.0 24 67.5 65.5 230 230
bad10_5 18.3 247.0 839.0 1009.0 21 61.5 65.5 230 229
bad10_6 17.2 124.0 252.0 901.0 17 64.5 60.5 231 229
bad11_1 17.2 175.0 435.0 901.0 18 63.5 64.5 230 231
bad11_2 18.3 536.0 2020.0 1009.0 15 63.5 58.5 230 231
bad11_3 17.2 250.0 486.0 901.0 21 61.5 65.5 230 231
bad11_4 18.3 596.0 1808.0 1009.0 19 64.5 54.5 229 230
bad11_5 17.2 92.0 204.0 901.0 21 63.5 66.5 230 231
bad11_6 18.3 317.0 869.0 1009.0 23 62.5 60.5 230 230
bad12_1 18.3 255.0 767.0 1009.0 20 64.5 66.5 231 229
bad12_2 18.3 264.0 740.0 1009.0 25 64.5 65.5 230 230
bad12_3 18.3 332.0 944.0 1009.0 20 61.5 68.5 230 229
bad12_4 17.2 193.0 437.0 901.0 22 68.5 61.5 230 230
bad12_5 17.2 163.0 379.0 901.0 17 67.5 66.5 232 229
bad12_6 18.3 298.0 1038.0 1009.0 21 67.5 60.5 230 229
bad13_1 18.3 531.0 2375.0 1009.0 11 63.5 65.5 229 231
bad13_2 17.2 238.0 466.0 901.0 21 64.5 61.5 230 231
bad13_3 17.2 464.0 1620.0 901.0 21 58.5 66.5 231 231
bad13_4 18.3 426.0 1222.0 1009.0 17 61.5 59.5 230 230
bad13_5 18.3 250.0 666.0 1009.0 21 66.5 70.5 232 228
bad13_6 17.2 222.0 414.0 901.0 25 66.5 65.5 230 231
bad14_1 18.3 283.0 851.0 1009.0 19 69.5 63.5 231 231
bad14_2 18.3 418.0 1274.0 1009.0 23 58.5 65.5 230 230
bad14_3 18.3 240.0 692.0 1009.0 24 70.5 68.5 230 231
bad14_4 18.3 345.0 993.0 1009.0 23 65.5 66.5 231 230
bad14_5 17.2 301.0 785.0 901.0 22 60.5 69.5 230 231
bad14_6 18.3 236.0 636.0 1009.0 19 65.5 67.5 231 230
bad15_1 17.2 136.0 332.0 901.0 21 51.5 65.5 230 230
bad15_2 18.3 235.0 759.0 1009.0 21 61.5 64.5 230 230
bad15_3 17.2 150.0 230.0 901.0 17 55.5 66.5 231 228
bad15_4 17.2 158.0 258.0 901.0 19 64.5 63.5 230 230
bad15_5 18.3 380.0 1108.0 1009.0 16 62.5 68.5 230 229
bad15_6 17.2 233.0 461.0 901.0 23 64.5 64.5 231 230
bad16_1 17.2 123.0 283.0 901.0 21 67.5 63.5 231 230
bad16_2 17.2 204.0 488.0 901.0 21 66.5 62.5 230 230
bad16_3 18.3 270.0 858.0 1009.0 19 65.5 64.5 230 229
bad16_4 18.3 253.0 857.0 1009.0 18 66.5 59.5 230 230
bad16_5 18.3 305.0 1029.0 1009.0 22 60.5 67.5 231 229
bad16_6 18.3 264.0 852.0 1009.0 22 60.5 63.5 229 229
bad17_1 17.2 100.0 196.0 901.0 18 65.5 66.5 230 230
bad17_2 18.3 691.0 2403.0 1009.0 21 65.5 66.5 229 231
bad17_3 18.3 307.0 851.0 1009.0 23 64.5 65.5 231 231
bad17_4 17.2 616.0 1840.0 901.0 21 48.5 63.5 229 231
bad17_5 18.3 165.0 585.0 1009.0 23 65.5 67.5 230 232
bad17_6 17.2 192.0 492.0 901.0 21 64.5 63.5 231 231
bad18_1 18.3 317.0 925.0 1009.0 12 69.5 67.5 231 229
bad18_2 18.3 282.0 774.0 1009.0 18 66.5 65.5 230 230
bad18_3 17.2 254.0 514.0 901.0 22 67.5 68.5 231 230
bad18_4 17.2 329.0 733.0 901.0 23 65.5 62.5 231 232
bad18_5 17.2 211.0 523.0 901.0 21 68.5 69.5 231 230
bad18_6 17.2 365.0 849.0 901.0 17 67.5 64.5 230 232
bad19_1 18.3 323.0 1123.0 1009.0 16 65.5 65.5 230 229
bad19_2 18.3 301.0 917.0 1009.0 18 67.5 65.5 230 230
bad19_3 18.3 385.0 1145.0 1009.0 25 60.5 68.5 231 230
bad19_4 17.2 208.0 492.0 901.0 18 68.5 66.5 230 230
bad19_5 18.3 365.0 1013.0 1009.0 23 61.5 65.5 230 229
bad19_6 17.2 212.0 548.0 901.0 21 63.5 59.5 230 229
bad20_1 17.2 210.0 386.0 901.0 19 64.5 62.5 229 230
bad20_2 17.2 279.0 619.0 901.0 21 59.5 65.5 230 230
bad20_3 18.3 308.0 788.0 1009.0 20 68.5 67.5 230 230
bad20_4 17.2 177.0 389.0 901.0 21 63.5 67.5 230 230
bad20_5 17.2 497.0 1869.0 901.0 23 58.5 68.5 230 231
bad20_6 18.3 370.0 910.0 1009.0 23 65.5 68.5 229 232
bad21_1 18.3 327.0 951.0 1009.0 9 62.5 62.5 229 229
bad21_2 17.2 224.0 860.0 901.0 14 63.5 59.5 231 230
bad21_3 18.3 337.0 889.0 1009.0 22 59.5 64.5 231 231
bad21_4 17.2 327.0 1055.0 901.0 19 64.5 55.5 232 230
bad21_5 17.2 330.0 1362.0 901.0 18 60.5 64.5 230 231
bad21_6 18.3 475.0 1899.0 1009.0 21 62.5 53.5 230 232
bad22_1 18.3 201.0 613.0 1009.0 18 65.5 68.5 230 231
bad22_2 17.2 212.0 416.0 901.0 23 65.5 64.5 231 231
bad22_3 17.2 120.0 304.0 901.0 21 64.5 66.5 230 230
bad22_4 17.2 288.0 552.0 901.0 22 61.5 62.5 231 230
bad22_5 17.2 178.0 254.0 901.0 22 65.5 67.5 229 230
bad22_6 17.2 175.0 379.0 901.0 24 66.5 62.5 230 232
bad23_1 17.2 199.0 399.0 901.0 16 68.5 66.5 229 230
bad23_2 17.2 136.0 276.0 901.0 22 65.5 67.5 230 230
bad23_3 18.3 260.0 816.0 1009.0 17 70.5 69.5 230 230
bad23_4 18.3 232.0 668.0 1009.0 16 68.5 70.5 230 230
bad23_5 18.3 253.0 813.0 1009.0 18 66.5 70.5 230 229
bad23_6 18.3 321.0 1089.0 1009.0 18 67.5 68.5 230 230
bad24_1 17.2 89.0 233.0 901.0 20 67.5 71.5 230 231
bad24_2 17.2 188.0 240.0 901.0 24 69.5 67.5 232 230
bad24_3 17.2 169.0 341.0 901.0 22 67.5 71.5 231 231
bad24_4 18.3 257.0 781.0 1009.0 21 69.5 68.5 230 231
bad24_5 17.2 159.0 235.0 901.0 18 69.5 70.5 231 229
bad24_6 17.2 231.0 483.0 901.0 22 70.5 63.5 230 232
bad25_1 17.2 248.0 620.0 901.0 24 66.5 69.5 231 232
bad25_2 17.2 351.0 991.0 901.0 21 70.5 64.5 232 231
bad25_3 17.2 298.0 630.0 901.0 26 60.5 64.5 230 231
bad25_4 18.3 535.0 1619.0 1009.0 18 66.5 54.5 231 231
bad25_5 18.3 331.0 819.0 1009.0 24 66.5 68.5 230 230
bad25_6 17.2 358.0 1186.0 901.0 21 63.5 59.5 230 231
bad26_1 18.3 392.0 1120.0 1009.0 18 66.5 69.5 230 231
bad26_2 17.2 188.0 340.0 901.0 22 67.5 67.5 232 232
bad26_3 18.3 416.0 1312.0 1009.0 21 59.5 66.5 231 231
bad26_4 18.3 351.0 1015.0 1009.0 22 65.5 62.5 232 232
bad26_5 17.2 351.0 959.0 901.0 21 68.5 66.5 231 230
bad26_6 17.2 345.0 757.0 901.0 21 65.5 56.5 230 230
bad27_1 17.2 152.0 340.0 901.0 18 71.5 70.5 230 231
bad27_2 18.3 834.0 3714.0 1009.0 21 64.5 65.5 229 229
bad27_3 17.2 218.0 262.0 901.0 20 69.5 69.5 230 231
bad27_4 17.2 715.0 3255.0 901.0 20 67.5 66.5 230 229
bad27_5 17.2 186.0 342.0 901.0 19 65.5 70.5 230 230
bad27_6 18.2 307.0 847.0 1009.0 23 67.5 67.5 229 230
bad28_1 17.2 212.0 780.0 901.0 12 66.5 64.5 230 231
bad28_2 17.2 225.0 581.0 901.0 22 63.5 61.5 230 231
bad28_3 17.2 239.0 743.0 901.0 17 65.5 67.5 230 231
bad28_4 17.2 248.0 756.0 901.0 23 65.5 62.5 231 231
bad28_5 17.2 159.0 515.0 901.0 19 64.5 68.5 230 230
bad28_6 18.3 275.0 875.0 1009.0 20 67.5 62.5 230 230
bad29_1 18.3 286.0 862.0 1009.0 20 63.5 63.5 229 229
bad29_2 17.2 249.0 817.0 901.0 17 62.5 64.5 230 230
bad29_3 18.3 282.0 854.0 1009.0 21 59.5 65.5 230 230
bad29_4 17.2 379.0 1199.0 901.0 19 64.5 59.5 230 230
bad29_5 18.3 306.0 1058.0 1009.0 17 64.5 64.5 230 230
bad29_6 18.3 448.0 1504.0 1009.0 22 63.5 57.5 231 229
bad30_1 18.3 244.0 848.0 1009.0 14 71.5 68.5 230 232
bad30_2 18.3 250.0 682.0 1009.0 18 67.5 69.5 232 231
bad30_3 17.2 138.0 402.0 901.0 24 73.5 72.5 231 231
bad30_4 18.3 228.0 860.0 1009.0 20 69.5 68.5 231 231
bad30_5 18.3 279.0 935.0 1009.0 16 65.5 70.5 229 231
bad30_6 18.3 209.0 717.0 1009.0 23 67.5 68.5 229 231
bad31_1 18.3 294.0 910.0 1009.0 16 70.5 67.5 232 230
bad31_2 17.2 161.0 417.0 901.0 22 70.5 71.5 231 231
bad31_3 17.2 250.0 606.0 901.0 19 67.5 70.5 231 230
bad31_4 18.3 263.0 831.0 1009.0 17 70.5 68.5 230 230
bad31_5 18.3 344.0 1012.0 1009.0 16 66.5 72.5 232 229
bad31_6 18.3 242.0 762.0 1009.0 16 70.5 69.5 232 230
bad32_1 18.3 217.0 645.0 1009.0 12 71.5 69.5 230 231
bad32_2 18.3 326.0 942.0 1009.0 22 66.5 67.5 231 232
bad32_3 17.2 57.0 89.0 901.0 18 69.5 69.5 230 231
bad32_4 17.2 174.0 266.0 901.0 24 68.5 67.5 230 230
bad32_5 17.2 202.0 378.0 901.0 22 64.5 71.5 231 230
bad32_6 18.3 195.0 691.0 1009.0 22 65.5 68.5 230 230
bad33_1 17.2 312.0 1072.0 901.0 21 63.5 64.5 231 232
bad33_2 17.2 392.0 1364.0 901.0 18 58.5 63.5 230 230
bad33_3 18.3 362.0 1178.0 1009.0 20 66.5 68.5 231 232
bad33_4 17.2 173.0 401.0 901.0 20 66.5 66.5 230 230
bad33_5 17.2 437.0 1653.0 901.0 18 58.5 68.5 230 230
bad33_6 17.2 288.0 796.0 901.0 23 65.5 66.5 230 230
bad34_1 18.3 194.0 530.0 1009.0 20 65.5 66.5 230 230
bad34_2 17.2 127.0 239.0 901.0 22 66.5 65.5 231 230
bad34_3 17.2 190.0 510.0 901.0 22 64.5 66.5 229 229
bad34_4 17.2 219.0 387.0 901.0 22 63.5 64.5 230 230
bad34_5 18.3 269.0 765.0 1009.0 23 65.5 67.5 230 231
bad34_6 18.3 404.0 1056.0 1009.0 21 62.5 62.5 230 230
bad35_1 17.2 183.0 363.0 901.0 14 66.5 73.5 231 231
bad35_2 17.2 196.0 332.0 901.0 21 65.5 62.5 231 230
bad35_3 17.2 215.0 395.0 901.0 16 65.5 70.5 231 231
bad35_4 18.3 288.0 720.0 1009.0 24 66.5 64.5 230 230
bad35_5 17.2 597.0 1837.0 901.0 22 65.5 52.5 230 231
bad35_6 18.3 589.0 1757.0 1009.0 19 66.5 62.5 231 229
bad36_1 18.3 366.0 1346.0 1009.0 12 68.5 64.5 231 230
bad36_2 18.2 412.0 1440.0 1009.0 12 62.5 67.5 230 230
bad36_3 18.3 363.0 1203.0 1009.0 19 66.5 67.5 232 230
bad36_4 18.3 287.0 931.0 1009.0 21 65.5 70.5 231 231
bad36_5 18.3 264.0 932.0 1009.0 16 63.5 68.5 231 229
bad36_6 17.2 318.0 586.0 901.0 20 60.5 61.5 231 230
bad37_1 18.3 220.0 788.0 1009.0 10 66.5 66.5 230 229
bad37_2 17.2 651.0 2455.0 901.0 9 54.5 62.5 230 230
bad37_3 18.3 224.0 764.0 1009.0 24 68.5 69.5 231 229
bad37_4 17.2 536.0 2144.0 901.0 20 74.5 69.5 229 230
bad37_5 17.2 143.0 287.0 901.0 15 69.5 69.5 230 229
bad37_6 17.2 158.0 298.0 901.0 23 69.5 67.5 231 230
bad38_1 17.2 217.0 713.0 901.0 12 70.5 68.5 231 231
bad38_2 17.2 299.0 463.0 901.0 24 67.5 63.5 231 229
bad38_3 17.2 163.0 471.0 901.0 23 65.5 68.5 231 229
bad38_4 17.2 298.0 690.0 901.0 20 69.5 59.5 231 229
bad38_5 18.3 333.0 1357.0 1009.0 15 67.5 66.5 229 230
bad38_6 17.2 355.0 1227.0 901.0 22 67.5 60.5 230 231
bad39_1 17.2 358.0 1242.0 901.0 21 64.5 67.5 232 231
bad39_2 17.2 214.0 350.0 901.0 20 67.5 62.5 231 230
bad39_3 18.3 537.0 1933.0 1009.0 24 55.5 67.5 230 230
bad39_4 17.2 328.0 860.0 901.0 15 62.5 60.5 231 230
bad39_5 17.2 183.0 443.0 901.0 20 67.5 69.5 231 231
bad39_6 17.2 209.0 709.0 901.0 21 65.5 64.5 230 230
bad40_1 18.3 693.0 1657.0 1009.0 15 70.5 70.5 231 231
bad40_2 18.3 371.0 959.0 1009.0 20 71.5 64.5 230 229
bad40_3 17.2 596.0 1364.0 901.0 26 64.5 58.5 230 232
bad40_4 18.3 360.0 968.0 1009.0 20 70.5 61.5 230 230
bad40_5 17.2 579.0 799.0 901.0 21 71.5 68.5 230 230
bad40_6 17.2 664.0 1232.0 901.0 20 55.5 63.5 230 231
bad41_1 17.2 163.0 359.0 901.0 22 70.5 66.5 232 230
bad41_2 18.3 294.0 790.0 1009.0 18 65.5 67.5 232 232
bad41_3 18.3 247.0 763.0 1009.0 22 70.5 66.5 230 230
bad41_4 17.2 178.0 410.0 901.0 22 70.5 67.5 231 230
bad41_5 17.1 150.0 454.0 901.0 19 69.5 69.5 232 232
bad41_6 18.3 295.0 851.0 1009.0 19 66.5 65.5 231 231
bad42_1 18.3 251.0 927.0 1009.0 19 65.5 62.5 231 229
bad42_2 17.2 250.0 446.0 901.0 22 62.5 61.5 231 228
bad42_3 17.2 251.0 583.0 901.0 24 62.5 62.5 230 230
bad42_4 18.3 402.0 1062.0 1009.0 15 60.5 60.5 231 229
bad42_5 18.3 259.0 835.0 1009.0 21 58.5 66.5 229 229
bad42_6 17.2 338.0 1002.0 901.0 17 59.5 62.5 230 231
bad43_1 17.2 298.0 810.0 901.0 27 67.5 59.5 230 231
bad43_2 18.3 526.0 1554.0 1009.0 23 61.5 62.5 231 231
bad43_3 17.2 294.0 918.0 901.0 22 69.5 68.5 231 231
bad43_4 17.2 253.0 589.0 901.0 19 67.5 64.5 231 231
bad43_5 18.3 432.0 1524.0 1009.0 22 61.5 65.5 232 231
bad43_6 18.3 282.0 862.0 1009.0 23 66.5 65.5 231 231
bad44_1 17.2 162.0 490.0 901.0 18 73.5 71.5 230 230
bad44_2 18.3 198.0 570.0 1009.0 24 69.5 68.5 231 229
bad44_3 18.3 351.0 1259.0 1009.0 19 69.5 71.5 229 229
bad44_4 17.2 142.0 278.0 901.0 19 69.5 67.5 231 229
bad44_5 18.3 276.0 880.0 1009.0 23 69.5 73.5 230 231
bad44_6 17.2 159.0 467.0 901.0 18 69.5 67.5 229 230
bad45_1 18.3 410.0 1634.0 1009.0 17 71.5 67.5 232 229
bad45_2 18.3 363.0 1371.0 1009.0 17 68.5 70.5 230 231
bad45_3 17.2 296.0 688.0 901.0 16 66.5 68.5 229 229
bad45_4 17.2 293.0 985.0 901.0 24 69.5 66.5 230 230
bad45_5 18.3 311.0 1055.0 1009.0 17 68.5 70.5 230 229
bad45_6 17.2 252.0 824.0 901.0 18 67.5 65.5 230 229
bad46_1 17.2 168.0 404.0 901.0 23 65.5 67.5 230 230
bad46_2 17.2 167.0 351.0 901.0 24 65.5 65.5 230 230
bad46_3 17.2 117.0 329.0 901.0 23 65.5 68.5 230 231
bad46_4 17.2 192.0 388.0 901.0 18 66.5 63.5 230 231
bad46_5 17.2 435.0 823.0 901.0 23 65.5 67.5 230 230
bad46_6 17.2 588.0 1680.0 901.0 20 56.5 63.5 231 230
bad47_1 18.3 389.0 1401.0 1009.0 16 60.5 66.5 230 230
bad47_2 18.3 417.0 1525.0 1009.0 11 63.5 57.5 230 230
bad47_3 18.3 380.0 1008.0 1009.0 21 57.5 65.5 232 229
bad47_4 17.2 361.0 1049.0 901.0 21 63.5 54.5 231 230
bad47_5 17.2 307.0 1111.0 901.0 19 63.5 64.5 231 229
bad47_6 18.3 522.0 1574.0 1009.0 18 61.5 55.5 232 231
bad48_1 17.2 237.0 529.0 901.0 23 66.5 64.5 231 231
bad48_2 17.2 298.0 842.0 901.0 23 60.5 62.5 231 231
bad48_3 17.2 213.0 441.0 901.0 18 69.5 69.5 232 231
bad48_4 17.2 201.0 425.0 901.0 25 66.5 67.5 231 231
bad48_5 17.2 472.0 1780.0 901.0 24 58.5 65.5 230 231
bad48_6 17.2 227.0 407.0 901.0 21 66.5 67.5 232 232
bad49_1 17.2 217.0 385.0 901.0 24 65.5 72.5 230 232
bad49_2 17.2 288.0 500.0 901.0 19 67.5 65.5 230 231
bad49_3 17.2 306.0 630.0 901.0 21 60.5 67.5 231 231
bad49_4 17.2 331.0 771.0 901.0 16 64.5 61.5 229 231
bad49_5 18.3 361.0 1185.0 1009.0 26 69.5 65.5 230 230
bad49_6 18.3 484.0 1584.0 1009.0 24 66.5 56.5 231 230
bad50_1 17.2 206.0 386.0 901.0 22 69.5 72.5 231 230
bad50_2 17.2 229.0 453.0 901.0 23 68.5 66.5 229 231
bad50_3 18.3 239.0 791.0 1009.0 21 64.5 71.5 230 231
bad50_4 18.3 313.0 905.0 1009.0 25 69.5 65.5 230 231
bad50_5 18.3 172.0 660.0 1009.0 24 72.5 70.5 231 230
bad50_6 17.2 235.0 559.0 901.0 21 70.5 65.5 231 230
bad51_1 17.2 361.0 1161.0 901.0 17 67.5 59.5 231 230
bad51_2 18.3 417.0 1125.0 1009.0 23 61.5 66.5 231 231
bad51_3 18.3 413.0 1385.0 1009.0 26 69.5 67.5 231 231
bad51_4 18.3 370.0 898.0 1009.0 23 68.5 67.5 231 231
bad51_5 18.3 452.0 1608.0 1009.0 19 59.5 67.5 230 230
bad51_6 18.3 334.0 1074.0 1009.0 24 66.5 67.5 230 230
bad52_1 18.3 409.0 1485.0 1009.0 19 67.5 68.5 228 229
bad52_2 17.2 332.0 896.0 901.0 22 67.5 65.5 229 230
bad52_3 17.2 388.0 1248.0 901.0 22 62.5 70.5 230 229
bad52_4 17.2 330.0 686.0 901.0 22 65.5 58.5 229 229
bad52_5 17.2 222.0 626.0 901.0 22 66.5 68.5 229 229
bad52_6 18.3 301.0 877.0 1009.0 22 68.5 63.5 229 231
bad53_1 18.3 411.0 1163.0 1009.0 16 68.5 70.5 235 232
bad53_2 18.3 307.0 919.0 1009.0 21 65.5 65.5 232 231
bad53_3 17.2 308.0 596.0 901.0 23 63.5 66.5 205 228
bad53_4 17.2 313.0 725.0 901.0 18 63.5 62.5 230 230
bad53_5 17.2 288.0 788.0 901.0 22 63.5 68.5 234 230
bad53_6 17.2 406.0 1030.0 901.0 20 59.5 57.5 232 229
bad54_1 17.2 458.0 1294.0 901.0 22 57.5 60.5 230 231
bad54_2 17.2 368.0 1128.0 901.0 20 60.5 63.5 231 231
bad54_3 17.2 347.0 1207.0 901.0 22 68.5 68.5 231 231
bad54_4 18.3 413.0 1553.0 1009.0 15 65.5 68.5 231 232
bad54_5 18.3 438.0 1754.0 1009.0 22 57.5 69.5 231 230
bad54_6 17.2 309.0 793.0 901.0 22 64.5 68.5 231 231
bad55_1 17.2 192.0 504.0 901.0 21 69.5 70.5 230 231
bad55_2 18.3 305.0 1045.0 1009.0 21 71.5 67.5 230 232
bad55_3 18.3 375.0 1431.0 1009.0 22 66.5 71.5 230 231
bad55_4 18.3 308.0 1000.0 1009.0 24 73.5 66.5 231 231
bad55_5 18.3 361.0 1329.0 1009.0 15 70.5 70.5 231 231
bad55_6 17.2 200.0 564.0 901.0 22 73.5 71.5 231 231
bad56_1 17.2 222.0 606.0 901.0 15 63.5 62.5 230 231
bad56_2 17.2 222.0 690.0 901.0 19 64.5 65.5 230 230
bad56_3 18.3 245.0 757.0 1009.0 22 64.5 66.5 231 229
bad56_4 17.2 262.0 554.0 901.0 20 62.5 63.5 230 231
bad56_5 18.3 691.0 3063.0 1009.0 17 70.5 67.5 231 231
bad56_6 18.3 732.0 3124.0 1009.0 16 70.5 64.5 231 230
bad57_1 17.2 260.0 988.0 901.0 21 72.5 69.5 230 229
bad57_2 17.2 107.0 303.0 901.0 20 69.5 71.5 230 230
bad57_3 18.3 310.0 1162.0 1009.0 20 70.5 71.5 231 229
bad57_4 18.3 219.0 739.0 1009.0 24 70.5 69.5 230 230
bad57_5 17.2 240.0 500.0 901.0 16 67.5 72.5 230 229
bad57_6 18.3 325.0 973.0 1009.0 19 69.5 66.5 231 228
bad58_1 17.2 315.0 1087.0 901.0 17 66.5 60.5 230 231
bad58_2 17.2 563.0 1787.0 901.0 20 60.5 65.5 230 231
bad58_3 18.3 379.0 1071.0 1009.0 14 68.5 68.5 230 231
bad58_4 17.2 397.0 1493.0 901.0 17 67.5 66.5 229 231
bad58_5 17.2 302.0 586.0 901.0 21 68.5 69.5 230 231
bad58_6 18.3 441.0 1261.0 1009.0 23 68.5 65.5 230 231
bad59_1 18.3 307.0 915.0 1009.0 18 67.5 62.5 232 230
bad59_2 18.3 413.0 1141.0 1009.0 19 62.5 66.5 232 230
bad59_3 17.2 243.0 495.0 901.0 21 66.5 67.5 231 230
bad59_4 17.2 213.0 385.0 901.0 20 65.5 63.5 232 230
bad59_5 17.2 179.0 403.0 901.0 19 62.5 71.5 231 231
bad59_6 18.3 319.0 847.0 1009.0 21 64.5 63.5 232 230
bad60_1 17.2 129.0 409.0 901.0 20 65.5 65.5 229 230
bad60_2 17.2 259.0 643.0 901.0 23 62.5 65.5 230 229
bad60_3 17.2 164.0 452.0 901.0 23 67.5 68.5 230 230
bad60_4 17.2 250.0 758.0 901.0 17 68.5 66.5 230 229
bad60_5 17.2 215.0 491.0 901.0 16 63.5 69.5 229 230
bad60_6 18.3 240.0 896.0 1009.0 17 67.5 66.5 229 230
bad61_1 18.3 501.0 1189.0 1009.0 21 56.5 69.5 230 230
bad61_2 18.3 313.0 973.0 1009.0 21 66.5 64.5 231 231
bad61_3 18.3 368.0 868.0 1009.0 20 63.5 69.5 230 231
bad61_4 17.2 178.0 342.0 901.0 24 67.5 63.5 231 230
bad61_5 17.2 221.0 613.0 901.0 18 65.5 70.5 230 231
bad61_6 17.2 165.0 301.0 901.0 23 68.5 65.5 230 232
bad62_1 17.1 179.0 491.0 901.0 18 65.5 66.5 230 231
bad62_2 17.2 230.0 502.0 901.0 18 64.5 63.5 231 229
bad62_3 17.2 177.0 497.0 901.0 21 68.5 69.5 231 230
bad62_4 18.3 275.0 959.0 1009.0 18 65.5 64.5 232 230
bad62_5 17.2 317.0 1001.0 901.0 19 63.5 69.5 229 231
bad62_6 18.3 314.0 958.0 1009.0 21 66.5 67.5 230 231
bad63_1 18.3 261.0 693.0 1009.0 25 67.5 66.5 230 230
bad63_2 17.2 246.0 526.0 901.0 17 65.5 66.5 231 230
bad63_3 17.2 245.0 589.0 901.0 22 66.5 68.5 230 232
bad63_4 17.2 255.0 479.0 901.0 23 67.5 65.5 231 231
bad63_5 17.2 568.0 1272.0 901.0 20 66.5 67.5 231 230
bad63_6 17.2 633.0 2205.0 901.0 20 50.5 63.5 230 231
bad64_1 17.2 231.0 387.0 901.0 19 63.5 70.5 231 230
bad64_2 17.2 254.0 450.0 901.0 17 68.5 63.5 231 230
bad64_3 17.2 480.0 1516.0 901.0 22 55.5 68.5 231 230
bad64_4 17.2 343.0 695.0 901.0 21 65.5 56.5 230 231
bad64_5 18.3 300.0 864.0 1009.0 21 65.5 67.5 230 232
bad64_6 17.2 346.0 930.0 901.0 23 62.5 57.5 230 232
bad65_1 18.3 233.0 705.0 1009.0 18 69.5 71.5 230 231
bad65_2 18.3 277.0 841.0 1009.0 21 70.5 66.5 232 231
bad65_3 18.3 274.0 830.0 1009.0 24 66.5 70.5 230 231
bad65_4 18.3 285.0 901.0 1009.0 21 68.5 65.5 231 231
bad65_5 17.2 176.0 384.0 901.0 19 70.5 68.5 231 230
bad65_6 17.2 253.0 609.0 901.0 19 67.5 63.5 230 231
bad66_1 17.2 169.0 485.0 901.0 21 68.5 63.5 229 231
bad66_2 17.2 277.0 949.0 901.0 21 59.5 65.5 229 231
bad66_3 17.2 168.0 508.0 901.0 23 67.5 66.5 231 232
bad66_4 18.3 416.0 1568.0 1009.0 17 64.5 65.5 231 232
bad66_5 17.2 280.0 716.0 901.0 18 61.5 69.5 230 231
bad66_6 18.3 317.0 1013.0 1009.0 20 64.5 64.5 231 231
bad67_1 17.2 170.0 482.0 901.0 21 68.5 67.5 233 231
bad67_2 18.3 376.0 872.0 1009.0 19 66.5 63.5 231 229
bad67_3 18.3 245.0 889.0 1009.0 22 68.5 68.5 231 230
bad67_4 17.2 293.0 785.0 901.0 22 66.5 62.5 231 230
bad67_5 17.2 242.0 458.0 901.0 19 66.5 68.5 232 231
bad67_6 17.2 199.0 411.0 901.0 21 67.5 65.5 231 231
bad68_1 18.2 460.0 2012.0 1009.0 13 69.5 70.5 230 230
bad68_2 18.3 354.0 1410.0 1009.0 16 61.5 68.5 229 231
bad68_3 18.3 525.0 1993.0 1009.0 23 63.5 70.5 229 231
bad68_4 17.2 245.0 693.0 901.0 22 62.5 62.5 231 231
bad68_5 17.2 265.0 949.0 901.0 17 69.5 76.5 234 229
bad68_6 17.2 275.0 787.0 901.0 21 69.5 68.5 230 233
bad69_1 18.3 318.0 1146.0 1009.0 15 68.5 68.5 231 229
bad69_2 18.3 233.0 765.0 1009.0 17 66.5 67.5 230 229
bad69_3 17.2 190.0 538.0 901.0 20 66.5 70.5 231 229
bad69_4 17.2 157.0 389.0 901.0 21 67.5 66.5 231 230
bad69_5 18.3 345.0 1233.0 1009.0 21 68.5 70.5 232 230
bad69_6 18.3 316.0 1176.0 1009.0 22 70.5 64.5 232 229
bad70_1 17.2 157.0 485.0 901.0 20 64.5 69.5 230 228
bad70_2 18.3 301.0 961.0 1009.0 20 67.5 62.5 229 230
bad70_3 18.3 311.0 975.0 1009.0 18 61.5 67.5 229 227
bad70_4 17.2 243.0 731.0 901.0 20 67.5 62.5 229 231
bad70_5 17.2 180.0 368.0 901.0 20 67.5 64.5 230 229
bad70_6 18.3 376.0 1276.0 1009.0 19 67.5 57.5 230 228
