good1_1 243.5 448.5 17.2 626.0 230.0 901.0 64.5 69.5 231 234
good1_2 244.5 450.5 18.3 813.0 257.0 1009.0 66.5 70.5 233 234
good1_3 246.5 449.5 17.2 382.0 158.0 901.0 64.5 70.5 232 235
good1_4 245.5 445.5 17.2 698.0 202.0 901.0 64.5 65.5 232 233
good1_5 248.5 445.5 17.2 401.0 209.0 901.0 63.5 68.5 232 235
good1_6 243.5 450.5 17.2 459.0 183.0 901.0 66.5 71.5 232 235
good2_1 242.5 449.5 18.3 913.0 249.0 1009.0 67.5 69.5 231 233
good2_2 241.5 447.5 17.2 341.0 125.0 901.0 68.5 66.5 231 232
good2_3 241.5 446.5 18.3 954.0 246.0 1009.0 67.5 64.5 231 231
good2_4 242.5 450.5 18.3 938.0 238.0 1009.0 67.5 69.5 232 232
good2_5 243.5 450.5 17.2 342.0 118.0 901.0 65.5 69.5 230 232
good2_6 246.5 451.5 17.2 297.0 97.0 901.0 64.5 70.5 231 232
good3_1 243.5 449.5 17.2 435.0 143.0 901.0 66.5 69.5 232 234
good3_2 246.5 445.5 17.2 471.0 179.0 901.0 65.5 65.5 234 232
good3_3 243.5 447.5 17.2 637.0 241.0 901.0 67.5 68.5 232 235
good3_4 241.5 450.5 17.2 462.0 146.0 901.0 68.5 70.5 232 234
good3_5 244.5 450.5 17.2 654.0 230.0 901.0 65.5 69.5 233 233
good3_6 244.5 449.5 18.2 789.0 265.0 1009.0 65.5 69.5 231 234
good4_1 243.5 450.5 18.3 1043.0 311.0 1009.0 64.5 69.5 231 231
good4_2 244.5 450.5 19.4 1449.0 389.0 1129.0 65.5 70.5 231 234
good4_3 243.5 450.5 19.4 1513.0 429.0 1129.0 67.5 70.5 233 233
good4_4 0 0 0 0 0 0 -78 -380 230 234
good4_5 243.5 452.5 17.2 463.0 155.0 901.0 66.5 71.5 231 233
good4_6 241.5 446.5 17.2 577.0 153.0 901.0 67.5 65.5 231 233
good5_1 241.5 449.5 17.2 559.0 207.0 901.0 67.5 70.5 231 235
good5_2 247.5 451.5 17.2 705.0 237.0 901.0 65.5 70.5 232 234
good5_3 245.5 450.5 17.2 840.0 372.0 901.0 65.5 70.5 232 233
good5_4 246.5 447.5 16.8 436.0 208.0 901.0 65.5 66.5 233 233
good5_5 242.5 446.5 17.2 1001.0 365.0 901.0 66.5 68.5 231 236
good5_6 243.5 448.5 17.2 639.0 175.0 901.0 66.5 67.5 232 233
good6_1 244.5 449.5 17.2 381.0 141.0 901.0 65.5 68.5 232 232
good6_2 242.5 447.5 17.2 599.0 215.0 901.0 66.5 67.5 232 234
good6_3 240.5 454.5 16.6 373.0 129.0 901.0 68.5 73.5 232 233
good6_4 243.5 450.5 18.3 869.0 285.0 1009.0 66.5 71.5 231 235
good6_5 240.5 453.5 17.2 440.0 196.0 901.0 69.5 72.5 232 234
good6_6 247.5 450.5 18.3 969.0 309.0 1009.0 64.5 70.5 232 234
good7_1 240.5 452.5 17.2 527.0 199.0 901.0 68.5 72.5 231 234
good7_2 244.5 451.5 18.3 1044.0 332.0 1009.0 65.5 71.5 231 233
good7_3 245.5 449.5 17.2 569.0 197.0 901.0 64.5 68.5 231 233
good7_4 242.5 451.5 18.0 884.0 272.0 1009.0 66.5 70.5 232 233
good7_5 245.5 445.5 17.2 538.0 214.0 901.0 65.5 64.5 231 232
good7_6 244.5 448.5 18.0 1133.0 313.0 1009.0 65.5 67.5 232 233
good8_1 241.5 453.5 17.2 634.0 198.0 901.0 67.5 72.5 232 234
good8_2 244.5 451.5 17.2 409.0 197.0 901.0 64.5 70.5 232 233
good8_3 246.5 452.5 17.2 574.0 234.0 901.0 65.5 73.5 231 236
good8_4 243.5 453.5 17.2 603.0 251.0 901.0 65.5 72.5 231 234
good8_5 244.5 447.5 18.2 902.0 266.0 1009.0 66.5 66.5 233 233
good8_6 243.5 448.5 17.2 416.0 156.0 901.0 66.5 68.5 230 235
good9_1 247.5 450.5 17.2 863.0 275.0 901.0 66.5 68.5 232 233
good9_2 245.5 453.5 17.2 636.0 244.0 901.0 66.5 72.5 231 233
good9_3 243.5 452.5 17.2 497.0 213.0 901.0 66.5 71.5 231 234
good9_4 242.5 447.5 17.2 404.0 132.0 901.0 66.5 66.5 232 234
good9_5 243.5 448.5 17.2 799.0 275.0 901.0 66.5 67.5 232 233
good9_6 243.5 447.5 17.2 330.0 122.0 901.0 66.5 66.5 231 234
good10_1 246.5 446.5 17.1 772.0 320.0 901.0 65.5 65.5 232 232
good10_2 242.5 446.5 17.2 756.0 268.0 901.0 66.5 68.5 231 237
good10_3 245.5 450.5 17.2 350.0 122.0 901.0 65.5 69.5 232 234
good10_4 247.5 449.5 17.2 553.0 237.0 901.0 65.5 70.5 231 236
good10_5 242.5 450.5 17.2 685.0 205.0 901.0 67.5 69.5 232 234
good10_6 245.5 451.5 17.2 559.0 195.0 901.0 64.5 70.5 231 232
good11_1 240.5 449.5 17.2 584.0 156.0 901.0 68.5 68.5 231 232
good11_2 241.5 445.5 17.2 718.0 230.0 901.0 66.5 64.5 231 234
good11_3 244.5 447.5 17.2 505.0 205.0 901.0 67.5 66.5 231 234
good11_4 241.5 454.5 17.2 805.0 225.0 901.0 67.5 73.5 231 233
good11_5 246.5 453.5 17.2 644.0 212.0 901.0 65.5 72.5 231 234
good11_6 242.5 454.5 17.2 922.0 270.0 901.0 67.5 72.5 232 232
good12_1 245.5 445.5 17.2 528.0 224.0 901.0 64.5 66.5 231 235
good12_2 245.5 448.5 18.3 827.0 263.0 1009.0 64.5 67.5 232 233
good12_3 245.5 445.5 17.2 721.0 293.0 901.0 64.5 65.5 232 233
good12_4 246.5 449.5 18.2 851.0 291.0 1009.0 65.5 68.5 233 232
good12_5 245.5 451.5 17.2 817.0 309.0 901.0 64.5 71.5 231 234
good12_6 245.5 450.5 17.2 846.0 270.0 901.0 64.5 71.5 232 236
good13_1 244.5 450.5 17.2 755.0 251.0 901.0 65.5 71.5 232 234
good13_2 244.5 448.5 17.2 616.0 212.0 901.0 65.5 69.5 231 235
good13_3 241.5 450.5 17.2 789.0 233.0 901.0 68.5 72.5 232 237
good13_4 241.5 447.5 17.2 466.0 150.0 901.0 67.5 69.5 231 236
good13_5 243.5 450.5 17.1 688.0 224.0 901.0 67.5 71.5 232 235
good13_6 245.5 446.5 18.2 1144.0 360.0 1009.0 65.5 66.5 234 234
good14_1 243.5 449.5 17.2 491.0 195.0 901.0 66.5 68.5 233 233
good14_2 244.5 449.5 17.2 537.0 229.0 901.0 64.5 70.5 231 236
good14_3 241.5 448.5 16.9 558.0 178.0 901.0 66.5 68.5 231 235
good14_4 245.5 450.5 17.2 786.0 254.0 901.0 66.5 70.5 232 235
good14_5 242.5 452.5 17.0 650.0 270.0 901.0 66.5 72.5 231 235
good14_6 244.5 452.5 17.2 663.0 247.0 901.0 65.5 72.5 232 234
good15_1 245.5 448.5 16.9 422.0 206.0 901.0 65.5 68.5 232 234
good15_2 244.5 448.5 17.2 382.0 174.0 901.0 64.5 68.5 231 234
good15_3 242.5 451.5 18.1 977.0 349.0 1009.0 67.5 71.5 232 235
good15_4 242.5 450.5 17.2 800.0 272.0 901.0 66.5 71.5 231 236
good15_5 241.5 451.5 17.2 727.0 259.0 901.0 67.5 71.5 231 235
good15_6 245.5 449.5 17.2 757.0 281.0 901.0 65.5 70.5 232 234
good16_1 241.5 446.5 17.2 514.0 170.0 901.0 67.5 67.5 233 234
good16_2 245.5 445.5 17.2 645.0 261.0 901.0 64.5 67.5 231 236
good16_3 239.5 454.5 17.2 415.0 159.0 901.0 69.5 73.5 232 234
good16_4 243.5 450.5 17.2 428.0 180.0 901.0 66.5 70.5 231 235
good16_5 238.5 451.5 17.2 462.0 202.0 901.0 70.5 71.5 232 235
good16_6 244.5 451.5 18.2 924.0 288.0 1009.0 66.5 70.5 233 233
good17_1 0 0 0 0 0 0 -79 -380 232 234
good17_2 244.5 448.5 18.3 983.0 315.0 1009.0 66.5 69.5 232 233
good17_3 240.5 443.5 19.4 1744.0 420.0 1129.0 67.5 64.5 230 234
good17_4 241.5 450.5 17.2 512.0 172.0 901.0 67.5 70.5 231 233
good17_5 245.5 451.5 18.2 1001.0 285.0 1009.0 65.5 71.5 232 233
good17_6 243.5 450.5 18.3 864.0 256.0 1009.0 66.5 71.5 232 233
good18_1 241.5 451.5 17.2 384.0 140.0 901.0 66.5 70.5 230 233
good18_2 240.5 452.5 18.3 809.0 257.0 1009.0 69.5 71.5 233 233
good18_3 243.5 452.5 17.2 426.0 178.0 901.0 66.5 70.5 232 232
good18_4 244.5 448.5 18.0 1370.0 382.0 1009.0 66.5 66.5 232 232
good18_5 242.5 447.5 18.3 948.0 268.0 1009.0 66.5 66.5 231 233
good18_6 242.5 451.5 17.2 331.0 115.0 901.0 65.5 69.5 232 232
good19_1 245.5 446.5 17.2 851.0 239.0 901.0 64.5 67.5 232 235
good19_2 246.5 447.5 18.2 1152.0 360.0 1009.0 65.5 67.5 232 235
good19_3 244.5 449.5 17.2 521.0 197.0 901.0 65.5 69.5 232 232
good19_4 243.5 450.5 17.2 531.0 203.0 901.0 67.5 70.5 233 232
good19_5 242.5 448.5 17.2 623.0 223.0 901.0 66.5 68.5 231 234
good19_6 242.5 451.5 17.2 637.0 245.0 901.0 66.5 71.5 232 234
good20_1 243.5 450.5 18.2 885.0 301.0 1009.0 65.5 69.5 231 233
good20_2 240.5 451.5 18.3 998.0 298.0 1009.0 68.5 71.5 231 234
good20_3 243.5 451.5 18.1 1016.0 328.0 1009.0 65.5 71.5 232 233
good20_4 244.5 445.5 17.2 795.0 251.0 901.0 64.5 64.5 231 232
good20_5 241.5 447.5 17.2 480.0 172.0 901.0 66.5 66.5 230 233
good20_6 241.5 451.5 18.3 867.0 219.0 1009.0 68.5 69.5 232 233
good21_1 241.5 447.5 17.2 461.0 133.0 901.0 68.5 67.5 231 233
good21_2 241.5 449.5 18.3 819.0 235.0 1009.0 67.5 67.5 231 232
good21_3 243.5 446.5 18.3 1020.0 284.0 1009.0 66.5 65.5 231 232
good21_4 243.5 451.5 18.2 886.0 282.0 1009.0 66.5 70.5 232 232
good21_5 244.5 448.5 19.4 1251.0 319.0 1129.0 65.5 68.5 231 233
good21_6 245.5 452.5 18.2 833.0 245.0 1009.0 64.5 71.5 231 232
good22_1 241.5 453.5 17.2 430.0 142.0 901.0 68.5 74.5 232 234
good22_2 246.5 447.5 18.0 1355.0 355.0 1009.0 65.5 67.5 234 232
good22_3 244.5 447.5 17.2 364.0 116.0 901.0 64.5 68.5 231 234
good22_4 242.5 451.5 17.2 583.0 235.0 901.0 68.5 71.5 232 234
good22_5 245.5 449.5 17.2 282.0 130.0 901.0 65.5 69.5 233 231
good22_6 245.5 448.5 17.2 707.0 219.0 901.0 66.5 70.5 232 235
good23_1 244.5 451.5 17.2 597.0 209.0 901.0 66.5 73.5 233 235
good23_2 243.5 448.5 17.2 838.0 270.0 901.0 64.5 68.5 230 233
good23_3 241.5 452.5 17.2 365.0 157.0 901.0 68.5 71.5 232 233
good23_4 245.5 447.5 17.2 1239.0 359.0 901.0 65.5 67.5 231 234
good23_5 244.5 452.5 17.2 305.0 109.0 901.0 65.5 71.5 232 232
good23_6 246.5 447.5 17.2 659.0 255.0 901.0 64.5 66.5 233 232
good24_1 241.5 451.5 17.2 553.0 177.0 901.0 66.5 69.5 231 233
good24_2 243.5 449.5 16.9 436.0 188.0 901.0 67.5 68.5 233 233
good24_3 242.5 448.5 17.2 563.0 227.0 901.0 66.5 68.5 231 233
good24_4 240.5 451.5 17.2 487.0 179.0 901.0 68.5 69.5 232 232
good24_5 244.5 450.5 17.2 556.0 192.0 901.0 65.5 69.5 232 233
good24_6 244.5 450.5 17.2 631.0 223.0 901.0 67.5 69.5 231 233
good25_1 245.5 451.5 17.0 431.0 179.0 901.0 66.5 70.5 232 233
good25_2 243.5 451.5 17.2 546.0 182.0 901.0 67.5 70.5 232 232
good25_3 245.5 450.5 17.2 890.0 258.0 901.0 64.5 69.5 230 233
good25_4 241.5 447.5 17.1 544.0 176.0 901.0 68.5 66.5 232 233
good25_5 243.5 446.5 17.2 962.0 238.0 901.0 66.5 65.5 232 232
good25_6 243.5 447.5 17.2 661.0 213.0 901.0 67.5 66.5 232 233
good26_1 248.5 450.5 18.3 1250.0 330.0 1009.0 64.5 72.5 233 233
good26_2 245.5 447.5 17.2 643.0 231.0 901.0 64.5 69.5 232 234
good26_3 246.5 448.5 17.2 758.0 230.0 901.0 63.5 69.5 231 233
good26_4 244.5 443.5 17.2 1184.0 304.0 901.0 66.5 65.5 231 234
good26_5 241.5 436.5 17.2 1738.0 458.0 901.0 65.5 61.5 233 230
good26_6 246.5 443.5 17.2 581.0 201.0 901.0 63.5 66.5 232 235
good27_1 241.5 451.5 17.2 998.0 270.0 901.0 67.5 70.5 231 233
good27_2 243.5 449.5 18.3 1018.0 286.0 1009.0 66.5 67.5 232 232
good27_3 239.5 448.5 17.4 1381.0 337.0 901.0 68.5 66.5 231 231
good27_4 243.5 450.5 17.1 1124.0 276.0 901.0 66.5 68.5 232 231
good27_5 242.5 451.5 16.6 1023.0 275.0 901.0 65.5 70.5 230 233
good27_6 244.5 452.5 18.3 1014.0 282.0 1009.0 66.5 70.5 231 233
good28_1 241.5 451.5 18.3 991.0 279.0 1009.0 67.5 69.5 231 231
good28_2 242.5 450.5 17.2 799.0 239.0 901.0 67.5 69.5 231 233
good28_3 241.5 451.5 17.2 911.0 259.0 901.0 67.5 69.5 231 233
good28_4 244.5 445.5 17.2 653.0 237.0 901.0 65.5 65.5 231 234
good28_5 0 0 0 0 0 0 -78 -382 232 232
good28_6 244.5 448.5 17.2 880.0 284.0 901.0 65.5 67.5 232 232
good29_1 242.5 449.5 17.2 434.0 142.0 901.0 68.5 68.5 231 233
good29_2 240.5 445.5 17.2 806.0 270.0 901.0 67.5 63.5 231 231
good29_3 239.5 446.5 17.2 936.0 236.0 901.0 68.5 65.5 230 232
good29_4 242.5 453.5 17.2 562.0 198.0 901.0 67.5 71.5 232 232
good29_5 243.5 451.5 17.2 589.0 173.0 901.0 64.5 69.5 230 231
good29_6 241.5 450.5 18.3 1052.0 296.0 1009.0 66.5 69.5 230 233
good30_1 244.5 447.5 18.1 1287.0 371.0 1009.0 65.5 66.5 232 233
good30_2 247.5 446.5 18.2 1364.0 416.0 1009.0 63.5 66.5 232 233
good30_3 244.5 447.5 18.2 946.0 294.0 1009.0 65.5 68.5 232 234
good30_4 244.5 451.5 17.2 623.0 207.0 901.0 65.5 70.5 232 232
good30_5 244.5 450.5 17.2 501.0 177.0 901.0 66.5 69.5 233 232
good30_6 242.5 450.5 17.2 478.0 178.0 901.0 66.5 70.5 232 233
good31_1 243.5 449.5 17.2 314.0 130.0 901.0 65.5 70.5 231 234
good31_2 244.5 451.5 17.2 429.0 177.0 901.0 65.5 70.5 233 232
good31_3 243.5 449.5 17.2 391.0 139.0 901.0 67.5 69.5 233 232
good31_4 244.5 445.5 17.2 546.0 222.0 901.0 65.5 64.5 232 232
good31_5 244.5 445.5 17.2 500.0 180.0 901.0 64.5 66.5 231 234
good31_6 241.5 445.5 17.2 536.0 228.0 901.0 66.5 65.5 231 232
good32_1 245.5 449.5 17.2 483.0 175.0 901.0 64.5 69.5 232 232
good32_2 245.5 449.5 17.2 682.0 258.0 901.0 65.5 70.5 232 235
good32_3 240.5 449.5 18.3 996.0 280.0 1009.0 67.5 69.5 232 232
good32_4 243.5 446.5 18.2 1106.0 330.0 1009.0 66.5 67.5 232 234
good32_5 242.5 451.5 18.1 925.0 229.0 1009.0 67.5 70.5 232 233
good32_6 245.5 446.5 17.2 1010.0 342.0 901.0 65.5 66.5 232 233
good33_1 244.5 450.5 17.2 573.0 157.0 901.0 65.5 69.5 232 231
good33_2 244.5 448.5 17.2 652.0 184.0 901.0 65.5 68.5 231 233
good33_3 245.5 450.5 17.2 1192.0 296.0 901.0 64.5 70.5 231 233
good33_4 242.5 445.5 17.2 840.0 244.0 901.0 67.5 66.5 231 234
good33_5 245.5 447.5 17.2 1688.0 452.0 901.0 66.5 67.5 231 234
good33_6 244.5 448.5 17.2 531.0 215.0 901.0 65.5 67.5 232 231
good34_1 246.5 449.5 18.2 1221.0 357.0 1009.0 64.5 71.5 231 236
good34_2 245.5 452.5 17.2 459.0 183.0 901.0 64.5 71.5 232 233
good34_3 245.5 451.5 17.2 422.0 198.0 901.0 66.5 70.5 234 232
good34_4 244.5 448.5 17.1 492.0 180.0 901.0 65.5 68.5 232 232
good34_5 245.5 448.5 17.2 376.0 156.0 901.0 64.5 69.5 231 234
good34_6 245.5 447.5 17.2 507.0 187.0 901.0 64.5 67.5 233 234
good35_1 245.5 448.5 17.2 859.0 287.0 901.0 65.5 68.5 230 234
good35_2 243.5 446.5 17.2 1202.0 302.0 901.0 65.5 65.5 231 233
good35_3 245.5 446.5 17.2 1159.0 323.0 901.0 66.5 66.5 233 232
good35_4 245.5 451.5 17.2 670.0 222.0 901.0 66.5 71.5 232 232
good35_5 245.5 451.5 17.1 664.0 216.0 901.0 64.5 72.5 231 235
good35_6 243.5 449.5 17.2 1056.0 296.0 901.0 65.5 68.5 231 232
good36_1 241.5 451.5 18.3 790.0 262.0 1009.0 68.5 70.5 231 233
good36_2 245.5 450.5 18.3 987.0 295.0 1009.0 66.5 69.5 233 232
good36_3 244.5 449.5 17.2 336.0 132.0 901.0 65.5 71.5 231 235
good36_4 241.5 449.5 18.3 932.0 268.0 1009.0 67.5 69.5 231 233
good36_5 241.5 447.5 17.2 718.0 218.0 901.0 69.5 67.5 233 232
good36_6 244.5 445.5 17.2 675.0 227.0 901.0 65.5 66.5 231 234
good37_1 244.5 444.5 17.2 1174.0 310.0 901.0 66.5 65.5 233 233
good37_2 244.5 444.5 17.2 1254.0 334.0 901.0 66.5 65.5 233 232
good37_3 243.5 444.5 18.2 1232.0 332.0 1009.0 66.5 66.5 231 234
good37_4 243.5 450.5 17.2 373.0 153.0 901.0 66.5 71.5 232 234
good37_5 245.5 448.5 17.2 577.0 197.0 901.0 66.5 70.5 234 231
good37_6 244.5 447.5 17.2 723.0 235.0 901.0 65.5 69.5 232 234
good38_1 239.5 452.5 17.2 401.0 153.0 901.0 68.5 71.5 231 233
good38_2 244.5 450.5 18.3 871.0 267.0 1009.0 65.5 69.5 233 231
good38_3 243.5 450.5 17.2 856.0 268.0 901.0 66.5 70.5 231 234
good38_4 243.5 449.5 17.2 808.0 268.0 901.0 67.5 68.5 233 233
good38_5 245.5 447.5 18.0 1170.0 326.0 1009.0 65.5 66.5 233 231
good38_6 242.5 447.5 17.2 588.0 204.0 901.0 65.5 67.5 231 234
good39_1 243.5 450.5 17.2 637.0 185.0 901.0 66.5 70.5 231 232
good39_2 243.5 449.5 17.2 512.0 196.0 901.0 68.5 68.5 234 232
good39_3 244.5 445.5 17.2 970.0 270.0 901.0 65.5 67.5 231 235
good39_4 242.5 450.5 17.1 1072.0 260.0 901.0 67.5 70.5 232 233
good39_5 243.5 451.5 17.2 599.0 195.0 901.0 67.5 70.5 233 231
good39_6 243.5 449.5 17.2 288.0 116.0 901.0 66.5 70.5 232 234
good40_1 243.5 449.5 17.2 509.0 233.0 901.0 66.5 70.5 232 235
good40_2 243.5 450.5 17.1 602.0 230.0 901.0 66.5 69.5 232 233
good40_3 244.5 448.5 17.2 955.0 275.0 901.0 65.5 67.5 233 231
good40_4 246.5 446.5 16.6 790.0 278.0 901.0 63.5 66.5 232 233
good40_5 243.5 446.5 17.4 1037.0 297.0 901.0 66.5 67.5 232 235
good40_6 244.5 447.5 18.1 998.0 322.0 1009.0 64.5 67.5 231 234
good41_1 241.5 452.5 18.1 846.0 222.0 1009.0 67.5 70.5 232 232
good41_2 241.5 448.5 17.2 586.0 222.0 901.0 67.5 66.5 232 231
good41_3 244.5 446.5 17.2 816.0 264.0 901.0 63.5 65.5 230 233
good41_4 238.5 452.5 17.2 613.0 213.0 901.0 69.5 70.5 231 233
good41_5 244.5 450.5 17.2 615.0 191.0 901.0 65.5 68.5 232 231
good41_6 244.5 451.5 17.2 393.0 153.0 901.0 64.5 70.5 231 233
good42_1 244.5 449.5 17.2 807.0 207.0 901.0 64.5 68.5 231 232
good42_2 242.5 451.5 18.3 819.0 247.0 1009.0 67.5 69.5 231 233
good42_3 240.5 448.5 18.3 980.0 248.0 1009.0 69.5 66.5 232 231
good42_4 244.5 448.5 17.2 481.0 189.0 901.0 67.5 67.5 231 232
good42_5 243.5 451.5 17.2 459.0 191.0 901.0 66.5 70.5 231 233
good42_6 243.5 450.5 17.2 612.0 200.0 901.0 66.5 68.5 232 232
good43_1 244.5 450.5 18.3 925.0 313.0 1009.0 65.5 71.5 231 234
good43_2 242.5 450.5 17.2 594.0 198.0 901.0 67.5 70.5 232 234
good43_3 245.5 450.5 17.2 661.0 229.0 901.0 65.5 69.5 233 232
good43_4 245.5 447.5 17.2 390.0 154.0 901.0 65.5 66.5 233 232
good43_5 244.5 446.5 18.3 1123.0 335.0 1009.0 65.5 68.5 232 236
good43_6 242.5 446.5 17.2 699.0 223.0 901.0 67.5 65.5 232 233
good44_1 243.5 446.5 19.4 1719.0 423.0 1129.0 65.5 64.5 232 231
good44_2 240.5 447.5 18.3 830.0 218.0 1009.0 67.5 67.5 230 235
good44_3 241.5 448.5 17.2 684.0 208.0 901.0 68.5 66.5 232 232
good44_4 242.5 451.5 17.2 622.0 198.0 901.0 66.5 70.5 231 232
good44_5 244.5 452.5 17.1 667.0 187.0 901.0 64.5 71.5 231 232
good44_6 244.5 450.5 17.2 377.0 161.0 901.0 65.5 69.5 232 231
good45_1 243.5 450.5 17.2 482.0 182.0 901.0 67.5 69.5 233 234
good45_2 243.5 450.5 17.2 465.0 221.0 901.0 66.5 69.5 232 231
good45_3 241.5 449.5 17.2 718.0 266.0 901.0 66.5 70.5 230 234
good45_4 243.5 448.5 17.2 434.0 186.0 901.0 65.5 67.5 231 233
good45_5 243.5 446.5 17.2 683.0 219.0 901.0 65.5 65.5 232 232
good45_6 245.5 445.5 16.6 725.0 265.0 901.0 64.5 66.5 231 235
good46_1 245.5 446.5 17.2 1158.0 314.0 901.0 64.5 65.5 230 233
good46_2 239.5 448.5 17.2 530.0 198.0 901.0 69.5 66.5 232 233
good46_3 242.5 445.5 17.2 1238.0 326.0 901.0 68.5 63.5 233 231
good46_4 244.5 451.5 17.2 1053.0 289.0 901.0 65.5 70.5 232 232
good46_5 244.5 451.5 18.6 2106.0 498.0 1129.0 64.5 70.5 230 234
good46_6 243.5 452.5 17.2 754.0 218.0 901.0 65.5 70.5 231 232
good47_1 240.5 451.5 17.2 607.0 191.0 901.0 68.5 69.5 232 233
good47_2 241.5 446.5 17.2 606.0 162.0 901.0 66.5 65.5 230 233
good47_3 241.5 451.5 17.2 583.0 155.0 901.0 68.5 69.5 231 232
good47_4 242.5 451.5 17.0 424.0 156.0 901.0 65.5 70.5 230 233
good47_5 241.5 452.5 17.2 590.0 182.0 901.0 67.5 70.5 232 234
good47_6 242.5 451.5 17.1 418.0 142.0 901.0 66.5 69.5 232 232
good48_1 240.5 447.5 17.2 757.0 233.0 901.0 68.5 66.5 230 232
good48_2 246.5 450.5 17.2 1587.0 391.0 901.0 66.5 68.5 231 233
good48_3 241.5 450.5 18.3 1176.0 296.0 1009.0 67.5 68.5 232 232
good48_4 242.5 451.5 17.2 714.0 246.0 901.0 66.5 69.5 232 231
good48_5 241.5 452.5 17.2 909.0 233.0 901.0 68.5 71.5 232 233
good48_6 241.5 454.5 17.2 504.0 168.0 901.0 68.5 71.5 232 232
good49_1 242.5 448.5 17.2 641.0 225.0 901.0 66.5 66.5 232 232
good49_2 246.5 447.5 17.2 1217.0 337.0 901.0 65.5 64.5 232 231
good49_3 241.5 447.5 18.5 955.0 287.0 1009.0 65.5 66.5 230 233
good49_4 241.5 450.5 17.2 640.0 180.0 901.0 66.5 68.5 232 233
good49_5 241.5 450.5 17.2 568.0 204.0 901.0 67.5 68.5 233 231
good49_6 241.5 449.5 17.2 709.0 233.0 901.0 66.5 68.5 231 233
good50_1 244.5 449.5 17.2 667.0 219.0 901.0 65.5 68.5 233 232
good50_2 244.5 450.5 17.0 707.0 223.0 901.0 64.5 70.5 231 233
good50_3 241.5 450.5 17.2 576.0 208.0 901.0 67.5 70.5 232 234
good50_4 243.5 444.5 17.2 1015.0 307.0 901.0 65.5 64.5 231 233
good50_5 243.5 449.5 17.2 930.0 258.0 901.0 66.5 69.5 231 234
good50_6 241.5 448.5 17.2 821.0 245.0 901.0 68.5 67.5 233 232
good51_1 241.5 447.5 17.2 721.0 229.0 901.0 67.5 65.5 232 232
good51_2 243.5 446.5 17.2 862.0 274.0 901.0 66.5 64.5 234 230
good51_3 244.5 447.5 18.5 1153.0 361.0 1009.0 65.5 66.5 231 233
good51_4 242.5 450.5 17.2 540.0 200.0 901.0 66.5 68.5 232 233
good51_5 243.5 451.5 17.0 617.0 193.0 901.0 66.5 69.5 233 229
good51_6 245.5 449.5 17.2 1223.0 351.0 901.0 65.5 71.5 233 236
good52_1 242.5 453.5 17.2 498.0 182.0 901.0 66.5 70.5 233 231
good52_2 240.5 450.5 17.2 580.0 212.0 901.0 67.5 69.5 232 233
good52_3 243.5 450.5 17.2 817.0 237.0 901.0 67.5 68.5 233 232
good52_4 241.5 447.5 16.9 525.0 193.0 901.0 67.5 65.5 232 233
good52_5 241.5 448.5 17.2 1011.0 331.0 901.0 67.5 66.5 232 232
good52_6 241.5 449.5 16.9 557.0 185.0 901.0 65.5 67.5 232 232
good53_1 242.5 445.5 18.3 1146.0 322.0 1009.0 66.5 66.5 230 233
good53_2 242.5 448.5 17.2 941.0 301.0 901.0 65.5 67.5 231 232
good53_3 243.5 445.5 17.2 980.0 296.0 901.0 66.5 65.5 232 231
good53_4 244.5 449.5 17.2 485.0 173.0 901.0 65.5 69.5 232 231
good53_5 242.5 450.5 17.2 491.0 179.0 901.0 65.5 70.5 230 231
good53_6 240.5 450.5 17.2 501.0 165.0 901.0 68.5 70.5 232 232
good54_1 243.5 448.5 17.2 940.0 232.0 901.0 66.5 68.5 232 234
good54_2 0 0 0 0 0 0 -77 -381 233 234
good54_3 242.5 448.5 17.2 663.0 207.0 901.0 66.5 67.5 234 231
good54_4 243.5 447.5 18.3 1719.0 411.0 1009.0 66.5 66.5 232 231
good54_5 241.5 446.5 18.3 1168.0 328.0 1009.0 66.5 66.5 232 233
good54_6 241.5 449.5 17.2 1132.0 292.0 901.0 67.5 69.5 232 234
good55_1 241.5 451.5 17.2 732.0 228.0 901.0 66.5 70.5 230 233
good55_2 242.5 450.5 18.3 1784.0 436.0 1009.0 66.5 69.5 232 233
good55_3 244.5 450.5 18.3 1436.0 340.0 1009.0 65.5 69.5 233 230
good55_4 241.5 447.5 17.2 940.0 296.0 901.0 68.5 66.5 233 231
good55_5 243.5 444.5 17.2 1415.0 335.0 901.0 65.5 63.5 231 232
good55_6 240.5 447.5 17.2 1757.0 441.0 901.0 69.5 66.5 232 232
good56_1 243.5 448.5 17.2 588.0 204.0 901.0 66.5 67.5 234 232
good56_2 241.5 446.5 17.2 688.0 260.0 901.0 67.5 67.5 232 234
good56_3 240.5 451.5 17.2 562.0 170.0 901.0 68.5 70.5 233 233
good56_4 244.5 449.5 18.3 965.0 305.0 1009.0 65.5 69.5 232 234
good56_5 241.5 450.5 17.2 958.0 278.0 901.0 68.5 69.5 233 233
good56_6 243.5 449.5 17.2 491.0 183.0 901.0 66.5 68.5 234 232
good57_1 239.5 444.5 17.2 738.0 246.0 901.0 68.5 63.5 232 233
good57_2 239.5 453.5 18.2 1109.0 349.0 1009.0 69.5 71.5 232 233
good57_3 242.5 449.5 17.1 641.0 237.0 901.0 66.5 67.5 233 232
good57_4 242.5 452.5 17.2 498.0 182.0 901.0 66.5 70.5 233 231
good57_5 241.5 449.5 17.2 582.0 230.0 901.0 66.5 68.5 231 233
good57_6 240.5 453.5 17.2 436.0 188.0 901.0 67.5 71.5 232 233
good58_1 241.5 445.5 17.2 895.0 271.0 901.0 65.5 65.5 230 233
good58_2 245.5 444.5 17.2 1773.0 433.0 901.0 64.5 63.5 234 231
good58_3 242.5 446.5 16.9 841.0 229.0 901.0 66.5 67.5 232 234
good58_4 242.5 451.5 18.3 1178.0 318.0 1009.0 66.5 69.5 232 232
good58_5 243.5 449.5 17.2 754.0 242.0 901.0 66.5 69.5 233 231
good58_6 239.5 448.5 18.3 1095.0 311.0 1009.0 67.5 68.5 230 233
good59_1 242.5 451.5 17.2 462.0 158.0 901.0 66.5 70.5 232 233
good59_2 239.5 451.5 17.2 690.0 214.0 901.0 69.5 70.5 232 233
good59_3 242.5 451.5 17.2 1038.0 278.0 901.0 66.5 70.5 232 231
good59_4 242.5 449.5 17.2 967.0 303.0 901.0 67.5 68.5 232 231
good59_5 241.5 444.5 17.2 1160.0 336.0 901.0 66.5 63.5 231 233
good59_6 239.5 449.5 17.2 542.0 198.0 901.0 69.5 67.5 232 233
good60_1 239.5 446.5 17.2 1290.0 346.0 901.0 68.5 65.5 231 232
good60_2 0 0 0 0 0 0 -77 -381 233 231
good60_3 241.5 448.5 17.2 732.0 236.0 901.0 66.5 68.5 230 233
good60_4 243.5 450.5 18.3 1583.0 419.0 1009.0 64.5 69.5 231 232
good60_5 242.5 450.5 18.3 1278.0 350.0 1009.0 67.5 69.5 233 230
good60_6 243.5 450.5 17.2 871.0 259.0 901.0 66.5 70.5 231 233
good61_1 242.5 445.5 17.2 972.0 288.0 901.0 66.5 65.5 232 232
good61_2 241.5 450.5 18.2 903.0 291.0 1009.0 67.5 69.5 232 233
good61_3 243.5 448.5 17.2 907.0 251.0 901.0 66.5 66.5 232 231
good61_4 242.5 450.5 17.2 620.0 216.0 901.0 67.5 69.5 233 232
good61_5 243.5 449.5 17.2 778.0 250.0 901.0 64.5 69.5 231 233
good61_6 241.5 451.5 17.2 551.0 223.0 901.0 68.5 69.5 233 232
good62_1 242.5 450.5 18.3 1041.0 281.0 1009.0 64.5 70.5 230 233
good62_2 242.5 450.5 18.3 1457.0 381.0 1009.0 67.5 70.5 231 233
good62_3 244.5 449.5 18.3 1411.0 339.0 1009.0 64.5 68.5 232 231
good62_4 241.5 445.5 17.2 650.0 226.0 901.0 67.5 65.5 232 231
good62_5 243.5 443.5 17.2 1103.0 291.0 901.0 65.5 63.5 231 233
good62_6 244.5 449.5 18.3 1287.0 347.0 1009.0 65.5 68.5 231 233
good63_1 243.5 449.5 17.2 476.0 176.0 901.0 66.5 68.5 233 232
good63_2 242.5 449.5 17.2 518.0 198.0 901.0 67.5 68.5 233 233
good63_3 241.5 451.5 18.3 1145.0 357.0 1009.0 67.5 70.5 232 233
good63_4 243.5 446.5 18.3 1364.0 404.0 1009.0 66.5 65.5 233 233
good63_5 243.5 451.5 17.1 619.0 247.0 901.0 65.5 70.5 233 233
good63_6 242.5 446.5 17.2 688.0 244.0 901.0 65.5 64.5 233 231
good64_1 239.5 449.5 17.2 470.0 210.0 901.0 67.5 69.5 231 235
good64_2 242.5 451.5 17.2 735.0 251.0 901.0 67.5 69.5 233 232
good64_3 241.5 451.5 17.2 370.0 170.0 901.0 67.5 69.5 233 229
good64_4 244.5 449.5 17.2 1064.0 320.0 901.0 65.5 67.5 233 232
good64_5 244.5 445.5 17.2 663.0 243.0 901.0 66.5 65.5 232 233
good64_6 243.5 449.5 17.2 756.0 272.0 901.0 64.5 67.5 231 233
good65_1 242.5 450.5 17.2 1594.0 390.0 901.0 66.5 69.5 232 233
good65_2 241.5 451.5 17.2 655.0 199.0 901.0 67.5 69.5 232 231
good65_3 242.5 450.5 18.3 1217.0 325.0 1009.0 65.5 69.5 231 233
good65_4 242.5 446.5 17.2 1683.0 395.0 901.0 65.5 65.5 231 234
good65_5 239.5 446.5 17.2 737.0 213.0 901.0 70.5 65.5 234 232
good65_6 239.5 449.5 17.2 752.0 216.0 901.0 68.5 68.5 231 233
good66_1 241.5 445.5 17.2 798.0 258.0 901.0 67.5 65.5 231 233
good66_2 240.5 454.5 18.5 1057.0 325.0 1009.0 68.5 72.5 232 232
good66_3 244.5 446.5 17.2 783.0 259.0 901.0 65.5 65.5 233 231
good66_4 245.5 451.5 17.2 594.0 234.0 901.0 65.5 69.5 233 231
good66_5 243.5 448.5 17.2 647.0 219.0 901.0 65.5 69.5 231 235
good66_6 238.5 452.5 17.2 684.0 220.0 901.0 70.5 71.5 232 232
good67_1 238.5 451.5 17.2 586.0 238.0 901.0 68.5 69.5 231 231
good67_2 240.5 453.5 17.2 503.0 163.0 901.0 66.5 71.5 232 231
good67_3 244.5 450.5 17.2 892.0 244.0 901.0 65.5 68.5 231 233
good67_4 240.5 453.5 17.2 637.0 253.0 901.0 66.5 71.5 230 232
good67_5 240.5 446.5 17.2 855.0 231.0 901.0 66.5 64.5 231 231
good67_6 239.5 446.5 17.2 790.0 254.0 901.0 68.5 64.5 232 233
good68_1 239.5 453.5 18.2 1505.0 377.0 1009.0 68.5 71.5 231 232
good68_2 242.5 450.5 17.2 1394.0 342.0 901.0 66.5 68.5 232 230
good68_3 242.5 450.5 18.3 1052.0 284.0 1009.0 65.5 69.5 231 232
good68_4 238.5 447.5 18.3 1455.0 351.0 1009.0 69.5 65.5 230 232
good68_5 243.5 447.5 17.2 1428.0 364.0 901.0 66.5 65.5 232 231
good68_6 238.5 445.5 17.2 1250.0 346.0 901.0 68.5 64.5 230 233
good69_1 241.5 447.5 17.2 828.0 260.0 901.0 67.5 65.5 232 232
good69_2 243.5 447.5 17.2 497.0 181.0 901.0 65.5 66.5 233 232
good69_3 240.5 448.5 18.3 1041.0 273.0 1009.0 68.5 67.5 230 233
good69_4 242.5 449.5 18.3 813.0 245.0 1009.0 66.5 68.5 232 233
good69_5 242.5 449.5 18.3 1235.0 315.0 1009.0 66.5 67.5 232 231
good69_6 244.5 448.5 18.3 877.0 245.0 1009.0 64.5 66.5 231 232
good70_1 242.5 447.5 17.2 713.0 301.0 901.0 67.5 66.5 233 233
good70_2 242.5 448.5 17.2 521.0 213.0 901.0 65.5 67.5 232 233
good70_3 242.5 446.5 18.5 1254.0 350.0 1009.0 65.5 65.5 232 231
good70_4 241.5 450.5 17.2 460.0 160.0 901.0 67.5 69.5 234 230
good70_5 243.5 450.5 17.2 614.0 226.0 901.0 64.5 69.5 231 233
good70_6 242.5 449.5 17.2 549.0 189.0 901.0 65.5 68.5 231 232
