good1_1 243.5 450.5 17.2 144.0 901.0 64.5 71.5 231 234
good1_2 242.5 451.5 17.7 230.0 1009.0 68.5 71.5 233 233
good1_3 245.5 451.5 17.4 97.0 901.0 65.5 71.5 232 234
good1_4 245.5 445.5 17.4 153.0 901.0 64.5 65.5 232 233
good1_5 248.5 444.5 17.2 172.0 901.0 64.5 67.5 233 234
good1_6 243.5 451.5 18.1 217.0 1009.0 66.5 72.5 232 235
good2_1 241.5 448.5 17.7 224.0 1009.0 67.5 67.5 230 232
good2_2 242.5 448.5 17.9 164.0 1009.0 67.5 67.5 231 232
good2_3 240.5 448.5 17.4 125.0 901.0 68.5 66.5 231 231
good2_4 243.5 450.5 17.9 201.0 1009.0 66.5 69.5 232 232
good2_5 244.5 450.5 18.0 168.0 1009.0 64.5 69.5 230 232
good2_6 245.5 451.5 17.2 67.0 901.0 65.5 70.5 231 232
good3_1 245.5 450.5 16.0 99.0 797.0 64.5 69.5 232 233
good3_2 246.5 447.5 17.4 107.0 901.0 65.5 67.5 234 232
good3_3 244.5 446.5 18.1 292.0 1009.0 66.5 67.5 232 235
good3_4 242.5 452.5 17.9 166.0 1009.0 67.5 72.5 232 234
good3_5 245.5 449.5 18.0 284.0 1009.0 64.5 68.5 233 233
good3_6 243.5 449.5 17.9 216.0 1009.0 66.5 69.5 231 234
good4_1 242.5 451.5 18.5 249.0 1009.0 65.5 70.5 231 232
good4_2 242.5 450.5 17.7 276.0 1009.0 67.5 70.5 231 234
good4_3 243.5 451.5 18.8 364.0 1129.0 67.5 70.5 233 232
good5_1 244.5 450.5 17.2 137.0 901.0 64.5 71.5 231 235
good5_2 247.5 451.5 17.4 188.0 901.0 65.5 70.5 232 234
good5_3 246.5 451.5 18.0 360.0 1009.0 64.5 71.5 232 233
good5_4 246.5 449.5 16.7 164.0 901.0 65.5 68.5 233 233
good5_5 243.5 448.5 16.8 234.0 901.0 65.5 70.5 231 236
good5_6 242.5 448.5 16.6 130.0 901.0 67.5 69.5 232 235
good6_1 244.5 448.5 16.6 88.0 901.0 65.5 67.5 232 232
good6_2 243.5 446.5 16.0 101.0 797.0 65.5 66.5 232 234
good6_3 240.5 454.5 16.3 29.0 797.0 68.5 73.5 232 233
good6_4 243.5 449.5 17.4 145.0 901.0 66.5 69.5 231 234
good6_5 239.5 451.5 17.9 222.0 1009.0 70.5 70.5 232 234
good6_6 245.5 451.5 17.9 233.0 1009.0 66.5 71.5 232 234
good7_1 240.5 454.5 17.1 150.0 901.0 68.5 74.5 231 234
good7_2 244.5 450.5 18.3 283.0 1009.0 65.5 70.5 231 233
good7_3 246.5 450.5 18.0 239.0 1009.0 63.5 69.5 231 233
good7_4 242.5 450.5 17.0 142.0 901.0 66.5 69.5 232 232
good7_5 244.5 447.5 17.2 151.0 901.0 66.5 67.5 231 233
good7_6 244.5 449.5 17.1 182.0 901.0 65.5 68.5 232 233
good8_1 242.5 452.5 17.9 240.0 1009.0 66.5 71.5 232 234
good8_2 244.5 450.5 17.7 268.0 1009.0 64.5 70.5 232 234
good8_3 246.5 452.5 17.2 177.0 901.0 65.5 73.5 231 236
good8_4 243.5 453.5 17.2 182.0 901.0 65.5 72.5 231 234
good8_5 244.5 447.5 18.1 217.0 1009.0 66.5 66.5 233 233
good8_6 244.5 447.5 16.3 41.0 797.0 65.5 67.5 230 235
good9_1 246.5 452.5 18.0 299.0 1009.0 66.5 71.5 231 234
good9_2 244.5 451.5 17.9 285.0 1009.0 67.5 70.5 231 233
good9_3 244.5 450.5 17.2 189.0 901.0 65.5 69.5 231 234
good9_4 242.5 447.5 17.4 91.0 901.0 66.5 66.5 232 234
good9_5 244.5 448.5 17.1 202.0 901.0 65.5 67.5 232 233
good9_6 242.5 448.5 16.9 106.0 901.0 67.5 67.5 231 234
good10_1 246.5 446.5 16.9 243.0 901.0 65.5 65.5 232 233
good10_2 243.5 447.5 18.1 276.0 1009.0 65.5 69.5 231 237
good10_3 246.5 451.5 16.0 69.0 797.0 64.5 71.5 232 235
good10_4 247.5 450.5 16.6 170.0 901.0 65.5 71.5 231 236
good10_5 244.5 451.5 17.9 218.0 1009.0 65.5 70.5 232 234
good10_6 244.5 449.5 17.9 250.0 1009.0 65.5 68.5 231 232
good11_1 240.5 447.5 17.4 132.0 901.0 68.5 66.5 231 232
good11_2 240.5 445.5 16.6 159.0 901.0 67.5 64.5 231 234
good11_3 244.5 445.5 17.1 141.0 901.0 67.5 64.5 231 234
good11_4 241.5 453.5 16.9 190.0 901.0 67.5 72.5 231 234
good11_5 247.5 451.5 17.7 247.0 1009.0 64.5 70.5 231 234
good11_6 242.5 455.5 17.4 240.0 901.0 67.5 73.5 232 232
good12_1 246.5 445.5 17.4 145.0 901.0 63.5 66.5 231 235
good12_2 245.5 448.5 18.0 215.0 1009.0 64.5 67.5 232 233
good12_3 246.5 447.5 17.0 214.0 901.0 63.5 67.5 232 233
good12_4 246.5 449.5 17.4 140.0 901.0 65.5 68.5 233 232
good12_5 246.5 450.5 17.2 203.0 901.0 63.5 70.5 231 234
good12_6 245.5 449.5 17.9 310.0 1009.0 64.5 70.5 232 236
good13_1 245.5 453.5 17.2 187.0 901.0 64.5 75.5 232 235
good13_2 245.5 448.5 17.7 232.0 1009.0 64.5 69.5 231 235
good13_3 242.5 451.5 18.5 275.0 1009.0 67.5 72.5 232 236
good13_4 243.5 447.5 15.8 36.0 797.0 65.5 69.5 231 236
good13_5 244.5 450.5 17.1 186.0 901.0 66.5 70.5 232 234
good13_6 245.5 444.5 17.8 326.0 1009.0 65.5 64.5 234 233
good14_1 243.5 449.5 17.2 143.0 901.0 66.5 68.5 233 233
good14_2 243.5 449.5 18.1 278.0 1009.0 65.5 70.5 231 236
good14_3 240.5 448.5 17.4 161.0 901.0 67.5 69.5 231 236
good14_4 244.5 450.5 17.9 313.0 1009.0 67.5 70.5 232 235
good14_5 243.5 451.5 17.9 302.0 1009.0 65.5 71.5 231 235
good14_6 242.5 451.5 16.6 225.0 901.0 67.5 71.5 232 234
good15_1 246.5 447.5 17.4 137.0 901.0 64.5 67.5 232 234
good15_2 244.5 446.5 16.3 64.0 797.0 64.5 66.5 231 234
good15_3 240.5 451.5 17.2 209.0 901.0 69.5 71.5 232 235
good15_4 243.5 452.5 17.4 205.0 901.0 65.5 73.5 231 236
good15_5 240.5 452.5 17.2 207.0 901.0 68.5 72.5 231 235
good15_6 244.5 450.5 17.2 231.0 901.0 66.5 71.5 232 234
good16_1 243.5 447.5 17.8 188.0 1009.0 64.5 69.5 232 236
good16_2 244.5 447.5 16.0 79.0 797.0 66.5 69.5 232 236
good16_3 240.5 454.5 16.3 33.0 797.0 68.5 73.5 232 234
good16_4 244.5 449.5 17.2 126.0 901.0 66.5 69.5 232 234
good16_5 237.5 452.5 17.9 225.0 1009.0 71.5 72.5 232 235
good16_6 243.5 451.5 17.2 137.0 901.0 67.5 70.5 233 233
good18_1 241.5 449.5 17.9 195.0 1009.0 66.5 68.5 231 233
good18_2 242.5 453.5 18.0 199.0 1009.0 67.5 72.5 233 233
good18_3 243.5 451.5 17.2 129.0 901.0 66.5 69.5 232 232
good18_4 244.5 449.5 16.9 244.0 901.0 66.5 67.5 232 232
good18_5 241.5 449.5 16.0 67.0 797.0 67.5 68.5 231 233
good18_6 239.5 451.5 17.4 90.0 901.0 68.5 69.5 232 232
good19_1 244.5 446.5 16.9 175.0 901.0 65.5 67.5 232 235
good19_2 246.5 448.5 17.2 196.0 901.0 64.5 68.5 231 235
good19_3 244.5 447.5 16.6 121.0 901.0 65.5 67.5 232 233
good19_4 244.5 449.5 17.4 140.0 901.0 66.5 69.5 233 232
good19_5 243.5 447.5 18.0 233.0 1009.0 65.5 67.5 231 234
good19_6 243.5 450.5 18.1 273.0 1009.0 65.5 70.5 232 234
good20_1 244.5 450.5 17.2 146.0 901.0 64.5 69.5 231 233
good20_2 240.5 451.5 18.8 361.0 1129.0 68.5 71.5 231 234
good20_3 242.5 451.5 18.1 275.0 1009.0 66.5 70.5 232 232
good20_4 244.5 447.5 16.1 102.0 797.0 64.5 66.5 231 232
good20_5 241.5 448.5 17.4 120.0 901.0 67.5 67.5 231 233
good21_1 242.5 449.5 17.2 76.0 901.0 66.5 69.5 230 233
good21_2 240.5 448.5 18.0 202.0 1009.0 68.5 66.5 231 232
good21_3 243.5 446.5 17.7 232.0 1009.0 66.5 65.5 232 232
good21_4 243.5 451.5 18.0 220.0 1009.0 66.5 70.5 232 232
good21_5 244.5 448.5 17.8 179.0 1009.0 65.5 68.5 231 233
good21_6 244.5 450.5 17.9 197.0 1009.0 65.5 69.5 231 232
good22_1 242.5 453.5 17.2 103.0 901.0 67.5 74.5 232 234
good22_2 246.5 447.5 16.3 108.0 797.0 64.5 67.5 232 233
good22_3 242.5 446.5 17.4 122.0 901.0 66.5 67.5 230 234
good22_4 243.5 452.5 17.4 190.0 901.0 67.5 72.5 232 234
good22_5 245.5 451.5 17.4 87.0 901.0 65.5 71.5 233 232
good22_6 246.5 447.5 17.9 234.0 1009.0 65.5 69.5 232 235
good23_1 245.5 452.5 18.0 248.0 1009.0 65.5 74.5 233 235
good23_2 242.5 451.5 16.8 258.0 901.0 65.5 71.5 230 233
good23_3 242.5 451.5 17.9 202.0 1009.0 67.5 70.5 232 233
good23_4 244.5 445.5 17.2 311.0 901.0 66.5 65.5 231 234
good23_5 244.5 451.5 17.2 78.0 901.0 65.5 70.5 232 232
good23_6 245.5 447.5 17.9 301.0 1009.0 65.5 66.5 233 232
good24_1 239.5 450.5 16.8 138.0 901.0 68.5 68.5 231 233
good24_2 244.5 450.5 17.2 126.0 901.0 66.5 69.5 233 233
good24_3 242.5 447.5 17.2 166.0 901.0 66.5 67.5 231 233
good24_4 241.5 451.5 17.2 94.0 901.0 66.5 69.5 231 232
good24_5 245.5 450.5 17.7 222.0 1009.0 65.5 69.5 233 233
good24_6 246.5 449.5 17.4 162.0 901.0 65.5 68.5 231 233
good25_1 244.5 452.5 17.2 136.0 901.0 67.5 71.5 232 233
good25_2 245.5 451.5 17.4 161.0 901.0 65.5 70.5 232 232
good25_3 246.5 451.5 17.2 208.0 901.0 63.5 70.5 230 233
good25_4 240.5 448.5 17.4 158.0 901.0 69.5 67.5 232 233
good25_5 241.5 447.5 17.1 162.0 901.0 68.5 66.5 232 232
good26_1 250.5 449.5 17.7 284.0 1009.0 61.5 71.5 232 233
good26_2 243.5 448.5 18.5 263.0 1009.0 66.5 70.5 232 234
good26_3 245.5 450.5 17.4 164.0 901.0 64.5 71.5 231 233
good26_4 245.5 444.5 16.3 184.0 797.0 65.5 66.5 231 234
good26_5 239.5 435.5 17.1 380.0 901.0 69.5 60.5 232 230
good26_6 244.5 444.5 17.4 145.0 901.0 65.5 67.5 232 235
good27_1 240.5 449.5 16.6 226.0 901.0 68.5 68.5 230 233
good27_2 243.5 449.5 17.4 122.0 901.0 66.5 67.5 232 232
