good1_1 243.5 450.5 17.2 144.0 901.0 64.5 71.5 231 234
good1_2 242.5 451.5 17.7 230.0 1009.0 68.5 71.5 233 233
good1_3 245.5 451.5 17.4 97.0 901.0 65.5 71.5 232 234
good1_4 245.5 445.5 17.4 153.0 901.0 64.5 65.5 232 233
good1_5 248.5 444.5 17.2 172.0 901.0 64.5 67.5 233 234
good1_6 243.5 451.5 18.1 217.0 1009.0 66.5 72.5 232 235
good2_1 241.5 448.5 17.7 224.0 1009.0 67.5 67.5 230 232
good2_2 241.5 449.5 17.2 83.0 901.0 69.5 68.5 232 232
good2_3 240.5 448.5 17.4 125.0 901.0 68.5 66.5 231 231
good2_4 243.5 450.5 17.9 201.0 1009.0 66.5 69.5 232 232
good2_5 244.5 450.5 18.0 168.0 1009.0 64.5 69.5 230 232
good2_6 245.5 451.5 17.2 67.0 901.0 65.5 70.5 231 232
good3_1 241.5 450.5 17.4 90.0 901.0 68.5 69.5 232 233
good3_2 246.5 447.5 17.4 107.0 901.0 65.5 67.5 234 232
good3_3 244.5 446.5 18.1 292.0 1009.0 66.5 67.5 232 235
good3_4 242.5 452.5 17.9 166.0 1009.0 67.5 72.5 232 234
good3_5 245.5 449.5 18.0 284.0 1009.0 64.5 68.5 233 233
good3_6 243.5 449.5 17.9 216.0 1009.0 66.5 69.5 231 234
good4_1 242.5 451.5 18.5 249.0 1009.0 65.5 70.5 231 232
good4_2 242.5 450.5 17.7 276.0 1009.0 67.5 70.5 231 234
good4_3 243.5 451.5 18.8 364.0 1129.0 67.5 70.5 233 232
good4_4 241.5 447.5 17.4 100.0 901.0 66.5 67.5 230 234
good4_5 243.5 450.5 17.2 139.0 901.0 66.5 70.5 231 234
good4_6 240.5 447.5 18.0 183.0 1009.0 68.5 66.5 231 233
good5_1 244.5 450.5 17.2 137.0 901.0 64.5 71.5 231 235
good5_2 247.5 451.5 17.4 188.0 901.0 65.5 70.5 232 234
good5_3 246.5 451.5 18.0 360.0 1009.0 64.5 71.5 232 233
good5_4 245.5 448.5 17.2 149.0 901.0 66.5 67.5 233 233
good5_5 243.5 448.5 16.8 234.0 901.0 65.5 70.5 231 236
good5_6 242.5 448.5 16.6 130.0 901.0 67.5 69.5 232 235
good6_1 244.5 448.5 16.6 88.0 901.0 65.5 67.5 232 232
good6_2 243.5 446.5 16.0 101.0 797.0 65.5 66.5 232 234
good6_3 240.5 454.5 16.3 29.0 797.0 68.5 73.5 232 233
good6_4 243.5 449.5 17.4 145.0 901.0 66.5 69.5 231 234
good6_5 239.5 451.5 17.9 222.0 1009.0 70.5 70.5 232 234
good6_6 245.5 451.5 17.9 233.0 1009.0 66.5 71.5 232 234
good7_1 240.5 454.5 17.1 150.0 901.0 68.5 74.5 231 234
good7_2 244.5 450.5 18.3 283.0 1009.0 65.5 70.5 231 233
good7_3 244.5 451.5 18.2 230.0 1009.0 65.5 70.5 231 233
good7_4 242.5 450.5 17.0 142.0 901.0 66.5 69.5 232 232
good7_5 244.5 447.5 17.2 151.0 901.0 66.5 67.5 231 233
good7_6 244.5 449.5 17.1 182.0 901.0 65.5 68.5 232 233
good8_1 242.5 452.5 17.9 240.0 1009.0 66.5 71.5 232 234
good8_2 244.5 450.5 17.7 268.0 1009.0 64.5 70.5 232 234
good8_3 246.5 452.5 17.2 177.0 901.0 65.5 73.5 231 236
good8_4 243.5 453.5 17.2 182.0 901.0 65.5 72.5 231 234
good8_5 244.5 447.5 18.1 217.0 1009.0 66.5 66.5 233 233
good8_6 244.5 447.5 16.3 41.0 797.0 65.5 67.5 230 235
good9_1 246.5 452.5 18.0 299.0 1009.0 66.5 71.5 231 234
good9_2 244.5 451.5 17.9 285.0 1009.0 67.5 70.5 231 233
good9_3 244.5 450.5 17.2 189.0 901.0 65.5 69.5 231 234
good9_4 241.5 448.5 17.2 91.0 901.0 67.5 67.5 231 234
good9_5 244.5 448.5 17.1 202.0 901.0 65.5 67.5 232 233
good9_6 242.5 448.5 16.9 106.0 901.0 67.5 67.5 231 234
good10_1 246.5 446.5 16.9 243.0 901.0 65.5 65.5 232 233
good10_2 243.5 447.5 18.1 276.0 1009.0 65.5 69.5 231 237
good10_3 244.5 449.5 17.0 95.0 901.0 66.5 68.5 232 234
good10_4 247.5 450.5 16.6 170.0 901.0 65.5 71.5 231 236
good10_5 242.5 451.5 17.2 144.0 901.0 67.5 70.5 232 234
good10_6 244.5 449.5 17.9 250.0 1009.0 65.5 68.5 231 232
good11_1 240.5 447.5 17.4 132.0 901.0 68.5 66.5 231 232
good11_2 240.5 445.5 16.6 159.0 901.0 67.5 64.5 231 234
good11_3 244.5 445.5 17.1 141.0 901.0 67.5 64.5 231 234
good11_4 241.5 453.5 16.9 190.0 901.0 67.5 72.5 231 234
good11_5 247.5 451.5 17.7 247.0 1009.0 64.5 70.5 231 234
good11_6 244.5 454.5 18.1 292.0 1009.0 65.5 72.5 232 232
good12_1 246.5 445.5 17.4 145.0 901.0 63.5 66.5 231 235
good12_2 245.5 448.5 18.0 215.0 1009.0 64.5 67.5 232 233
good12_3 243.5 445.5 18.1 314.0 1009.0 66.5 65.5 232 233
good12_4 246.5 449.5 17.4 140.0 901.0 65.5 68.5 233 232
good12_5 246.5 450.5 17.2 203.0 901.0 63.5 70.5 231 234
good12_6 245.5 449.5 17.9 310.0 1009.0 64.5 70.5 232 236
good13_1 245.5 453.5 17.2 187.0 901.0 64.5 75.5 232 235
good13_2 245.5 448.5 17.7 232.0 1009.0 64.5 69.5 231 235
good13_3 242.5 451.5 18.5 275.0 1009.0 67.5 72.5 232 236
good13_4 244.5 446.5 16.7 125.0 901.0 64.5 68.5 231 236
good13_5 244.5 450.5 17.1 186.0 901.0 66.5 70.5 232 234
good13_6 245.5 447.5 17.2 215.0 901.0 65.5 67.5 234 234
good14_1 243.5 449.5 17.2 143.0 901.0 66.5 68.5 233 233
good14_2 243.5 447.5 17.2 185.0 901.0 65.5 68.5 231 236
good14_3 240.5 448.5 17.4 161.0 901.0 67.5 69.5 231 236
good14_4 244.5 450.5 17.9 313.0 1009.0 67.5 70.5 232 235
good14_5 243.5 451.5 17.9 302.0 1009.0 65.5 71.5 231 235
good14_6 242.5 451.5 16.6 225.0 901.0 67.5 71.5 232 234
good15_1 246.5 447.5 17.4 137.0 901.0 64.5 67.5 232 234
good15_2 244.5 446.5 16.3 64.0 797.0 64.5 66.5 231 234
good15_3 240.5 451.5 17.2 209.0 901.0 69.5 71.5 232 235
good15_4 243.5 452.5 17.4 205.0 901.0 65.5 73.5 231 236
good15_5 240.5 452.5 17.2 207.0 901.0 68.5 72.5 231 235
good15_6 244.5 450.5 17.2 231.0 901.0 66.5 71.5 232 234
good16_1 242.5 446.5 16.9 116.0 901.0 66.5 67.5 233 235
good16_2 245.5 446.5 17.2 189.0 901.0 65.5 68.5 232 236
good16_3 240.5 454.5 16.3 33.0 797.0 68.5 73.5 232 234
good16_4 244.5 449.5 17.2 126.0 901.0 66.5 69.5 232 234
good16_5 237.5 452.5 17.9 225.0 1009.0 71.5 72.5 232 235
good16_6 243.5 451.5 17.2 137.0 901.0 67.5 70.5 233 233
good17_1 242.5 448.5 18.3 324.0 1009.0 68.5 68.5 232 234
good17_2 243.5 448.5 17.4 162.0 901.0 67.5 68.5 232 232
good17_3 241.5 448.5 16.9 130.0 901.0 66.5 69.5 230 234
good17_4 242.5 451.5 18.1 216.0 1009.0 66.5 71.5 231 233
good17_5 245.5 450.5 17.2 161.0 901.0 65.5 70.5 232 233
good17_6 243.5 449.5 16.9 94.0 901.0 66.5 70.5 231 233
good18_1 241.5 449.5 17.9 195.0 1009.0 66.5 68.5 231 233
good18_2 240.5 451.5 17.7 204.0 1009.0 68.5 70.5 232 233
good18_3 243.5 451.5 17.2 129.0 901.0 66.5 69.5 232 232
good18_4 244.5 449.5 16.9 244.0 901.0 66.5 67.5 232 232
good18_5 241.5 447.5 17.2 113.0 901.0 67.5 66.5 231 233
good18_6 239.5 451.5 17.4 90.0 901.0 68.5 69.5 232 232
good19_1 244.5 446.5 16.9 175.0 901.0 65.5 67.5 232 235
good19_2 246.5 448.5 17.2 196.0 901.0 64.5 68.5 231 235
good19_3 244.5 447.5 16.6 121.0 901.0 65.5 67.5 232 233
good19_4 244.5 449.5 17.4 140.0 901.0 66.5 69.5 233 232
good19_5 243.5 447.5 18.0 233.0 1009.0 65.5 67.5 231 234
good19_6 243.5 452.5 18.1 270.0 1009.0 65.5 72.5 232 234
good20_1 244.5 450.5 17.2 146.0 901.0 64.5 69.5 231 233
good20_2 240.5 451.5 18.8 361.0 1129.0 68.5 71.5 231 234
good20_3 242.5 451.5 18.1 275.0 1009.0 66.5 70.5 232 232
good20_4 244.5 447.5 16.1 102.0 797.0 64.5 66.5 231 232
good20_5 241.5 448.5 17.4 120.0 901.0 67.5 67.5 231 233
good20_6 241.5 451.5 17.9 191.0 1009.0 68.5 70.5 232 234
good21_1 242.5 449.5 17.2 76.0 901.0 66.5 69.5 230 233
good21_2 240.5 448.5 18.0 202.0 1009.0 68.5 66.5 231 232
good21_3 243.5 446.5 17.7 232.0 1009.0 66.5 65.5 232 232
good21_4 243.5 451.5 18.0 220.0 1009.0 66.5 70.5 232 232
good21_5 244.5 448.5 17.8 179.0 1009.0 65.5 68.5 231 233
good21_6 244.5 450.5 17.9 197.0 1009.0 65.5 69.5 231 232
good22_1 242.5 453.5 17.2 103.0 901.0 67.5 74.5 232 234
good22_2 244.5 447.5 16.9 198.0 901.0 67.5 67.5 233 233
good22_3 242.5 446.5 17.4 122.0 901.0 66.5 67.5 230 234
good22_4 241.5 453.5 17.4 163.0 901.0 69.5 73.5 232 234
good22_5 245.5 451.5 17.4 87.0 901.0 65.5 71.5 233 232
good22_6 246.5 447.5 17.9 234.0 1009.0 65.5 69.5 232 235
good23_1 245.5 452.5 18.0 248.0 1009.0 65.5 74.5 233 235
good23_2 242.5 451.5 16.8 258.0 901.0 65.5 71.5 230 233
good23_3 242.5 451.5 17.9 202.0 1009.0 67.5 70.5 232 233
good23_4 245.5 447.5 17.4 316.0 901.0 65.5 67.5 231 234
good23_5 244.5 451.5 17.2 78.0 901.0 65.5 70.5 232 232
good23_6 245.5 447.5 17.9 301.0 1009.0 65.5 66.5 233 232
good24_1 239.5 450.5 16.8 138.0 901.0 68.5 68.5 231 233
good24_2 244.5 450.5 17.2 126.0 901.0 66.5 69.5 233 233
good24_3 242.5 447.5 17.2 166.0 901.0 66.5 67.5 231 233
good24_4 241.5 451.5 17.2 94.0 901.0 66.5 69.5 231 232
good24_5 245.5 450.5 17.7 222.0 1009.0 65.5 69.5 233 233
good24_6 246.5 449.5 17.4 162.0 901.0 65.5 68.5 231 233
good25_1 244.5 452.5 17.2 136.0 901.0 67.5 71.5 232 233
good25_2 245.5 451.5 17.4 161.0 901.0 65.5 70.5 232 232
good25_3 244.5 452.5 17.4 221.0 901.0 65.5 71.5 230 233
good25_4 240.5 448.5 17.4 158.0 901.0 69.5 67.5 232 233
good25_5 242.5 449.5 16.9 169.0 901.0 67.5 68.5 232 232
good25_6 244.5 447.5 17.1 168.0 901.0 66.5 67.5 232 234
good26_1 248.5 448.5 16.9 208.0 901.0 64.5 70.5 233 233
good26_2 243.5 448.5 18.5 263.0 1009.0 66.5 70.5 232 234
good26_3 245.5 450.5 17.4 164.0 901.0 64.5 71.5 231 233
good26_4 245.5 444.5 16.3 184.0 797.0 65.5 66.5 231 234
good26_5 239.5 435.5 17.1 380.0 901.0 69.5 60.5 232 230
good26_6 244.5 444.5 17.4 145.0 901.0 65.5 67.5 232 235
good27_1 240.5 449.5 16.6 226.0 901.0 68.5 68.5 230 233
good27_2 241.5 448.5 17.9 232.0 1009.0 68.5 66.5 232 232
good27_3 240.5 449.5 16.8 302.0 901.0 67.5 67.5 231 231
good27_4 243.5 451.5 15.8 133.0 797.0 66.5 69.5 232 231
good27_5 244.5 451.5 16.0 145.0 797.0 63.5 70.5 230 233
good27_6 243.5 452.5 17.4 152.0 901.0 67.5 70.5 231 233
good28_1 243.5 452.5 17.7 232.0 1009.0 65.5 70.5 231 231
good28_2 244.5 449.5 17.2 165.0 901.0 65.5 68.5 230 233
good28_3 241.5 451.5 17.4 218.0 901.0 67.5 69.5 231 233
good28_4 244.5 446.5 16.9 190.0 901.0 65.5 66.5 231 234
good28_5 243.5 448.5 16.8 253.0 901.0 66.5 67.5 232 233
good28_6 245.5 449.5 17.7 321.0 1009.0 64.5 67.5 232 231
good29_1 243.5 450.5 17.2 131.0 901.0 67.5 68.5 231 232
good29_2 239.5 445.5 17.9 302.0 1009.0 68.5 63.5 231 231
good29_3 241.5 446.5 17.4 226.0 901.0 66.5 65.5 230 232
good29_4 243.5 451.5 17.7 245.0 1009.0 66.5 69.5 232 232
good29_5 242.5 451.5 16.6 142.0 901.0 65.5 69.5 230 231
good29_6 243.5 450.5 17.2 167.0 901.0 64.5 69.5 230 233
good30_1 243.5 447.5 17.2 197.0 901.0 66.5 66.5 232 233
good30_2 245.5 445.5 17.7 355.0 1009.0 65.5 65.5 232 233
good30_3 244.5 446.5 16.3 74.0 797.0 65.5 67.5 232 234
good30_4 242.5 449.5 17.9 293.0 1009.0 67.5 68.5 232 232
good30_5 246.5 449.5 17.4 93.0 901.0 64.5 68.5 233 232
good30_6 243.5 450.5 17.2 108.0 901.0 65.5 70.5 232 233
good31_1 245.5 448.5 17.2 119.0 901.0 63.5 69.5 231 234
good31_2 245.5 449.5 17.2 162.0 901.0 64.5 68.5 233 232
good31_3 243.5 449.5 17.7 178.0 1009.0 67.5 69.5 233 232
good31_4 245.5 446.5 17.0 182.0 901.0 64.5 65.5 232 232
good31_5 244.5 446.5 16.6 128.0 901.0 64.5 67.5 231 234
good31_6 242.5 445.5 16.3 102.0 797.0 65.5 65.5 231 232
good32_1 244.5 450.5 18.3 221.0 1009.0 65.5 70.5 232 232
good32_2 245.5 449.5 17.4 202.0 901.0 65.5 70.5 232 235
good32_3 241.5 448.5 17.2 180.0 901.0 66.5 68.5 232 232
good32_4 243.5 444.5 17.2 205.0 901.0 66.5 65.5 232 234
good32_5 242.5 450.5 17.2 146.0 901.0 67.5 70.5 232 234
good32_6 247.5 447.5 17.4 272.0 901.0 63.5 67.5 232 232
good33_1 244.5 450.5 17.4 133.0 901.0 65.5 69.5 232 231
good33_2 245.5 450.5 17.2 135.0 901.0 63.5 71.5 230 234
good33_3 244.5 450.5 18.0 336.0 1009.0 66.5 70.5 232 233
good33_4 242.5 446.5 18.5 306.0 1009.0 67.5 67.5 231 234
good33_5 245.5 446.5 17.4 424.0 901.0 66.5 66.5 231 234
good33_6 245.5 447.5 17.4 180.0 901.0 64.5 67.5 232 232
good34_1 246.5 450.5 17.4 185.0 901.0 64.5 72.5 231 236
good34_2 245.5 451.5 18.0 232.0 1009.0 65.5 70.5 233 233
good34_3 244.5 451.5 17.7 262.0 1009.0 67.5 71.5 234 233
good34_4 244.5 446.5 16.6 153.0 901.0 65.5 66.5 232 232
good34_5 245.5 448.5 17.2 94.0 901.0 64.5 69.5 231 234
good34_6 243.5 446.5 17.2 146.0 901.0 66.5 66.5 233 234
good35_1 244.5 447.5 18.0 336.0 1009.0 66.5 67.5 230 234
good35_2 244.5 448.5 17.2 234.0 901.0 64.5 67.5 231 233
good35_3 245.5 446.5 16.8 273.0 901.0 66.5 66.5 233 232
good35_4 246.5 450.5 17.1 188.0 901.0 65.5 69.5 232 231
good35_5 245.5 449.5 17.2 171.0 901.0 64.5 70.5 231 235
good35_6 244.5 451.5 17.7 353.0 1009.0 64.5 70.5 231 232
good36_1 243.5 452.5 17.9 217.0 1009.0 66.5 71.5 231 233
good36_2 247.5 450.5 17.7 244.0 1009.0 64.5 70.5 233 233
good36_3 242.5 448.5 18.1 229.0 1009.0 67.5 70.5 231 235
good36_4 241.5 448.5 17.7 244.0 1009.0 67.5 68.5 231 233
good36_5 242.5 447.5 16.3 101.0 797.0 68.5 67.5 233 232
good36_6 244.5 445.5 17.4 181.0 901.0 65.5 66.5 231 234
good37_1 244.5 444.5 17.2 269.0 901.0 66.5 65.5 233 233
good37_2 243.5 442.5 17.2 338.0 901.0 67.5 63.5 233 232
good37_3 245.5 446.5 17.9 267.0 1009.0 64.5 68.5 231 234
good37_4 243.5 449.5 18.5 203.0 1009.0 66.5 70.5 232 233
good37_5 244.5 448.5 16.6 150.0 901.0 67.5 70.5 235 233
good37_6 245.5 447.5 17.7 268.0 1009.0 64.5 69.5 232 234
good38_1 239.5 451.5 17.2 108.0 901.0 68.5 70.5 231 233
good38_2 242.5 451.5 17.2 154.0 901.0 67.5 70.5 233 231
good38_3 244.5 450.5 18.6 407.0 1129.0 65.5 70.5 231 234
good38_4 241.5 450.5 17.2 215.0 901.0 69.5 69.5 233 233
good38_5 245.5 447.5 16.8 166.0 901.0 65.5 66.5 233 231
good38_6 244.5 446.5 17.2 174.0 901.0 63.5 66.5 231 234
good39_1 244.5 448.5 18.5 252.0 1009.0 65.5 68.5 232 233
good39_2 243.5 449.5 17.2 146.0 901.0 68.5 68.5 234 232
good39_3 244.5 446.5 16.3 143.0 797.0 65.5 67.5 231 234
good39_4 242.5 450.5 17.1 227.0 901.0 67.5 70.5 232 233
good39_5 245.5 451.5 17.2 147.0 901.0 65.5 71.5 233 232
good39_6 243.5 450.5 18.5 177.0 1009.0 65.5 71.5 231 234
good40_1 243.5 450.5 17.7 264.0 1009.0 66.5 71.5 232 234
good40_2 244.5 450.5 18.2 270.0 1009.0 65.5 69.5 232 233
good40_3 243.5 448.5 16.8 231.0 901.0 66.5 68.5 233 231
good40_4 247.5 445.5 17.2 227.0 901.0 62.5 65.5 232 232
good40_5 244.5 446.5 16.1 152.0 797.0 65.5 67.5 232 235
good40_6 244.5 447.5 16.1 91.0 797.0 64.5 67.5 231 234
good41_1 241.5 451.5 17.2 101.0 901.0 67.5 69.5 232 231
good41_2 242.5 448.5 18.0 244.0 1009.0 66.5 66.5 232 231
good41_3 242.5 447.5 17.0 186.0 901.0 65.5 66.5 230 233
good41_4 240.5 454.5 17.7 219.0 1009.0 67.5 72.5 231 233
good41_5 242.5 451.5 17.7 224.0 1009.0 67.5 69.5 232 231
good41_6 243.5 450.5 16.6 134.0 901.0 65.5 69.5 231 233
good42_1 242.5 449.5 18.1 310.0 1009.0 66.5 68.5 231 232
good42_2 241.5 450.5 17.9 203.0 1009.0 68.5 68.5 231 233
good42_3 239.5 447.5 18.1 220.0 1009.0 70.5 65.5 232 231
good42_4 243.5 446.5 17.4 157.0 901.0 70.5 65.5 233 232
good42_5 244.5 450.5 17.4 200.0 901.0 65.5 69.5 231 233
good42_6 241.5 449.5 16.9 121.0 901.0 68.5 67.5 232 232
good43_1 243.5 450.5 17.4 163.0 901.0 66.5 71.5 231 234
good43_2 242.5 451.5 17.9 211.0 1009.0 67.5 71.5 232 234
good43_3 245.5 452.5 17.4 147.0 901.0 65.5 71.5 233 232
good43_4 244.5 445.5 17.4 114.0 901.0 66.5 65.5 233 233
good43_5 245.5 447.5 17.2 193.0 901.0 63.5 68.5 231 235
good43_6 243.5 448.5 15.9 45.0 797.0 65.5 67.5 231 233
good44_1 241.5 447.5 17.2 137.0 901.0 67.5 66.5 232 232
good44_2 240.5 448.5 18.1 171.0 1009.0 66.5 69.5 229 236
good44_3 240.5 447.5 18.2 266.0 1009.0 68.5 65.5 231 232
good44_4 242.5 450.5 17.9 266.0 1009.0 66.5 69.5 231 232
good44_5 243.5 452.5 16.0 67.0 797.0 65.5 70.5 231 232
good44_6 245.5 449.5 18.2 196.0 1009.0 64.5 68.5 232 231
good45_1 244.5 449.5 17.4 133.0 901.0 66.5 68.5 233 234
good45_2 245.5 449.5 17.4 173.0 901.0 64.5 68.5 232 231
good45_3 242.5 448.5 18.1 318.0 1009.0 65.5 69.5 230 234
good45_4 243.5 447.5 17.2 128.0 901.0 65.5 66.5 231 233
good45_5 245.5 448.5 17.2 130.0 901.0 63.5 67.5 232 232
good45_6 244.5 445.5 17.2 214.0 901.0 65.5 67.5 231 236
good46_1 246.5 444.5 17.2 293.0 901.0 63.5 63.5 230 233
good46_2 240.5 449.5 17.2 138.0 901.0 67.5 67.5 231 233
good46_3 244.5 445.5 18.1 360.0 1009.0 66.5 63.5 233 231
good46_4 243.5 453.5 17.4 250.0 901.0 66.5 73.5 232 233
good46_5 242.5 452.5 17.4 258.0 901.0 67.5 71.5 231 234
good46_6 243.5 451.5 16.6 180.0 901.0 65.5 69.5 231 232
good47_1 242.5 451.5 17.2 135.0 901.0 66.5 69.5 232 233
good47_2 241.5 446.5 17.2 127.0 901.0 66.5 65.5 230 233
good47_3 240.5 450.5 18.1 221.0 1009.0 69.5 68.5 231 232
good47_4 241.5 450.5 17.9 221.0 1009.0 66.5 69.5 230 233
good47_5 242.5 453.5 17.4 101.0 901.0 66.5 71.5 232 234
good47_6 242.5 450.5 17.7 227.0 1009.0 65.5 68.5 231 232
good48_1 241.5 448.5 16.1 96.0 797.0 67.5 67.5 230 233
good48_2 244.5 449.5 17.2 361.0 901.0 68.5 67.5 231 233
good48_3 241.5 450.5 18.0 257.0 1009.0 67.5 68.5 232 232
good48_4 242.5 451.5 16.9 193.0 901.0 66.5 69.5 232 230
good48_5 243.5 453.5 17.4 226.0 901.0 66.5 72.5 232 233
good48_6 243.5 454.5 17.4 135.0 901.0 66.5 71.5 232 232
good49_1 242.5 447.5 17.2 173.0 901.0 66.5 65.5 232 232
good49_2 244.5 447.5 16.6 293.0 901.0 67.5 66.5 232 233
good49_3 241.5 447.5 16.1 44.0 797.0 65.5 66.5 230 233
good49_4 240.5 452.5 17.4 119.0 901.0 68.5 70.5 233 233
good49_5 242.5 450.5 17.2 152.0 901.0 66.5 68.5 233 231
good49_6 240.5 450.5 17.4 202.0 901.0 67.5 69.5 231 233
good50_1 245.5 451.5 18.0 286.0 1009.0 64.5 70.5 233 232
good50_2 243.5 450.5 16.1 74.0 797.0 65.5 70.5 232 233
good50_3 241.5 449.5 17.9 242.0 1009.0 67.5 69.5 232 234
good50_4 244.5 444.5 17.2 249.0 901.0 64.5 64.5 231 233
good50_5 243.5 449.5 18.2 332.0 1009.0 66.5 69.5 231 234
good50_6 241.5 447.5 15.8 96.0 797.0 68.5 67.5 233 233
good51_1 242.5 447.5 16.9 193.0 901.0 66.5 65.5 232 232
good51_2 243.5 446.5 16.6 217.0 901.0 66.5 64.5 234 230
good51_3 244.5 447.5 16.3 127.0 797.0 65.5 67.5 231 234
good51_4 240.5 451.5 17.8 233.0 1009.0 68.5 69.5 232 233
good51_5 244.5 451.5 17.7 265.0 1009.0 65.5 69.5 233 229
good51_6 245.5 449.5 17.4 305.0 901.0 65.5 71.5 233 236
good52_1 241.5 453.5 17.4 144.0 901.0 67.5 70.5 232 231
good52_2 240.5 451.5 17.2 152.0 901.0 67.5 70.5 232 233
good52_3 242.5 452.5 16.6 184.0 901.0 68.5 70.5 232 232
good52_4 240.5 447.5 17.2 174.0 901.0 68.5 66.5 232 234
good52_5 240.5 450.5 17.2 252.0 901.0 67.5 68.5 231 232
good52_6 241.5 447.5 16.9 138.0 901.0 65.5 65.5 231 232
good53_1 244.5 444.5 18.8 386.0 1129.0 64.5 65.5 231 233
good53_2 242.5 447.5 18.1 352.0 1009.0 66.5 66.5 231 232
good53_3 241.5 445.5 17.7 316.0 1009.0 68.5 65.5 232 231
good53_4 243.5 450.5 17.8 211.0 1009.0 66.5 70.5 232 231
good53_5 242.5 451.5 18.1 208.0 1009.0 65.5 71.5 230 232
good53_6 239.5 449.5 18.0 209.0 1009.0 68.5 69.5 231 232
good54_1 243.5 450.5 17.7 305.0 1009.0 66.5 70.5 232 234
good54_2 239.5 451.5 16.6 246.0 901.0 70.5 70.5 233 233
good54_3 243.5 448.5 18.0 265.0 1009.0 65.5 68.5 233 232
good54_4 243.5 448.5 16.9 262.0 901.0 66.5 67.5 232 229
good54_5 241.5 444.5 18.1 298.0 1009.0 66.5 64.5 232 233
good54_6 242.5 449.5 16.9 255.0 901.0 66.5 69.5 232 234
good55_1 241.5 450.5 17.9 278.0 1009.0 66.5 69.5 230 233
good55_2 242.5 450.5 18.5 398.0 1009.0 66.5 69.5 232 233
good55_3 244.5 449.5 17.7 323.0 1009.0 65.5 68.5 233 231
good55_4 241.5 447.5 17.7 359.0 1009.0 68.5 66.5 233 231
good55_5 243.5 444.5 17.8 383.0 1009.0 65.5 63.5 231 232
good55_6 242.5 446.5 17.2 396.0 901.0 67.5 65.5 232 232
good56_1 242.5 446.5 17.2 197.0 901.0 67.5 65.5 234 232
good56_2 242.5 446.5 16.3 124.0 797.0 66.5 66.5 232 233
good56_3 240.5 451.5 17.4 119.0 901.0 68.5 70.5 233 233
good56_4 245.5 449.5 16.8 183.0 901.0 64.5 69.5 232 234
good56_5 242.5 451.5 18.0 317.0 1009.0 67.5 70.5 233 233
good56_6 242.5 449.5 17.9 246.0 1009.0 67.5 68.5 234 232
good57_1 240.5 444.5 16.1 129.0 797.0 67.5 63.5 232 233
good57_2 238.5 453.5 17.4 184.0 901.0 71.5 71.5 233 233
good57_3 243.5 448.5 17.2 189.0 901.0 65.5 66.5 232 232
good57_4 241.5 452.5 17.7 210.0 1009.0 67.5 70.5 233 232
good57_5 241.5 449.5 17.4 169.0 901.0 66.5 68.5 231 233
good57_6 238.5 453.5 16.9 134.0 901.0 69.5 71.5 232 233
good58_1 241.5 445.5 17.7 305.0 1009.0 65.5 65.5 230 233
good58_2 245.5 443.5 16.6 406.0 901.0 63.5 62.5 233 230
good58_3 242.5 447.5 18.1 264.0 1009.0 66.5 68.5 231 234
good58_4 241.5 452.5 17.9 268.0 1009.0 67.5 71.5 232 233
good58_5 245.5 449.5 17.4 235.0 901.0 64.5 69.5 232 231
good58_6 241.5 447.5 18.2 252.0 1009.0 65.5 67.5 230 233
good59_1 242.5 451.5 17.4 107.0 901.0 66.5 70.5 232 233
good59_2 239.5 450.5 18.3 295.0 1009.0 69.5 69.5 232 233
good59_3 243.5 451.5 16.6 231.0 901.0 65.5 69.5 232 231
good59_4 243.5 447.5 17.4 281.0 901.0 66.5 66.5 232 231
good59_5 241.5 445.5 17.7 346.0 1009.0 66.5 64.5 231 233
good59_6 239.5 449.5 17.2 131.0 901.0 69.5 67.5 232 233
good60_1 240.5 446.5 17.2 289.0 901.0 68.5 65.5 232 232
good60_2 243.5 445.5 17.7 388.0 1009.0 66.5 64.5 233 231
good60_3 243.5 448.5 17.2 212.0 901.0 65.5 68.5 231 233
good60_4 244.5 451.5 17.7 351.0 1009.0 63.5 70.5 231 232
good60_5 242.5 450.5 17.4 204.0 901.0 67.5 69.5 233 230
good60_6 244.5 451.5 17.4 213.0 901.0 65.5 71.5 231 233
good61_1 244.5 444.5 17.2 258.0 901.0 64.5 65.5 232 234
good61_2 240.5 449.5 17.4 145.0 901.0 68.5 68.5 232 233
good61_3 242.5 446.5 18.0 336.0 1009.0 67.5 65.5 232 232
good61_4 242.5 450.5 17.2 154.0 901.0 67.5 69.5 233 232
good61_5 242.5 448.5 16.9 209.0 901.0 65.5 68.5 231 233
good61_6 242.5 449.5 17.4 193.0 901.0 67.5 67.5 234 232
good62_1 241.5 449.5 18.0 241.0 1009.0 65.5 69.5 230 233
good62_2 243.5 449.5 17.4 258.0 901.0 66.5 69.5 231 233
good62_3 243.5 451.5 18.0 314.0 1009.0 65.5 70.5 232 230
good62_4 240.5 445.5 17.9 253.0 1009.0 68.5 65.5 232 231
good62_5 242.5 445.5 16.9 230.0 901.0 66.5 65.5 231 233
good62_6 244.5 447.5 17.8 302.0 1009.0 65.5 66.5 231 233
good63_1 243.5 449.5 17.8 223.0 1009.0 66.5 68.5 233 232
good63_2 241.5 450.5 17.2 153.0 901.0 67.5 69.5 232 233
good63_3 241.5 450.5 18.8 421.0 1129.0 67.5 69.5 232 233
good63_4 242.5 447.5 17.4 228.0 901.0 67.5 66.5 233 233
good63_5 240.5 451.5 17.2 175.0 901.0 68.5 70.5 233 233
good63_6 241.5 446.5 17.2 183.0 901.0 66.5 64.5 234 231
good64_1 240.5 450.5 18.1 255.0 1009.0 66.5 70.5 231 235
good64_2 243.5 451.5 17.4 205.0 901.0 66.5 69.5 233 231
good64_3 243.5 450.5 17.4 143.0 901.0 66.5 68.5 234 231
good64_4 244.5 449.5 17.4 271.0 901.0 65.5 67.5 233 232
good64_5 245.5 447.5 17.3 192.0 901.0 64.5 67.5 231 233
good64_6 243.5 449.5 17.2 212.0 901.0 64.5 67.5 231 233
good65_1 241.5 450.5 17.4 361.0 901.0 67.5 69.5 232 233
good65_2 242.5 450.5 17.2 183.0 901.0 66.5 68.5 232 231
good65_3 243.5 449.5 17.9 288.0 1009.0 64.5 68.5 231 233
good65_4 242.5 449.5 16.9 337.0 901.0 65.5 68.5 231 234
good65_5 240.5 448.5 17.4 152.0 901.0 67.5 67.5 232 232
good65_6 239.5 449.5 16.8 170.0 901.0 68.5 68.5 231 233
good66_1 243.5 446.5 16.7 196.0 901.0 65.5 66.5 231 233
good66_2 239.5 453.5 17.4 153.0 901.0 69.5 71.5 232 232
good66_3 242.5 446.5 17.7 304.0 1009.0 67.5 65.5 233 231
good66_4 243.5 452.5 17.2 148.0 901.0 67.5 70.5 233 231
good66_5 243.5 449.5 16.8 144.0 901.0 65.5 70.5 231 235
good66_6 239.5 450.5 17.4 223.0 901.0 69.5 69.5 232 233
good67_1 238.5 451.5 17.2 154.0 901.0 68.5 69.5 231 231
good67_2 241.5 451.5 17.2 119.0 901.0 65.5 69.5 232 231
good67_3 244.5 451.5 18.3 305.0 1009.0 65.5 69.5 231 233
good67_4 240.5 452.5 17.7 279.0 1009.0 66.5 70.5 230 232
good67_5 241.5 449.5 17.2 138.0 901.0 65.5 67.5 231 231
good67_6 238.5 447.5 18.3 264.0 1009.0 69.5 65.5 232 233
good68_1 240.5 453.5 16.1 121.0 797.0 67.5 71.5 231 232
good68_2 242.5 451.5 16.8 256.0 901.0 66.5 69.5 232 230
good68_3 242.5 451.5 18.0 246.0 1009.0 65.5 71.5 231 233
good68_4 237.5 448.5 17.7 322.0 1009.0 71.5 66.5 231 232
good68_5 243.5 447.5 17.4 332.0 901.0 66.5 65.5 232 231
good68_6 237.5 446.5 17.2 284.0 901.0 69.5 66.5 230 234
good69_1 240.5 448.5 18.1 294.0 1009.0 68.5 66.5 232 232
good69_2 241.5 445.5 17.9 223.0 1009.0 67.5 64.5 234 232
good69_3 239.5 446.5 17.9 249.0 1009.0 69.5 64.5 230 232
good69_4 243.5 448.5 18.8 323.0 1129.0 65.5 67.5 232 233
good69_5 243.5 449.5 18.5 275.0 1009.0 65.5 67.5 232 231
good69_6 243.5 448.5 18.1 194.0 1009.0 64.5 66.5 230 232
good70_1 242.5 447.5 17.2 228.0 901.0 67.5 66.5 233 233
good70_2 241.5 448.5 16.6 142.0 901.0 66.5 67.5 232 233
good70_3 241.5 446.5 17.1 193.0 901.0 66.5 65.5 232 231
good70_4 241.5 451.5 17.4 97.0 901.0 66.5 70.5 233 230
good70_5 244.5 450.5 18.1 253.0 1009.0 63.5 69.5 231 233
good70_6 242.5 449.5 17.9 224.0 1009.0 65.5 68.5 231 232
