bad1_1 0 0 0 0 0 0 -77 -382 233 232
bad1_2 244.5 442.5 18.3 2754.0 606.0 1009.0 65.5 60.5 231 231
bad1_3 0 0 0 0 0 0 -78 -382 230 232
bad1_4 259.5 450.5 17.2 2194.0 498.0 901.0 49.5 70.5 232 234
bad1_5 257.5 448.5 17.2 2869.0 645.0 901.0 50.5 66.5 231 231
bad1_6 260.5 447.5 17.2 2369.0 529.0 901.0 48.5 65.5 231 232
bad2_1 241.5 448.5 17.2 975.0 275.0 901.0 66.5 66.5 231 231
bad2_2 242.5 448.5 18.1 1276.0 356.0 1009.0 65.5 66.5 231 232
bad2_3 240.5 454.5 17.2 630.0 206.0 901.0 67.5 71.5 231 231
bad2_4 240.5 451.5 17.2 744.0 260.0 901.0 67.5 69.5 231 232
bad2_5 243.5 450.5 18.3 1433.0 377.0 1009.0 67.5 68.5 231 233
bad2_6 242.5 449.5 17.2 884.0 272.0 901.0 66.5 66.5 232 230
bad3_1 0 0 0 0 0 0 -77 -383 232 230
bad3_2 242.5 453.5 17.2 686.0 198.0 901.0 66.5 71.5 231 232
bad3_3 240.5 452.5 19.4 1666.0 418.0 1129.0 68.5 70.5 232 232
bad3_4 241.5 451.5 17.2 1018.0 298.0 901.0 66.5 69.5 230 232
bad3_5 240.5 450.5 17.2 686.0 190.0 901.0 67.5 67.5 232 232
bad3_6 240.5 452.5 18.3 1166.0 310.0 1009.0 67.5 71.5 231 232
bad4_1 242.5 446.5 17.2 682.0 286.0 901.0 67.5 64.5 233 233
bad4_2 245.5 441.5 17.2 1593.0 433.0 901.0 63.5 59.5 232 232
bad4_3 243.5 444.5 17.2 1175.0 347.0 901.0 64.5 62.5 231 233
bad4_4 241.5 450.5 17.2 1084.0 288.0 901.0 66.5 68.5 232 233
bad4_5 240.5 450.5 17.2 1250.0 310.0 901.0 67.5 68.5 231 232
bad4_6 242.5 451.5 16.9 1023.0 319.0 901.0 66.5 69.5 232 232
bad5_1 243.5 452.5 17.2 1750.0 438.0 901.0 65.5 70.5 232 233
bad5_2 245.5 453.5 17.2 1075.0 295.0 901.0 64.5 71.5 233 232
bad5_3 241.5 453.5 17.2 725.0 269.0 901.0 66.5 71.5 231 232
bad5_4 241.5 442.5 17.2 1970.0 450.0 901.0 67.5 60.5 232 231
bad5_5 245.5 445.5 17.2 1385.0 369.0 901.0 66.5 62.5 233 232
bad5_6 244.5 443.5 17.2 1324.0 332.0 901.0 64.5 61.5 232 233
bad6_1 247.5 441.5 18.3 1617.0 441.0 1009.0 62.5 61.5 231 233
bad6_2 248.5 440.5 17.2 1502.0 466.0 901.0 60.5 60.5 231 232
bad6_3 246.5 443.5 17.2 626.0 214.0 901.0 65.5 63.5 234 232
bad6_4 0 0 0 0 0 0 -75 -378 234 232
bad6_5 250.5 447.5 19.4 1788.0 464.0 1129.0 59.5 68.5 231 234
bad6_6 248.5 449.5 17.2 1319.0 363.0 901.0 61.5 68.5 232 233
bad7_1 0 0 0 0 0 0 -77 -381 232 233
bad7_2 243.5 453.5 17.2 621.0 181.0 901.0 66.5 71.5 232 232
bad7_3 241.5 448.5 19.4 2356.0 540.0 1129.0 67.5 67.5 232 233
bad7_4 242.5 450.5 17.2 892.0 240.0 901.0 67.5 68.5 233 233
bad7_5 243.5 445.5 17.2 1085.0 321.0 901.0 67.5 64.5 232 233
bad7_6 241.5 445.5 17.2 1211.0 303.0 901.0 67.5 64.5 232 233
bad8_1 242.5 443.5 18.3 933.0 313.0 1009.0 66.5 62.5 232 231
bad8_2 241.5 446.5 18.3 1131.0 315.0 1009.0 67.5 65.5 232 232
bad8_3 239.5 448.5 18.3 1038.0 322.0 1009.0 67.5 67.5 231 233
bad8_4 242.5 447.5 18.3 866.0 238.0 1009.0 65.5 66.5 231 232
bad8_5 243.5 450.5 19.4 1907.0 511.0 1129.0 65.5 69.5 232 233
bad8_6 244.5 449.5 17.2 685.0 221.0 901.0 63.5 67.5 231 230
bad9_1 241.5 448.5 17.2 980.0 264.0 901.0 67.5 67.5 232 233
bad9_2 241.5 446.5 18.1 1427.0 359.0 1009.0 68.5 64.5 232 231
bad9_3 242.5 443.5 17.2 850.0 270.0 901.0 65.5 62.5 231 232
bad9_4 245.5 451.5 17.2 1117.0 277.0 901.0 64.5 69.5 233 232
bad9_5 245.5 450.5 18.1 977.0 249.0 1009.0 64.5 69.5 233 231
bad9_6 245.5 450.5 17.2 793.0 225.0 901.0 62.5 69.5 231 232
bad10_1 247.5 442.5 17.2 2010.0 482.0 901.0 61.5 62.5 232 229
bad10_2 245.5 443.5 17.2 506.0 182.0 901.0 64.5 64.5 233 234
bad10_3 242.5 451.5 18.1 990.0 282.0 1009.0 66.5 72.5 232 234
bad10_4 0 0 0 0 0 0 -75 -379 235 233
bad10_5 242.5 448.5 17.2 857.0 257.0 901.0 66.5 67.5 232 232
bad10_6 245.5 445.5 18.2 942.0 262.0 1009.0 63.5 65.5 235 231
bad11_1 246.5 446.5 19.4 1574.0 466.0 1129.0 63.5 65.5 232 233
bad11_2 242.5 448.5 17.2 702.0 198.0 901.0 65.5 66.5 232 232
bad11_3 0 0 0 0 0 0 -76 -382 232 232
bad11_4 245.5 446.5 17.2 915.0 311.0 901.0 64.5 64.5 232 231
bad11_5 241.5 439.5 17.2 1662.0 486.0 901.0 65.5 57.5 231 231
bad11_6 245.5 446.5 16.9 617.0 189.0 901.0 62.5 63.5 231 232
bad12_1 244.5 452.5 17.2 459.0 203.0 901.0 64.5 69.5 232 231
bad12_2 243.5 448.5 17.2 862.0 250.0 901.0 65.5 67.5 231 233
bad12_3 243.5 451.5 17.2 623.0 247.0 901.0 64.5 69.5 231 233
bad12_4 240.5 444.5 17.2 938.0 298.0 901.0 67.5 63.5 231 233
bad12_5 240.5 447.5 17.2 604.0 228.0 901.0 68.5 64.5 232 232
bad12_6 241.5 448.5 18.0 1152.0 308.0 1009.0 67.5 66.5 232 232
bad13_1 0 0 0 0 0 0 -76 -381 233 233
bad13_2 242.5 449.5 17.2 984.0 364.0 901.0 66.5 67.5 232 232
bad13_3 245.5 448.5 17.2 1231.0 339.0 901.0 63.5 69.5 232 236
bad13_4 0 0 0 0 0 0 -80 -382 232 233
bad13_5 248.5 444.5 17.2 1857.0 461.0 901.0 61.5 63.5 233 232
bad13_6 246.5 450.5 17.2 789.0 289.0 901.0 66.5 72.5 235 233
bad14_1 240.5 446.5 18.1 1244.0 428.0 1009.0 69.5 64.5 233 233
bad14_2 241.5 445.5 17.2 1361.0 377.0 901.0 67.5 64.5 233 232
bad14_3 240.5 443.5 18.3 1862.0 470.0 1009.0 67.5 61.5 231 232
bad14_4 241.5 454.5 17.2 230.0 122.0 901.0 67.5 73.5 232 234
bad14_5 244.5 452.5 17.2 897.0 257.0 901.0 64.5 70.5 232 232
bad14_6 243.5 453.5 17.1 1062.0 294.0 901.0 64.5 71.5 231 232
bad15_1 257.5 448.5 18.2 1071.0 339.0 1009.0 52.5 66.5 231 232
bad15_2 240.5 446.5 17.2 1168.0 348.0 901.0 68.5 65.5 231 233
bad15_3 242.5 445.5 18.3 1078.0 314.0 1009.0 67.5 63.5 232 232
bad15_4 246.5 436.5 19.4 1866.0 466.0 1129.0 63.5 56.5 231 232
bad15_5 243.5 448.5 18.3 1010.0 286.0 1009.0 64.5 66.5 232 232
bad15_6 243.5 450.5 17.2 755.0 271.0 901.0 66.5 68.5 233 231
bad16_1 239.5 445.5 17.2 574.0 194.0 901.0 69.5 64.5 233 232
bad16_2 242.5 443.5 18.3 1434.0 398.0 1009.0 66.5 62.5 230 233
bad16_3 244.5 450.5 17.2 871.0 259.0 901.0 63.5 68.5 232 232
bad16_4 244.5 449.5 17.2 494.0 170.0 901.0 64.5 68.5 232 233
bad16_5 240.5 445.5 17.2 936.0 272.0 901.0 68.5 64.5 232 233
bad16_6 246.5 451.5 17.2 745.0 217.0 901.0 61.5 69.5 231 231
bad17_1 243.5 449.5 17.2 436.0 172.0 901.0 65.5 67.5 232 232
bad17_2 240.5 448.5 17.2 674.0 202.0 901.0 67.5 67.5 232 234
bad17_3 242.5 450.5 17.2 3022.0 662.0 901.0 66.5 68.5 232 232
bad17_4 244.5 449.5 17.2 572.0 232.0 901.0 63.5 67.5 232 232
bad17_5 260.5 450.5 17.2 3561.0 753.0 901.0 48.5 68.5 231 232
bad17_6 242.5 450.5 17.2 606.0 198.0 901.0 67.5 68.5 234 233
bad18_1 238.5 452.5 19.4 1633.0 501.0 1129.0 69.5 70.5 231 232
bad18_2 241.5 453.5 17.2 828.0 272.0 901.0 68.5 71.5 232 233
bad18_3 242.5 450.5 17.2 619.0 223.0 901.0 66.5 69.5 232 232
bad18_4 241.5 450.5 17.2 1045.0 333.0 901.0 68.5 68.5 232 232
bad18_5 242.5 445.5 17.2 913.0 329.0 901.0 66.5 64.5 233 233
bad18_6 241.5 446.5 17.2 1312.0 364.0 901.0 68.5 65.5 233 233
bad19_1 0 0 0 0 0 0 -77 -382 232 231
bad19_2 243.5 444.5 17.2 792.0 236.0 901.0 62.5 64.5 232 232
bad19_3 242.5 450.5 17.2 994.0 286.0 901.0 66.5 68.5 232 232
bad19_4 243.5 444.5 17.2 1321.0 345.0 901.0 64.5 62.5 230 231
bad19_5 241.5 451.5 17.2 676.0 252.0 901.0 66.5 69.5 231 232
bad19_6 244.5 443.5 17.2 923.0 307.0 901.0 65.5 61.5 233 231
bad20_1 242.5 446.5 18.3 1837.0 501.0 1009.0 66.5 64.5 231 233
bad20_2 243.5 443.5 18.1 2366.0 546.0 1009.0 65.5 61.5 232 232
bad20_3 243.5 443.5 17.2 1624.0 420.0 901.0 64.5 61.5 231 232
bad20_4 242.5 452.5 17.2 612.0 200.0 901.0 65.5 70.5 231 231
bad20_5 243.5 454.5 17.2 735.0 251.0 901.0 66.5 72.5 233 233
bad20_6 243.5 452.5 17.2 1300.0 344.0 901.0 65.5 70.5 232 232
bad21_1 244.5 443.5 19.4 1681.0 437.0 1129.0 64.5 62.5 232 232
bad21_2 0 0 0 0 0 0 -79 -382 232 230
bad21_3 249.5 447.5 17.1 1003.0 259.0 901.0 59.5 68.5 231 234
bad21_4 245.5 443.5 17.2 722.0 198.0 901.0 63.5 63.5 231 233
bad21_5 247.5 441.5 17.2 1170.0 302.0 901.0 62.5 60.5 233 232
bad21_6 246.5 439.5 17.2 1608.0 372.0 901.0 61.5 59.5 231 233
bad22_1 242.5 449.5 18.3 966.0 322.0 1009.0 65.5 68.5 231 233
bad22_2 243.5 449.5 19.4 1689.0 433.0 1129.0 65.5 67.5 231 232
bad22_3 241.5 449.5 18.3 1518.0 402.0 1009.0 66.5 68.5 232 233
bad22_4 245.5 448.5 18.2 1475.0 467.0 1009.0 64.5 67.5 231 233
bad22_5 245.5 446.5 17.2 1202.0 310.0 901.0 62.5 65.5 232 232
bad22_6 242.5 446.5 17.2 1182.0 306.0 901.0 67.5 64.5 232 232
bad23_1 238.5 450.5 17.2 762.0 262.0 901.0 69.5 67.5 231 232
bad23_2 237.5 451.5 17.2 592.0 180.0 901.0 70.5 68.5 231 232
bad23_3 236.5 450.5 16.9 443.0 155.0 901.0 71.5 68.5 234 230
bad23_4 240.5 453.5 17.2 654.0 210.0 901.0 67.5 70.5 231 231
bad23_5 241.5 454.5 17.1 429.0 181.0 901.0 68.5 72.5 232 233
bad23_6 240.5 453.5 17.2 808.0 236.0 901.0 67.5 70.5 232 232
bad24_1 241.5 452.5 17.2 629.0 217.0 901.0 67.5 71.5 231 233
bad24_2 241.5 454.5 18.3 1109.0 425.0 1009.0 68.5 73.5 232 233
bad24_3 238.5 453.5 18.3 1370.0 442.0 1009.0 70.5 72.5 232 233
bad24_4 240.5 450.5 18.2 1036.0 332.0 1009.0 67.5 69.5 231 232
bad24_5 238.5 453.5 17.2 893.0 317.0 901.0 71.5 72.5 233 233
bad24_6 239.5 448.5 18.0 1611.0 443.0 1009.0 68.5 67.5 231 233
bad25_1 242.5 451.5 18.2 1452.0 416.0 1009.0 66.5 70.5 232 234
bad25_2 242.5 450.5 18.3 1323.0 391.0 1009.0 66.5 68.5 232 232
bad25_3 242.5 453.5 17.2 1406.0 338.0 901.0 67.5 71.5 233 233
bad25_4 245.5 444.5 17.2 1233.0 381.0 901.0 63.5 62.5 232 233
bad25_5 240.5 440.5 17.2 1712.0 444.0 901.0 68.5 59.5 233 234
bad25_6 244.5 444.5 17.1 1231.0 343.0 901.0 64.5 63.5 232 233
bad26_1 241.5 449.5 17.2 1323.0 327.0 901.0 67.5 68.5 232 233
bad26_2 244.5 450.5 19.4 2015.0 511.0 1129.0 66.5 68.5 233 233
bad26_3 241.5 449.5 17.2 524.0 192.0 901.0 68.5 68.5 233 233
bad26_4 245.5 442.5 17.2 2012.0 476.0 901.0 64.5 61.5 233 233
bad26_5 242.5 446.5 17.2 1402.0 362.0 901.0 67.5 65.5 233 234
bad26_6 243.5 439.5 17.2 1885.0 477.0 901.0 66.5 60.5 233 233
bad27_1 237.5 450.5 19.4 1675.0 447.0 1129.0 70.5 68.5 231 232
bad27_2 238.5 448.5 17.2 960.0 344.0 901.0 69.5 68.5 231 233
bad27_3 0 0 0 0 0 0 -77 -382 231 232
bad27_4 239.5 454.5 18.3 926.0 302.0 1009.0 68.5 73.5 231 233
bad27_5 0 0 0 0 0 0 -77 -382 231 231
bad27_6 239.5 453.5 17.2 864.0 308.0 901.0 67.5 71.5 231 232
bad28_1 243.5 446.5 18.0 1331.0 307.0 1009.0 66.5 67.5 232 234
bad28_2 242.5 449.5 17.2 918.0 266.0 901.0 65.5 67.5 231 232
bad28_3 245.5 446.5 17.0 1069.0 285.0 901.0 64.5 65.5 233 231
bad28_4 244.5 449.5 19.4 1981.0 489.0 1129.0 65.5 67.5 233 230
bad28_5 243.5 445.5 17.2 1099.0 283.0 901.0 65.5 65.5 232 232
bad28_6 242.5 447.5 19.4 1838.0 438.0 1129.0 65.5 66.5 231 232
bad29_1 245.5 450.5 17.2 422.0 162.0 901.0 63.5 67.5 231 230
bad29_2 246.5 448.5 17.1 941.0 249.0 901.0 62.5 66.5 232 233
bad29_3 243.5 450.5 17.2 929.0 241.0 901.0 64.5 67.5 231 232
bad29_4 244.5 446.5 17.2 360.0 144.0 901.0 63.5 65.5 231 234
bad29_5 243.5 447.5 17.1 1060.0 292.0 901.0 65.5 64.5 232 232
bad29_6 245.5 443.5 17.2 1111.0 295.0 901.0 62.5 60.5 232 231
bad30_1 239.5 455.5 19.4 1695.0 479.0 1129.0 70.5 73.5 231 233
bad30_2 240.5 450.5 17.2 857.0 245.0 901.0 67.5 69.5 231 232
bad30_3 238.5 449.5 17.2 350.0 178.0 901.0 70.5 69.5 232 234
bad30_4 240.5 458.5 17.2 469.0 193.0 901.0 69.5 77.5 233 233
bad30_5 241.5 453.5 17.2 498.0 174.0 901.0 68.5 71.5 233 231
bad30_6 241.5 451.5 17.2 655.0 211.0 901.0 66.5 71.5 230 233
bad31_1 241.5 450.5 17.2 1047.0 319.0 901.0 68.5 69.5 232 231
bad31_2 238.5 448.5 17.2 762.0 246.0 901.0 72.5 68.5 230 234
bad31_3 236.5 453.5 17.2 337.0 145.0 901.0 72.5 71.5 232 232
bad31_4 238.5 452.5 17.2 805.0 289.0 901.0 69.5 72.5 230 234
bad31_5 236.5 452.5 19.4 1898.0 474.0 1129.0 71.5 70.5 230 231
bad31_6 241.5 452.5 19.4 1509.0 377.0 1129.0 69.5 71.5 234 231
bad32_1 237.5 450.5 19.4 1312.0 380.0 1129.0 70.5 68.5 231 232
bad32_2 238.5 449.5 18.3 873.0 241.0 1009.0 69.5 67.5 232 233
bad32_3 241.5 450.5 18.3 1862.0 490.0 1009.0 68.5 68.5 233 232
bad32_4 239.5 452.5 18.3 964.0 248.0 1009.0 69.5 70.5 233 231
bad32_5 239.5 452.5 17.2 750.0 274.0 901.0 68.5 70.5 231 232
bad32_6 241.5 454.5 19.3 1371.0 355.0 1129.0 66.5 72.5 231 233
bad33_1 246.5 445.5 17.4 1789.0 425.0 901.0 63.5 64.5 233 234
bad33_2 242.5 443.5 18.3 1977.0 453.0 1009.0 67.5 61.5 233 233
bad33_3 243.5 443.5 18.0 2069.0 493.0 1009.0 65.5 60.5 232 232
bad33_4 241.5 450.5 17.2 1211.0 295.0 901.0 68.5 68.5 233 232
bad33_5 242.5 450.5 17.2 1389.0 317.0 901.0 65.5 69.5 231 234
bad33_6 246.5 452.5 17.2 1354.0 330.0 901.0 63.5 69.5 232 232
bad34_1 240.5 450.5 17.2 571.0 215.0 901.0 67.5 68.5 231 232
bad34_2 243.5 448.5 17.2 818.0 246.0 901.0 66.5 66.5 232 232
bad34_3 241.5 449.5 17.1 557.0 213.0 901.0 67.5 67.5 231 233
bad34_4 243.5 449.5 18.0 1017.0 317.0 1009.0 64.5 67.5 231 232
bad34_5 244.5 451.5 17.2 599.0 211.0 901.0 63.5 69.5 231 232
bad34_6 245.5 447.5 17.2 1247.0 351.0 901.0 62.5 65.5 231 232
bad35_1 241.5 452.5 17.2 1132.0 324.0 901.0 68.5 71.5 232 233
bad35_2 256.5 447.5 17.2 3177.0 689.0 901.0 53.5 66.5 233 233
bad35_3 242.5 449.5 17.2 779.0 235.0 901.0 66.5 67.5 231 233
bad35_4 240.5 448.5 17.2 1367.0 375.0 901.0 68.5 67.5 232 233
bad35_5 241.5 447.5 18.3 1119.0 307.0 1009.0 67.5 65.5 232 232
bad35_6 243.5 449.5 17.2 2683.0 603.0 901.0 65.5 67.5 232 233
bad36_1 242.5 451.5 19.4 1834.0 434.0 1129.0 67.5 69.5 233 232
bad36_2 243.5 447.5 16.8 660.0 264.0 901.0 67.5 66.5 233 234
bad36_3 239.5 447.5 17.2 1353.0 341.0 901.0 70.5 66.5 233 233
bad36_4 246.5 449.5 17.2 837.0 237.0 901.0 62.5 69.5 231 233
bad36_5 243.5 454.5 17.1 932.0 288.0 901.0 65.5 72.5 232 232
bad36_6 249.5 447.5 17.2 1432.0 392.0 901.0 60.5 66.5 233 232
bad37_1 241.5 452.5 19.4 1590.0 422.0 1129.0 68.5 70.5 232 232
bad37_2 239.5 454.5 18.3 1069.0 325.0 1009.0 68.5 72.5 230 233
bad37_3 245.5 444.5 18.3 3705.0 789.0 1009.0 62.5 61.5 232 232
bad37_4 241.5 452.5 17.2 594.0 202.0 901.0 68.5 71.5 231 234
bad37_5 233.5 454.5 17.2 2740.0 588.0 901.0 74.5 71.5 231 232
bad37_6 238.5 453.5 17.2 614.0 226.0 901.0 71.5 70.5 232 230
bad38_1 242.5 451.5 19.4 1610.0 402.0 1129.0 66.5 69.5 232 232
bad38_2 242.5 450.5 17.2 1163.0 271.0 901.0 67.5 68.5 233 232
bad38_3 242.5 452.5 17.2 736.0 288.0 901.0 66.5 71.5 231 233
bad38_4 239.5 449.5 17.2 447.0 179.0 901.0 67.5 67.5 231 232
bad38_5 240.5 448.5 17.2 915.0 311.0 901.0 68.5 66.5 232 231
bad38_6 241.5 447.5 17.2 1343.0 339.0 901.0 67.5 66.5 231 233
bad39_1 245.5 450.5 17.2 1383.0 359.0 901.0 63.5 70.5 233 232
bad39_2 242.5 447.5 17.2 967.0 287.0 901.0 65.5 69.5 231 232
bad39_3 246.5 446.5 18.3 1465.0 389.0 1009.0 64.5 67.5 233 231
bad39_4 244.5 437.5 16.6 1952.0 468.0 901.0 66.5 60.5 235 233
bad39_5 245.5 443.5 18.3 1735.0 491.0 1009.0 63.5 64.5 231 234
bad39_6 0 0 0 0 0 0 -75 -378 232 232
bad40_1 238.5 452.5 19.4 3780.0 820.0 1129.0 70.5 71.5 232 233
bad40_2 240.5 454.5 19.4 4153.0 913.0 1129.0 68.5 73.5 232 233
bad40_3 241.5 454.5 17.2 960.0 308.0 901.0 67.5 72.5 232 233
bad40_4 251.5 447.5 17.2 2755.0 615.0 901.0 57.5 65.5 232 233
bad40_5 236.5 447.5 18.3 1213.0 437.0 1009.0 70.5 66.5 231 233
bad40_6 252.5 448.5 17.2 3297.0 713.0 901.0 55.5 66.5 231 232
bad41_1 238.5 448.5 17.2 888.0 264.0 901.0 71.5 66.5 232 232
bad41_2 241.5 449.5 17.2 732.0 224.0 901.0 67.5 68.5 233 234
bad41_3 239.5 448.5 17.2 673.0 257.0 901.0 70.5 67.5 233 233
bad41_4 241.5 454.5 18.3 930.0 330.0 1009.0 67.5 73.5 233 233
bad41_5 241.5 452.5 17.2 634.0 186.0 901.0 68.5 71.5 233 233
bad41_6 241.5 451.5 18.3 1559.0 427.0 1009.0 68.5 70.5 233 233
bad42_1 244.5 443.5 17.2 665.0 205.0 901.0 63.5 61.5 232 232
bad42_2 242.5 442.5 18.3 1697.0 437.0 1009.0 67.5 61.5 233 231
bad42_3 243.5 446.5 17.2 803.0 279.0 901.0 64.5 65.5 230 232
bad42_4 248.5 445.5 17.2 1012.0 308.0 901.0 59.5 64.5 230 233
bad42_5 248.5 447.5 17.2 857.0 273.0 901.0 59.5 65.5 232 230
bad42_6 250.5 445.5 17.2 1642.0 422.0 901.0 57.5 64.5 230 232
bad43_1 241.5 442.5 17.2 1286.0 338.0 901.0 66.5 60.5 231 233
bad43_2 243.5 444.5 17.2 1618.0 402.0 901.0 65.5 62.5 232 233
bad43_3 245.5 445.5 18.0 2098.0 530.0 1009.0 64.5 63.5 233 232
bad43_4 244.5 452.5 17.2 1436.0 356.0 901.0 63.5 70.5 231 233
bad43_5 242.5 449.5 18.3 1756.0 456.0 1009.0 65.5 67.5 231 232
bad43_6 242.5 449.5 17.2 1223.0 287.0 901.0 66.5 67.5 233 233
bad44_1 235.5 455.5 17.2 534.0 170.0 901.0 73.5 72.5 231 232
bad44_2 236.5 452.5 17.2 604.0 164.0 901.0 71.5 70.5 232 231
bad44_3 236.5 454.5 17.2 415.0 147.0 901.0 70.5 72.5 230 232
bad44_4 237.5 452.5 19.4 1984.0 472.0 1129.0 69.5 70.5 230 232
bad44_5 239.5 454.5 17.2 793.0 217.0 901.0 69.5 72.5 232 231
bad44_6 239.5 453.5 17.2 638.0 190.0 901.0 69.5 71.5 231 233
bad45_1 239.5 452.5 17.2 888.0 248.0 901.0 70.5 71.5 232 231
bad45_2 237.5 450.5 19.4 2053.0 513.0 1129.0 70.5 69.5 233 232
bad45_3 0 0 0 0 0 0 -77 -381 232 232
bad45_4 242.5 449.5 17.2 767.0 223.0 901.0 65.5 69.5 230 235
bad45_5 240.5 451.5 17.2 976.0 292.0 901.0 68.5 71.5 231 234
bad45_6 241.5 449.5 17.2 1210.0 354.0 901.0 68.5 68.5 233 232
bad46_1 242.5 449.5 17.1 568.0 208.0 901.0 65.5 68.5 230 232
bad46_2 241.5 451.5 18.3 2548.0 644.0 1009.0 67.5 69.5 232 233
bad46_3 241.5 448.5 17.2 999.0 367.0 901.0 68.5 67.5 234 229
bad46_4 242.5 450.5 18.1 1146.0 310.0 1009.0 66.5 68.5 231 231
bad46_5 241.5 449.5 18.3 1321.0 397.0 1009.0 65.5 67.5 231 232
bad46_6 251.5 450.5 17.2 2361.0 593.0 901.0 56.5 68.5 231 232
bad47_1 250.5 447.5 17.2 883.0 247.0 901.0 59.5 67.5 232 231
bad47_2 0 0 0 0 0 0 -77 -381 233 233
bad47_3 249.5 448.5 16.6 846.0 250.0 901.0 60.5 67.5 232 232
bad47_4 246.5 442.5 17.2 1211.0 315.0 901.0 62.5 62.5 231 233
bad47_5 245.5 442.5 17.2 1053.0 309.0 901.0 63.5 62.5 232 234
bad47_6 247.5 440.5 17.2 2194.0 538.0 901.0 61.5 60.5 232 232
bad48_1 242.5 447.5 17.2 1125.0 337.0 901.0 66.5 65.5 232 233
bad48_2 245.5 443.5 17.2 1876.0 424.0 901.0 63.5 61.5 232 232
bad48_3 245.5 443.5 17.2 1800.0 416.0 901.0 63.5 61.5 232 233
bad48_4 242.5 451.5 17.2 537.0 193.0 901.0 67.5 70.5 233 233
bad48_5 243.5 452.5 18.3 1523.0 375.0 1009.0 66.5 70.5 233 231
bad48_6 244.5 451.5 17.2 958.0 274.0 901.0 65.5 69.5 233 233
bad49_1 241.5 453.5 17.2 689.0 229.0 901.0 66.5 71.5 231 233
bad49_2 242.5 454.5 17.2 1082.0 302.0 901.0 65.5 71.5 232 231
bad49_3 242.5 451.5 17.2 901.0 257.0 901.0 67.5 69.5 233 232
bad49_4 242.5 445.5 17.4 1553.0 429.0 901.0 67.5 63.5 233 233
bad49_5 244.5 446.5 18.2 2210.0 526.0 1009.0 64.5 64.5 232 232
bad49_6 240.5 442.5 17.2 1856.0 464.0 901.0 68.5 60.5 232 233
bad50_1 241.5 454.5 17.2 588.0 192.0 901.0 67.5 72.5 233 233
bad50_2 239.5 455.5 17.2 486.0 190.0 901.0 68.5 73.5 231 233
bad50_3 239.5 455.5 17.2 846.0 270.0 901.0 69.5 73.5 232 232
bad50_4 238.5 448.5 17.2 1055.0 351.0 901.0 70.5 66.5 232 232
bad50_5 238.5 451.5 17.2 622.0 190.0 901.0 69.5 69.5 231 232
bad50_6 238.5 452.5 17.2 625.0 249.0 901.0 70.5 70.5 232 233
bad51_1 243.5 441.5 17.2 2226.0 506.0 901.0 66.5 59.5 233 232
bad51_2 242.5 443.5 16.9 1398.0 358.0 901.0 65.5 61.5 231 232
bad51_3 242.5 445.5 17.2 1623.0 419.0 901.0 66.5 65.5 233 234
bad51_4 242.5 452.5 18.3 1740.0 420.0 1009.0 66.5 71.5 232 232
bad51_5 240.5 452.5 17.2 1151.0 343.0 901.0 69.5 71.5 233 233
bad51_6 242.5 452.5 17.2 1005.0 277.0 901.0 67.5 72.5 233 232
bad52_1 240.5 453.5 18.1 1292.0 348.0 1009.0 65.5 70.5 229 231
bad52_2 242.5 451.5 17.2 598.0 210.0 901.0 64.5 69.5 230 231
bad52_3 241.5 451.5 17.2 871.0 267.0 901.0 65.5 69.5 230 230
bad52_4 237.5 446.5 18.0 1948.0 484.0 1009.0 69.5 63.5 232 228
bad52_5 239.5 443.5 17.2 1294.0 386.0 901.0 67.5 61.5 230 230
bad52_6 238.5 450.5 17.2 385.0 133.0 901.0 67.5 69.5 229 233
bad53_1 246.5 445.5 19.4 2369.0 637.0 1129.0 67.5 72.5 236 235
bad53_2 241.5 442.5 17.2 1067.0 315.0 901.0 67.5 65.5 233 236
bad53_3 243.5 445.5 17.2 750.0 246.0 901.0 64.5 67.5 231 234
bad53_4 246.5 444.5 18.1 2148.0 552.0 1009.0 63.5 67.5 230 232
bad53_5 247.5 447.5 18.2 1961.0 497.0 1009.0 63.5 67.5 234 234
bad53_6 249.5 446.5 17.2 1710.0 470.0 901.0 59.5 67.5 233 232
bad54_1 250.5 443.5 18.3 3291.0 731.0 1009.0 58.5 61.5 232 232
bad54_2 241.5 441.5 17.2 1469.0 361.0 901.0 66.5 61.5 231 235
bad54_3 242.5 442.5 17.2 2349.0 533.0 901.0 66.5 61.5 232 233
bad54_4 244.5 453.5 17.2 2036.0 488.0 901.0 64.5 72.5 232 233
bad54_5 243.5 453.5 17.2 1463.0 347.0 901.0 64.5 71.5 232 232
bad54_6 244.5 451.5 17.2 1437.0 361.0 901.0 63.5 70.5 232 233
bad55_1 240.5 449.5 18.3 1469.0 365.0 1009.0 69.5 68.5 231 233
bad55_2 237.5 451.5 19.4 2380.0 560.0 1129.0 71.5 70.5 232 231
bad55_3 238.5 455.5 17.2 922.0 242.0 901.0 72.5 74.5 234 231
bad55_4 240.5 451.5 16.9 881.0 269.0 901.0 69.5 70.5 232 233
bad55_5 237.5 451.5 16.9 807.0 215.0 901.0 71.5 70.5 231 233
bad55_6 236.5 455.5 18.1 1247.0 335.0 1009.0 72.5 74.5 232 232
bad56_1 244.5 444.5 18.3 1434.0 430.0 1009.0 64.5 63.5 231 232
bad56_2 243.5 453.5 18.3 3625.0 781.0 1009.0 65.5 72.5 231 233
bad56_3 242.5 447.5 19.4 1915.0 463.0 1129.0 66.5 66.5 232 232
bad56_4 243.5 447.5 19.4 1507.0 415.0 1129.0 65.5 66.5 231 232
bad56_5 244.5 447.5 18.3 1339.0 391.0 1009.0 64.5 67.5 232 233
bad56_6 0 0 0 0 0 0 -77 -381 232 232
bad57_1 237.5 453.5 17.2 1334.0 342.0 901.0 70.5 71.5 231 231
bad57_2 237.5 454.5 17.2 573.0 189.0 901.0 70.5 72.5 231 232
bad57_3 240.5 456.5 17.2 1157.0 337.0 901.0 71.5 73.5 231 232
bad57_4 0 0 0 0 0 0 -79 -382 230 232
bad57_5 238.5 455.5 17.2 533.0 173.0 901.0 69.5 73.5 231 232
bad57_6 239.5 455.5 17.2 974.0 302.0 901.0 69.5 72.5 233 231
bad58_1 241.5 442.5 17.2 1655.0 407.0 901.0 66.5 60.5 231 232
bad58_2 241.5 452.5 17.9 1746.0 594.0 1009.0 68.5 72.5 232 234
bad58_3 241.5 446.5 17.2 2315.0 595.0 901.0 68.5 65.5 233 232
bad58_4 243.5 451.5 17.2 994.0 262.0 901.0 65.5 69.5 232 231
bad58_5 0 0 0 0 0 0 -77 -381 231 233
bad58_6 241.5 450.5 17.2 1756.0 548.0 901.0 68.5 69.5 233 232
bad59_1 245.5 443.5 17.2 1351.0 371.0 901.0 65.5 62.5 233 231
bad59_2 240.5 444.5 18.3 1307.0 383.0 1009.0 68.5 64.5 231 233
bad59_3 240.5 442.5 17.2 1111.0 307.0 901.0 67.5 62.5 231 232
bad59_4 246.5 449.5 19.4 1627.0 447.0 1129.0 62.5 69.5 231 232
bad59_5 244.5 449.5 19.4 1468.0 412.0 1129.0 65.5 68.5 233 232
bad59_6 245.5 449.5 17.2 562.0 238.0 901.0 64.5 69.5 233 232
bad60_1 243.5 450.5 17.2 927.0 315.0 901.0 64.5 68.5 231 233
bad60_2 241.5 447.5 17.2 628.0 240.0 901.0 68.5 66.5 233 231
bad60_3 240.5 447.5 17.2 1318.0 370.0 901.0 67.5 65.5 231 232
bad60_4 240.5 453.5 17.2 717.0 249.0 901.0 67.5 71.5 231 232
bad60_5 240.5 452.5 17.7 1148.0 296.0 1009.0 67.5 70.5 233 231
bad60_6 242.5 453.5 17.2 572.0 192.0 901.0 65.5 71.5 231 233
bad61_1 250.5 450.5 17.2 2240.0 524.0 901.0 57.5 68.5 231 232
bad61_2 241.5 451.5 17.2 1174.0 382.0 901.0 67.5 69.5 233 232
bad61_3 243.5 449.5 17.2 1039.0 331.0 901.0 65.5 67.5 232 232
bad61_4 240.5 450.5 17.2 1782.0 454.0 901.0 69.5 68.5 233 233
bad61_5 241.5 450.5 16.9 1005.0 321.0 901.0 67.5 68.5 232 232
bad61_6 240.5 449.5 17.2 891.0 363.0 901.0 67.5 67.5 232 233
bad62_1 241.5 449.5 18.3 1314.0 354.0 1009.0 66.5 67.5 231 232
bad62_2 241.5 448.5 17.2 982.0 306.0 901.0 66.5 66.5 232 232
bad62_3 241.5 446.5 16.9 1263.0 363.0 901.0 66.5 64.5 231 232
bad62_4 240.5 451.5 17.2 700.0 232.0 901.0 68.5 69.5 232 232
bad62_5 241.5 451.5 17.2 562.0 182.0 901.0 66.5 69.5 233 231
bad62_6 240.5 453.5 17.2 931.0 271.0 901.0 66.5 72.5 231 234
bad63_1 241.5 449.5 17.2 737.0 253.0 901.0 66.5 67.5 232 231
bad63_2 241.5 450.5 18.1 3501.0 789.0 1009.0 66.5 68.5 232 233
bad63_3 239.5 448.5 18.3 1287.0 371.0 1009.0 68.5 66.5 232 233
bad63_4 241.5 450.5 17.2 741.0 249.0 901.0 67.5 68.5 233 233
bad63_5 242.5 451.5 18.3 1250.0 406.0 1009.0 65.5 69.5 232 232
bad63_6 260.5 451.5 17.2 3609.0 773.0 901.0 48.5 69.5 232 232
bad64_1 243.5 454.5 17.2 1181.0 317.0 901.0 64.5 72.5 231 233
bad64_2 245.5 449.5 17.2 595.0 243.0 901.0 63.5 67.5 233 232
bad64_3 243.5 451.5 17.2 736.0 256.0 901.0 64.5 69.5 231 232
bad64_4 241.5 441.5 18.0 2096.0 540.0 1009.0 66.5 59.5 231 233
bad64_5 241.5 442.5 17.2 1597.0 425.0 901.0 67.5 60.5 232 232
bad64_6 246.5 443.5 17.1 1235.0 351.0 901.0 61.5 61.5 232 232
bad65_1 239.5 451.5 19.4 1471.0 403.0 1129.0 68.5 70.5 232 232
bad65_2 241.5 455.5 17.2 792.0 276.0 901.0 67.5 73.5 232 232
bad65_3 241.5 453.5 17.2 564.0 240.0 901.0 67.5 72.5 233 233
bad65_4 239.5 450.5 17.2 860.0 276.0 901.0 69.5 68.5 232 233
bad65_5 239.5 449.5 17.2 1103.0 323.0 901.0 70.5 68.5 233 234
bad65_6 0 0 0 0 0 0 -76 -381 232 233
bad66_1 238.5 445.5 17.2 813.0 253.0 901.0 69.5 64.5 231 233
bad66_2 243.5 446.5 17.2 1006.0 274.0 901.0 64.5 64.5 231 233
bad66_3 0 0 0 0 0 0 -77 -382 233 231
bad66_4 244.5 452.5 17.2 740.0 208.0 901.0 64.5 70.5 232 230
bad66_5 0 0 0 0 0 0 -78 -381 231 233
bad66_6 245.5 451.5 17.2 934.0 282.0 901.0 63.5 69.5 232 232
bad67_1 240.5 452.5 17.2 993.0 301.0 901.0 69.5 70.5 233 232
bad67_2 240.5 449.5 17.2 799.0 303.0 901.0 66.5 68.5 231 233
bad67_3 243.5 449.5 18.1 1757.0 493.0 1009.0 67.5 67.5 232 232
bad67_4 241.5 452.5 18.0 1207.0 367.0 1009.0 66.5 71.5 231 233
bad67_5 248.5 447.5 17.1 1844.0 480.0 901.0 63.5 65.5 232 232
bad67_6 242.5 450.5 17.2 940.0 316.0 901.0 67.5 68.5 233 232
bad68_1 0 0 0 0 0 0 -77 -380 231 233
bad68_2 237.5 452.5 17.2 794.0 206.0 901.0 70.5 71.5 231 233
bad68_3 243.5 444.5 17.1 1079.0 259.0 901.0 67.5 63.5 233 231
bad68_4 241.5 448.5 17.2 1714.0 422.0 901.0 68.5 67.5 233 231
bad68_5 248.5 449.5 17.2 965.0 261.0 901.0 60.5 69.5 231 233
bad68_6 242.5 452.5 17.2 799.0 247.0 901.0 68.5 74.5 232 234
bad69_1 240.5 451.5 18.3 1448.0 344.0 1009.0 68.5 70.5 233 231
bad69_2 240.5 454.5 18.3 1279.0 323.0 1009.0 67.5 74.5 231 233
bad69_3 241.5 450.5 18.3 1103.0 343.0 1009.0 68.5 69.5 232 232
bad69_4 239.5 448.5 18.1 1598.0 418.0 1009.0 69.5 68.5 232 232
bad69_5 241.5 449.5 17.2 437.0 201.0 901.0 66.5 68.5 231 231
bad69_6 242.5 451.5 17.2 1141.0 309.0 901.0 68.5 70.5 234 231
bad70_1 245.5 451.5 17.2 870.0 262.0 901.0 63.5 69.5 232 230
bad70_2 245.5 450.5 17.2 890.0 234.0 901.0 61.5 69.5 229 232
bad70_3 242.5 450.5 17.2 1048.0 248.0 901.0 64.5 68.5 230 231
bad70_4 241.5 446.5 17.2 1017.0 301.0 901.0 65.5 64.5 230 231
bad70_5 0 0 0 0 0 0 -77 -382 230 230
bad70_6 242.5 444.5 17.2 1266.0 346.0 901.0 66.5 61.5 231 230
