good1_1 243.5 448.5 17.2 230.0 626.0 901.0 64.5 69.5 231 234
good1_2 244.5 450.5 18.3 257.0 813.0 1009.0 66.5 70.5 233 234
good1_3 246.5 449.5 17.2 158.0 382.0 901.0 64.5 70.5 232 235
good1_4 245.5 445.5 17.2 202.0 698.0 901.0 64.5 65.5 232 233
good1_5 248.5 445.5 17.2 209.0 401.0 901.0 63.5 68.5 232 235
good1_6 243.5 450.5 17.2 183.0 459.0 901.0 66.5 71.5 232 235
good2_1 242.5 449.5 18.3 249.0 913.0 1009.0 67.5 69.5 231 233
good2_2 241.5 447.5 17.2 125.0 341.0 901.0 68.5 66.5 231 232
good2_3 241.5 446.5 18.3 246.0 954.0 1009.0 67.5 64.5 231 231
good2_4 242.5 450.5 18.3 238.0 938.0 1009.0 67.5 69.5 232 232
good2_5 243.5 450.5 17.2 118.0 342.0 901.0 65.5 69.5 230 232
good2_6 246.5 451.5 17.2 97.0 297.0 901.0 64.5 70.5 231 232
good3_1 243.5 449.5 17.2 143.0 435.0 901.0 66.5 69.5 232 234
good3_2 246.5 445.5 17.2 179.0 471.0 901.0 65.5 65.5 234 232
good3_3 243.5 447.5 17.2 241.0 637.0 901.0 67.5 68.5 232 235
good3_4 241.5 450.5 17.2 146.0 462.0 901.0 68.5 70.5 232 234
good3_5 244.5 450.5 17.2 230.0 654.0 901.0 65.5 69.5 233 233
good3_6 244.5 449.5 18.2 265.0 789.0 1009.0 65.5 69.5 231 234
good4_1 243.5 450.5 18.3 311.0 1043.0 1009.0 64.5 69.5 231 231
good4_2 244.5 450.5 19.4 389.0 1449.0 1129.0 65.5 70.5 231 234
good4_3 243.5 450.5 19.4 429.0 1513.0 1129.0 67.5 70.5 233 233
good4_4 239.5 450.5 16.1 66.0 166.0 797.0 68.5 70.5 230 234
good4_5 243.5 452.5 17.2 155.0 463.0 901.0 66.5 71.5 231 233
good4_6 241.5 446.5 17.2 153.0 577.0 901.0 67.5 65.5 231 233
good5_1 241.5 449.5 17.2 207.0 559.0 901.0 67.5 70.5 231 235
good5_2 247.5 451.5 17.2 237.0 705.0 901.0 65.5 70.5 232 234
good5_3 245.5 450.5 17.2 372.0 840.0 901.0 65.5 70.5 232 233
good5_4 246.5 447.5 16.8 208.0 436.0 901.0 65.5 66.5 233 233
good5_5 242.5 446.5 17.2 365.0 1001.0 901.0 66.5 68.5 231 236
good5_6 243.5 448.5 17.2 175.0 639.0 901.0 66.5 67.5 232 233
good6_1 244.5 449.5 17.2 141.0 381.0 901.0 65.5 68.5 232 232
good6_2 242.5 447.5 17.2 215.0 599.0 901.0 66.5 67.5 232 234
good6_3 240.5 454.5 16.6 129.0 373.0 901.0 68.5 73.5 232 233
good6_4 243.5 450.5 18.3 285.0 869.0 1009.0 66.5 71.5 231 235
good6_5 240.5 453.5 17.2 196.0 440.0 901.0 69.5 72.5 232 234
good6_6 247.5 450.5 18.3 309.0 969.0 1009.0 64.5 70.5 232 234
good7_1 240.5 452.5 17.2 199.0 527.0 901.0 68.5 72.5 231 234
good7_2 244.5 451.5 18.3 332.0 1044.0 1009.0 65.5 71.5 231 233
good7_3 245.5 449.5 17.2 197.0 569.0 901.0 64.5 68.5 231 233
good7_4 242.5 451.5 18.0 272.0 884.0 1009.0 66.5 70.5 232 233
good7_5 245.5 445.5 17.2 214.0 538.0 901.0 65.5 64.5 231 232
good7_6 244.5 448.5 18.0 313.0 1133.0 1009.0 65.5 67.5 232 233
good8_1 241.5 453.5 17.2 198.0 634.0 901.0 67.5 72.5 232 234
good8_2 244.5 451.5 17.2 197.0 409.0 901.0 64.5 70.5 232 233
good8_3 246.5 452.5 17.2 234.0 574.0 901.0 65.5 73.5 231 236
good8_4 243.5 453.5 17.2 251.0 603.0 901.0 65.5 72.5 231 234
good8_5 244.5 447.5 18.2 266.0 902.0 1009.0 66.5 66.5 233 233
good8_6 243.5 448.5 17.2 156.0 416.0 901.0 66.5 68.5 230 235
good9_1 247.5 450.5 17.2 275.0 863.0 901.0 66.5 68.5 232 233
good9_2 245.5 453.5 17.2 244.0 636.0 901.0 66.5 72.5 231 233
good9_3 243.5 452.5 17.2 213.0 497.0 901.0 66.5 71.5 231 234
good9_4 242.5 447.5 17.2 132.0 404.0 901.0 66.5 66.5 232 234
good9_5 243.5 448.5 17.2 275.0 799.0 901.0 66.5 67.5 232 233
good9_6 243.5 447.5 17.2 122.0 330.0 901.0 66.5 66.5 231 234
good10_1 246.5 446.5 17.1 320.0 772.0 901.0 65.5 65.5 232 232
good10_2 242.5 446.5 17.2 268.0 756.0 901.0 66.5 68.5 231 237
good10_3 245.5 450.5 17.2 122.0 350.0 901.0 65.5 69.5 232 234
good10_4 247.5 449.5 17.2 237.0 553.0 901.0 65.5 70.5 231 236
good10_5 242.5 450.5 17.2 205.0 685.0 901.0 67.5 69.5 232 234
good10_6 245.5 451.5 17.2 195.0 559.0 901.0 64.5 70.5 231 232
good11_1 240.5 449.5 17.2 156.0 584.0 901.0 68.5 68.5 231 232
good11_2 241.5 445.5 17.2 230.0 718.0 901.0 66.5 64.5 231 234
good11_3 244.5 447.5 17.2 205.0 505.0 901.0 67.5 66.5 231 234
good11_4 241.5 454.5 17.2 225.0 805.0 901.0 67.5 73.5 231 233
good11_5 246.5 453.5 17.2 212.0 644.0 901.0 65.5 72.5 231 234
good11_6 242.5 454.5 17.2 270.0 922.0 901.0 67.5 72.5 232 232
good12_1 245.5 445.5 17.2 224.0 528.0 901.0 64.5 66.5 231 235
good12_2 245.5 448.5 18.3 263.0 827.0 1009.0 64.5 67.5 232 233
good12_3 245.5 445.5 17.2 293.0 721.0 901.0 64.5 65.5 232 233
good12_4 246.5 449.5 18.2 291.0 851.0 1009.0 65.5 68.5 233 232
good12_5 245.5 451.5 17.2 309.0 817.0 901.0 64.5 71.5 231 234
good12_6 245.5 450.5 17.2 270.0 846.0 901.0 64.5 71.5 232 236
good13_1 244.5 450.5 17.2 251.0 755.0 901.0 65.5 71.5 232 234
good13_2 244.5 448.5 17.2 212.0 616.0 901.0 65.5 69.5 231 235
good13_3 241.5 450.5 17.2 233.0 789.0 901.0 68.5 72.5 232 237
good13_4 241.5 447.5 17.2 150.0 466.0 901.0 67.5 69.5 231 236
good13_5 243.5 450.5 17.1 224.0 688.0 901.0 67.5 71.5 232 235
good13_6 245.5 446.5 18.2 360.0 1144.0 1009.0 65.5 66.5 234 234
good14_1 243.5 449.5 17.2 195.0 491.0 901.0 66.5 68.5 233 233
good14_2 244.5 449.5 17.2 229.0 537.0 901.0 64.5 70.5 231 236
good14_3 241.5 448.5 16.9 178.0 558.0 901.0 66.5 68.5 231 235
good14_4 245.5 450.5 17.2 254.0 786.0 901.0 66.5 70.5 232 235
good14_5 242.5 452.5 17.0 270.0 650.0 901.0 66.5 72.5 231 235
good14_6 244.5 452.5 17.2 247.0 663.0 901.0 65.5 72.5 232 234
good15_1 245.5 448.5 16.9 206.0 422.0 901.0 65.5 68.5 232 234
good15_2 244.5 448.5 17.2 174.0 382.0 901.0 64.5 68.5 231 234
good15_3 242.5 451.5 18.1 349.0 977.0 1009.0 67.5 71.5 232 235
good15_4 242.5 450.5 17.2 272.0 800.0 901.0 66.5 71.5 231 236
good15_5 241.5 451.5 17.2 259.0 727.0 901.0 67.5 71.5 231 235
good15_6 245.5 449.5 17.2 281.0 757.0 901.0 65.5 70.5 232 234
good16_1 241.5 446.5 17.2 170.0 514.0 901.0 67.5 67.5 233 234
good16_2 245.5 445.5 17.2 261.0 645.0 901.0 64.5 67.5 231 236
good16_3 239.5 454.5 17.2 159.0 415.0 901.0 69.5 73.5 232 234
good16_4 243.5 450.5 17.2 180.0 428.0 901.0 66.5 70.5 231 235
good16_5 238.5 451.5 17.2 202.0 462.0 901.0 70.5 71.5 232 235
good16_6 244.5 451.5 18.2 288.0 924.0 1009.0 66.5 70.5 233 233
good17_1 241.5 449.5 19.4 477.0 1929.0 1129.0 69.5 69.5 232 234
good17_2 244.5 448.5 18.3 315.0 983.0 1009.0 66.5 69.5 232 233
good17_3 240.5 443.5 19.4 420.0 1744.0 1129.0 67.5 64.5 230 234
good17_4 241.5 450.5 17.2 172.0 512.0 901.0 67.5 70.5 231 233
good17_5 245.5 451.5 18.2 285.0 1001.0 1009.0 65.5 71.5 232 233
good17_6 243.5 450.5 18.3 256.0 864.0 1009.0 66.5 71.5 232 233
good18_1 241.5 451.5 17.2 140.0 384.0 901.0 66.5 70.5 230 233
good18_2 240.5 452.5 18.3 257.0 809.0 1009.0 69.5 71.5 233 233
good18_3 243.5 452.5 17.2 178.0 426.0 901.0 66.5 70.5 232 232
good18_4 244.5 448.5 18.0 382.0 1370.0 1009.0 66.5 66.5 232 232
good18_5 242.5 447.5 18.3 268.0 948.0 1009.0 66.5 66.5 231 233
good18_6 242.5 451.5 17.2 115.0 331.0 901.0 65.5 69.5 232 232
good19_1 245.5 446.5 17.2 239.0 851.0 901.0 64.5 67.5 232 235
good19_2 246.5 447.5 18.2 360.0 1152.0 1009.0 65.5 67.5 232 235
good19_3 244.5 449.5 17.2 197.0 521.0 901.0 65.5 69.5 232 232
good19_4 243.5 450.5 17.2 203.0 531.0 901.0 67.5 70.5 233 232
good19_5 242.5 448.5 17.2 223.0 623.0 901.0 66.5 68.5 231 234
good19_6 242.5 451.5 17.2 245.0 637.0 901.0 66.5 71.5 232 234
good20_1 243.5 450.5 18.2 301.0 885.0 1009.0 65.5 69.5 231 233
good20_2 240.5 451.5 18.3 298.0 998.0 1009.0 68.5 71.5 231 234
good20_3 243.5 451.5 18.1 328.0 1016.0 1009.0 65.5 71.5 232 233
good20_4 244.5 445.5 17.2 251.0 795.0 901.0 64.5 64.5 231 232
good20_5 241.5 447.5 17.2 172.0 480.0 901.0 66.5 66.5 230 233
good20_6 241.5 451.5 18.3 219.0 867.0 1009.0 68.5 69.5 232 233
good21_1 241.5 447.5 17.2 133.0 461.0 901.0 68.5 67.5 231 233
good21_2 241.5 449.5 18.3 235.0 819.0 1009.0 67.5 67.5 231 232
good21_3 243.5 446.5 18.3 284.0 1020.0 1009.0 66.5 65.5 231 232
good21_4 243.5 451.5 18.2 282.0 886.0 1009.0 66.5 70.5 232 232
good21_5 244.5 448.5 19.4 319.0 1251.0 1129.0 65.5 68.5 231 233
good21_6 245.5 452.5 18.2 245.0 833.0 1009.0 64.5 71.5 231 232
good22_1 241.5 453.5 17.2 142.0 430.0 901.0 68.5 74.5 232 234
good22_2 246.5 447.5 18.0 355.0 1355.0 1009.0 65.5 67.5 234 232
good22_3 244.5 447.5 17.2 116.0 364.0 901.0 64.5 68.5 231 234
good22_4 242.5 451.5 17.2 235.0 583.0 901.0 68.5 71.5 232 234
good22_5 245.5 449.5 17.2 130.0 282.0 901.0 65.5 69.5 233 231
good22_6 245.5 448.5 17.2 219.0 707.0 901.0 66.5 70.5 232 235
good23_1 244.5 451.5 17.2 209.0 597.0 901.0 66.5 73.5 233 235
good23_2 243.5 448.5 17.2 270.0 838.0 901.0 64.5 68.5 230 233
good23_3 241.5 452.5 17.2 157.0 365.0 901.0 68.5 71.5 232 233
good23_4 245.5 447.5 17.2 359.0 1239.0 901.0 65.5 67.5 231 234
good23_5 244.5 452.5 17.2 109.0 305.0 901.0 65.5 71.5 232 232
good23_6 246.5 447.5 17.2 255.0 659.0 901.0 64.5 66.5 233 232
good24_1 241.5 451.5 17.2 177.0 553.0 901.0 66.5 69.5 231 233
good24_2 243.5 449.5 16.9 188.0 436.0 901.0 67.5 68.5 233 233
good24_3 242.5 448.5 17.2 227.0 563.0 901.0 66.5 68.5 231 233
good24_4 240.5 451.5 17.2 179.0 487.0 901.0 68.5 69.5 232 232
good24_5 244.5 450.5 17.2 192.0 556.0 901.0 65.5 69.5 232 233
good24_6 244.5 450.5 17.2 223.0 631.0 901.0 67.5 69.5 231 233
good25_1 245.5 451.5 17.0 179.0 431.0 901.0 66.5 70.5 232 233
good25_2 243.5 451.5 17.2 182.0 546.0 901.0 67.5 70.5 232 232
good25_3 245.5 450.5 17.2 258.0 890.0 901.0 64.5 69.5 230 233
good25_4 241.5 447.5 17.1 176.0 544.0 901.0 68.5 66.5 232 233
good25_5 243.5 446.5 17.2 238.0 962.0 901.0 66.5 65.5 232 232
good25_6 243.5 447.5 17.2 213.0 661.0 901.0 67.5 66.5 232 233
good26_1 248.5 450.5 18.3 330.0 1250.0 1009.0 64.5 72.5 233 233
good26_2 245.5 447.5 17.2 231.0 643.0 901.0 64.5 69.5 232 234
good26_3 246.5 448.5 17.2 230.0 758.0 901.0 63.5 69.5 231 233
good26_4 244.5 443.5 17.2 304.0 1184.0 901.0 66.5 65.5 231 234
good26_5 241.5 436.5 17.2 458.0 1738.0 901.0 65.5 61.5 233 230
good26_6 246.5 443.5 17.2 201.0 581.0 901.0 63.5 66.5 232 235
good27_1 241.5 451.5 17.2 270.0 998.0 901.0 67.5 70.5 231 233
good27_2 243.5 449.5 18.3 286.0 1018.0 1009.0 66.5 67.5 232 232
good27_3 239.5 448.5 17.4 337.0 1381.0 901.0 68.5 66.5 231 231
good27_4 243.5 450.5 17.1 276.0 1124.0 901.0 66.5 68.5 232 231
good27_5 242.5 451.5 16.6 275.0 1023.0 901.0 65.5 70.5 230 233
good27_6 244.5 452.5 18.3 282.0 1014.0 1009.0 66.5 70.5 231 233
good28_1 241.5 451.5 18.3 279.0 991.0 1009.0 67.5 69.5 231 231
good28_2 242.5 450.5 17.2 239.0 799.0 901.0 67.5 69.5 231 233
good28_3 241.5 451.5 17.2 259.0 911.0 901.0 67.5 69.5 231 233
good28_4 244.5 445.5 17.2 237.0 653.0 901.0 65.5 65.5 231 234
good28_5 244.5 448.5 16.9 274.0 1174.0 901.0 65.5 67.5 232 233
good28_6 244.5 448.5 17.2 284.0 880.0 901.0 65.5 67.5 232 232
good29_1 242.5 449.5 17.2 142.0 434.0 901.0 68.5 68.5 231 233
good29_2 240.5 445.5 17.2 270.0 806.0 901.0 67.5 63.5 231 231
good29_3 239.5 446.5 17.2 236.0 936.0 901.0 68.5 65.5 230 232
good29_4 242.5 453.5 17.2 198.0 562.0 901.0 67.5 71.5 232 232
good29_5 243.5 451.5 17.2 173.0 589.0 901.0 64.5 69.5 230 231
good29_6 241.5 450.5 18.3 296.0 1052.0 1009.0 66.5 69.5 230 233
good30_1 244.5 447.5 18.1 371.0 1287.0 1009.0 65.5 66.5 232 233
good30_2 247.5 446.5 18.2 416.0 1364.0 1009.0 63.5 66.5 232 233
good30_3 244.5 447.5 18.2 294.0 946.0 1009.0 65.5 68.5 232 234
good30_4 244.5 451.5 17.2 207.0 623.0 901.0 65.5 70.5 232 232
good30_5 244.5 450.5 17.2 177.0 501.0 901.0 66.5 69.5 233 232
good30_6 242.5 450.5 17.2 178.0 478.0 901.0 66.5 70.5 232 233
good31_1 243.5 449.5 17.2 130.0 314.0 901.0 65.5 70.5 231 234
good31_2 244.5 451.5 17.2 177.0 429.0 901.0 65.5 70.5 233 232
good31_3 243.5 449.5 17.2 139.0 391.0 901.0 67.5 69.5 233 232
good31_4 244.5 445.5 17.2 222.0 546.0 901.0 65.5 64.5 232 232
good31_5 244.5 445.5 17.2 180.0 500.0 901.0 64.5 66.5 231 234
good31_6 241.5 445.5 17.2 228.0 536.0 901.0 66.5 65.5 231 232
good32_1 245.5 449.5 17.2 175.0 483.0 901.0 64.5 69.5 232 232
good32_2 245.5 449.5 17.2 258.0 682.0 901.0 65.5 70.5 232 235
good32_3 240.5 449.5 18.3 280.0 996.0 1009.0 67.5 69.5 232 232
good32_4 243.5 446.5 18.2 330.0 1106.0 1009.0 66.5 67.5 232 234
good32_5 242.5 451.5 18.1 229.0 925.0 1009.0 67.5 70.5 232 233
good32_6 245.5 446.5 17.2 342.0 1010.0 901.0 65.5 66.5 232 233
good33_1 244.5 450.5 17.2 157.0 573.0 901.0 65.5 69.5 232 231
good33_2 244.5 448.5 17.2 184.0 652.0 901.0 65.5 68.5 231 233
good33_3 245.5 450.5 17.2 296.0 1192.0 901.0 64.5 70.5 231 233
good33_4 242.5 445.5 17.2 244.0 840.0 901.0 67.5 66.5 231 234
good33_5 245.5 447.5 17.2 452.0 1688.0 901.0 66.5 67.5 231 234
good33_6 244.5 448.5 17.2 215.0 531.0 901.0 65.5 67.5 232 231
good34_1 246.5 449.5 18.2 357.0 1221.0 1009.0 64.5 71.5 231 236
good34_2 245.5 452.5 17.2 183.0 459.0 901.0 64.5 71.5 232 233
good34_3 245.5 451.5 17.2 198.0 422.0 901.0 66.5 70.5 234 232
good34_4 244.5 448.5 17.1 180.0 492.0 901.0 65.5 68.5 232 232
good34_5 245.5 448.5 17.2 156.0 376.0 901.0 64.5 69.5 231 234
good34_6 245.5 447.5 17.2 187.0 507.0 901.0 64.5 67.5 233 234
good35_1 245.5 448.5 17.2 287.0 859.0 901.0 65.5 68.5 230 234
good35_2 243.5 446.5 17.2 302.0 1202.0 901.0 65.5 65.5 231 233
good35_3 245.5 446.5 17.2 323.0 1159.0 901.0 66.5 66.5 233 232
good35_4 245.5 451.5 17.2 222.0 670.0 901.0 66.5 71.5 232 232
good35_5 245.5 451.5 17.1 216.0 664.0 901.0 64.5 72.5 231 235
good35_6 243.5 449.5 17.2 296.0 1056.0 901.0 65.5 68.5 231 232
good36_1 241.5 451.5 18.3 262.0 790.0 1009.0 68.5 70.5 231 233
good36_2 245.5 450.5 18.3 295.0 987.0 1009.0 66.5 69.5 233 232
good36_3 244.5 449.5 17.2 132.0 336.0 901.0 65.5 71.5 231 235
good36_4 241.5 449.5 18.3 268.0 932.0 1009.0 67.5 69.5 231 233
good36_5 241.5 447.5 17.2 218.0 718.0 901.0 69.5 67.5 233 232
good36_6 244.5 445.5 17.2 227.0 675.0 901.0 65.5 66.5 231 234
good37_1 244.5 444.5 17.2 310.0 1174.0 901.0 66.5 65.5 233 233
good37_2 244.5 444.5 17.2 334.0 1254.0 901.0 66.5 65.5 233 232
good37_3 243.5 444.5 18.2 332.0 1232.0 1009.0 66.5 66.5 231 234
good37_4 243.5 450.5 17.2 153.0 373.0 901.0 66.5 71.5 232 234
good37_5 245.5 448.5 17.2 197.0 577.0 901.0 66.5 70.5 234 231
good37_6 244.5 447.5 17.2 235.0 723.0 901.0 65.5 69.5 232 234
good38_1 239.5 452.5 17.2 153.0 401.0 901.0 68.5 71.5 231 233
good38_2 244.5 450.5 18.3 267.0 871.0 1009.0 65.5 69.5 233 231
good38_3 243.5 450.5 17.2 268.0 856.0 901.0 66.5 70.5 231 234
good38_4 243.5 449.5 17.2 268.0 808.0 901.0 67.5 68.5 233 233
good38_5 245.5 447.5 18.0 326.0 1170.0 1009.0 65.5 66.5 233 231
good38_6 242.5 447.5 17.2 204.0 588.0 901.0 65.5 67.5 231 234
good39_1 243.5 450.5 17.2 185.0 637.0 901.0 66.5 70.5 231 232
good39_2 243.5 449.5 17.2 196.0 512.0 901.0 68.5 68.5 234 232
good39_3 244.5 445.5 17.2 270.0 970.0 901.0 65.5 67.5 231 235
good39_4 242.5 450.5 17.1 260.0 1072.0 901.0 67.5 70.5 232 233
good39_5 243.5 451.5 17.2 195.0 599.0 901.0 67.5 70.5 233 231
good39_6 243.5 449.5 17.2 116.0 288.0 901.0 66.5 70.5 232 234
good40_1 243.5 449.5 17.2 233.0 509.0 901.0 66.5 70.5 232 235
good40_2 243.5 450.5 17.1 230.0 602.0 901.0 66.5 69.5 232 233
good40_3 244.5 448.5 17.2 275.0 955.0 901.0 65.5 67.5 233 231
good40_4 246.5 446.5 16.6 278.0 790.0 901.0 63.5 66.5 232 233
good40_5 243.5 446.5 17.4 297.0 1037.0 901.0 66.5 67.5 232 235
good40_6 244.5 447.5 18.1 322.0 998.0 1009.0 64.5 67.5 231 234
good41_1 241.5 452.5 18.1 222.0 846.0 1009.0 67.5 70.5 232 232
good41_2 241.5 448.5 17.2 222.0 586.0 901.0 67.5 66.5 232 231
good41_3 244.5 446.5 17.2 264.0 816.0 901.0 63.5 65.5 230 233
good41_4 238.5 452.5 17.2 213.0 613.0 901.0 69.5 70.5 231 233
good41_5 244.5 450.5 17.2 191.0 615.0 901.0 65.5 68.5 232 231
good41_6 244.5 451.5 17.2 153.0 393.0 901.0 64.5 70.5 231 233
good42_1 244.5 449.5 17.2 207.0 807.0 901.0 64.5 68.5 231 232
good42_2 242.5 451.5 18.3 247.0 819.0 1009.0 67.5 69.5 231 233
good42_3 240.5 448.5 18.3 248.0 980.0 1009.0 69.5 66.5 232 231
good42_4 244.5 448.5 17.2 189.0 481.0 901.0 67.5 67.5 231 232
good42_5 243.5 451.5 17.2 191.0 459.0 901.0 66.5 70.5 231 233
good42_6 243.5 450.5 17.2 200.0 612.0 901.0 66.5 68.5 232 232
good43_1 244.5 450.5 18.3 313.0 925.0 1009.0 65.5 71.5 231 234
good43_2 242.5 450.5 17.2 198.0 594.0 901.0 67.5 70.5 232 234
good43_3 245.5 450.5 17.2 229.0 661.0 901.0 65.5 69.5 233 232
good43_4 245.5 447.5 17.2 154.0 390.0 901.0 65.5 66.5 233 232
good43_5 244.5 446.5 18.3 335.0 1123.0 1009.0 65.5 68.5 232 236
good43_6 242.5 446.5 17.2 223.0 699.0 901.0 67.5 65.5 232 233
good44_1 243.5 446.5 19.4 423.0 1719.0 1129.0 65.5 64.5 232 231
good44_2 240.5 447.5 18.3 218.0 830.0 1009.0 67.5 67.5 230 235
good44_3 241.5 448.5 17.2 208.0 684.0 901.0 68.5 66.5 232 232
good44_4 242.5 451.5 17.2 198.0 622.0 901.0 66.5 70.5 231 232
good44_5 244.5 452.5 17.1 187.0 667.0 901.0 64.5 71.5 231 232
good44_6 244.5 450.5 17.2 161.0 377.0 901.0 65.5 69.5 232 231
good45_1 243.5 450.5 17.2 182.0 482.0 901.0 67.5 69.5 233 234
good45_2 243.5 450.5 17.2 221.0 465.0 901.0 66.5 69.5 232 231
good45_3 241.5 449.5 17.2 266.0 718.0 901.0 66.5 70.5 230 234
good45_4 243.5 448.5 17.2 186.0 434.0 901.0 65.5 67.5 231 233
good45_5 243.5 446.5 17.2 219.0 683.0 901.0 65.5 65.5 232 232
good45_6 245.5 445.5 16.6 265.0 725.0 901.0 64.5 66.5 231 235
good46_1 245.5 446.5 17.2 314.0 1158.0 901.0 64.5 65.5 230 233
good46_2 239.5 448.5 17.2 198.0 530.0 901.0 69.5 66.5 232 233
good46_3 242.5 445.5 17.2 326.0 1238.0 901.0 68.5 63.5 233 231
good46_4 244.5 451.5 17.2 289.0 1053.0 901.0 65.5 70.5 232 232
good46_5 244.5 451.5 18.6 498.0 2106.0 1129.0 64.5 70.5 230 234
good46_6 243.5 452.5 17.2 218.0 754.0 901.0 65.5 70.5 231 232
good47_1 240.5 451.5 17.2 191.0 607.0 901.0 68.5 69.5 232 233
good47_2 241.5 446.5 17.2 162.0 606.0 901.0 66.5 65.5 230 233
good47_3 241.5 451.5 17.2 155.0 583.0 901.0 68.5 69.5 231 232
good47_4 242.5 451.5 17.0 156.0 424.0 901.0 65.5 70.5 230 233
good47_5 241.5 452.5 17.2 182.0 590.0 901.0 67.5 70.5 232 234
good47_6 242.5 451.5 17.1 142.0 418.0 901.0 66.5 69.5 232 232
good48_1 240.5 447.5 17.2 233.0 757.0 901.0 68.5 66.5 230 232
good48_2 246.5 450.5 17.2 391.0 1587.0 901.0 66.5 68.5 231 233
good48_3 241.5 450.5 18.3 296.0 1176.0 1009.0 67.5 68.5 232 232
good48_4 242.5 451.5 17.2 246.0 714.0 901.0 66.5 69.5 232 231
good48_5 241.5 452.5 17.2 233.0 909.0 901.0 68.5 71.5 232 233
good48_6 241.5 454.5 17.2 168.0 504.0 901.0 68.5 71.5 232 232
good49_1 242.5 448.5 17.2 225.0 641.0 901.0 66.5 66.5 232 232
good49_2 246.5 447.5 17.2 337.0 1217.0 901.0 65.5 64.5 232 231
good49_3 241.5 447.5 18.5 287.0 955.0 1009.0 65.5 66.5 230 233
good49_4 241.5 450.5 17.2 180.0 640.0 901.0 66.5 68.5 232 233
good49_5 241.5 450.5 17.2 204.0 568.0 901.0 67.5 68.5 233 231
good49_6 241.5 449.5 17.2 233.0 709.0 901.0 66.5 68.5 231 233
good50_1 244.5 449.5 17.2 219.0 667.0 901.0 65.5 68.5 233 232
good50_2 244.5 450.5 17.0 223.0 707.0 901.0 64.5 70.5 231 233
good50_3 241.5 450.5 17.2 208.0 576.0 901.0 67.5 70.5 232 234
good50_4 243.5 444.5 17.2 307.0 1015.0 901.0 65.5 64.5 231 233
good50_5 243.5 449.5 17.2 258.0 930.0 901.0 66.5 69.5 231 234
good50_6 241.5 448.5 17.2 245.0 821.0 901.0 68.5 67.5 233 232
good51_1 241.5 447.5 17.2 229.0 721.0 901.0 67.5 65.5 232 232
good51_2 243.5 446.5 17.2 274.0 862.0 901.0 66.5 64.5 234 230
good51_3 244.5 447.5 18.5 361.0 1153.0 1009.0 65.5 66.5 231 233
good51_4 242.5 450.5 17.2 200.0 540.0 901.0 66.5 68.5 232 233
good51_5 243.5 451.5 17.0 193.0 617.0 901.0 66.5 69.5 233 229
good51_6 245.5 449.5 17.2 351.0 1223.0 901.0 65.5 71.5 233 236
good52_1 242.5 453.5 17.2 182.0 498.0 901.0 66.5 70.5 233 231
good52_2 240.5 450.5 17.2 212.0 580.0 901.0 67.5 69.5 232 233
good52_3 243.5 450.5 17.2 237.0 817.0 901.0 67.5 68.5 233 232
good52_4 241.5 447.5 16.9 193.0 525.0 901.0 67.5 65.5 232 233
good52_5 241.5 448.5 17.2 331.0 1011.0 901.0 67.5 66.5 232 232
good52_6 241.5 449.5 16.9 185.0 557.0 901.0 65.5 67.5 232 232
good53_1 242.5 445.5 18.3 322.0 1146.0 1009.0 66.5 66.5 230 233
good53_2 242.5 448.5 17.2 301.0 941.0 901.0 65.5 67.5 231 232
good53_3 243.5 445.5 17.2 296.0 980.0 901.0 66.5 65.5 232 231
good53_4 244.5 449.5 17.2 173.0 485.0 901.0 65.5 69.5 232 231
good53_5 242.5 450.5 17.2 179.0 491.0 901.0 65.5 70.5 230 231
good53_6 240.5 450.5 17.2 165.0 501.0 901.0 68.5 70.5 232 232
good54_1 243.5 448.5 17.2 232.0 940.0 901.0 66.5 68.5 232 234
good54_2 238.5 448.5 17.2 305.0 1293.0 901.0 70.5 67.5 232 233
good54_3 242.5 448.5 17.2 207.0 663.0 901.0 66.5 67.5 234 231
good54_4 243.5 447.5 18.3 411.0 1719.0 1009.0 66.5 66.5 232 231
good54_5 241.5 446.5 18.3 328.0 1168.0 1009.0 66.5 66.5 232 233
good54_6 241.5 449.5 17.2 292.0 1132.0 901.0 67.5 69.5 232 234
good55_1 241.5 451.5 17.2 228.0 732.0 901.0 66.5 70.5 230 233
good55_2 242.5 450.5 18.3 436.0 1784.0 1009.0 66.5 69.5 232 233
good55_3 244.5 450.5 18.3 340.0 1436.0 1009.0 65.5 69.5 233 230
good55_4 241.5 447.5 17.2 296.0 940.0 901.0 68.5 66.5 233 231
good55_5 243.5 444.5 17.2 335.0 1415.0 901.0 65.5 63.5 231 232
good55_6 240.5 447.5 17.2 441.0 1757.0 901.0 69.5 66.5 232 232
good56_1 243.5 448.5 17.2 204.0 588.0 901.0 66.5 67.5 234 232
good56_2 241.5 446.5 17.2 260.0 688.0 901.0 67.5 67.5 232 234
good56_3 240.5 451.5 17.2 170.0 562.0 901.0 68.5 70.5 233 233
good56_4 244.5 449.5 18.3 305.0 965.0 1009.0 65.5 69.5 232 234
good56_5 241.5 450.5 17.2 278.0 958.0 901.0 68.5 69.5 233 233
good56_6 243.5 449.5 17.2 183.0 491.0 901.0 66.5 68.5 234 232
good57_1 239.5 444.5 17.2 246.0 738.0 901.0 68.5 63.5 232 233
good57_2 239.5 453.5 18.2 349.0 1109.0 1009.0 69.5 71.5 232 233
good57_3 242.5 449.5 17.1 237.0 641.0 901.0 66.5 67.5 233 232
good57_4 242.5 452.5 17.2 182.0 498.0 901.0 66.5 70.5 233 231
good57_5 241.5 449.5 17.2 230.0 582.0 901.0 66.5 68.5 231 233
good57_6 240.5 453.5 17.2 188.0 436.0 901.0 67.5 71.5 232 233
good58_1 241.5 445.5 17.2 271.0 895.0 901.0 65.5 65.5 230 233
good58_2 245.5 444.5 17.2 433.0 1773.0 901.0 64.5 63.5 234 231
good58_3 242.5 446.5 16.9 229.0 841.0 901.0 66.5 67.5 232 234
good58_4 242.5 451.5 18.3 318.0 1178.0 1009.0 66.5 69.5 232 232
good58_5 243.5 449.5 17.2 242.0 754.0 901.0 66.5 69.5 233 231
good58_6 239.5 448.5 18.3 311.0 1095.0 1009.0 67.5 68.5 230 233
good59_1 242.5 451.5 17.2 158.0 462.0 901.0 66.5 70.5 232 233
good59_2 239.5 451.5 17.2 214.0 690.0 901.0 69.5 70.5 232 233
good59_3 242.5 451.5 17.2 278.0 1038.0 901.0 66.5 70.5 232 231
good59_4 242.5 449.5 17.2 303.0 967.0 901.0 67.5 68.5 232 231
good59_5 241.5 444.5 17.2 336.0 1160.0 901.0 66.5 63.5 231 233
good59_6 239.5 449.5 17.2 198.0 542.0 901.0 69.5 67.5 232 233
good60_1 239.5 446.5 17.2 346.0 1290.0 901.0 68.5 65.5 231 232
good60_2 245.5 445.5 17.2 373.0 1381.0 901.0 64.5 64.5 233 231
good60_3 241.5 448.5 17.2 236.0 732.0 901.0 66.5 68.5 230 233
good60_4 243.5 450.5 18.3 419.0 1583.0 1009.0 64.5 69.5 231 232
good60_5 242.5 450.5 18.3 350.0 1278.0 1009.0 67.5 69.5 233 230
good60_6 243.5 450.5 17.2 259.0 871.0 901.0 66.5 70.5 231 233
good61_1 242.5 445.5 17.2 288.0 972.0 901.0 66.5 65.5 232 232
good61_2 241.5 450.5 18.2 291.0 903.0 1009.0 67.5 69.5 232 233
good61_3 243.5 448.5 17.2 251.0 907.0 901.0 66.5 66.5 232 231
good61_4 242.5 450.5 17.2 216.0 620.0 901.0 67.5 69.5 233 232
good61_5 243.5 449.5 17.2 250.0 778.0 901.0 64.5 69.5 231 233
good61_6 241.5 451.5 17.2 223.0 551.0 901.0 68.5 69.5 233 232
good62_1 242.5 450.5 18.3 281.0 1041.0 1009.0 64.5 70.5 230 233
good62_2 242.5 450.5 18.3 381.0 1457.0 1009.0 67.5 70.5 231 233
good62_3 244.5 449.5 18.3 339.0 1411.0 1009.0 64.5 68.5 232 231
good62_4 241.5 445.5 17.2 226.0 650.0 901.0 67.5 65.5 232 231
good62_5 243.5 443.5 17.2 291.0 1103.0 901.0 65.5 63.5 231 233
good62_6 244.5 449.5 18.3 347.0 1287.0 1009.0 65.5 68.5 231 233
good63_1 243.5 449.5 17.2 176.0 476.0 901.0 66.5 68.5 233 232
good63_2 242.5 449.5 17.2 198.0 518.0 901.0 67.5 68.5 233 233
good63_3 241.5 451.5 18.3 357.0 1145.0 1009.0 67.5 70.5 232 233
good63_4 243.5 446.5 18.3 404.0 1364.0 1009.0 66.5 65.5 233 233
good63_5 243.5 451.5 17.1 247.0 619.0 901.0 65.5 70.5 233 233
good63_6 242.5 446.5 17.2 244.0 688.0 901.0 65.5 64.5 233 231
good64_1 239.5 449.5 17.2 210.0 470.0 901.0 67.5 69.5 231 235
good64_2 242.5 451.5 17.2 251.0 735.0 901.0 67.5 69.5 233 232
good64_3 241.5 451.5 17.2 170.0 370.0 901.0 67.5 69.5 233 229
good64_4 244.5 449.5 17.2 320.0 1064.0 901.0 65.5 67.5 233 232
good64_5 244.5 445.5 17.2 243.0 663.0 901.0 66.5 65.5 232 233
good64_6 243.5 449.5 17.2 272.0 756.0 901.0 64.5 67.5 231 233
good65_1 242.5 450.5 17.2 390.0 1594.0 901.0 66.5 69.5 232 233
good65_2 241.5 451.5 17.2 199.0 655.0 901.0 67.5 69.5 232 231
good65_3 242.5 450.5 18.3 325.0 1217.0 1009.0 65.5 69.5 231 233
good65_4 242.5 446.5 17.2 395.0 1683.0 901.0 65.5 65.5 231 234
good65_5 239.5 446.5 17.2 213.0 737.0 901.0 70.5 65.5 234 232
good65_6 239.5 449.5 17.2 216.0 752.0 901.0 68.5 68.5 231 233
good66_1 241.5 445.5 17.2 258.0 798.0 901.0 67.5 65.5 231 233
good66_2 240.5 454.5 18.5 325.0 1057.0 1009.0 68.5 72.5 232 232
good66_3 244.5 446.5 17.2 259.0 783.0 901.0 65.5 65.5 233 231
good66_4 245.5 451.5 17.2 234.0 594.0 901.0 65.5 69.5 233 231
good66_5 243.5 448.5 17.2 219.0 647.0 901.0 65.5 69.5 231 235
good66_6 238.5 452.5 17.2 220.0 684.0 901.0 70.5 71.5 232 232
good67_1 238.5 451.5 17.2 238.0 586.0 901.0 68.5 69.5 231 231
good67_2 240.5 453.5 17.2 163.0 503.0 901.0 66.5 71.5 232 231
good67_3 244.5 450.5 17.2 244.0 892.0 901.0 65.5 68.5 231 233
good67_4 240.5 453.5 17.2 253.0 637.0 901.0 66.5 71.5 230 232
good67_5 240.5 446.5 17.2 231.0 855.0 901.0 66.5 64.5 231 231
good67_6 239.5 446.5 17.2 254.0 790.0 901.0 68.5 64.5 232 233
good68_1 239.5 453.5 18.2 377.0 1505.0 1009.0 68.5 71.5 231 232
good68_2 242.5 450.5 17.2 342.0 1394.0 901.0 66.5 68.5 232 230
good68_3 242.5 450.5 18.3 284.0 1052.0 1009.0 65.5 69.5 231 232
good68_4 238.5 447.5 18.3 351.0 1455.0 1009.0 69.5 65.5 230 232
good68_5 243.5 447.5 17.2 364.0 1428.0 901.0 66.5 65.5 232 231
good68_6 238.5 445.5 17.2 346.0 1250.0 901.0 68.5 64.5 230 233
good69_1 241.5 447.5 17.2 260.0 828.0 901.0 67.5 65.5 232 232
good69_2 243.5 447.5 17.2 181.0 497.0 901.0 65.5 66.5 233 232
good69_3 240.5 448.5 18.3 273.0 1041.0 1009.0 68.5 67.5 230 233
good69_4 242.5 449.5 18.3 245.0 813.0 1009.0 66.5 68.5 232 233
good69_5 242.5 449.5 18.3 315.0 1235.0 1009.0 66.5 67.5 232 231
good69_6 244.5 448.5 18.3 245.0 877.0 1009.0 64.5 66.5 231 232
good70_1 242.5 447.5 17.2 301.0 713.0 901.0 67.5 66.5 233 233
good70_2 242.5 448.5 17.2 213.0 521.0 901.0 65.5 67.5 232 233
good70_3 242.5 446.5 18.5 350.0 1254.0 1009.0 65.5 65.5 232 231
good70_4 241.5 450.5 17.2 160.0 460.0 901.0 67.5 69.5 234 230
good70_5 243.5 450.5 17.2 226.0 614.0 901.0 64.5 69.5 231 233
good70_6 242.5 449.5 17.2 189.0 549.0 901.0 65.5 68.5 231 232
