good_cube_11 303 339 18 78 76 262 260
good_cube_12 302 336 16 79 78 261 259
good_cube_13 305 338 16 75 76 260 260
good_cube_14 302 337 19 79 78 260 260
good_cube_15 301 341 20 78 74 259 260
good_cube_16 309 338 18 73 76 261 259
good_cube_21 305 337 18 78 75 263 258
good_cube_22 308 338 22 75 76 262 260
good_cube_23 305 339 17 77 74 261 259
good_cube_24 303 339 18 79 74 261 259
good_cube_25 310 339 17 71 73 261 262
good_cube_26 303 340 16 79 71 262 259
good_cube_31 305 339 20 75 75 261 258
good_cube_32 303 335 19 76 80 259 259
good_cube_33 302 341 19 79 74 261 262
good_cube_34 299 338 18 81 77 260 259
good_cube_35 306 339 17 74 75 259 259
good_cube_36 303 338 19 78 76 261 259
good_cube_41 302 339 18 78 75 261 258
good_cube_42 304 338 18 76 78 260 261
good_cube_43 306 338 17 74 76 262 260
good_cube_44 307 339 19 73 76 260 260
good_cube_45 302 338 19 79 77 261 261
good_cube_46 307 337 17 74 75 262 259
good_cube_51 304 339 19 78 73 261 259
good_cube_52 303 338 19 80 74 262 260
good_cube_54 307 338 18 73 76 260 261
good_cube_55 302 338 18 78 76 261 260
good_cube_56 305 337 20 77 77 263 260
good_cube_61 306 338 18 76 76 261 260
good_cube_62 307 341 18 75 73 265 261
good_cube_63 302 340 19 80 72 262 257
good_cube_64 303 340 18 77 74 260 260
good_cube_65 307 338 18 74 76 261 260
good_cube_66 301 339 18 79 75 261 260
good_cube_71 303 339 18 80 75 263 259
good_cube_72 304 339 19 78 76 261 262
good_cube_73 307 341 19 75 73 262 261
good_cube_74 306 340 20 74 74 260 260
good_cube_75 302 338 17 79 77 260 261
good_cube_76 306 338 18 76 75 262 259
good_cube_81 302 339 18 78 76 261 260
good_cube_82 303 338 19 78 76 261 261
good_cube_83 309 339 19 74 76 263 260
good_cube_84 308 340 19 74 73 262 258
good_cube_85 303 339 20 78 73 262 258
good_cube_86 306 337 18 74 77 260 262
good_cube_91 301 335 17 78 80 260 260
good_cube_92 303 339 18 76 76 259 260
good_cube_93 303 339 18 79 76 259 260
good_cube_94 301 338 19 80 76 261 259
good_cube_95 306 338 18 74 76 260 259
good_cube_96 302 339 18 79 76 258 261
good_cube_101 310 340 20 72 71 260 258
good_cube_102 311 342 19 71 70 262 258
good_cube_103 304 337 18 78 73 264 259
good_cube_104 303 339 17 78 73 260 258
good_cube_105 311 342 20 69 71 261 259
good_cube_106 302 339 19 79 72 263 260
