good1_1 243.5 450.5 17.4 67.5 76.5 233 241
good1_2 242.5 451.5 17.7 69.5 71.5 234 235
good1_3 245.5 450.5 17.2 66.5 71.5 241 236
good1_4 245.5 447.5 17.7 72.5 67.5 240 235
good1_5 247.5 445.5 16.1 67.5 67.5 235 237
good1_6 244.5 449.5 17.4 66.5 69.5 232 235
good2_1 242.5 447.5 17.7 68.5 67.5 232 235
good2_2 242.5 448.5 17.6 68.5 66.5 232 233
good2_3 241.5 446.5 18.5 68.5 63.5 231 232
good2_4 241.5 451.5 17.4 69.5 68.5 232 231
good2_5 243.5 451.5 18.2 66.5 69.5 231 233
good2_6 246.5 452.5 17.7 68.5 69.5 234 232
good3_1 241.5 450.5 16.9 69.5 68.5 233 233
good3_2 245.5 446.5 16.3 67.5 73.5 234 242
good3_3 245.5 448.5 16.9 65.5 70.5 232 238
good3_4 242.5 450.5 17.2 68.5 69.5 233 235
good3_5 243.5 452.5 16.9 67.5 72.5 233 234
good3_6 245.5 451.5 16.9 65.5 72.5 232 236
good4_1 243.5 450.5 17.8 66.5 68.5 232 232
good4_2 244.5 451.5 16.8 66.5 69.5 232 233
good4_3 243.5 452.5 18.5 67.5 72.5 232 235
good4_4 239.5 447.5 17.4 69.5 68.5 231 236
good4_5 243.5 452.5 17.2 67.5 71.5 232 234
good4_6 241.5 447.5 18.6 68.5 65.5 232 233
good5_1 244.5 449.5 18.1 65.5 70.5 232 236
good5_2 245.5 450.5 18.2 68.5 68.5 232 234
good5_3 244.5 449.5 17.4 67.5 71.5 234 235
good5_4 245.5 448.5 16.9 67.5 69.5 234 236
good5_5 243.5 447.5 17.9 66.5 68.5 232 236
good5_6 242.5 448.5 17.2 68.5 69.5 232 236
good6_1 244.5 449.5 17.2 66.5 67.5 233 232
good6_2 243.5 445.5 17.2 66.5 65.5 232 235
good6_3 239.5 454.5 16.6 69.5 72.5 231 233
good6_4 244.5 449.5 17.4 66.5 69.5 232 235
good6_5 239.5 453.5 17.2 70.5 71.5 232 233
good6_6 245.5 451.5 17.7 67.5 72.5 231 236
good7_1 242.5 453.5 18.0 67.5 73.5 231 235
good7_2 245.5 449.5 17.4 65.5 67.5 232 233
good7_3 243.5 450.5 17.2 67.5 70.5 232 235
good7_4 240.5 451.5 17.2 71.5 69.5 237 233
good7_5 246.5 447.5 17.4 64.5 68.5 231 236
good7_6 245.5 447.5 16.8 64.5 67.5 231 236
good8_1 240.5 451.5 17.2 70.5 69.5 233 234
good8_2 242.5 451.5 17.4 68.5 71.5 233 235
good8_3 246.5 452.5 17.2 66.5 75.5 231 239
good8_4 243.5 453.5 16.9 66.5 71.5 231 234
good8_5 243.5 448.5 17.2 67.5 70.5 233 237
good8_6 244.5 448.5 15.8 68.5 68.5 233 236
good9_1 248.5 450.5 17.9 65.5 67.5 232 233
good9_2 244.5 452.5 17.4 69.5 72.5 233 235
good9_3 242.5 452.5 17.7 68.5 69.5 231 233
good9_4 241.5 448.5 17.2 68.5 66.5 232 234
good9_5 244.5 450.5 16.6 66.5 68.5 232 233
good9_6 243.5 448.5 16.0 67.5 68.5 232 236
good10_1 248.5 446.5 17.2 65.5 66.5 233 234
good10_2 242.5 447.5 17.2 67.5 68.5 233 237
good10_3 246.5 448.5 17.4 65.5 68.5 233 236
good10_4 247.5 449.5 17.2 66.5 70.5 233 237
good10_5 242.5 451.5 17.2 68.5 73.5 232 238
good10_6 245.5 451.5 17.2 65.5 69.5 232 232
good11_1 240.5 447.5 17.2 69.5 64.5 231 232
good11_2 240.5 444.5 17.2 69.5 62.5 232 233
good11_3 243.5 446.5 16.9 68.5 67.5 230 238
good11_4 242.5 453.5 16.0 67.5 70.5 233 234
good11_5 248.5 452.5 17.2 64.5 70.5 233 234
good11_6 243.5 454.5 18.0 67.5 71.5 232 233
good12_1 244.5 447.5 16.9 66.5 67.5 232 235
good12_2 245.5 448.5 15.8 65.5 69.5 232 236
good12_3 245.5 446.5 18.0 65.5 65.5 232 234
good12_4 247.5 450.5 18.1 64.5 69.5 233 234
good12_5 245.5 451.5 17.4 65.5 71.5 232 235
good12_6 244.5 449.5 17.2 66.5 69.5 232 235
good13_1 243.5 452.5 17.4 68.5 75.5 234 238
good13_2 245.5 450.5 17.7 65.5 71.5 232 236
good13_3 243.5 452.5 17.8 67.5 74.5 233 238
good13_4 243.5 447.5 15.6 66.5 68.5 232 236
good13_5 243.5 453.5 16.6 68.5 73.5 232 235
good13_6 246.5 445.5 17.2 64.5 65.5 234 235
good14_1 242.5 448.5 17.7 68.5 73.5 236 240
good14_2 242.5 448.5 16.9 67.5 69.5 232 237
good14_3 240.5 449.5 17.2 68.5 69.5 233 236
good14_4 246.5 450.5 17.2 65.5 70.5 232 236
good14_5 242.5 453.5 18.0 67.5 75.5 232 238
good14_6 243.5 452.5 17.4 76.5 71.5 242 235
good15_1 246.5 446.5 17.2 65.5 64.5 233 233
good15_2 244.5 447.5 17.4 65.5 67.5 231 235
good15_3 242.5 450.5 17.1 67.5 69.5 232 235
good15_4 242.5 450.5 17.1 67.5 70.5 232 236
good15_5 241.5 452.5 17.4 69.5 72.5 236 236
good15_6 245.5 449.5 17.4 66.5 74.5 233 241
good16_1 243.5 447.5 17.2 68.5 68.5 235 236
good16_2 244.5 445.5 17.4 69.5 70.5 235 242
good16_3 239.5 454.5 16.7 70.5 77.5 232 242
good16_4 243.5 451.5 17.7 71.5 73.5 236 239
good16_5 236.5 451.5 18.5 73.5 71.5 232 236
good16_6 243.5 451.5 17.2 70.5 69.5 236 232
good17_1 242.5 448.5 18.3 69.5 67.5 233 234
good17_2 242.5 448.5 18.1 69.5 68.5 233 234
good17_3 240.5 444.5 18.5 68.5 64.5 231 235
good17_4 241.5 450.5 17.2 68.5 69.5 232 234
good17_5 244.5 451.5 17.4 66.5 71.5 232 235
good17_6 244.5 451.5 17.2 66.5 71.5 232 234
good18_1 243.5 449.5 17.4 65.5 67.5 231 233
good18_2 240.5 451.5 17.2 71.5 69.5 234 234
good18_3 244.5 452.5 17.9 67.5 69.5 233 232
good18_4 244.5 448.5 15.6 67.5 65.5 233 232
good18_5 241.5 446.5 17.7 68.5 66.5 232 235
good18_6 241.5 450.5 16.9 67.5 68.5 232 234
good19_1 245.5 446.5 16.9 65.5 69.5 232 238
good19_2 245.5 447.5 17.2 66.5 66.5 232 234
good19_3 244.5 448.5 18.0 66.5 83.5 234 249
good19_4 244.5 449.5 17.4 68.5 67.5 235 232
good19_5 243.5 447.5 18.0 66.5 67.5 232 236
good19_6 241.5 451.5 17.4 68.5 71.5 233 236
good20_1 243.5 449.5 17.2 66.5 69.5 231 235
good20_2 241.5 450.5 17.9 68.5 73.5 232 238
good20_3 242.5 450.5 17.7 67.5 79.5 232 243
good20_4 245.5 448.5 17.2 64.5 66.5 232 232
good20_5 242.5 447.5 16.3 67.5 65.5 231 233
good20_6 242.5 451.5 16.6 67.5 70.5 231 235
good21_1 241.5 449.5 18.0 69.5 67.5 232 233
good21_2 240.5 448.5 17.9 69.5 65.5 231 232
good21_3 242.5 448.5 17.4 67.5 66.5 231 232
good21_4 243.5 453.5 17.4 67.5 70.5 232 232
good21_5 242.5 449.5 16.6 68.5 69.5 232 236
good21_6 243.5 451.5 16.8 66.5 69.5 231 233
good22_1 241.5 452.5 16.1 69.5 72.5 232 235
good22_2 246.5 448.5 16.7 65.5 68.5 233 234
good22_3 245.5 447.5 16.6 66.5 67.5 234 233
good22_4 242.5 453.5 17.4 68.5 74.5 231 236
good22_5 246.5 449.5 17.2 65.5 68.5 234 232
good22_6 244.5 449.5 17.4 68.5 70.5 233 235
good23_1 245.5 452.5 16.7 65.5 77.5 233 240
good23_2 243.5 451.5 17.4 66.5 71.5 231 235
good23_3 242.5 450.5 17.8 68.5 68.5 233 233
good23_4 246.5 445.5 17.2 65.5 65.5 233 236
good23_5 243.5 452.5 15.8 67.5 74.5 232 237
good23_6 245.5 446.5 16.3 66.5 67.5 234 235
good24_1 240.5 450.5 15.8 68.5 67.5 231 232
good24_2 243.5 448.5 16.3 67.5 70.5 233 236
good24_3 242.5 448.5 16.8 67.5 67.5 231 234
good24_4 242.5 452.5 17.4 67.5 69.5 232 232
good24_5 243.5 451.5 16.9 67.5 68.5 232 232
good24_6 246.5 449.5 17.4 67.5 68.5 232 234
good25_1 245.5 452.5 18.3 66.5 70.5 231 233
good25_2 243.5 450.5 17.2 67.5 68.5 232 233
good25_3 246.5 451.5 17.6 64.5 69.5 231 233
good25_4 242.5 448.5 17.7 67.5 66.5 232 233
good25_5 242.5 446.5 17.2 68.5 65.5 232 233
good25_6 245.5 447.5 16.6 65.5 65.5 232 233
good26_1 248.5 448.5 18.3 65.5 69.5 234 233
good26_2 243.5 447.5 17.4 68.5 71.5 236 236
good26_3 244.5 450.5 17.9 67.5 73.5 233 235
good26_4 245.5 444.5 17.9 66.5 65.5 233 234
good26_5 239.5 436.5 17.9 70.5 62.5 236 236
good26_6 246.5 443.5 17.2 64.5 65.5 232 234
good27_1 241.5 450.5 16.0 68.5 67.5 231 232
good27_2 243.5 447.5 16.9 66.5 65.5 231 233
good27_3 240.5 449.5 16.8 68.5 66.5 231 232
good27_4 244.5 450.5 16.6 66.5 67.5 232 232
good27_5 241.5 450.5 16.8 68.5 67.5 231 233
good27_6 243.5 452.5 17.4 69.5 69.5 232 232
good28_1 243.5 452.5 18.1 66.5 71.5 232 232
good28_2 242.5 450.5 18.0 68.5 68.5 231 233
good28_3 243.5 450.5 17.4 66.5 67.5 231 233
good28_4 244.5 445.5 17.4 66.5 67.5 233 237
good28_5 244.5 450.5 17.4 66.5 67.5 232 232
good28_6 246.5 448.5 17.9 64.5 65.5 232 231
good29_1 241.5 448.5 18.5 70.5 65.5 231 232
good29_2 240.5 445.5 17.8 69.5 62.5 232 230
good29_3 240.5 448.5 18.2 68.5 66.5 230 232
good29_4 243.5 451.5 17.7 67.5 69.5 232 233
good29_5 241.5 452.5 18.0 67.5 69.5 231 231
good29_6 242.5 450.5 17.4 67.5 69.5 232 234
good30_1 243.5 447.5 17.2 67.5 65.5 232 233
good30_2 245.5 446.5 18.1 68.5 65.5 235 232
good30_3 243.5 446.5 17.4 68.5 66.5 233 235
good30_4 242.5 450.5 17.9 67.5 73.5 231 238
good30_5 244.5 450.5 17.9 66.5 68.5 232 232
good30_6 243.5 449.5 18.6 66.5 74.5 233 239
good31_1 245.5 448.5 18.0 66.5 68.5 233 234
good31_2 245.5 450.5 18.1 65.5 68.5 233 233
good31_3 244.5 448.5 18.5 67.5 68.5 233 233
good31_4 243.5 446.5 18.0 67.5 64.5 232 233
good31_5 243.5 446.5 17.2 66.5 67.5 231 235
good31_6 241.5 444.5 17.9 68.5 66.5 234 235
good32_1 243.5 450.5 18.1 67.5 77.5 233 240
good32_2 244.5 451.5 17.4 67.5 72.5 233 236
good32_3 241.5 450.5 18.0 67.5 70.5 232 234
good32_4 243.5 446.5 18.3 67.5 66.5 232 235
good32_5 242.5 451.5 18.0 68.5 69.5 232 233
good32_6 248.5 447.5 17.4 64.5 66.5 234 232
good33_1 244.5 449.5 18.0 65.5 67.5 231 231
good33_2 245.5 450.5 17.7 65.5 70.5 231 234
good33_3 244.5 449.5 19.1 67.5 69.5 232 235
good33_4 242.5 444.5 18.1 67.5 64.5 231 234
good33_5 245.5 447.5 16.8 66.5 65.5 231 233
good33_6 243.5 448.5 17.2 67.5 66.5 232 231
good34_1 246.5 450.5 18.1 65.5 71.5 232 236
good34_2 246.5 449.5 17.2 64.5 68.5 232 234
good34_3 246.5 449.5 17.9 66.5 67.5 234 233
good34_4 247.5 446.5 16.1 63.5 65.5 236 232
good34_5 245.5 445.5 17.4 65.5 66.5 232 236
good34_6 245.5 446.5 18.1 64.5 65.5 232 234
good35_1 244.5 446.5 17.4 67.5 66.5 232 235
good35_2 242.5 449.5 16.9 67.5 67.5 231 233
good35_3 244.5 448.5 18.0 68.5 66.5 233 232
good35_4 245.5 449.5 18.8 68.5 67.5 234 232
good35_5 243.5 450.5 18.5 67.5 70.5 232 235
good35_6 243.5 450.5 19.0 67.5 68.5 232 232
good36_1 241.5 451.5 17.7 69.5 69.5 232 233
good36_2 248.5 449.5 19.1 64.5 67.5 234 233
good36_3 241.5 449.5 18.8 68.5 70.5 231 235
good36_4 241.5 448.5 18.5 68.5 66.5 232 233
good36_5 241.5 446.5 17.2 71.5 66.5 234 233
good36_6 244.5 445.5 18.1 66.5 66.5 232 236
good37_1 244.5 443.5 19.1 67.5 63.5 233 234
good37_2 244.5 442.5 17.4 67.5 62.5 234 232
good37_3 245.5 445.5 19.3 65.5 66.5 233 234
good37_4 244.5 449.5 17.4 66.5 69.5 232 234
good37_5 244.5 448.5 18.8 67.5 77.5 234 242
good37_6 243.5 449.5 18.0 67.5 72.5 232 237
good38_1 240.5 450.5 17.4 68.5 68.5 231 233
good38_2 243.5 449.5 17.4 67.5 67.5 233 232
good38_3 245.5 450.5 18.0 65.5 68.5 232 233
good38_4 241.5 450.5 17.4 69.5 69.5 233 234
good38_5 246.5 447.5 17.4 65.5 67.5 234 235
good38_6 244.5 447.5 17.2 65.5 66.5 232 234
good39_1 243.5 449.5 19.0 68.5 67.5 233 232
good39_2 243.5 449.5 17.9 69.5 68.5 234 232
good39_3 243.5 444.5 19.1 67.5 65.5 231 235
good39_4 243.5 451.5 18.8 67.5 69.5 232 233
good39_5 244.5 450.5 18.2 66.5 68.5 233 232
good39_6 245.5 449.5 18.0 65.5 69.5 232 235
good40_1 245.5 449.5 18.0 65.5 69.5 233 235
good40_2 243.5 450.5 19.0 67.5 69.5 233 234
good40_3 244.5 449.5 17.2 67.5 69.5 235 233
good40_4 247.5 447.5 17.9 63.5 68.5 235 234
good40_5 243.5 445.5 16.9 67.5 69.5 233 239
good40_6 243.5 446.5 17.2 66.5 66.5 232 235
good41_1 241.5 451.5 17.8 68.5 70.5 232 234
good41_2 242.5 447.5 17.7 68.5 67.5 233 235
good41_3 242.5 447.5 17.6 67.5 65.5 233 233
good41_4 240.5 453.5 17.4 69.5 71.5 233 233
good41_5 242.5 452.5 17.7 68.5 69.5 232 232
good41_6 244.5 450.5 18.0 65.5 67.5 231 232
good42_1 242.5 449.5 19.0 67.5 68.5 231 234
good42_2 242.5 448.5 19.4 67.5 65.5 231 232
good42_3 240.5 447.5 18.0 70.5 64.5 232 232
good42_4 245.5 447.5 17.7 69.5 65.5 233 233
good42_5 244.5 449.5 18.8 66.5 69.5 232 235
good42_6 240.5 450.5 18.3 69.5 67.5 231 232
good43_1 244.5 449.5 19.3 65.5 69.5 231 235
good43_2 243.5 450.5 18.8 66.5 69.5 231 235
good43_3 245.5 452.5 18.5 66.5 70.5 233 232
good43_4 246.5 446.5 18.0 64.5 64.5 233 233
good43_5 245.5 445.5 17.7 65.5 66.5 232 236
good43_6 243.5 446.5 17.4 66.5 64.5 235 233
good44_1 241.5 446.5 18.2 68.5 63.5 232 231
good44_2 239.5 448.5 18.8 70.5 69.5 232 237
good44_3 241.5 447.5 17.7 68.5 64.5 231 232
good44_4 242.5 451.5 19.9 67.5 71.5 231 235
good44_5 242.5 452.5 18.0 67.5 69.5 231 233
good44_6 244.5 450.5 17.4 65.5 67.5 232 232
good45_1 245.5 449.5 18.2 65.5 71.5 232 238
good45_2 243.5 449.5 17.9 67.5 67.5 232 232
good45_3 241.5 449.5 18.1 68.5 77.5 232 243
good45_4 245.5 448.5 17.2 64.5 66.5 232 233
good45_5 244.5 446.5 17.4 67.5 67.5 234 235
good45_6 244.5 446.5 17.7 66.5 66.5 232 235
good46_1 245.5 443.5 17.9 65.5 61.5 230 233
good46_2 241.5 449.5 18.1 69.5 66.5 233 233
good46_3 243.5 445.5 17.4 67.5 62.5 233 232
good46_4 243.5 453.5 18.8 67.5 73.5 232 235
good46_5 243.5 450.5 17.9 67.5 68.5 233 234
good46_6 242.5 451.5 17.7 67.5 68.5 232 232
good47_1 240.5 450.5 17.7 69.5 67.5 232 233
good47_2 241.5 445.5 18.8 67.5 63.5 230 234
good47_3 240.5 451.5 18.8 69.5 68.5 230 232
good47_4 241.5 449.5 18.8 68.5 67.5 231 234
good47_5 242.5 453.5 18.5 66.5 70.5 231 233
good47_6 242.5 452.5 18.1 67.5 69.5 232 232
good48_1 241.5 447.5 17.4 69.5 65.5 232 233
good48_2 246.5 448.5 18.0 67.5 65.5 234 233
good48_3 241.5 449.5 17.4 68.5 67.5 232 233
good48_4 241.5 452.5 17.9 69.5 69.5 233 232
good48_5 242.5 451.5 17.7 67.5 69.5 231 234
good48_6 243.5 454.5 18.5 67.5 70.5 232 232
good49_1 241.5 449.5 18.0 68.5 67.5 232 234
good49_2 246.5 449.5 17.4 67.5 79.5 235 246
good49_3 242.5 445.5 18.1 65.5 63.5 235 234
good49_4 241.5 450.5 17.9 67.5 68.5 232 234
good49_5 243.5 450.5 18.5 67.5 67.5 234 232
good49_6 242.5 449.5 18.0 67.5 67.5 232 234
good50_1 243.5 449.5 19.1 67.5 69.5 234 235
good50_2 244.5 450.5 17.4 65.5 70.5 232 235
good50_3 240.5 451.5 19.0 70.5 70.5 233 234
good50_4 243.5 443.5 18.8 66.5 63.5 232 235
good50_5 244.5 449.5 17.7 66.5 68.5 232 234
good50_6 242.5 448.5 17.2 68.5 68.5 234 235
good51_1 243.5 448.5 17.2 66.5 65.5 234 233
good51_2 243.5 447.5 17.7 67.5 66.5 239 232
good51_3 244.5 446.5 17.2 67.5 67.5 233 237
good51_4 242.5 451.5 17.1 67.5 71.5 232 236
good51_5 243.5 452.5 18.3 68.5 70.5 234 234
good51_6 245.5 449.5 18.1 67.5 73.5 237 244
good52_1 242.5 451.5 17.7 68.5 71.5 234 236
good52_2 242.5 451.5 18.0 66.5 69.5 232 234
good52_3 243.5 450.5 18.0 67.5 68.5 232 234
good52_4 240.5 448.5 18.0 69.5 66.5 232 234
good52_5 243.5 450.5 17.7 66.5 67.5 233 233
good52_6 241.5 447.5 17.4 67.5 64.5 233 232
good53_1 243.5 444.5 19.3 66.5 64.5 231 235
good53_2 242.5 446.5 19.1 68.5 64.5 233 232
good53_3 244.5 445.5 19.1 67.5 67.5 233 235
good53_4 245.5 450.5 18.8 65.5 68.5 234 232
good53_5 241.5 450.5 18.8 68.5 70.5 232 234
good53_6 241.5 449.5 18.8 68.5 68.5 232 233
good54_1 244.5 448.5 18.0 69.5 68.5 236 235
good54_2 240.5 450.5 18.5 69.5 68.5 232 234
good54_3 242.5 447.5 19.1 68.5 66.5 235 233
good54_4 242.5 447.5 18.2 73.5 65.5 238 233
good54_5 240.5 445.5 17.9 68.5 65.5 232 236
good54_6 242.5 447.5 19.3 67.5 66.5 232 234
good55_1 243.5 450.5 17.7 66.5 70.5 234 235
good55_2 243.5 449.5 18.0 66.5 67.5 232 233
good55_3 244.5 450.5 17.9 66.5 67.5 233 232
good55_4 241.5 444.5 20.2 69.5 62.5 235 232
good55_5 241.5 446.5 18.5 68.5 65.5 232 234
good55_6 241.5 445.5 18.0 68.5 63.5 233 233
good56_1 242.5 446.5 17.9 68.5 64.5 234 233
good56_2 242.5 444.5 18.5 67.5 65.5 233 236
good56_3 240.5 450.5 17.4 69.5 68.5 233 233
good56_4 244.5 450.5 18.5 65.5 69.5 232 235
good56_5 242.5 450.5 18.0 68.5 68.5 233 234
good56_6 243.5 450.5 19.1 67.5 69.5 234 234
good57_1 239.5 444.5 18.1 69.5 62.5 232 235
good57_2 238.5 452.5 17.7 72.5 69.5 233 241
good57_3 243.5 448.5 17.7 66.5 65.5 233 238
good57_4 243.5 452.5 19.0 66.5 69.5 234 233
good57_5 240.5 450.5 18.5 68.5 68.5 231 234
good57_6 240.5 453.5 18.0 68.5 70.5 232 239
good58_1 241.5 446.5 19.1 67.5 65.5 232 241
good58_2 243.5 446.5 19.9 67.5 64.5 235 233
good58_3 242.5 446.5 19.3 67.5 66.5 232 236
good58_4 242.5 449.5 18.8 67.5 67.5 232 234
good58_5 244.5 450.5 18.8 66.5 69.5 233 233
good58_6 239.5 449.5 19.1 70.5 69.5 232 235
good59_1 239.5 448.5 16.9 70.5 66.5 232 233
good59_2 240.5 451.5 20.2 69.5 69.5 234 233
good59_3 243.5 450.5 18.5 66.5 70.5 232 236
good59_4 243.5 447.5 18.0 67.5 65.5 233 233
good59_5 242.5 445.5 18.0 67.5 63.5 232 233
good59_6 240.5 451.5 17.9 69.5 68.5 232 234
good60_1 240.5 448.5 18.0 69.5 66.5 232 234
good60_2 245.5 444.5 17.9 65.5 62.5 235 232
good60_3 240.5 447.5 18.0 69.5 68.5 232 236
good60_4 242.5 450.5 19.1 67.5 68.5 232 233
good60_5 243.5 450.5 18.0 70.5 68.5 236 232
good60_6 243.5 449.5 18.0 66.5 67.5 231 233
good61_1 243.5 443.5 18.0 66.5 63.5 233 237
good61_2 243.5 449.5 18.0 65.5 67.5 232 233
good61_3 244.5 446.5 17.9 65.5 67.5 232 236
good61_4 242.5 447.5 17.2 68.5 65.5 234 233
good61_5 242.5 448.5 18.0 67.5 67.5 232 234
good61_6 243.5 450.5 18.5 66.5 68.5 234 234
good62_1 242.5 449.5 19.3 66.5 68.5 231 234
good62_2 242.5 450.5 18.8 68.5 68.5 234 233
good62_3 243.5 450.5 18.0 66.5 69.5 232 233
good62_4 241.5 446.5 19.1 69.5 65.5 233 232
good62_5 243.5 444.5 18.8 66.5 64.5 233 235
good62_6 244.5 448.5 17.4 66.5 66.5 232 233
good63_1 243.5 450.5 18.8 67.5 68.5 234 233
good63_2 242.5 451.5 18.1 68.5 73.5 235 238
good63_3 241.5 450.5 19.2 68.5 68.5 232 233
good63_4 242.5 446.5 17.4 67.5 66.5 232 236
good63_5 242.5 450.5 17.2 68.5 68.5 234 233
good63_6 240.5 445.5 18.2 69.5 62.5 235 231
good64_1 241.5 450.5 18.5 66.5 68.5 232 234
good64_2 243.5 450.5 17.2 67.5 67.5 233 233
good64_3 242.5 451.5 19.0 67.5 68.5 233 233
good64_4 244.5 449.5 17.7 66.5 66.5 234 232
good64_5 243.5 446.5 17.7 68.5 66.5 233 235
good64_6 244.5 447.5 17.7 64.5 64.5 231 234
good65_1 242.5 450.5 17.7 67.5 68.5 232 233
good65_2 241.5 450.5 18.8 68.5 67.5 233 232
good65_3 242.5 451.5 18.8 67.5 69.5 233 234
good65_4 240.5 448.5 17.7 69.5 67.5 232 235
good65_5 241.5 446.5 17.9 68.5 63.5 233 232
good65_6 239.5 448.5 17.9 69.5 66.5 232 234
good66_1 242.5 446.5 18.0 68.5 66.5 232 236
good66_2 240.5 452.5 18.1 69.5 69.5 232 233
good66_3 243.5 449.5 16.9 67.5 67.5 234 233
good66_4 243.5 452.5 17.7 68.5 69.5 235 233
good66_5 243.5 449.5 17.2 66.5 69.5 232 235
good66_6 239.5 450.5 17.7 69.5 67.5 232 232
good67_1 237.5 452.5 18.0 70.5 69.5 231 233
good67_2 240.5 451.5 18.0 67.5 68.5 232 233
good67_3 243.5 451.5 18.0 67.5 68.5 232 234
good67_4 240.5 452.5 18.5 68.5 69.5 231 233
good67_5 240.5 446.5 17.9 67.5 63.5 230 232
good67_6 239.5 446.5 18.5 69.5 63.5 232 233
good68_1 239.5 452.5 18.5 69.5 69.5 231 232
good68_2 242.5 450.5 18.1 67.5 67.5 232 232
good68_3 242.5 449.5 18.0 66.5 69.5 231 234
good68_4 238.5 448.5 17.7 71.5 65.5 232 232
good68_5 244.5 448.5 17.4 66.5 65.5 232 232
good68_6 237.5 445.5 17.4 71.5 65.5 231 236
good69_1 242.5 447.5 18.8 67.5 64.5 233 233
good69_2 243.5 446.5 17.9 65.5 65.5 235 234
good69_3 240.5 448.5 18.5 69.5 65.5 231 232
good69_4 241.5 448.5 19.4 68.5 66.5 232 233
good69_5 243.5 450.5 18.2 66.5 67.5 233 233
good69_6 244.5 447.5 19.4 65.5 64.5 232 233
good70_1 240.5 446.5 18.1 70.5 64.5 235 233
good70_2 241.5 446.5 17.7 68.5 80.5 233 249
good70_3 241.5 445.5 17.9 68.5 63.5 235 231
good70_4 242.5 450.5 19.0 67.5 68.5 234 232
good70_5 243.5 450.5 19.0 66.5 70.5 233 236
good70_6 242.5 449.5 18.0 66.5 67.5 232 233
