bad1_1 242.5 443.5 17.9 2295.0 1009.0 67.5 61.5 233 233
bad1_2 242.5 442.5 18.0 2754.0 1009.0 67.5 61.5 231 232
bad1_3 0 0 0 0 0 -78 -382 230 232
bad1_4 258.5 448.5 17.9 2583.0 1009.0 50.5 68.5 232 234
bad1_5 256.5 449.5 17.4 2783.0 901.0 51.5 67.5 231 231
bad1_6 260.5 450.5 17.1 2348.0 901.0 49.5 68.5 232 232
bad2_1 241.5 448.5 17.2 975.0 901.0 66.5 66.5 231 231
bad2_2 242.5 449.5 15.9 319.0 797.0 65.5 67.5 231 232
bad2_3 240.5 453.5 17.4 630.0 901.0 67.5 70.5 231 231
bad2_4 240.5 449.5 17.7 1271.0 1009.0 67.5 67.5 231 232
bad2_5 243.5 450.5 18.1 1433.0 1009.0 67.5 68.5 231 233
bad2_6 241.5 451.5 17.2 805.0 901.0 67.5 69.5 232 231
bad3_1 242.5 455.5 17.2 1158.0 901.0 66.5 72.5 232 230
bad3_2 240.5 451.5 17.2 656.0 901.0 68.5 69.5 231 232
bad3_3 239.5 452.5 17.2 648.0 901.0 69.5 70.5 232 232
bad3_4 240.5 449.5 17.4 936.0 901.0 67.5 67.5 230 232
bad3_5 241.5 452.5 17.0 619.0 901.0 65.5 69.5 231 232
bad3_6 240.5 452.5 17.7 1166.0 1009.0 67.5 71.5 231 232
bad4_1 243.5 444.5 17.7 1193.0 1009.0 66.5 62.5 233 233
bad4_2 243.5 443.5 17.2 1395.0 901.0 65.5 61.5 232 232
bad4_3 243.5 444.5 17.2 1175.0 901.0 64.5 62.5 231 233
bad4_4 241.5 450.5 17.7 1525.0 1009.0 66.5 68.5 232 233
bad4_5 240.5 451.5 17.4 1166.0 901.0 68.5 69.5 232 232
bad4_6 243.5 451.5 17.7 1430.0 1009.0 65.5 69.5 232 232
bad5_1 244.5 453.5 17.2 1666.0 901.0 64.5 71.5 232 233
bad5_2 244.5 451.5 17.7 1526.0 1009.0 65.5 69.5 233 232
bad5_3 241.5 451.5 17.2 751.0 901.0 66.5 69.5 231 232
bad5_4 239.5 442.5 17.2 1862.0 901.0 69.5 60.5 232 231
bad5_5 246.5 446.5 18.1 1884.0 1009.0 65.5 63.5 233 232
bad5_6 244.5 443.5 17.7 1844.0 1009.0 64.5 61.5 232 233
bad6_1 246.5 439.5 17.9 1699.0 1009.0 63.5 59.5 231 233
bad6_2 247.5 440.5 17.7 1951.0 1009.0 61.5 60.5 231 232
bad6_3 246.5 442.5 17.2 589.0 901.0 65.5 62.5 234 232
bad6_4 248.5 444.5 16.9 1318.0 901.0 60.5 66.5 233 234
bad6_5 249.5 448.5 17.9 1192.0 1009.0 60.5 68.5 231 233
bad6_6 249.5 447.5 16.6 1202.0 901.0 60.5 66.5 232 233
bad7_1 241.5 450.5 18.0 1072.0 1009.0 66.5 69.5 231 233
bad7_2 243.5 453.5 17.2 621.0 901.0 66.5 71.5 232 232
bad7_3 242.5 452.5 16.9 1159.0 901.0 66.5 71.5 232 233
bad7_4 240.5 450.5 16.3 502.0 797.0 69.5 68.5 233 233
bad7_5 243.5 446.5 16.9 1085.0 901.0 67.5 65.5 232 233
bad7_6 241.5 444.5 17.4 1433.0 901.0 66.5 63.5 231 234
bad8_1 242.5 444.5 18.1 933.0 1009.0 66.5 63.5 232 231
bad8_2 241.5 447.5 16.9 654.0 901.0 67.5 66.5 232 232
bad8_3 239.5 448.5 16.6 643.0 901.0 67.5 67.5 231 233
bad8_4 241.5 448.5 18.2 866.0 1009.0 66.5 67.5 231 232
bad8_5 243.5 450.5 19.1 1907.0 1129.0 65.5 69.5 232 233
bad8_6 243.5 451.5 17.7 1012.0 1009.0 64.5 69.5 231 230
bad9_1 240.5 445.5 17.7 1446.0 1009.0 68.5 64.5 232 233
bad9_2 241.5 447.5 16.7 899.0 901.0 68.5 65.5 232 231
bad9_3 241.5 444.5 18.5 1221.0 1009.0 66.5 63.5 231 232
bad9_4 242.5 452.5 16.6 1027.0 901.0 67.5 70.5 233 232
bad9_5 244.5 451.5 17.2 587.0 901.0 64.5 70.5 232 231
bad9_6 244.5 449.5 18.6 1752.0 1129.0 63.5 68.5 231 232
bad10_1 0 0 0 0 0 -77 -380 233 229
bad10_2 243.5 445.5 16.9 510.0 901.0 66.5 66.5 233 234
bad10_3 241.5 452.5 17.2 483.0 901.0 67.5 73.5 232 234
bad10_4 244.5 443.5 15.8 1276.0 797.0 65.5 64.5 234 233
bad10_5 240.5 449.5 17.4 696.0 901.0 68.5 68.5 232 232
bad10_6 245.5 446.5 17.4 530.0 901.0 63.5 66.5 234 231
bad11_1 247.5 447.5 19.1 1537.0 1129.0 61.5 65.5 230 232
bad11_2 242.5 448.5 17.4 702.0 901.0 65.5 66.5 232 232
bad11_3 249.5 448.5 16.9 1836.0 901.0 59.5 66.5 234 232
bad11_4 245.5 444.5 16.9 1054.0 901.0 64.5 62.5 232 231
bad11_5 242.5 440.5 15.5 1281.0 797.0 65.5 58.5 232 231
bad11_6 245.5 446.5 16.9 617.0 901.0 62.5 63.5 231 232
bad12_1 242.5 451.5 17.9 1055.0 1009.0 67.5 68.5 233 231
bad12_2 244.5 448.5 17.8 1272.0 1009.0 63.5 67.5 230 233
bad12_3 243.5 450.5 18.3 1025.0 1009.0 64.5 68.5 231 233
bad12_4 239.5 444.5 17.4 938.0 901.0 68.5 64.5 231 234
bad12_5 240.5 448.5 15.8 300.0 797.0 68.5 65.5 232 232
bad12_6 240.5 449.5 16.9 763.0 901.0 68.5 67.5 232 232
bad13_1 0 0 0 0 0 -76 -381 233 233
bad13_2 242.5 449.5 17.7 1397.0 1009.0 66.5 67.5 232 232
bad13_3 244.5 450.5 17.4 1215.0 901.0 64.5 69.5 232 234
bad13_4 0 0 0 0 0 -80 -382 232 233
bad13_5 247.5 445.5 16.1 1303.0 797.0 62.5 64.5 233 232
bad13_6 245.5 449.5 17.2 789.0 901.0 67.5 71.5 235 232
bad14_1 241.5 447.5 17.4 784.0 901.0 68.5 65.5 233 233
bad14_2 240.5 444.5 17.2 1382.0 901.0 69.5 63.5 234 233
bad14_3 239.5 442.5 17.2 1508.0 901.0 68.5 60.5 231 232
bad14_4 240.5 454.5 16.7 506.0 901.0 68.5 73.5 232 234
bad14_5 244.5 455.5 17.4 874.0 901.0 64.5 73.5 232 232
bad14_6 242.5 454.5 17.8 1590.0 1009.0 65.5 72.5 231 232
bad15_1 258.5 448.5 17.4 675.0 901.0 51.5 66.5 231 232
bad15_2 241.5 448.5 16.7 986.0 901.0 66.5 67.5 230 233
bad15_3 244.5 444.5 17.4 757.0 901.0 65.5 62.5 232 232
bad15_4 245.5 436.5 18.3 1385.0 1009.0 64.5 56.5 231 232
bad15_5 243.5 449.5 18.3 973.0 1009.0 64.5 67.5 231 232
bad15_6 243.5 449.5 17.9 1184.0 1009.0 66.5 67.5 233 231
bad16_1 241.5 445.5 17.7 1001.0 1009.0 67.5 64.5 233 232
bad16_2 241.5 443.5 16.8 1015.0 901.0 67.5 62.5 230 233
bad16_3 243.5 450.5 18.1 1297.0 1009.0 65.5 68.5 233 232
bad16_4 246.5 450.5 18.1 906.0 1009.0 62.5 69.5 231 233
bad16_5 242.5 447.5 16.6 869.0 901.0 66.5 66.5 232 233
bad16_6 245.5 450.5 17.1 786.0 901.0 62.5 68.5 231 231
bad17_1 243.5 448.5 17.6 948.0 1009.0 65.5 66.5 232 232
bad17_2 241.5 450.5 17.4 474.0 901.0 66.5 69.5 232 234
bad17_3 242.5 448.5 17.2 3038.0 901.0 67.5 66.5 233 232
bad17_4 243.5 448.5 17.2 599.0 901.0 64.5 66.5 232 232
bad17_5 260.5 449.5 15.9 3045.0 797.0 48.5 67.5 231 232
bad17_6 242.5 450.5 17.2 606.0 901.0 67.5 68.5 234 233
bad18_1 237.5 452.5 19.1 1633.0 1129.0 71.5 70.5 233 232
bad18_2 242.5 452.5 17.2 956.0 901.0 67.5 70.5 232 233
bad18_3 243.5 451.5 17.7 1065.0 1009.0 65.5 70.5 232 233
bad18_4 242.5 451.5 16.1 537.0 797.0 67.5 69.5 232 232
bad18_5 241.5 446.5 17.4 913.0 901.0 67.5 65.5 233 233
bad18_6 242.5 447.5 17.7 1617.0 1009.0 66.5 66.5 232 233
bad19_1 245.5 448.5 17.7 1260.0 1009.0 63.5 66.5 232 231
bad19_2 241.5 444.5 17.7 1149.0 1009.0 65.5 65.5 233 233
bad19_3 241.5 449.5 18.5 1348.0 1009.0 67.5 67.5 232 232
bad19_4 244.5 444.5 17.2 1321.0 901.0 64.5 63.5 231 232
bad19_5 241.5 450.5 17.9 1264.0 1009.0 66.5 68.5 231 232
bad19_6 244.5 443.5 18.0 1355.0 1009.0 65.5 61.5 232 231
bad20_1 242.5 446.5 17.9 1837.0 1009.0 66.5 63.5 231 232
bad20_2 243.5 441.5 17.4 2018.0 901.0 65.5 59.5 232 231
bad20_3 243.5 444.5 17.2 1624.0 901.0 64.5 62.5 231 232
bad20_4 241.5 454.5 17.4 449.0 901.0 66.5 72.5 231 232
bad20_5 244.5 454.5 17.9 1230.0 1009.0 65.5 72.5 233 233
bad20_6 242.5 453.5 17.2 1249.0 901.0 65.5 71.5 231 232
bad21_1 245.5 444.5 20.2 2153.0 1257.0 63.5 64.5 232 233
bad21_2 251.5 447.5 15.9 698.0 797.0 59.5 65.5 232 231
bad21_3 248.5 447.5 16.1 495.0 797.0 60.5 68.5 231 234
bad21_4 245.5 444.5 17.3 722.0 901.0 63.5 64.5 231 233
bad21_5 246.5 442.5 18.1 1559.0 1009.0 63.5 61.5 234 232
bad21_6 0 0 0 0 0 -77 -380 231 233
bad22_1 243.5 450.5 17.7 922.0 1009.0 64.5 69.5 231 233
bad22_2 243.5 448.5 18.5 1249.0 1009.0 65.5 66.5 231 232
bad22_3 240.5 449.5 18.0 1580.0 1009.0 67.5 68.5 232 233
bad22_4 244.5 447.5 16.6 1038.0 901.0 65.5 66.5 231 233
bad22_5 246.5 447.5 18.0 1533.0 1009.0 61.5 66.5 232 232
bad22_6 243.5 446.5 16.9 1150.0 901.0 66.5 64.5 232 232
bad23_1 238.5 448.5 18.0 1336.0 1009.0 69.5 65.5 231 232
bad23_2 238.5 452.5 18.1 1035.0 1009.0 69.5 69.5 231 232
bad23_3 238.5 450.5 16.9 397.0 901.0 68.5 68.5 231 230
bad23_4 240.5 456.5 16.9 659.0 901.0 67.5 73.5 231 231
bad23_5 241.5 454.5 16.9 429.0 901.0 67.5 71.5 231 232
bad23_6 238.5 454.5 16.8 820.0 901.0 69.5 71.5 232 232
bad24_1 239.5 453.5 18.5 899.0 1009.0 69.5 72.5 231 233
bad24_2 240.5 454.5 17.8 1159.0 1009.0 69.5 73.5 232 233
bad24_3 238.5 454.5 17.7 1370.0 1009.0 70.5 73.5 232 233
bad24_4 239.5 450.5 17.2 537.0 901.0 69.5 69.5 232 232
bad24_5 240.5 451.5 17.9 1345.0 1009.0 69.5 70.5 233 233
bad24_6 239.5 448.5 15.8 814.0 797.0 69.5 67.5 232 233
bad25_1 240.5 451.5 17.4 1216.0 901.0 68.5 70.5 232 234
bad25_2 242.5 450.5 17.7 1323.0 1009.0 65.5 68.5 231 232
bad25_3 242.5 453.5 17.4 1406.0 901.0 67.5 71.5 233 233
bad25_4 244.5 444.5 17.9 1709.0 1009.0 64.5 62.5 232 233
bad25_5 242.5 440.5 16.1 1251.0 797.0 66.5 59.5 233 234
bad25_6 244.5 445.5 16.8 1160.0 901.0 64.5 63.5 232 232
bad26_1 241.5 451.5 17.7 1682.0 1009.0 67.5 70.5 232 233
bad26_2 244.5 452.5 18.5 1419.0 1009.0 66.5 70.5 233 233
bad26_3 240.5 450.5 17.9 1003.0 1009.0 69.5 69.5 233 233
bad26_4 243.5 443.5 16.3 1328.0 797.0 66.5 62.5 233 233
bad26_5 244.5 448.5 17.2 1190.0 901.0 65.5 67.5 233 234
bad26_6 244.5 439.5 16.8 1885.0 901.0 65.5 60.5 233 233
bad27_1 236.5 453.5 19.1 1498.0 1129.0 71.5 71.5 231 232
bad27_2 239.5 448.5 17.9 1416.0 1009.0 69.5 68.5 233 233
bad27_3 0 0 0 0 0 -77 -382 231 232
bad27_4 239.5 453.5 18.5 926.0 1009.0 68.5 72.5 231 233
bad27_5 0 0 0 0 0 -77 -382 231 231
bad27_6 240.5 453.5 16.9 864.0 901.0 66.5 71.5 231 232
bad28_1 243.5 447.5 16.8 808.0 901.0 66.5 68.5 231 233
bad28_2 241.5 446.5 17.4 1025.0 901.0 66.5 64.5 231 231
bad28_3 244.5 448.5 16.3 534.0 797.0 65.5 67.5 233 231
bad28_4 243.5 448.5 18.5 1488.0 1009.0 66.5 66.5 233 231
bad28_5 243.5 444.5 18.5 1713.0 1009.0 65.5 64.5 232 232
bad28_6 243.5 450.5 17.8 1242.0 1009.0 64.5 69.5 231 232
bad29_1 245.5 449.5 17.2 422.0 901.0 63.5 66.5 231 230
bad29_2 248.5 450.5 17.2 750.0 901.0 60.5 68.5 232 233
bad29_3 243.5 448.5 15.6 454.0 797.0 64.5 65.5 231 232
bad29_4 244.5 445.5 18.1 880.0 1009.0 63.5 64.5 231 234
bad29_5 243.5 447.5 17.2 1060.0 901.0 65.5 64.5 232 232
bad29_6 243.5 445.5 17.4 1004.0 901.0 64.5 62.5 232 231
bad30_1 239.5 453.5 17.8 1158.0 1009.0 70.5 72.5 231 234
bad30_2 238.5 452.5 17.4 727.0 901.0 69.5 71.5 231 232
bad30_3 238.5 451.5 17.4 482.0 901.0 71.5 70.5 233 233
bad30_4 239.5 457.5 16.6 469.0 901.0 70.5 76.5 233 233
bad30_5 241.5 454.5 16.9 498.0 901.0 68.5 72.5 233 231
bad30_6 239.5 451.5 17.9 1017.0 1009.0 68.5 71.5 230 233
bad31_1 239.5 449.5 18.5 1401.0 1009.0 70.5 68.5 232 232
bad31_2 240.5 449.5 18.0 993.0 1009.0 70.5 69.5 230 234
bad31_3 234.5 454.5 17.2 461.0 901.0 74.5 72.5 232 232
bad31_4 240.5 452.5 18.0 1258.0 1009.0 67.5 71.5 230 233
bad31_5 237.5 455.5 16.7 666.0 901.0 70.5 73.5 230 231
bad31_6 241.5 453.5 17.4 452.0 901.0 69.5 72.5 234 231
bad32_1 237.5 453.5 19.1 1333.0 1129.0 71.5 71.5 232 232
bad32_2 238.5 450.5 17.4 365.0 901.0 69.5 68.5 232 233
bad32_3 242.5 449.5 17.2 1396.0 901.0 67.5 67.5 232 232
bad32_4 238.5 454.5 18.1 908.0 1009.0 70.5 72.5 233 232
bad32_5 239.5 452.5 17.4 750.0 901.0 68.5 70.5 231 232
bad32_6 241.5 453.5 18.0 813.0 1009.0 66.5 71.5 231 233
bad33_1 246.5 444.5 16.0 1450.0 797.0 63.5 63.5 233 234
bad33_2 241.5 444.5 16.3 967.0 797.0 67.5 62.5 232 233
bad33_3 246.5 441.5 19.6 3309.0 1257.0 61.5 58.5 231 232
bad33_4 241.5 450.5 17.4 1211.0 901.0 68.5 68.5 233 232
bad33_5 243.5 450.5 18.0 1794.0 1009.0 65.5 69.5 232 234
bad33_6 245.5 452.5 16.8 1354.0 901.0 64.5 69.5 232 232
bad34_1 241.5 448.5 18.0 1086.0 1009.0 66.5 66.5 231 232
bad34_2 244.5 448.5 17.9 1267.0 1009.0 65.5 66.5 232 232
bad34_3 242.5 449.5 17.2 557.0 901.0 65.5 67.5 230 233
bad34_4 242.5 449.5 17.4 661.0 901.0 65.5 67.5 231 232
bad34_5 244.5 449.5 17.2 690.0 901.0 63.5 67.5 231 232
bad34_6 247.5 448.5 16.6 1391.0 901.0 61.5 66.5 232 232
bad35_1 242.5 452.5 18.0 1524.0 1009.0 67.5 71.5 232 233
bad35_2 257.5 449.5 17.7 3685.0 1009.0 52.5 68.5 233 233
bad35_3 243.5 449.5 16.3 382.0 797.0 65.5 67.5 231 233
bad35_4 239.5 448.5 17.4 1367.0 901.0 69.5 67.5 232 233
bad35_5 242.5 450.5 17.9 1073.0 1009.0 66.5 68.5 232 232
bad35_6 244.5 451.5 17.2 2801.0 901.0 64.5 69.5 232 233
bad36_1 242.5 450.5 16.8 732.0 901.0 67.5 68.5 233 232
bad36_2 243.5 447.5 16.3 409.0 797.0 67.5 66.5 233 234
bad36_3 240.5 448.5 16.6 1353.0 901.0 69.5 67.5 233 233
bad36_4 244.5 447.5 17.2 906.0 901.0 64.5 67.5 231 233
bad36_5 243.5 455.5 16.1 514.0 797.0 65.5 73.5 233 232
bad36_6 251.5 448.5 17.7 1964.0 1009.0 58.5 67.5 233 232
bad37_1 241.5 451.5 17.4 639.0 901.0 68.5 69.5 233 232
bad37_2 240.5 455.5 17.4 646.0 901.0 67.5 73.5 230 233
bad37_3 245.5 445.5 15.8 2649.0 797.0 62.5 62.5 231 232
bad37_4 241.5 452.5 17.2 594.0 901.0 68.5 71.5 231 234
bad37_5 232.5 454.5 18.2 3347.0 1009.0 75.5 71.5 231 232
bad37_6 239.5 452.5 17.2 673.0 901.0 70.5 69.5 232 230
bad38_1 242.5 453.5 18.0 1014.0 1009.0 66.5 71.5 232 232
bad38_2 242.5 453.5 16.0 647.0 797.0 67.5 71.5 233 232
bad38_3 242.5 453.5 18.1 1332.0 1009.0 66.5 72.5 231 233
bad38_4 240.5 449.5 16.3 151.0 797.0 66.5 67.5 231 232
bad38_5 239.5 448.5 17.2 915.0 901.0 69.5 66.5 232 231
bad38_6 241.5 448.5 17.7 1850.0 1009.0 67.5 67.5 231 233
bad39_1 245.5 449.5 18.0 1895.0 1009.0 62.5 69.5 230 232
bad39_2 242.5 447.5 18.0 1422.0 1009.0 65.5 69.5 231 232
bad39_3 245.5 446.5 18.1 1465.0 1009.0 65.5 67.5 233 231
bad39_4 243.5 438.5 17.4 1952.0 901.0 67.5 61.5 235 232
bad39_5 247.5 444.5 16.8 1323.0 901.0 61.5 65.5 231 234
bad39_6 0 0 0 0 0 -75 -378 232 232
bad40_1 239.5 453.5 18.0 3180.0 1009.0 69.5 72.5 232 233
bad40_2 239.5 453.5 18.5 3577.0 1009.0 69.5 72.5 232 233
bad40_3 241.5 454.5 17.2 960.0 901.0 67.5 72.5 232 233
bad40_4 252.5 446.5 17.4 2891.0 901.0 56.5 65.5 232 234
bad40_5 237.5 448.5 17.8 1213.0 1009.0 70.5 67.5 232 233
bad40_6 254.5 447.5 17.2 3313.0 901.0 53.5 65.5 231 232
bad41_1 238.5 449.5 16.8 785.0 901.0 71.5 68.5 232 233
bad41_2 242.5 451.5 16.1 216.0 797.0 66.5 70.5 232 234
bad41_3 240.5 447.5 17.2 673.0 901.0 69.5 66.5 233 233
bad41_4 241.5 452.5 17.7 1069.0 1009.0 67.5 71.5 234 233
bad41_5 241.5 452.5 18.1 1012.0 1009.0 68.5 70.5 233 232
bad41_6 242.5 449.5 17.7 1579.0 1009.0 67.5 68.5 233 233
bad42_1 243.5 444.5 17.2 665.0 901.0 64.5 63.5 232 233
bad42_2 243.5 442.5 17.1 1187.0 901.0 66.5 61.5 233 231
bad42_3 242.5 442.5 19.1 1927.0 1129.0 64.5 61.5 229 232
bad42_4 248.5 447.5 18.1 1472.0 1009.0 59.5 66.5 230 233
bad42_5 248.5 445.5 17.2 921.0 901.0 59.5 64.5 232 231
bad42_6 250.5 446.5 17.4 1642.0 901.0 56.5 65.5 229 232
bad43_1 240.5 440.5 17.4 1477.0 901.0 67.5 58.5 231 233
bad43_2 242.5 445.5 17.2 1437.0 901.0 66.5 63.5 232 233
bad43_3 244.5 445.5 15.8 1121.0 797.0 65.5 63.5 233 232
bad43_4 245.5 452.5 17.7 1854.0 1009.0 63.5 70.5 232 233
bad43_5 240.5 449.5 17.4 1396.0 901.0 67.5 67.5 231 232
bad43_6 242.5 449.5 17.2 1223.0 901.0 66.5 67.5 233 233
bad44_1 236.5 455.5 17.7 924.0 1009.0 72.5 72.5 231 231
bad44_2 238.5 453.5 18.1 904.0 1009.0 69.5 71.5 232 231
bad44_3 236.5 454.5 17.2 415.0 901.0 70.5 72.5 230 232
bad44_4 235.5 455.5 18.0 1173.0 1009.0 71.5 73.5 230 232
bad44_5 239.5 456.5 17.2 625.0 901.0 69.5 74.5 232 231
bad44_6 239.5 453.5 17.4 638.0 901.0 69.5 71.5 231 233
bad45_1 241.5 450.5 17.4 921.0 901.0 67.5 69.5 231 231
bad45_2 239.5 452.5 17.7 1453.0 1009.0 68.5 71.5 230 232
bad45_3 237.5 455.5 18.0 1644.0 1009.0 72.5 74.5 233 232
bad45_4 240.5 450.5 17.2 860.0 901.0 67.5 70.5 230 235
bad45_5 238.5 453.5 17.2 909.0 901.0 70.5 73.5 231 234
bad45_6 240.5 453.5 15.5 861.0 797.0 68.5 72.5 232 232
bad46_1 242.5 449.5 17.0 568.0 901.0 65.5 68.5 230 232
bad46_2 240.5 450.5 17.4 2085.0 901.0 68.5 68.5 232 233
bad46_3 240.5 448.5 18.0 1364.0 1009.0 68.5 67.5 233 230
bad46_4 243.5 450.5 18.0 1138.0 1009.0 65.5 68.5 231 231
bad46_5 241.5 449.5 17.2 785.0 901.0 65.5 67.5 231 232
bad46_6 250.5 450.5 16.7 2361.0 901.0 57.5 68.5 231 232
bad47_1 250.5 449.5 17.2 910.0 901.0 59.5 69.5 232 232
bad47_2 248.5 448.5 15.4 691.0 709.0 60.5 67.5 232 232
bad47_3 249.5 448.5 16.3 389.0 797.0 60.5 67.5 232 232
bad47_4 246.5 440.5 16.3 891.0 797.0 62.5 60.5 231 233
bad47_5 247.5 441.5 17.9 1514.0 1009.0 61.5 61.5 232 234
bad47_6 247.5 440.5 17.2 2194.0 901.0 61.5 60.5 232 232
bad48_1 242.5 447.5 17.2 1125.0 901.0 66.5 65.5 232 233
bad48_2 245.5 443.5 17.2 1876.0 901.0 63.5 61.5 232 232
bad48_3 246.5 444.5 17.4 1800.0 901.0 62.5 62.5 232 233
bad48_4 241.5 451.5 17.2 537.0 901.0 68.5 70.5 233 233
bad48_5 243.5 450.5 17.4 1077.0 901.0 66.5 68.5 233 232
bad48_6 244.5 452.5 17.2 958.0 901.0 65.5 70.5 233 233
bad49_1 242.5 452.5 17.1 786.0 901.0 66.5 70.5 232 233
bad49_2 243.5 455.5 17.2 964.0 901.0 64.5 72.5 231 231
bad49_3 242.5 451.5 17.2 901.0 901.0 67.5 69.5 233 232
bad49_4 243.5 444.5 16.3 1398.0 797.0 66.5 61.5 233 232
bad49_5 244.5 447.5 16.3 1170.0 797.0 64.5 65.5 232 232
bad49_6 240.5 443.5 17.2 1706.0 901.0 68.5 61.5 232 233
bad50_1 239.5 453.5 18.0 902.0 1009.0 69.5 71.5 233 233
bad50_2 238.5 457.5 18.5 1036.0 1009.0 69.5 75.5 231 233
bad50_3 241.5 454.5 17.2 983.0 901.0 67.5 72.5 232 232
bad50_4 239.5 449.5 18.0 1301.0 1009.0 69.5 67.5 232 232
bad50_5 237.5 451.5 17.0 622.0 901.0 70.5 69.5 231 233
bad50_6 237.5 452.5 16.3 367.0 797.0 72.5 70.5 233 233
bad51_1 243.5 443.5 17.9 2640.0 1009.0 66.5 61.5 233 232
bad51_2 243.5 442.5 17.7 2091.0 1009.0 64.5 60.5 231 232
bad51_3 240.5 444.5 17.4 1775.0 901.0 68.5 63.5 233 233
bad51_4 241.5 451.5 18.8 2332.0 1129.0 67.5 70.5 232 233
bad51_5 241.5 451.5 17.2 1118.0 901.0 68.5 70.5 234 232
bad51_6 242.5 452.5 17.2 1005.0 901.0 67.5 72.5 233 232
bad52_1 241.5 454.5 17.2 819.0 901.0 64.5 71.5 229 232
bad52_2 242.5 451.5 17.7 964.0 1009.0 64.5 69.5 230 231
bad52_3 242.5 453.5 17.4 926.0 901.0 64.5 71.5 230 229
bad52_4 237.5 446.5 18.0 1948.0 1009.0 69.5 63.5 232 228
bad52_5 240.5 444.5 16.0 968.0 797.0 66.5 62.5 231 230
bad52_6 237.5 449.5 18.1 893.0 1009.0 68.5 68.5 229 233
bad53_1 247.5 445.5 19.1 2337.0 1129.0 65.5 74.5 235 237
bad53_2 240.5 444.5 16.9 1073.0 901.0 68.5 64.5 232 233
bad53_3 243.5 445.5 17.2 750.0 901.0 64.5 67.5 231 234
bad53_4 246.5 445.5 16.9 1640.0 901.0 63.5 68.5 230 232
bad53_5 246.5 447.5 17.7 1961.0 1009.0 64.5 66.5 233 232
bad53_6 248.5 445.5 16.1 1180.0 797.0 59.5 66.5 232 232
bad54_1 249.5 443.5 17.7 3291.0 1009.0 59.5 61.5 232 232
bad54_2 239.5 440.5 17.8 1987.0 1009.0 68.5 60.5 231 235
bad54_3 243.5 443.5 15.8 1820.0 797.0 65.5 62.5 232 232
bad54_4 243.5 454.5 17.2 2036.0 901.0 64.5 73.5 231 233
bad54_5 244.5 453.5 17.4 1463.0 901.0 63.5 71.5 232 232
bad54_6 242.5 453.5 17.4 1513.0 901.0 65.5 72.5 232 233
bad55_1 241.5 453.5 16.6 819.0 901.0 68.5 72.5 231 233
bad55_2 235.5 454.5 16.6 1244.0 901.0 73.5 73.5 232 232
bad55_3 238.5 456.5 17.7 1387.0 1009.0 71.5 75.5 233 231
bad55_4 240.5 453.5 16.3 396.0 797.0 69.5 72.5 232 233
bad55_5 236.5 451.5 16.0 352.0 797.0 72.5 70.5 231 233
bad55_6 236.5 455.5 16.1 317.0 797.0 72.5 74.5 232 232
bad56_1 242.5 446.5 18.0 1461.0 1009.0 66.5 65.5 231 232
bad56_2 0 0 0 0 0 -78 -381 231 233
bad56_3 243.5 448.5 17.3 968.0 901.0 65.5 67.5 232 232
bad56_4 243.5 447.5 17.4 525.0 901.0 65.5 66.5 231 232
bad56_5 242.5 448.5 18.5 1439.0 1009.0 66.5 68.5 232 233
bad56_6 240.5 448.5 17.8 3549.0 1009.0 68.5 67.5 232 233
bad57_1 235.5 454.5 17.4 1242.0 901.0 72.5 72.5 231 231
bad57_2 237.5 455.5 17.2 648.0 901.0 70.5 73.5 231 232
bad57_3 240.5 454.5 17.9 1723.0 1009.0 71.5 71.5 231 232
bad57_4 241.5 454.5 16.6 1389.0 901.0 67.5 72.5 230 232
bad57_5 236.5 455.5 17.9 1075.0 1009.0 71.5 73.5 231 232
bad57_6 240.5 454.5 17.0 900.0 901.0 68.5 71.5 233 231
bad58_1 242.5 442.5 17.0 1655.0 901.0 65.5 60.5 231 232
bad58_2 241.5 452.5 15.6 914.0 797.0 68.5 71.5 232 233
bad58_3 242.5 445.5 17.2 2315.0 901.0 67.5 64.5 233 232
bad58_4 242.5 453.5 17.4 1097.0 901.0 66.5 71.5 232 231
bad58_5 242.5 450.5 17.2 2066.0 901.0 65.5 70.5 231 234
bad58_6 240.5 452.5 15.9 1080.0 797.0 68.5 71.5 232 232
bad59_1 243.5 444.5 17.4 1191.0 901.0 67.5 63.5 232 231
bad59_2 241.5 445.5 17.4 783.0 901.0 67.5 65.5 231 233
bad59_3 240.5 442.5 17.7 1477.0 1009.0 67.5 62.5 231 232
bad59_4 245.5 450.5 18.8 1627.0 1129.0 63.5 70.5 230 233
bad59_5 245.5 449.5 18.0 937.0 1009.0 64.5 68.5 233 232
bad59_6 244.5 448.5 18.0 1205.0 1009.0 65.5 68.5 233 232
bad60_1 241.5 448.5 17.2 954.0 901.0 66.5 66.5 231 233
bad60_2 241.5 447.5 18.2 1144.0 1009.0 67.5 66.5 232 231
bad60_3 241.5 446.5 17.4 1427.0 901.0 66.5 64.5 231 232
bad60_4 241.5 452.5 16.9 696.0 901.0 66.5 70.5 231 232
bad60_5 241.5 452.5 15.9 355.0 797.0 66.5 70.5 233 231
bad60_6 240.5 452.5 17.4 720.0 901.0 67.5 70.5 231 233
bad61_1 250.5 450.5 17.2 2240.0 901.0 57.5 68.5 231 232
bad61_2 241.5 450.5 16.6 1313.0 901.0 67.5 68.5 233 232
bad61_3 241.5 451.5 16.9 945.0 901.0 67.5 69.5 232 232
bad61_4 242.5 449.5 17.4 1747.0 901.0 67.5 67.5 233 233
bad61_5 242.5 449.5 17.4 1005.0 901.0 66.5 67.5 232 232
bad61_6 239.5 449.5 17.2 891.0 901.0 68.5 67.5 232 233
bad62_1 242.5 448.5 17.0 928.0 901.0 65.5 66.5 231 232
bad62_2 240.5 448.5 16.0 629.0 797.0 68.5 66.5 233 231
bad62_3 241.5 447.5 15.5 776.0 797.0 66.5 65.5 231 232
bad62_4 239.5 452.5 17.7 1198.0 1009.0 69.5 70.5 232 232
bad62_5 240.5 451.5 17.2 662.0 901.0 67.5 69.5 233 231
bad62_6 239.5 451.5 17.1 784.0 901.0 66.5 70.5 230 234
bad63_1 241.5 449.5 17.2 737.0 901.0 66.5 67.5 232 231
bad63_2 241.5 449.5 16.9 2985.0 901.0 66.5 67.5 232 233
bad63_3 240.5 449.5 17.7 1147.0 1009.0 67.5 67.5 233 233
bad63_4 241.5 448.5 16.6 924.0 901.0 67.5 66.5 233 233
bad63_5 243.5 451.5 17.2 864.0 901.0 65.5 69.5 233 232
bad63_6 258.5 450.5 15.8 3019.0 797.0 50.5 68.5 232 231
bad64_1 244.5 455.5 17.7 1599.0 1009.0 63.5 73.5 231 232
bad64_2 245.5 449.5 17.2 595.0 901.0 63.5 67.5 233 232
bad64_3 242.5 452.5 17.7 1278.0 1009.0 65.5 70.5 231 232
bad64_4 241.5 440.5 16.3 1356.0 797.0 66.5 58.5 231 233
bad64_5 242.5 442.5 18.1 2031.0 1009.0 65.5 60.5 231 231
bad64_6 245.5 442.5 16.3 1094.0 797.0 62.5 60.5 232 232
bad65_1 238.5 452.5 17.7 1008.0 1009.0 69.5 71.5 232 232
bad65_2 241.5 455.5 17.2 792.0 901.0 67.5 73.5 232 232
bad65_3 240.5 452.5 18.1 1044.0 1009.0 68.5 71.5 233 233
bad65_4 239.5 450.5 17.4 860.0 901.0 69.5 68.5 232 233
bad65_5 240.5 449.5 17.2 1103.0 901.0 69.5 68.5 233 234
bad65_6 238.5 448.5 16.9 1010.0 901.0 69.5 67.5 232 233
bad66_1 239.5 445.5 17.7 1324.0 1009.0 69.5 64.5 232 233
bad66_2 241.5 445.5 16.9 879.0 901.0 66.5 63.5 231 233
bad66_3 242.5 446.5 16.1 1188.0 797.0 67.5 64.5 233 231
bad66_4 244.5 452.5 17.2 740.0 901.0 64.5 70.5 232 230
bad66_5 245.5 450.5 17.4 1267.0 901.0 63.5 69.5 231 233
bad66_6 244.5 450.5 18.1 1373.0 1009.0 64.5 68.5 232 232
bad67_1 239.5 451.5 17.4 993.0 901.0 70.5 69.5 234 232
bad67_2 238.5 450.5 17.2 896.0 901.0 68.5 69.5 231 233
bad67_3 243.5 449.5 18.0 1757.0 1009.0 67.5 67.5 232 232
bad67_4 241.5 452.5 15.6 356.0 797.0 66.5 71.5 231 233
bad67_5 246.5 448.5 17.2 1830.0 901.0 65.5 66.5 232 232
bad67_6 241.5 451.5 17.7 1349.0 1009.0 67.5 69.5 232 232
bad68_1 0 0 0 0 0 -77 -380 231 233
bad68_2 236.5 451.5 16.3 418.0 797.0 71.5 70.5 231 233
bad68_3 241.5 448.5 16.3 767.0 797.0 69.5 67.5 233 231
bad68_4 239.5 449.5 17.2 1486.0 901.0 70.5 68.5 233 231
bad68_5 249.5 448.5 17.2 1155.0 901.0 59.5 68.5 231 233
bad68_6 240.5 451.5 17.9 1276.0 1009.0 70.5 72.5 233 233
bad69_1 241.5 453.5 17.7 1407.0 1009.0 67.5 72.5 233 231
bad69_2 240.5 453.5 17.3 775.0 901.0 67.5 73.5 230 233
bad69_3 240.5 449.5 17.8 1003.0 1009.0 69.5 67.5 232 231
bad69_4 239.5 448.5 18.0 1598.0 1009.0 69.5 68.5 232 232
bad69_5 241.5 449.5 17.2 437.0 901.0 66.5 68.5 231 231
bad69_6 240.5 449.5 17.4 1155.0 901.0 69.5 68.5 233 231
bad70_1 245.5 451.5 17.2 870.0 901.0 63.5 69.5 232 230
bad70_2 243.5 452.5 17.4 718.0 901.0 63.5 71.5 229 232
bad70_3 243.5 453.5 16.6 866.0 901.0 63.5 71.5 230 231
bad70_4 241.5 446.5 17.7 1418.0 1009.0 65.5 64.5 230 231
bad70_5 240.5 445.5 16.3 697.0 797.0 66.5 63.5 230 230
bad70_6 241.5 446.5 17.4 1126.0 901.0 67.5 63.5 231 230
