good1_1 17.2 206.0 410.0 901.0 26 64.5 71.5 231 234
good1_2 18.3 257.0 813.0 1009.0 22 66.5 70.5 233 234
good1_3 17.2 146.0 338.0 901.0 25 64.5 71.5 232 234
good1_4 17.2 176.0 548.0 901.0 18 64.5 67.5 232 233
good1_5 17.2 209.0 401.0 901.0 20 65.5 69.5 233 234
good1_6 17.2 168.0 348.0 901.0 20 65.5 72.5 232 235
good2_1 18.3 249.0 913.0 1009.0 24 67.5 69.5 231 233
good2_2 17.2 125.0 341.0 901.0 18 68.5 66.5 231 232
good2_3 18.3 246.0 954.0 1009.0 16 67.5 64.5 231 231
good2_4 18.3 238.0 938.0 1009.0 19 67.5 69.5 232 232
good2_5 17.2 118.0 342.0 901.0 22 65.5 69.5 230 232
good2_6 18.3 181.0 661.0 1009.0 18 64.5 71.5 231 232
good3_1 17.2 143.0 435.0 901.0 18 66.5 70.5 232 234
good3_2 18.3 276.0 900.0 1009.0 22 66.5 66.5 234 232
good3_3 17.2 241.0 637.0 901.0 22 67.5 68.5 232 235
good3_4 17.2 105.0 209.0 901.0 22 67.5 71.5 232 234
good3_5 17.2 230.0 654.0 901.0 21 65.5 69.5 233 233
good3_6 18.3 265.0 789.0 1009.0 21 65.5 70.5 231 234
good4_1 18.3 298.0 890.0 1009.0 20 64.5 71.5 231 231
good4_2 18.3 268.0 852.0 1009.0 22 65.5 72.5 231 234
good4_3 18.3 319.0 971.0 1009.0 21 68.5 71.5 233 233
good4_4 18.3 245.0 1009.0 1009.0 12 67.5 65.5 230 234
good4_5 17.2 155.0 463.0 901.0 19 66.5 71.5 231 233
good4_6 17.2 153.0 577.0 901.0 21 67.5 65.5 231 233
good5_1 17.2 201.0 521.0 901.0 20 65.5 73.5 231 236
good5_2 17.2 237.0 705.0 901.0 23 65.5 70.5 232 234
good5_3 17.2 372.0 840.0 901.0 20 64.5 70.5 232 233
good5_4 18.3 314.0 938.0 1009.0 20 65.5 66.5 233 233
good5_5 17.2 337.0 789.0 901.0 24 64.5 69.5 231 236
good5_6 18.3 278.0 1114.0 1009.0 18 67.5 68.5 232 235
good6_1 17.2 163.0 563.0 901.0 20 67.5 67.5 232 232
good6_2 18.3 312.0 1032.0 1009.0 20 65.5 66.5 232 234
good6_3 18.3 226.0 814.0 1009.0 23 68.5 73.5 232 233
good6_4 17.2 179.0 423.0 901.0 25 65.5 72.5 231 235
good6_5 17.2 196.0 440.0 901.0 21 69.5 72.5 232 234
good6_6 18.3 309.0 969.0 1009.0 22 64.5 70.5 232 234
good7_1 17.2 194.0 466.0 901.0 21 67.5 71.5 231 234
good7_2 18.3 332.0 1044.0 1009.0 21 65.5 71.5 231 233
good7_3 18.3 284.0 932.0 1009.0 20 63.5 69.5 231 233
good7_4 18.3 272.0 884.0 1009.0 25 66.5 70.5 232 233
good7_5 18.3 303.0 943.0 1009.0 23 65.5 66.5 231 232
good7_6 18.3 313.0 1133.0 1009.0 22 65.5 67.5 232 233
good8_1 17.2 187.0 555.0 901.0 21 66.5 71.5 232 234
good8_2 17.2 228.0 640.0 901.0 27 65.5 69.5 232 233
good8_3 17.2 234.0 574.0 901.0 21 65.5 73.5 231 236
good8_4 18.3 337.0 1005.0 1009.0 16 66.5 71.5 231 234
good8_5 17.2 158.0 378.0 901.0 23 67.5 67.5 233 233
good8_6 18.3 261.0 917.0 1009.0 20 65.5 67.5 230 235
good9_1 17.2 243.0 623.0 901.0 23 66.5 69.5 232 233
good9_2 17.2 244.0 636.0 901.0 23 66.5 72.5 231 233
good9_3 17.2 213.0 497.0 901.0 25 66.5 71.5 231 234
good9_4 17.2 148.0 460.0 901.0 18 65.5 67.5 231 234
good9_5 17.2 245.0 593.0 901.0 24 65.5 68.5 232 233
good9_6 17.2 122.0 330.0 901.0 18 66.5 66.5 231 234
good10_1 18.3 401.0 1057.0 1009.0 19 64.5 66.5 232 232
good10_2 17.2 243.0 495.0 901.0 22 65.5 69.5 231 237
good10_3 17.2 144.0 492.0 901.0 20 65.5 67.5 232 234
good10_4 18.3 336.0 988.0 1009.0 22 65.5 71.5 231 236
good10_5 17.2 159.0 367.0 901.0 24 65.5 70.5 232 234
good10_6 18.3 293.0 1029.0 1009.0 24 65.5 69.5 231 232
good11_1 17.2 140.0 508.0 901.0 21 67.5 68.5 231 232
good11_2 17.2 230.0 718.0 901.0 20 66.5 64.5 231 234
good11_3 17.2 205.0 505.0 901.0 20 67.5 66.5 231 234
good11_4 17.2 235.0 863.0 901.0 17 65.5 72.5 231 233
good11_5 17.2 208.0 604.0 901.0 23 64.5 70.5 231 234
good11_6 17.2 270.0 922.0 901.0 16 67.5 72.5 232 232
good12_1 18.3 308.0 896.0 1009.0 21 64.5 68.5 231 235
good12_2 17.2 181.0 473.0 901.0 23 65.5 66.5 232 233
good12_3 17.2 292.0 764.0 901.0 23 64.5 67.5 232 233
good12_4 17.2 199.0 451.0 901.0 22 65.5 69.5 233 231
good12_5 18.3 397.0 1217.0 1009.0 23 65.5 69.5 231 234
good12_6 18.3 353.0 1201.0 1009.0 27 66.5 69.5 233 235
good13_1 17.2 233.0 557.0 901.0 21 64.5 74.5 232 235
good13_2 17.2 180.0 384.0 901.0 21 65.5 71.5 231 235
good13_3 17.2 235.0 731.0 901.0 21 66.5 74.5 232 237
good13_4 17.2 148.0 428.0 901.0 20 65.5 69.5 231 236
good13_5 17.2 212.0 540.0 901.0 17 66.5 71.5 231 234
good13_6 18.3 360.0 1144.0 1009.0 22 66.5 65.5 234 234
good14_1 18.3 275.0 867.0 1009.0 21 67.5 67.5 233 233
good14_2 17.2 234.0 558.0 901.0 18 64.5 69.5 231 236
good14_3 17.2 178.0 558.0 901.0 22 66.5 68.5 231 235
good14_4 18.3 342.0 1122.0 1009.0 22 66.5 71.5 232 235
good14_5 18.3 363.0 1031.0 1009.0 24 66.5 72.5 231 235
good14_6 17.2 247.0 663.0 901.0 21 65.5 72.5 232 234
good15_1 17.2 206.0 422.0 901.0 21 65.5 67.5 232 234
good15_2 17.2 189.0 481.0 901.0 20 65.5 66.5 231 234
good15_3 18.3 349.0 977.0 1009.0 19 67.5 71.5 232 235
good15_4 17.2 263.0 655.0 901.0 21 64.5 72.5 231 236
good15_5 17.2 259.0 727.0 901.0 21 67.5 71.5 231 235
good15_6 17.2 281.0 757.0 901.0 22 65.5 70.5 232 234
good16_1 17.2 160.0 460.0 901.0 23 64.5 69.5 232 236
good16_2 17.2 240.0 540.0 901.0 22 65.5 69.5 233 236
good16_3 17.2 163.0 419.0 901.0 18 67.5 72.5 232 234
good16_4 17.2 180.0 428.0 901.0 19 66.5 70.5 231 235
good16_5 17.2 202.0 410.0 901.0 16 68.5 72.5 232 235
good16_6 18.3 288.0 924.0 1009.0 21 66.5 70.5 233 233
good17_1 17.2 248.0 796.0 901.0 12 66.5 72.5 232 234
good17_2 18.3 315.0 983.0 1009.0 22 66.5 69.5 232 233
good17_3 18.3 284.0 1064.0 1009.0 15 66.5 67.5 230 234
good17_4 18.3 264.0 824.0 1009.0 17 66.5 71.5 231 233
good17_5 18.3 285.0 1001.0 1009.0 22 65.5 71.5 232 233
good17_6 18.3 256.0 864.0 1009.0 19 66.5 71.5 232 233
good18_1 17.2 154.0 438.0 901.0 23 65.5 68.5 230 232
good18_2 18.3 257.0 809.0 1009.0 20 69.5 71.5 233 233
good18_3 17.2 198.0 538.0 901.0 23 65.5 71.5 232 232
good18_4 17.2 303.0 1019.0 901.0 19 65.5 67.5 232 232
good18_5 17.1 165.0 477.0 901.0 20 67.5 67.5 231 233
good18_6 17.2 115.0 331.0 901.0 19 65.5 69.5 232 232
good19_1 17.2 204.0 680.0 901.0 18 64.5 70.5 232 236
good19_2 18.3 360.0 1152.0 1009.0 22 65.5 67.5 232 235
good19_3 17.2 222.0 690.0 901.0 20 65.5 66.5 232 233
good19_4 17.2 192.0 480.0 901.0 25 66.5 71.5 233 232
good19_5 18.3 284.0 840.0 1009.0 15 67.5 69.5 231 234
good19_6 17.2 245.0 637.0 901.0 21 66.5 71.5 232 234
good20_1 17.2 199.0 419.0 901.0 22 65.5 70.5 231 233
good20_2 17.2 204.0 568.0 901.0 16 67.5 70.5 231 233
good20_3 18.3 328.0 1016.0 1009.0 23 65.5 71.5 232 233
good20_4 18.3 335.0 1175.0 1009.0 17 64.5 66.5 231 232
good20_5 17.2 177.0 489.0 901.0 20 64.5 66.5 231 233
good20_6 18.3 219.0 867.0 1009.0 18 67.5 70.5 232 233
good21_1 17.2 112.0 304.0 901.0 15 66.5 69.5 230 233
good21_2 18.3 235.0 819.0 1009.0 18 67.5 67.5 231 232
good21_3 18.3 266.0 874.0 1009.0 23 66.5 67.5 232 232
good21_4 17.2 192.0 508.0 901.0 20 66.5 70.5 233 232
good21_5 17.2 156.0 488.0 901.0 19 65.5 68.5 231 233
good21_6 17.2 133.0 269.0 901.0 18 65.5 71.5 231 232
good22_1 17.2 142.0 430.0 901.0 18 68.5 74.5 232 234
good22_2 17.2 247.0 815.0 901.0 21 65.5 67.5 233 233
good22_3 17.2 115.0 343.0 901.0 19 64.5 66.5 231 234
good22_4 18.3 322.0 962.0 1009.0 16 69.5 72.5 232 234
good22_5 18.3 233.0 777.0 1009.0 16 66.5 69.5 233 232
good22_6 17.2 228.0 712.0 901.0 22 67.5 71.5 232 235
good23_1 17.2 209.0 597.0 901.0 20 66.5 73.5 233 235
good23_2 17.2 270.0 838.0 901.0 22 64.5 68.5 230 233
good23_3 17.2 157.0 365.0 901.0 22 68.5 71.5 232 233
good23_4 17.2 359.0 1251.0 901.0 19 64.5 66.5 231 234
good23_5 17.2 120.0 400.0 901.0 20 67.5 70.5 232 233
good23_6 18.3 357.0 1145.0 1009.0 21 65.5 66.5 233 232
good24_1 17.2 177.0 553.0 901.0 19 66.5 69.5 231 233
good24_2 18.3 294.0 938.0 1009.0 23 67.5 68.5 233 233
good24_3 17.2 227.0 563.0 901.0 17 66.5 68.5 231 233
good24_4 17.2 179.0 487.0 901.0 20 68.5 70.5 232 232
good24_5 17.2 192.0 556.0 901.0 24 65.5 69.5 232 233
good24_6 17.2 191.0 419.0 901.0 21 66.5 70.5 231 233
good25_1 18.3 286.0 946.0 1009.0 19 66.5 70.5 232 233
good25_2 17.2 182.0 546.0 901.0 21 67.5 70.5 232 232
good25_3 17.2 246.0 734.0 901.0 18 63.5 70.5 230 233
good25_4 17.2 174.0 546.0 901.0 18 68.5 69.5 232 233
good25_5 17.2 238.0 962.0 901.0 18 66.5 65.5 232 232
good25_6 17.2 207.0 615.0 901.0 18 66.5 68.5 232 233
good26_1 17.2 228.0 784.0 901.0 21 61.5 71.5 232 233
good26_2 17.2 231.0 643.0 901.0 21 64.5 69.5 232 234
good26_3 17.2 213.0 565.0 901.0 16 63.5 71.5 231 233
good26_4 17.2 298.0 1102.0 901.0 17 64.5 65.5 231 234
good26_5 17.2 451.0 1727.0 901.0 19 69.5 63.5 232 231
good26_6 18.3 293.0 997.0 1009.0 19 63.5 67.5 232 234
good27_1 18.3 382.0 1538.0 1009.0 16 68.5 67.5 231 233
good27_2 18.3 286.0 1018.0 1009.0 18 66.5 67.5 232 232
good27_3 17.2 345.0 1457.0 901.0 16 69.5 67.5 231 231
good27_4 17.2 265.0 1029.0 901.0 17 68.5 69.5 232 231
good27_5 17.2 275.0 1023.0 901.0 18 65.5 70.5 230 233
good27_6 18.3 282.0 1014.0 1009.0 22 65.5 69.5 231 233
good28_1 17.2 189.0 645.0 901.0 19 65.5 68.5 231 231
good28_2 17.2 198.0 558.0 901.0 21 66.5 69.5 231 233
good28_3 17.2 259.0 911.0 901.0 16 67.5 69.5 231 233
good28_4 18.3 327.0 1071.0 1009.0 23 66.5 66.5 231 234
good28_5 17.2 259.0 1071.0 901.0 13 66.5 69.5 232 233
good28_6 17.2 290.0 862.0 901.0 19 63.5 66.5 232 231
good29_1 17.2 142.0 434.0 901.0 21 68.5 68.5 231 233
good29_2 18.3 352.0 1160.0 1009.0 23 67.5 65.5 231 231
good29_3 18.3 302.0 1210.0 1009.0 19 67.5 66.5 230 232
good29_4 17.2 198.0 562.0 901.0 20 67.5 71.5 232 232
good29_5 17.2 172.0 564.0 901.0 19 65.5 70.5 230 231
good29_6 18.3 296.0 1052.0 1009.0 17 66.5 69.5 230 233
good30_1 18.3 371.0 1287.0 1009.0 19 65.5 66.5 232 233
good30_2 17.2 324.0 936.0 901.0 19 63.5 66.5 232 233
good30_3 17.2 198.0 522.0 901.0 20 65.5 67.5 232 233
good30_4 17.2 248.0 876.0 901.0 20 67.5 70.5 232 233
good30_5 18.3 235.0 731.0 1009.0 22 65.5 70.5 233 232
good30_6 17.2 173.0 513.0 901.0 20 65.5 68.5 232 233
good31_1 17.1 161.0 517.0 901.0 22 63.5 69.5 231 234
good31_2 17.2 177.0 429.0 901.0 25 65.5 70.5 233 232
good31_3 17.2 139.0 391.0 901.0 21 65.5 69.5 232 232
good31_4 17.2 222.0 546.0 901.0 20 65.5 64.5 232 232
good31_5 17.2 202.0 622.0 901.0 22 63.5 67.5 231 234
good31_6 17.2 268.0 728.0 901.0 22 65.5 64.5 231 232
good32_1 17.2 171.0 471.0 901.0 23 66.5 70.5 232 232
good32_2 17.2 251.0 611.0 901.0 23 65.5 72.5 232 235
good32_3 18.3 280.0 996.0 1009.0 23 67.5 69.5 232 232
good32_4 18.3 330.0 1106.0 1009.0 23 66.5 67.5 232 234
good32_5 17.2 137.0 501.0 901.0 19 67.5 71.5 232 234
good32_6 18.3 434.0 1410.0 1009.0 23 63.5 66.5 232 233
good33_1 17.2 157.0 573.0 901.0 22 65.5 69.5 232 231
good33_2 18.3 267.0 951.0 1009.0 23 65.5 71.5 231 234
good33_3 17.2 275.0 1047.0 901.0 20 65.5 72.5 232 233
good33_4 17.2 244.0 840.0 901.0 20 68.5 67.5 231 234
good33_5 17.2 452.0 1688.0 901.0 18 65.5 68.5 231 234
good33_6 17.2 215.0 531.0 901.0 21 65.5 67.5 232 231
good34_1 18.3 357.0 1221.0 1009.0 25 64.5 71.5 231 236
good34_2 17.2 185.0 493.0 901.0 20 66.5 70.5 232 233
good34_3 17.2 198.0 422.0 901.0 16 66.5 70.5 234 232
good34_4 17.2 180.0 492.0 901.0 20 65.5 68.5 232 232
good34_5 17.2 181.0 517.0 901.0 20 64.5 66.5 231 234
good34_6 17.2 167.0 359.0 901.0 23 66.5 67.5 233 234
good35_1 18.3 384.0 1320.0 1009.0 20 66.5 67.5 230 234
good35_2 17.2 302.0 1202.0 901.0 13 65.5 65.5 231 233
good35_3 17.1 273.0 877.0 901.0 17 67.5 68.5 233 232
good35_4 17.2 235.0 735.0 901.0 14 63.5 71.5 232 232
good35_5 17.2 216.0 664.0 901.0 21 64.5 72.5 231 235
good35_6 18.3 400.0 1528.0 1009.0 17 64.5 69.5 231 232
good36_1 17.2 162.0 322.0 901.0 19 68.5 71.5 231 233
good36_2 17.2 216.0 640.0 901.0 17 64.5 70.5 233 233
good36_3 17.2 132.0 336.0 901.0 18 65.5 71.5 231 235
good36_4 18.3 268.0 932.0 1009.0 21 67.5 69.5 231 233
good36_5 17.2 218.0 718.0 901.0 20 68.5 68.5 233 232
good36_6 17.2 211.0 555.0 901.0 27 65.5 68.5 231 234
good37_1 17.2 310.0 1174.0 901.0 15 66.5 65.5 233 233
good37_2 17.2 334.0 1254.0 901.0 18 66.5 65.5 233 232
good37_3 17.2 210.0 642.0 901.0 13 65.5 67.5 231 234
good37_4 18.3 256.0 868.0 1009.0 15 64.5 71.5 232 233
good37_5 17.2 182.0 522.0 901.0 18 67.5 71.5 235 231
good37_6 17.2 235.0 723.0 901.0 16 65.5 70.5 232 234
good38_1 18.3 253.0 857.0 1009.0 18 67.5 70.5 231 233
good38_2 17.2 203.0 607.0 901.0 21 67.5 69.5 233 231
good38_3 17.2 268.0 856.0 901.0 24 65.5 69.5 231 234
good38_4 17.2 251.0 731.0 901.0 22 67.5 70.5 233 233
good38_5 17.2 223.0 707.0 901.0 19 66.5 67.5 233 231
good38_6 18.3 303.0 975.0 1009.0 19 64.5 67.5 231 234
good39_1 17.2 185.0 637.0 901.0 13 66.5 70.5 231 232
good39_2 17.2 196.0 512.0 901.0 18 68.5 68.5 234 232
good39_3 17.2 270.0 970.0 901.0 20 65.5 67.5 231 235
good39_4 17.2 245.0 925.0 901.0 19 68.5 71.5 232 233
good39_5 17.2 204.0 652.0 901.0 20 66.5 69.5 233 231
good39_6 17.2 116.0 288.0 901.0 15 66.5 70.5 232 234
good40_1 17.2 242.0 558.0 901.0 20 64.5 70.5 232 235
good40_2 17.2 230.0 602.0 901.0 20 66.5 69.5 232 233
good40_3 18.3 353.0 1253.0 1009.0 16 66.5 68.5 233 230
good40_4 18.3 371.0 1219.0 1009.0 23 63.5 65.5 232 231
good40_5 17.2 297.0 1037.0 901.0 18 66.5 67.5 232 235
good40_6 17.2 227.0 579.0 901.0 20 65.5 66.5 231 234
good41_1 17.2 142.0 482.0 901.0 24 67.5 70.5 232 232
good41_2 17.2 222.0 586.0 901.0 23 67.5 66.5 232 231
good41_3 17.2 231.0 611.0 901.0 19 63.5 67.5 230 233
good41_4 18.3 287.0 827.0 1009.0 23 68.5 71.5 231 233
good41_5 18.3 265.0 837.0 1009.0 22 66.5 70.5 232 231
good41_6 17.2 153.0 393.0 901.0 22 65.5 71.5 231 233
good42_1 18.3 333.0 1437.0 1009.0 17 64.5 67.5 231 232
good42_2 17.2 166.0 562.0 901.0 16 68.5 68.5 231 233
good42_3 18.3 248.0 980.0 1009.0 22 69.5 66.5 232 231
good42_4 17.2 204.0 568.0 901.0 17 68.5 66.5 233 232
good42_5 17.2 234.0 726.0 901.0 18 66.5 68.5 231 233
good42_6 18.3 277.0 925.0 1009.0 20 67.5 68.5 232 232
good43_1 18.3 314.0 950.0 1009.0 22 64.5 70.5 231 234
good43_2 17.2 198.0 594.0 901.0 19 67.5 70.5 232 234
good43_3 17.2 208.0 444.0 901.0 23 65.5 71.5 233 232
good43_4 17.2 154.0 390.0 901.0 19 65.5 66.5 233 232
good43_5 18.3 335.0 1123.0 1009.0 22 65.5 68.5 232 236
good43_6 18.3 279.0 887.0 1009.0 17 66.5 66.5 232 233
good44_1 17.2 216.0 716.0 901.0 18 68.5 66.5 231 231
good44_2 17.2 120.0 348.0 901.0 16 66.5 67.5 230 235
good44_3 18.3 297.0 1101.0 1009.0 16 67.5 65.5 232 232
good44_4 17.2 198.0 622.0 901.0 21 66.5 70.5 231 232
good44_5 17.2 187.0 667.0 901.0 16 65.5 69.5 231 232
good44_6 17.2 161.0 377.0 901.0 17 65.5 69.5 232 231
good45_1 17.2 182.0 482.0 901.0 21 66.5 68.5 233 234
good45_2 17.2 221.0 465.0 901.0 19 66.5 69.5 232 231
good45_3 18.3 376.0 1256.0 1009.0 19 65.5 69.5 230 234
good45_4 17.2 186.0 434.0 901.0 19 65.5 67.5 231 233
good45_5 17.2 174.0 442.0 901.0 20 64.5 67.5 232 232
good45_6 17.2 265.0 725.0 901.0 24 64.5 66.5 231 235
good46_1 17.2 314.0 1158.0 901.0 23 63.5 64.5 230 233
good46_2 17.2 216.0 616.0 901.0 21 67.5 65.5 232 233
good46_3 17.2 326.0 1238.0 901.0 21 68.5 63.5 233 231
good46_4 17.2 333.0 1301.0 901.0 17 64.5 75.5 232 233
good46_5 18.3 378.0 1506.0 1009.0 17 64.5 70.5 230 234
good46_6 17.2 218.0 754.0 901.0 15 65.5 70.5 231 232
good47_1 18.3 293.0 1105.0 1009.0 19 69.5 68.5 232 233
good47_2 18.3 217.0 833.0 1009.0 21 67.5 66.5 230 233
good47_3 17.2 149.0 549.0 901.0 18 68.5 67.5 231 232
good47_4 17.2 156.0 424.0 901.0 22 66.5 70.5 230 233
good47_5 17.2 182.0 590.0 901.0 23 67.5 70.5 232 234
good47_6 17.2 142.0 418.0 901.0 22 66.5 69.5 232 232
good48_1 17.2 233.0 757.0 901.0 20 68.5 66.5 230 232
good48_2 17.2 391.0 1587.0 901.0 20 66.5 68.5 231 233
good48_3 18.3 296.0 1176.0 1009.0 21 67.5 68.5 232 232
good48_4 17.2 246.0 714.0 901.0 18 67.5 70.5 232 231
good48_5 18.3 341.0 1429.0 1009.0 19 66.5 71.5 231 233
good48_6 17.2 175.0 583.0 901.0 21 66.5 70.5 232 232
good49_1 17.2 211.0 579.0 901.0 13 66.5 67.5 231 232
good49_2 17.2 326.0 1146.0 901.0 16 65.5 67.5 232 232
good49_3 18.3 287.0 955.0 1009.0 24 65.5 66.5 230 233
good49_4 17.2 157.0 449.0 901.0 22 66.5 69.5 233 233
good49_5 17.2 168.0 336.0 901.0 21 67.5 69.5 233 231
good49_6 18.3 322.0 1090.0 1009.0 20 66.5 69.5 231 233
good50_1 17.2 219.0 667.0 901.0 19 65.5 68.5 233 232
good50_2 17.2 223.0 707.0 901.0 23 64.5 70.5 231 233
good50_3 18.3 304.0 972.0 1009.0 17 67.5 69.5 232 234
good50_4 17.2 307.0 1015.0 901.0 21 65.5 64.5 231 233
good50_5 17.2 258.0 930.0 901.0 21 66.5 69.5 231 234
good50_6 17.2 245.0 821.0 901.0 18 67.5 67.5 233 233
good51_1 17.2 229.0 721.0 901.0 20 67.5 65.5 232 232
good51_2 17.2 263.0 819.0 901.0 16 67.5 64.5 233 230
good51_3 18.3 361.0 1153.0 1009.0 20 65.5 66.5 231 233
good51_4 17.2 180.0 352.0 901.0 22 66.5 70.5 232 233
good51_5 17.2 193.0 617.0 901.0 19 66.5 69.5 233 229
good51_6 17.2 351.0 1223.0 901.0 19 65.5 71.5 233 236
good52_1 17.2 212.0 676.0 901.0 22 65.5 69.5 233 231
good52_2 17.2 212.0 580.0 901.0 19 67.5 69.5 232 233
good52_3 18.3 328.0 1188.0 1009.0 21 68.5 69.5 232 232
good52_4 17.2 232.0 784.0 901.0 19 66.5 64.5 232 233
good52_5 17.2 300.0 808.0 901.0 19 66.5 67.5 231 232
good52_6 17.2 183.0 527.0 901.0 18 64.5 65.5 231 232
good53_1 18.3 330.0 1202.0 1009.0 21 67.5 65.5 231 233
good53_2 17.2 301.0 941.0 901.0 15 65.5 67.5 231 232
good53_3 17.2 296.0 980.0 901.0 14 66.5 65.5 232 231
good53_4 17.2 179.0 519.0 901.0 18 64.5 71.5 232 231
good53_5 17.2 179.0 491.0 901.0 25 65.5 70.5 230 231
good53_6 17.2 165.0 501.0 901.0 19 67.5 69.5 231 232
good54_1 17.2 232.0 940.0 901.0 14 66.5 68.5 232 234
good54_2 17.1 295.0 1083.0 901.0 12 67.5 71.5 232 233
good54_3 18.3 304.0 1020.0 1009.0 18 66.5 69.5 233 231
good54_4 18.3 411.0 1719.0 1009.0 16 66.5 66.5 232 231
good54_5 18.3 328.0 1168.0 1009.0 15 66.5 66.5 232 233
good54_6 17.2 292.0 1132.0 901.0 18 67.5 69.5 232 234
good55_1 17.2 219.0 651.0 901.0 20 63.5 70.5 230 233
good55_2 17.2 331.0 1311.0 901.0 19 67.5 69.5 232 233
good55_3 18.3 340.0 1436.0 1009.0 17 65.5 68.5 233 231
good55_4 18.3 403.0 1443.0 1009.0 16 67.5 66.5 233 231
good55_5 17.2 317.0 1317.0 901.0 15 66.5 63.5 231 232
good55_6 17.2 441.0 1757.0 901.0 20 69.5 66.5 232 232
good56_1 18.3 309.0 1085.0 1009.0 21 66.5 66.5 234 232
good56_2 17.2 275.0 787.0 901.0 21 65.5 66.5 232 233
good56_3 18.3 252.0 928.0 1009.0 20 67.5 69.5 233 233
good56_4 18.3 305.0 965.0 1009.0 19 65.5 69.5 232 234
good56_5 17.2 261.0 753.0 901.0 21 67.5 71.5 232 233
good56_6 17.2 175.0 415.0 901.0 23 66.5 70.5 234 231
good57_1 17.2 253.0 785.0 901.0 23 66.5 63.5 232 233
good57_2 17.2 241.0 569.0 901.0 19 69.5 72.5 233 233
good57_3 17.2 237.0 641.0 901.0 18 66.5 67.5 233 232
good57_4 17.2 182.0 498.0 901.0 17 66.5 70.5 233 231
good57_5 18.3 321.0 977.0 1009.0 21 66.5 70.5 231 233
good57_6 17.2 188.0 436.0 901.0 20 67.5 71.5 232 233
good58_1 17.2 271.0 895.0 901.0 16 65.5 66.5 230 232
good58_2 17.2 344.0 1332.0 901.0 12 67.5 64.5 233 231
good58_3 17.2 229.0 841.0 901.0 19 66.5 67.5 231 234
good58_4 18.3 318.0 1178.0 1009.0 19 66.5 69.5 232 232
good58_5 18.3 349.0 1237.0 1009.0 16 65.5 70.5 232 231
good58_6 18.3 305.0 1017.0 1009.0 17 66.5 69.5 230 233
good59_1 17.2 158.0 462.0 901.0 18 66.5 70.5 232 233
good59_2 17.2 214.0 690.0 901.0 21 68.5 71.5 232 232
good59_3 17.2 278.0 1038.0 901.0 18 66.5 70.5 232 231
good59_4 17.2 303.0 967.0 901.0 20 67.5 68.5 232 231
good59_5 18.3 416.0 1496.0 1009.0 16 66.5 65.5 231 233
good59_6 17.2 197.0 609.0 901.0 19 70.5 68.5 232 233
good60_1 17.2 346.0 1290.0 901.0 19 68.5 65.5 231 232
good60_2 17.2 373.0 1381.0 901.0 13 64.5 64.5 233 231
good60_3 18.3 344.0 1264.0 1009.0 18 66.5 67.5 231 233
good60_4 17.2 317.0 1109.0 901.0 17 65.5 70.5 231 232
good60_5 18.3 350.0 1278.0 1009.0 19 67.5 69.5 233 230
good60_6 17.2 268.0 928.0 901.0 23 65.5 71.5 231 233
good61_1 17.2 305.0 997.0 901.0 21 64.5 65.5 232 234
good61_2 18.3 291.0 903.0 1009.0 23 67.5 68.5 232 233
good61_3 17.2 251.0 907.0 901.0 18 66.5 66.5 232 231
good61_4 17.2 216.0 620.0 901.0 21 67.5 69.5 233 232
good61_5 17.2 250.0 778.0 901.0 21 64.5 69.5 231 233
good61_6 17.2 223.0 551.0 901.0 23 68.5 69.5 233 232
good62_1 18.3 281.0 1041.0 1009.0 21 64.5 70.5 230 233
good62_2 18.3 381.0 1457.0 1009.0 21 67.5 70.5 231 233
good62_3 17.2 269.0 1149.0 901.0 18 67.5 69.5 232 231
good62_4 18.3 304.0 972.0 1009.0 23 68.5 67.5 233 232
good62_5 17.2 291.0 1103.0 901.0 17 65.5 63.5 231 233
good62_6 18.3 347.0 1287.0 1009.0 21 65.5 68.5 231 233
good63_1 17.2 182.0 558.0 901.0 20 67.5 69.5 233 232
good63_2 17.2 198.0 518.0 901.0 23 67.5 68.5 233 233
good63_3 18.3 358.0 1186.0 1009.0 19 66.5 69.5 232 233
good63_4 18.3 404.0 1364.0 1009.0 21 66.5 65.5 233 233
good63_5 17.2 232.0 500.0 901.0 17 67.5 70.5 233 232
good63_6 17.2 244.0 688.0 901.0 17 65.5 64.5 233 231
good64_1 17.2 210.0 470.0 901.0 20 67.5 69.5 231 235
good64_2 17.2 251.0 823.0 901.0 19 67.5 68.5 233 232
good64_3 17.2 170.0 370.0 901.0 25 67.5 69.5 233 229
good64_4 17.2 318.0 1038.0 901.0 22 66.5 66.5 233 231
good64_5 17.2 219.0 535.0 901.0 23 66.5 67.5 232 233
good64_6 17.2 274.0 774.0 901.0 21 63.5 66.5 231 233
good65_1 17.2 380.0 1496.0 901.0 25 66.5 69.5 231 232
good65_2 17.2 199.0 655.0 901.0 21 67.5 69.5 232 231
good65_3 18.3 325.0 1217.0 1009.0 18 65.5 69.5 231 233
good65_4 17.2 380.0 1548.0 901.0 14 66.5 67.5 231 234
good65_5 17.2 198.0 622.0 901.0 15 67.5 67.5 232 232
good65_6 17.2 235.0 891.0 901.0 16 66.5 67.5 231 233
good66_1 17.2 259.0 819.0 901.0 20 65.5 66.5 231 233
good66_2 18.3 325.0 1057.0 1009.0 22 68.5 72.5 232 232
good66_3 17.2 221.0 549.0 901.0 23 65.5 67.5 233 231
good66_4 17.2 209.0 461.0 901.0 24 66.5 70.5 233 231
good66_5 17.2 216.0 592.0 901.0 24 65.5 72.5 231 235
good66_6 18.3 318.0 1146.0 1009.0 19 70.5 70.5 232 233
good67_1 17.2 238.0 586.0 901.0 19 68.5 69.5 231 231
good67_2 17.2 156.0 488.0 901.0 20 65.5 69.5 232 231
good67_3 18.3 341.0 1257.0 1009.0 19 65.5 69.5 231 233
good67_4 18.3 358.0 1154.0 1009.0 21 67.5 70.5 230 232
good67_5 18.3 280.0 1048.0 1009.0 19 66.5 66.5 231 231
good67_6 17.2 254.0 790.0 901.0 19 68.5 64.5 232 233
good68_1 16.25 168.0 512.0 797.0 16 68.5 71.5 231 232
good68_2 17.2 342.0 1394.0 901.0 21 66.5 68.5 232 230
good68_3 17.2 178.0 566.0 901.0 17 66.5 70.5 231 233
good68_4 18.3 351.0 1455.0 1009.0 18 69.5 65.5 230 232
good68_5 18.3 460.0 1860.0 1009.0 17 66.5 66.5 232 231
good68_6 17.2 355.0 1299.0 901.0 21 70.5 66.5 230 234
good69_1 17.2 260.0 828.0 901.0 21 67.5 65.5 232 232
good69_2 17.2 190.0 550.0 901.0 18 65.5 64.5 232 232
good69_3 18.3 273.0 1041.0 1009.0 19 68.5 65.5 230 232
good69_4 17.2 151.0 431.0 901.0 17 66.5 69.5 232 233
good69_5 18.3 317.0 1201.0 1009.0 16 65.5 68.5 232 231
good69_6 18.3 245.0 877.0 1009.0 17 64.5 66.5 230 232
good70_1 17.2 330.0 890.0 901.0 22 66.5 65.5 234 233
good70_2 17.2 231.0 643.0 901.0 17 64.5 66.5 232 233
good70_3 18.3 350.0 1254.0 1009.0 18 65.5 65.5 232 231
good70_4 17.2 160.0 460.0 901.0 20 67.5 69.5 234 230
good70_5 17.2 209.0 481.0 901.0 19 66.5 70.5 231 233
good70_6 18.3 268.0 888.0 1009.0 18 64.5 69.5 231 232
