good1_1 26.4 551.0 1031.0 1961.0 14 94.5 96.5 328 328
good1_2 26.4 583.0 1035.0 1961.0 20 94.5 88.5 326 325
good1_3 25.3 684.0 812.0 1793.0 12 88.5 94.5 324 326
good1_4 26.4 484.0 1156.0 1961.0 17 93.5 85.5 327 326
good1_5 25.3 710.0 846.0 1793.0 19 95.5 96.5 329 325
good1_6 25.3 404.0 496.0 1793.0 17 94.5 92.5 328 326
good2_1 26.4 772.0 1568.0 1961.0 16 94.5 92.5 324 324
good2_2 25.3 456.0 848.0 1793.0 13 89.5 94.5 325 325
good2_3 26.4 678.0 1546.0 1961.0 13 95.5 94.5 325 325
good2_4 26.4 407.0 1295.0 1961.0 13 95.5 93.5 324 325
good2_5 26.4 688.0 1224.0 1961.0 15 90.5 98.5 327 324
good2_6 26.4 379.0 791.0 1961.0 14 94.5 93.5 326 325
good3_1 26.4 653.0 1301.0 1961.0 14 96.5 95.5 327 326
good3_2 26.4 783.0 1363.0 1961.0 16 90.5 90.5 330 324
good3_3 26.4 686.0 1018.0 1961.0 21 95.5 97.5 327 326
good3_4 26.4 590.0 1550.0 1961.0 14 93.5 93.5 328 325
good3_5 26.4 970.0 1778.0 1961.0 17 87.5 94.5 326 327
good3_6 26.4 414.0 798.0 1961.0 19 92.5 91.5 326 326
good4_1 26.4 592.0 1032.0 1961.0 15 93.5 96.5 326 323
good4_2 26.4 589.0 1333.0 1961.0 15 93.5 93.5 326 323
good4_3 26.4 720.0 1348.0 1961.0 19 89.5 97.5 327 322
good4_4 26.4 438.0 946.0 1961.0 13 96.5 93.5 325 324
good4_5 26.4 648.0 1212.0 1961.0 16 95.5 94.5 326 323
good4_6 26.4 671.0 1303.0 1961.0 16 96.5 85.5 326 324
good5_1 26.4 458.0 818.0 1961.0 15 94.5 94.5 326 325
good5_2 25.3 539.0 883.0 1793.0 19 93.5 91.5 327 327
good5_3 26.4 784.0 1392.0 1961.0 17 89.5 96.5 326 327
good5_4 26.4 869.0 1769.0 1961.0 12 92.5 87.5 326 327
good5_5 26.4 712.0 1524.0 1961.0 15 93.5 94.5 327 326
good5_6 26.4 733.0 1881.0 1961.0 14 94.5 86.5 327 325
good6_1 25.3 712.0 1140.0 1793.0 12 94.5 89.5 327 322
good6_2 26.4 379.0 1015.0 1961.0 16 99.5 95.5 327 325
good6_3 26.4 484.0 940.0 1961.0 14 95.5 95.5 328 323
good6_4 25.3 423.0 619.0 1793.0 15 97.5 94.5 326 325
good6_5 26.4 1010.0 2022.0 1961.0 14 88.5 94.5 327 323
good6_6 26.4 537.0 1045.0 1961.0 16 93.5 91.5 328 325
good7_1 26.4 483.0 883.0 1961.0 16 97.5 97.5 326 325
good7_2 26.4 281.0 705.0 1961.0 20 95.5 89.5 327 323
good7_3 26.4 807.0 1431.0 1961.0 14 95.5 97.5 327 326
good7_4 25.3 598.0 970.0 1793.0 16 92.5 82.5 328 324
good7_5 26.4 652.0 1316.0 1961.0 18 93.5 94.5 327 325
good7_6 25.3 527.0 771.0 1793.0 15 93.5 87.5 325 326
good8_1 26.4 579.0 1055.0 1961.0 19 96.5 97.5 328 325
good8_2 26.4 421.0 865.0 1961.0 18 96.5 90.5 329 324
good8_3 26.4 708.0 1224.0 1961.0 20 94.5 96.5 327 326
good8_4 26.4 760.0 1564.0 1961.0 15 94.5 84.5 329 323
good8_5 25.3 406.0 454.0 1793.0 18 94.5 95.5 326 326
good8_6 26.4 584.0 1236.0 1961.0 16 93.5 86.5 326 327
good9_1 26.4 593.0 977.0 1961.0 20 93.5 95.5 327 326
good9_2 26.4 424.0 948.0 1961.0 16 96.5 91.5 329 324
good9_3 26.4 871.0 1719.0 1961.0 17 90.5 95.5 327 326
good9_4 25.3 601.0 1081.0 1793.0 16 92.5 87.5 326 324
good9_5 26.4 435.0 799.0 1961.0 21 95.5 96.5 326 326
good9_6 26.4 651.0 1427.0 1961.0 16 94.5 88.5 326 326
good10_1 25.3 711.0 943.0 1793.0 16 92.5 89.5 327 323
good10_2 26.4 615.0 1579.0 1961.0 10 92.5 89.5 329 325
good10_3 26.4 483.0 935.0 1961.0 18 94.5 94.5 328 322
good10_4 26.4 325.0 729.0 1961.0 19 95.5 91.5 328 326
good10_5 26.4 825.0 1509.0 1961.0 19 88.5 93.5 328 323
good10_6 25.3 392.0 760.0 1793.0 16 94.5 90.5 328 323
good11_1 26.4 809.0 1377.0 1961.0 19 95.5 90.5 325 324
good11_2 26.4 770.0 1402.0 1961.0 14 88.5 87.5 327 320
good11_3 26.4 732.0 1940.0 1961.0 12 93.5 97.5 330 321
good11_4 26.4 590.0 1614.0 1961.0 10 91.5 94.5 327 326
good11_5 25.3 917.0 1681.0 1793.0 13 85.5 97.5 327 323
good11_6 26.4 530.0 1306.0 1961.0 11 92.5 92.5 326 324
good12_1 26.4 875.0 1567.0 1961.0 15 93.5 90.5 327 326
good12_2 26.4 805.0 1605.0 1961.0 16 88.5 89.5 325 326
good12_3 25.3 379.0 671.0 1793.0 18 93.5 93.5 326 325
good12_4 26.4 404.0 1092.0 1961.0 16 93.5 91.5 327 327
good12_5 26.4 883.0 1603.0 1961.0 16 89.5 93.5 326 325
good12_6 26.4 385.0 1297.0 1961.0 16 94.5 93.5 328 325
good13_1 26.4 571.0 1003.0 1961.0 21 93.5 95.5 328 322
good13_2 26.4 513.0 1209.0 1961.0 14 95.5 94.5 329 326
good13_3 26.4 805.0 1741.0 1961.0 13 88.5 96.5 328 324
good13_4 26.4 554.0 1270.0 1961.0 13 93.5 92.5 325 325
good13_5 26.4 503.0 871.0 1961.0 15 92.5 94.5 326 323
good13_6 26.4 679.0 1279.0 1961.0 15 93.5 84.5 330 324
good14_1 26.4 837.0 1501.0 1961.0 16 95.5 89.5 330 323
good14_2 25.3 385.0 609.0 1793.0 16 90.5 90.5 326 325
good14_3 25.3 434.0 622.0 1793.0 12 93.5 93.5 327 324
good14_4 25.3 413.0 433.0 1793.0 16 95.5 93.5 328 325
good14_5 26.4 999.0 1875.0 1961.0 15 89.5 94.5 327 324
good14_6 26.4 461.0 1089.0 1961.0 20 94.5 91.5 329 324
good15_1 25.3 761.0 1205.0 1793.0 13 94.5 89.5 327 324
good15_2 26.4 431.0 1091.0 1961.0 15 93.5 91.5 327 324
good15_3 26.4 537.0 1141.0 1961.0 17 94.5 94.5 327 324
good15_4 25.3 264.0 292.0 1793.0 16 96.5 91.5 327 324
good15_5 26.4 859.0 1515.0 1961.0 17 89.5 93.5 327 323
good15_6 26.4 346.0 822.0 1961.0 15 92.5 90.5 327 324
good16_1 25.3 682.0 938.0 1793.0 15 95.5 90.5 328 323
good16_2 25.3 299.0 519.0 1793.0 14 97.5 94.5 328 326
good16_3 26.4 497.0 1057.0 1961.0 17 94.5 93.5 328 324
good16_4 26.4 499.0 887.0 1961.0 16 98.5 93.5 327 326
good16_5 26.4 800.0 1516.0 1961.0 21 90.5 95.5 330 322
good16_6 26.4 322.0 854.0 1961.0 19 94.5 89.5 328 322
good17_1 26.4 718.0 1646.0 1961.0 11 95.5 95.5 327 324
good17_2 25.3 668.0 1336.0 1793.0 15 88.5 91.5 327 323
good17_3 26.4 665.0 1357.0 1961.0 17 95.5 97.5 328 324
good17_4 26.4 549.0 973.0 1961.0 22 93.5 90.5 328 323
good17_5 26.4 873.0 1489.0 1961.0 19 92.5 95.5 328 325
good17_6 26.4 573.0 1197.0 1961.0 13 94.5 90.5 327 325
good18_1 26.4 478.0 1090.0 1961.0 17 94.5 95.5 326 325
good18_2 26.4 360.0 772.0 1961.0 16 95.5 90.5 326 325
good18_3 25.3 639.0 995.0 1793.0 17 88.5 96.5 325 325
good18_4 26.4 674.0 1438.0 1961.0 15 92.5 88.5 324 327
good18_5 26.4 633.0 1113.0 1961.0 17 96.5 98.5 327 325
good18_6 26.4 761.0 1673.0 1961.0 17 94.5 91.5 328 326
good19_1 26.4 775.0 1655.0 1961.0 14 93.5 92.5 327 326
good19_2 25.3 431.0 523.0 1793.0 16 90.5 89.5 326 326
good19_3 26.4 689.0 1373.0 1961.0 15 93.5 95.5 326 327
good19_4 26.4 349.0 757.0 1961.0 18 92.5 90.5 326 326
good19_5 26.4 963.0 1763.0 1961.0 16 87.5 94.5 327 326
good19_6 26.4 336.0 768.0 1961.0 18 93.5 92.5 327 327
good20_1 26.4 557.0 1257.0 1961.0 17 94.5 95.5 326 326
good20_2 26.4 582.0 1118.0 1961.0 17 93.5 91.5 325 326
good20_3 26.4 809.0 1781.0 1961.0 15 86.5 95.5 325 326
good20_4 26.4 501.0 1041.0 1961.0 18 94.5 86.5 326 324
good20_5 26.4 601.0 1149.0 1961.0 17 96.5 97.5 326 324
good20_6 25.3 289.0 609.0 1793.0 14 94.5 93.5 326 325
good21_1 26.4 710.0 1418.0 1961.0 12 96.5 92.5 324 325
good21_2 26.4 789.0 1421.0 1961.0 16 88.5 92.5 324 325
good21_3 26.4 771.0 1315.0 1961.0 18 95.5 95.5 325 327
good21_4 26.4 509.0 1253.0 1961.0 11 92.5 92.5 325 326
good21_5 26.4 842.0 1386.0 1961.0 14 89.5 98.5 325 324
good21_6 25.3 336.0 536.0 1793.0 15 94.5 93.5 327 326
good22_1 25.3 432.0 536.0 1793.0 14 97.5 99.5 327 325
good22_2 25.3 503.0 871.0 1793.0 13 90.5 91.5 328 325
good22_3 26.4 785.0 1405.0 1961.0 15 98.5 99.5 327 325
good22_4 25.3 331.0 459.0 1793.0 16 93.5 91.5 329 324
good22_5 26.4 838.0 2030.0 1961.0 17 88.5 94.5 327 325
good22_6 26.4 433.0 1097.0 1961.0 18 92.5 91.5 327 327
good23_1 26.4 738.0 1338.0 1961.0 21 94.5 94.5 329 324
good23_2 26.4 514.0 882.0 1961.0 16 95.5 93.5 327 325
good23_3 25.3 757.0 1125.0 1793.0 18 89.5 94.5 327 324
good23_4 26.4 571.0 1115.0 1961.0 16 94.5 95.5 327 327
good23_5 26.4 450.0 906.0 1961.0 19 94.5 94.5 327 324
good23_6 26.4 774.0 1374.0 1961.0 17 93.5 84.5 330 324
good24_1 25.3 501.0 697.0 1793.0 13 96.5 95.5 328 325
good24_2 26.4 548.0 1176.0 1961.0 12 91.5 90.5 328 323
good24_3 26.4 744.0 1352.0 1961.0 17 95.5 96.5 326 326
good24_4 26.4 428.0 856.0 1961.0 16 93.5 91.5 327 324
good24_5 25.3 770.0 1298.0 1793.0 16 88.5 95.5 324 326
good24_6 26.4 459.0 995.0 1961.0 18 93.5 91.5 326 325
good25_1 26.4 733.0 1865.0 1961.0 14 92.5 94.5 326 325
good25_2 26.4 580.0 1412.0 1961.0 17 94.5 89.5 326 324
good25_3 26.4 946.0 2122.0 1961.0 14 90.5 96.5 327 325
good25_4 26.4 804.0 1976.0 1961.0 14 95.5 85.5 327 323
good25_5 26.4 797.0 1397.0 1961.0 20 92.5 95.5 326 325
good25_6 25.3 557.0 1001.0 1793.0 15 92.5 89.5 325 326
good26_1 26.4 814.0 2194.0 1961.0 18 92.5 93.5 328 321
good26_2 26.4 501.0 925.0 1961.0 16 95.5 88.5 326 325
good26_3 26.4 804.0 2028.0 1961.0 15 85.5 93.5 327 321
good26_4 25.3 613.0 957.0 1793.0 12 92.5 84.5 325 324
good26_5 26.4 735.0 1323.0 1961.0 15 92.5 93.5 326 324
good26_6 26.4 825.0 2209.0 1961.0 14 90.5 81.5 327 324
good27_1 25.3 642.0 1686.0 1793.0 16 95.5 93.5 325 324
good27_2 26.4 788.0 2836.0 1961.0 20 89.5 94.5 324 324
good27_3 26.4 938.0 2702.0 1961.0 12 91.5 96.5 324 326
good27_4 26.4 889.0 2789.0 1961.0 10 94.5 93.5 325 324
good27_5 26.4 855.0 1551.0 1961.0 14 90.5 96.5 326 325
good27_6 26.4 577.0 1253.0 1961.0 13 95.5 94.5 326 326
good28_1 25.3 521.0 769.0 1793.0 18 93.5 94.5 327 323
good28_2 26.4 627.0 1771.0 1961.0 19 94.5 91.5 327 325
good28_3 26.4 818.0 1462.0 1961.0 15 89.5 93.5 328 323
good28_4 25.3 795.0 2315.0 1793.0 15 93.5 88.5 326 325
good28_5 26.4 767.0 1479.0 1961.0 16 94.5 96.5 328 324
good28_6 26.4 750.0 1754.0 1961.0 12 91.5 86.5 327 324
good29_1 26.4 744.0 1560.0 1961.0 18 98.5 93.5 326 324
good29_2 26.4 724.0 1772.0 1961.0 12 90.5 94.5 326 323
good29_3 26.4 773.0 1405.0 1961.0 18 95.5 95.5 325 324
good29_4 26.4 624.0 1216.0 1961.0 16 94.5 90.5 326 322
good29_5 26.4 682.0 1374.0 1961.0 16 87.5 98.5 324 325
good29_6 26.4 571.0 1055.0 1961.0 18 91.5 93.5 324 325
good30_1 25.3 757.0 1713.0 1793.0 15 95.5 90.5 328 325
good30_2 26.4 806.0 1766.0 1961.0 15 87.5 91.5 328 325
good30_3 26.4 770.0 1814.0 1961.0 18 92.5 95.5 325 325
good30_4 25.3 264.0 396.0 1793.0 19 92.5 91.5 327 324
good30_5 26.4 1005.0 2125.0 1961.0 16 87.5 95.5 325 327
good30_6 26.4 347.0 771.0 1961.0 19 92.5 91.5 326 326
good31_1 26.4 516.0 972.0 1961.0 19 92.5 95.5 327 325
good31_2 25.3 430.0 806.0 1793.0 17 93.5 91.5 326 327
good31_3 25.3 709.0 997.0 1793.0 13 87.5 95.5 326 327
good31_4 26.4 685.0 1297.0 1961.0 19 92.5 86.5 326 325
good31_5 25.3 399.0 591.0 1793.0 16 95.5 93.5 328 326
good31_6 26.4 642.0 1290.0 1961.0 13 92.5 84.5 326 325
good32_1 26.4 572.0 1004.0 1961.0 17 92.5 96.5 328 324
good32_2 25.3 477.0 757.0 1793.0 17 96.5 91.5 328 325
good32_3 25.3 565.0 733.0 1793.0 14 89.5 95.5 327 322
good32_4 26.4 470.0 1262.0 1961.0 15 95.5 94.5 327 326
good32_5 26.4 493.0 905.0 1961.0 19 94.5 94.5 326 324
good32_6 25.3 725.0 1269.0 1793.0 13 93.5 83.5 329 324
good33_1 26.4 730.0 2202.0 1961.0 10 98.5 95.5 327 323
good33_2 26.4 737.0 2245.0 1961.0 10 95.5 89.5 327 324
good33_3 26.4 793.0 1861.0 1961.0 15 89.5 96.5 326 322
good33_4 26.4 800.0 2252.0 1961.0 15 94.5 86.5 325 324
good33_5 26.4 689.0 1557.0 1961.0 13 93.5 94.5 327 324
good33_6 26.4 778.0 1546.0 1961.0 16 93.5 85.5 327 323
good34_1 26.4 555.0 1059.0 1961.0 16 94.5 95.5 327 326
good34_2 26.4 520.0 1392.0 1961.0 13 93.5 91.5 326 326
good34_3 25.3 784.0 1168.0 1793.0 14 86.5 96.5 324 327
good34_4 26.4 739.0 1371.0 1961.0 17 93.5 85.5 327 326
good34_5 26.4 565.0 1057.0 1961.0 21 94.5 95.5 327 326
good34_6 25.3 472.0 816.0 1793.0 13 94.5 84.5 328 325
good35_1 26.4 872.0 1736.0 1961.0 22 94.5 91.5 325 325
good35_2 26.4 664.0 1668.0 1961.0 19 87.5 93.5 324 325
good35_3 26.4 852.0 1748.0 1961.0 12 95.5 92.5 327 326
good35_4 26.4 661.0 1533.0 1961.0 16 93.5 94.5 324 326
good35_5 25.3 709.0 1313.0 1793.0 14 89.5 95.5 325 324
good35_6 25.3 440.0 628.0 1793.0 18 93.5 92.5 326 325
good36_1 25.3 586.0 722.0 1793.0 17 97.5 96.5 326 326
good36_2 26.4 590.0 1222.0 1961.0 18 95.5 91.5 328 323
good36_3 25.3 617.0 881.0 1793.0 14 93.5 96.5 326 325
good36_4 26.4 621.0 1397.0 1961.0 12 95.5 86.5 327 323
good36_5 26.4 625.0 1253.0 1961.0 16 93.5 94.5 325 325
good36_6 26.4 626.0 1486.0 1961.0 15 93.5 87.5 325 327
good37_1 26.4 1047.0 2931.0 1961.0 15 94.5 89.5 327 325
good37_2 25.3 602.0 1154.0 1793.0 11 91.5 89.5 331 322
good37_3 25.3 524.0 948.0 1793.0 14 95.5 95.5 329 325
good37_4 26.4 454.0 1002.0 1961.0 16 93.5 91.5 328 324
good37_5 26.4 1000.0 2128.0 1961.0 11 86.5 95.5 326 329
good37_6 25.3 385.0 561.0 1793.0 15 93.5 90.5 328 327
good38_1 26.4 683.0 1267.0 1961.0 17 96.5 96.5 326 325
good38_2 26.4 445.0 1173.0 1961.0 16 95.5 89.5 327 323
good38_3 26.4 863.0 1655.0 1961.0 13 96.5 98.5 330 324
good38_4 25.3 730.0 1422.0 1793.0 18 93.5 85.5 328 324
good38_5 26.4 561.0 1021.0 1961.0 18 92.5 96.5 325 326
good38_6 25.3 514.0 618.0 1793.0 15 90.5 87.5 325 327
good39_1 26.4 703.0 1431.0 1961.0 13 97.5 95.5 328 325
good39_2 26.4 863.0 2123.0 1961.0 17 89.5 90.5 327 324
good39_3 25.3 666.0 1134.0 1793.0 19 93.5 96.5 326 324
good39_4 26.4 569.0 1189.0 1961.0 18 94.5 90.5 329 323
good39_5 26.4 837.0 1309.0 1961.0 19 89.5 98.5 326 328
good39_6 25.3 420.0 532.0 1793.0 18 93.5 91.5 325 326
good40_1 26.4 496.0 1120.0 1961.0 16 93.5 95.5 326 327
good40_2 25.3 476.0 1028.0 1793.0 16 93.5 89.5 326 326
good40_3 26.4 1011.0 2515.0 1961.0 16 87.5 92.5 326 327
good40_4 25.3 569.0 1237.0 1793.0 14 92.5 86.5 329 327
good40_5 25.3 387.0 583.0 1793.0 17 94.5 96.5 327 326
good40_6 25.3 609.0 825.0 1793.0 13 92.5 85.5 327 326
good41_1 25.3 642.0 1006.0 1793.0 13 96.5 98.5 327 325
good41_2 26.4 716.0 1520.0 1961.0 13 92.5 89.5 329 323
good41_3 25.3 475.0 647.0 1793.0 14 97.5 99.5 327 324
good41_4 26.4 438.0 1050.0 1961.0 17 92.5 91.5 326 324
good41_5 25.3 697.0 917.0 1793.0 17 89.5 95.5 325 325
good41_6 26.4 417.0 957.0 1961.0 19 93.5 92.5 326 326
good42_1 26.4 834.0 1454.0 1961.0 13 94.5 93.5 325 324
good42_2 26.4 641.0 1485.0 1961.0 18 89.5 96.5 325 325
good42_3 25.3 570.0 918.0 1793.0 18 89.5 98.5 325 324
good42_4 26.4 584.0 1272.0 1961.0 17 93.5 91.5 324 325
good42_5 26.4 774.0 1458.0 1961.0 13 93.5 95.5 326 325
good42_6 26.4 464.0 1120.0 1961.0 16 95.5 88.5 326 323
good43_1 26.4 596.0 1028.0 1961.0 15 93.5 95.5 325 325
good43_2 26.4 503.0 1095.0 1961.0 21 94.5 91.5 326 326
good43_3 26.4 885.0 1777.0 1961.0 15 86.5 94.5 327 327
good43_4 26.4 818.0 1642.0 1961.0 12 92.5 85.5 326 327
good43_5 26.4 621.0 1173.0 1961.0 19 95.5 94.5 327 324
good43_6 26.4 723.0 1331.0 1961.0 15 93.5 88.5 327 326
good44_1 26.4 939.0 1999.0 1961.0 16 95.5 90.5 327 323
good44_2 26.4 845.0 1705.0 1961.0 13 89.5 93.5 325 323
good44_3 26.4 737.0 1381.0 1961.0 12 95.5 95.5 326 324
good44_4 26.4 628.0 2116.0 1961.0 9 93.5 95.5 327 325
good44_5 26.4 711.0 1327.0 1961.0 16 88.5 95.5 326 323
good44_6 26.4 466.0 850.0 1961.0 14 92.5 88.5 327 322
good45_1 26.4 553.0 993.0 1961.0 18 94.5 95.5 327 326
good45_2 26.4 452.0 1036.0 1961.0 17 94.5 89.5 328 323
good45_3 26.4 881.0 1701.0 1961.0 17 90.5 93.5 328 326
good45_4 26.4 781.0 1513.0 1961.0 13 91.5 87.5 328 324
good45_5 26.4 548.0 1156.0 1961.0 15 92.5 95.5 324 327
good45_6 26.4 863.0 1615.0 1961.0 14 91.5 87.5 328 328
good46_1 25.3 913.0 2157.0 1793.0 14 92.5 87.5 324 325
good46_2 26.4 1012.0 2812.0 1961.0 17 86.5 93.5 325 325
good46_3 26.4 620.0 1672.0 1961.0 13 93.5 94.5 325 326
good46_4 26.4 601.0 1969.0 1961.0 11 92.5 94.5 324 326
good46_5 26.4 883.0 1615.0 1961.0 17 89.5 97.5 326 325
good46_6 25.3 534.0 1366.0 1793.0 11 91.5 91.5 326 323
good47_1 26.4 679.0 1499.0 1961.0 17 95.5 92.5 327 322
good47_2 26.4 684.0 1588.0 1961.0 17 92.5 95.5 326 325
good47_3 25.3 643.0 839.0 1793.0 14 94.5 95.5 327 323
good47_4 25.3 534.0 922.0 1793.0 16 95.5 92.5 328 325
good47_5 26.4 866.0 1606.0 1961.0 14 89.5 98.5 327 323
good47_6 26.4 703.0 1331.0 1961.0 15 95.5 89.5 327 323
good48_1 25.3 798.0 2178.0 1793.0 14 96.5 91.5 325 325
good48_2 26.4 717.0 1801.0 1961.0 17 93.5 93.5 327 325
good48_3 25.3 606.0 1306.0 1793.0 18 94.5 95.5 325 325
good48_4 26.4 788.0 1776.0 1961.0 18 95.5 92.5 326 325
good48_5 26.4 928.0 2784.0 1961.0 14 91.5 97.5 327 325
good48_6 26.4 708.0 1832.0 1961.0 18 94.5 93.5 327 326
good49_1 26.4 863.0 1723.0 1961.0 15 96.5 91.5 327 325
good49_2 25.3 635.0 943.0 1793.0 16 88.5 90.5 328 323
good49_3 25.3 427.0 647.0 1793.0 16 96.5 95.5 328 325
good49_4 26.4 402.0 1014.0 1961.0 18 94.5 91.5 328 324
good49_5 26.4 912.0 1844.0 1961.0 15 90.5 94.5 326 326
good49_6 26.4 483.0 979.0 1961.0 17 93.5 92.5 326 326
good50_1 26.4 640.0 1096.0 1961.0 14 92.5 96.5 326 324
good50_2 26.4 702.0 1422.0 1961.0 10 95.5 93.5 326 326
good50_3 26.4 893.0 1813.0 1961.0 13 88.5 93.5 328 323
good50_4 26.4 599.0 1191.0 1961.0 16 95.5 91.5 327 325
good50_5 26.4 692.0 1396.0 1961.0 19 93.5 94.5 328 323
good50_6 26.4 707.0 1839.0 1961.0 18 94.5 86.5 327 323
good51_1 25.3 697.0 1181.0 1793.0 12 95.5 92.5 327 325
good51_2 26.4 548.0 1116.0 1961.0 13 90.5 87.5 329 321
good51_3 26.4 676.0 1264.0 1961.0 16 95.5 95.5 328 325
good51_4 26.4 282.0 662.0 1961.0 17 93.5 91.5 328 323
good51_5 26.4 815.0 1639.0 1961.0 17 89.5 95.5 325 327
good51_6 26.4 659.0 1547.0 1961.0 18 92.5 92.5 325 326
good52_1 26.4 723.0 1371.0 1961.0 16 93.5 96.5 327 323
good52_2 26.4 648.0 1728.0 1961.0 14 96.5 93.5 329 326
good52_3 25.3 745.0 1357.0 1793.0 15 89.5 97.5 328 324
good52_4 26.4 967.0 2367.0 1961.0 17 94.5 88.5 327 325
good52_5 26.4 633.0 1265.0 1961.0 16 93.5 95.5 327 324
good52_6 25.3 692.0 900.0 1793.0 15 92.5 85.5 327 324
good53_1 26.4 915.0 2743.0 1961.0 15 92.5 88.5 324 325
good53_2 26.4 896.0 1588.0 1961.0 14 88.5 92.5 324 324
good53_3 25.3 577.0 941.0 1793.0 14 94.5 92.5 325 324
good53_4 26.4 380.0 788.0 1961.0 13 91.5 90.5 324 325
good53_5 26.4 839.0 1347.0 1961.0 14 89.5 95.5 325 324
good53_6 26.4 491.0 1003.0 1961.0 11 92.5 89.5 325 324
good54_1 26.4 743.0 1927.0 1961.0 14 94.5 95.5 327 326
good54_2 26.4 883.0 2059.0 1961.0 15 91.5 91.5 325 326
good54_3 26.4 1041.0 2613.0 1961.0 18 88.5 93.5 326 325
good54_4 26.4 761.0 1937.0 1961.0 14 92.5 86.5 326 326
good54_5 25.3 692.0 2380.0 1793.0 19 94.5 97.5 328 325
good54_6 26.4 872.0 2384.0 1961.0 16 95.5 91.5 327 324
good55_1 26.4 746.0 1090.0 1961.0 17 92.5 96.5 325 325
good55_2 26.4 702.0 1902.0 1961.0 14 94.5 89.5 325 325
good55_3 26.4 875.0 1699.0 1961.0 13 89.5 97.5 325 327
good55_4 26.4 743.0 1631.0 1961.0 16 94.5 84.5 326 327
good55_5 26.4 749.0 1849.0 1961.0 13 94.5 91.5 326 323
good55_6 26.4 809.0 1617.0 1961.0 15 93.5 88.5 326 324
good56_1 26.4 977.0 2465.0 1961.0 19 94.5 89.5 330 323
good56_2 26.4 606.0 1370.0 1961.0 14 93.5 93.5 326 327
good56_3 26.4 666.0 1226.0 1961.0 13 93.5 94.5 328 324
good56_4 26.4 487.0 1103.0 1961.0 18 95.5 92.5 327 325
good56_5 26.4 990.0 2070.0 1961.0 14 89.5 93.5 329 323
good56_6 26.4 454.0 966.0 1961.0 16 93.5 89.5 329 324
good57_1 26.4 1019.0 2267.0 1961.0 17 95.5 86.5 327 325
good57_2 26.4 720.0 1448.0 1961.0 14 91.5 89.5 327 325
good57_3 26.4 554.0 1122.0 1961.0 16 94.5 93.5 325 326
good57_4 26.4 466.0 1042.0 1961.0 19 93.5 92.5 325 326
good57_5 26.4 699.0 1435.0 1961.0 16 97.5 98.5 328 325
good57_6 26.4 647.0 1135.0 1961.0 18 96.5 94.5 326 325
good58_1 26.4 902.0 1902.0 1961.0 15 94.5 91.5 326 325
good58_2 26.4 695.0 1575.0 1961.0 15 91.5 91.5 328 324
good58_3 26.4 711.0 1363.0 1961.0 13 93.5 94.5 327 323
good58_4 25.3 384.0 504.0 1793.0 12 91.5 88.5 327 322
good58_5 26.4 1023.0 1907.0 1961.0 15 89.5 93.5 325 325
good58_6 26.4 484.0 1164.0 1961.0 14 95.5 92.5 327 327
good59_1 26.4 748.0 1772.0 1961.0 14 95.5 96.5 325 327
good59_2 26.4 716.0 1984.0 1961.0 16 94.5 91.5 325 325
good59_3 26.4 728.0 1304.0 1961.0 16 90.5 96.5 325 325
good59_4 26.4 794.0 1902.0 1961.0 13 93.5 86.5 326 326
good59_5 26.4 837.0 1813.0 1961.0 13 97.5 96.5 327 325
good59_6 26.4 650.0 1478.0 1961.0 17 99.5 92.5 327 326
good60_1 26.4 1013.0 2353.0 1961.0 13 96.5 90.5 327 324
good60_2 26.4 840.0 1624.0 1961.0 17 91.5 90.5 328 323
good60_3 26.4 823.0 1919.0 1961.0 14 94.5 93.5 325 324
good60_4 26.4 576.0 1616.0 1961.0 15 93.5 89.5 326 322
good60_5 26.4 890.0 1782.0 1961.0 14 87.5 94.5 325 325
good60_6 26.4 536.0 1508.0 1961.0 14 91.5 90.5 325 326
good61_1 26.4 957.0 2285.0 1961.0 15 93.5 88.5 327 325
good61_2 26.4 699.0 2051.0 1961.0 14 89.5 87.5 326 326
good61_3 26.4 504.0 1028.0 1961.0 17 93.5 94.5 326 327
good61_4 26.4 631.0 1307.0 1961.0 15 93.5 91.5 325 327
good61_5 26.4 769.0 1441.0 1961.0 18 93.5 95.5 328 324
good61_6 26.4 393.0 833.0 1961.0 16 94.5 90.5 327 325
good62_1 26.4 787.0 1543.0 1961.0 11 93.5 94.5 324 323
good62_2 26.4 687.0 1367.0 1961.0 13 95.5 90.5 326 324
good62_3 26.4 778.0 1546.0 1961.0 20 89.5 97.5 324 324
good62_4 25.3 611.0 983.0 1793.0 12 94.5 82.5 326 325
good62_5 26.4 609.0 977.0 1961.0 15 93.5 96.5 326 323
good62_6 26.4 767.0 1843.0 1961.0 14 93.5 87.5 326 325
good63_1 26.4 656.0 1256.0 1961.0 17 94.5 95.5 329 324
good63_2 26.4 628.0 1232.0 1961.0 17 96.5 93.5 328 325
good63_3 26.4 905.0 1777.0 1961.0 17 89.5 94.5 328 324
good63_4 25.3 501.0 905.0 1793.0 15 93.5 94.5 328 327
good63_5 26.4 475.0 939.0 1961.0 16 94.5 94.5 327 325
good63_6 26.4 622.0 1322.0 1961.0 16 93.5 85.5 329 323
good64_1 26.4 573.0 1169.0 1961.0 16 94.5 95.5 326 326
good64_2 26.4 466.0 878.0 1961.0 16 94.5 91.5 326 327
good64_3 25.3 683.0 871.0 1793.0 16 88.5 92.5 324 324
good64_4 26.4 523.0 1135.0 1961.0 19 93.5 86.5 326 325
good64_5 26.4 761.0 1469.0 1961.0 16 93.5 94.5 327 326
good64_6 25.3 688.0 1156.0 1793.0 14 90.5 87.5 326 324
good65_1 26.4 948.0 3284.0 1961.0 14 95.5 95.5 326 325
good65_2 26.4 580.0 1600.0 1961.0 13 96.5 87.5 327 322
good65_3 25.3 875.0 3343.0 1793.0 13 90.5 94.5 325 325
good65_4 26.4 705.0 1845.0 1961.0 14 93.5 83.5 327 323
good65_5 26.4 866.0 2730.0 1961.0 16 93.5 93.5 326 326
good65_6 26.4 694.0 1954.0 1961.0 14 94.5 88.5 324 325
good66_1 25.3 781.0 1461.0 1793.0 16 93.5 90.5 325 326
good66_2 26.4 790.0 1542.0 1961.0 14 90.5 89.5 326 326
good66_3 26.4 534.0 1138.0 1961.0 15 93.5 96.5 327 328
good66_4 26.4 483.0 1047.0 1961.0 19 92.5 91.5 325 326
good66_5 25.3 535.0 991.0 1793.0 13 98.5 96.5 327 326
good66_6 26.4 609.0 1321.0 1961.0 18 98.5 92.5 326 324
good67_1 26.4 913.0 2045.0 1961.0 14 98.5 95.5 325 325
good67_2 26.4 519.0 1279.0 1961.0 12 95.5 88.5 327 324
good67_3 26.4 797.0 1493.0 1961.0 13 96.5 97.5 325 325
good67_4 26.4 567.0 1275.0 1961.0 15 94.5 84.5 325 322
good67_5 25.3 557.0 693.0 1793.0 21 94.5 93.5 324 324
good67_6 26.4 674.0 1410.0 1961.0 18 97.5 84.5 326 325
good68_1 26.4 1080.0 4104.0 1961.0 13 94.5 97.5 325 325
good68_2 26.4 654.0 1470.0 1961.0 15 93.5 91.5 326 324
good68_3 26.4 884.0 2832.0 1961.0 11 91.5 101.5 326 325
good68_4 26.4 756.0 1620.0 1961.0 20 92.5 87.5 326 322
good68_5 26.4 938.0 2354.0 1961.0 16 93.5 97.5 325 324
good68_6 26.4 897.0 2193.0 1961.0 19 97.5 86.5 324 325
good69_1 26.4 810.0 1898.0 1961.0 16 94.5 91.5 326 324
good69_2 26.4 665.0 1477.0 1961.0 12 89.5 94.5 326 323
good69_3 26.4 780.0 1460.0 1961.0 15 93.5 93.5 325 324
good69_4 26.4 591.0 1279.0 1961.0 14 92.5 90.5 326 322
good69_5 26.4 719.0 1523.0 1961.0 14 87.5 91.5 325 324
good69_6 26.4 479.0 999.0 1961.0 12 93.5 88.5 325 325
good70_1 25.3 817.0 1381.0 1793.0 15 93.5 89.5 327 325
good70_2 25.3 651.0 1115.0 1793.0 17 87.5 88.5 325 325
good70_3 26.4 466.0 962.0 1961.0 18 93.5 93.5 324 325
good70_4 25.3 365.0 509.0 1793.0 18 92.5 92.5 327 325
good70_5 26.4 993.0 1957.0 1961.0 20 89.5 94.5 328 324
good70_6 26.4 408.0 960.0 1961.0 18 92.5 92.5 328 326
