bad1_1 242.5 442.5 19.4 666.0 2870.0 1129.0 67.5 60.5 233 232
bad1_2 244.5 442.5 18.3 606.0 2754.0 1009.0 65.5 60.5 231 231
bad1_3 238.5 443.5 13.8 286.0 1234.0 613.0 69.5 61.5 230 232
bad1_4 259.5 450.5 17.2 498.0 2194.0 901.0 49.5 70.5 232 234
bad1_5 257.5 448.5 17.2 645.0 2869.0 901.0 50.5 66.5 231 231
bad1_6 260.5 447.5 17.2 529.0 2369.0 901.0 48.5 65.5 231 232
bad2_1 241.5 448.5 17.2 275.0 975.0 901.0 66.5 66.5 231 231
bad2_2 242.5 448.5 18.1 356.0 1276.0 1009.0 65.5 66.5 231 232
bad2_3 240.5 454.5 17.2 206.0 630.0 901.0 67.5 71.5 231 231
bad2_4 240.5 451.5 17.2 260.0 744.0 901.0 67.5 69.5 231 232
bad2_5 243.5 450.5 18.3 377.0 1433.0 1009.0 67.5 68.5 231 233
bad2_6 242.5 449.5 17.2 272.0 884.0 901.0 66.5 66.5 232 230
bad3_1 244.5 457.5 19.4 532.0 2316.0 1129.0 64.5 74.5 232 230
bad3_2 242.5 453.5 17.2 198.0 686.0 901.0 66.5 71.5 231 232
bad3_3 240.5 452.5 19.4 418.0 1666.0 1129.0 68.5 70.5 232 232
bad3_4 241.5 451.5 17.2 298.0 1018.0 901.0 66.5 69.5 230 232
bad3_5 240.5 450.5 17.2 190.0 686.0 901.0 67.5 67.5 232 232
bad3_6 240.5 452.5 18.3 310.0 1166.0 1009.0 67.5 71.5 231 232
bad4_1 242.5 446.5 17.2 286.0 682.0 901.0 67.5 64.5 233 233
bad4_2 245.5 441.5 17.2 433.0 1593.0 901.0 63.5 59.5 232 232
bad4_3 243.5 444.5 17.2 347.0 1175.0 901.0 64.5 62.5 231 233
bad4_4 241.5 450.5 17.2 288.0 1084.0 901.0 66.5 68.5 232 233
bad4_5 240.5 450.5 17.2 310.0 1250.0 901.0 67.5 68.5 231 232
bad4_6 242.5 451.5 16.9 319.0 1023.0 901.0 66.5 69.5 232 232
bad5_1 243.5 452.5 17.2 438.0 1750.0 901.0 65.5 70.5 232 233
bad5_2 245.5 453.5 17.2 295.0 1075.0 901.0 64.5 71.5 233 232
bad5_3 241.5 453.5 17.2 269.0 725.0 901.0 66.5 71.5 231 232
bad5_4 241.5 442.5 17.2 450.0 1970.0 901.0 67.5 60.5 232 231
bad5_5 245.5 445.5 17.2 369.0 1385.0 901.0 66.5 62.5 233 232
bad5_6 244.5 443.5 17.2 332.0 1324.0 901.0 64.5 61.5 232 233
bad6_1 247.5 441.5 18.3 441.0 1617.0 1009.0 62.5 61.5 231 233
bad6_2 248.5 440.5 17.2 466.0 1502.0 901.0 60.5 60.5 231 232
bad6_3 246.5 443.5 17.2 214.0 626.0 901.0 65.5 63.5 234 232
bad6_4 248.5 445.5 17.2 325.0 1221.0 901.0 62.5 67.5 236 232
bad6_5 250.5 447.5 19.4 464.0 1788.0 1129.0 59.5 68.5 231 234
bad6_6 248.5 449.5 17.2 363.0 1319.0 901.0 61.5 68.5 232 233
bad7_1 0 0 0 0 0 0 -77 -381 232 233
bad7_2 243.5 453.5 17.2 181.0 621.0 901.0 66.5 71.5 232 232
bad7_3 241.5 448.5 19.4 540.0 2356.0 1129.0 67.5 67.5 232 233
bad7_4 242.5 450.5 17.2 240.0 892.0 901.0 67.5 68.5 233 233
bad7_5 243.5 445.5 17.2 321.0 1085.0 901.0 67.5 64.5 232 233
bad7_6 241.5 445.5 17.2 303.0 1211.0 901.0 67.5 64.5 232 233
bad8_1 242.5 443.5 18.3 313.0 933.0 1009.0 66.5 62.5 232 231
bad8_2 241.5 446.5 18.3 315.0 1131.0 1009.0 67.5 65.5 232 232
bad8_3 239.5 448.5 18.3 322.0 1038.0 1009.0 67.5 67.5 231 233
bad8_4 242.5 447.5 18.3 238.0 866.0 1009.0 65.5 66.5 231 232
bad8_5 243.5 450.5 19.4 511.0 1907.0 1129.0 65.5 69.5 232 233
bad8_6 244.5 449.5 17.2 221.0 685.0 901.0 63.5 67.5 231 230
bad9_1 241.5 448.5 17.2 264.0 980.0 901.0 67.5 67.5 232 233
bad9_2 241.5 446.5 18.1 359.0 1427.0 1009.0 68.5 64.5 232 231
bad9_3 242.5 443.5 17.2 270.0 850.0 901.0 65.5 62.5 231 232
bad9_4 245.5 451.5 17.2 277.0 1117.0 901.0 64.5 69.5 233 232
bad9_5 245.5 450.5 18.1 249.0 977.0 1009.0 64.5 69.5 233 231
bad9_6 245.5 450.5 17.2 225.0 793.0 901.0 62.5 69.5 231 232
bad10_1 247.5 442.5 17.2 482.0 2010.0 901.0 61.5 62.5 232 229
bad10_2 245.5 443.5 17.2 182.0 506.0 901.0 64.5 64.5 233 234
bad10_3 242.5 451.5 18.1 282.0 990.0 1009.0 66.5 72.5 232 234
bad10_4 241.5 444.5 16.0 309.0 1293.0 797.0 68.5 65.5 234 233
bad10_5 242.5 448.5 17.2 257.0 857.0 901.0 66.5 67.5 232 232
bad10_6 245.5 445.5 18.2 262.0 942.0 1009.0 63.5 65.5 235 231
bad11_1 246.5 446.5 19.4 466.0 1574.0 1129.0 63.5 65.5 232 233
bad11_2 242.5 448.5 17.2 198.0 702.0 901.0 65.5 66.5 232 232
bad11_3 241.5 450.5 13.8 284.0 1228.0 613.0 67.5 68.5 234 232
bad11_4 245.5 446.5 17.2 311.0 915.0 901.0 64.5 64.5 232 231
bad11_5 241.5 439.5 17.2 486.0 1662.0 901.0 65.5 57.5 231 231
bad11_6 245.5 446.5 16.9 189.0 617.0 901.0 62.5 63.5 231 232
bad12_1 244.5 452.5 17.2 203.0 459.0 901.0 64.5 69.5 232 231
bad12_2 243.5 448.5 17.2 250.0 862.0 901.0 65.5 67.5 231 233
bad12_3 243.5 451.5 17.2 247.0 623.0 901.0 64.5 69.5 231 233
bad12_4 240.5 444.5 17.2 298.0 938.0 901.0 67.5 63.5 231 233
bad12_5 240.5 447.5 17.2 228.0 604.0 901.0 68.5 64.5 232 232
bad12_6 241.5 448.5 18.0 308.0 1152.0 1009.0 67.5 66.5 232 232
bad13_1 245.5 448.5 15.0 268.0 1096.0 709.0 63.5 67.5 233 233
bad13_2 242.5 449.5 17.2 364.0 984.0 901.0 66.5 67.5 232 232
bad13_3 245.5 448.5 17.2 339.0 1231.0 901.0 63.5 69.5 232 236
bad13_4 245.5 440.5 17.2 548.0 2352.0 901.0 66.5 58.5 232 233
bad13_5 248.5 444.5 17.2 461.0 1857.0 901.0 61.5 63.5 233 232
bad13_6 246.5 450.5 17.2 289.0 789.0 901.0 66.5 72.5 235 233
bad14_1 240.5 446.5 18.1 428.0 1244.0 1009.0 69.5 64.5 233 233
bad14_2 241.5 445.5 17.2 377.0 1361.0 901.0 67.5 64.5 233 232
bad14_3 240.5 443.5 18.3 470.0 1862.0 1009.0 67.5 61.5 231 232
bad14_4 241.5 454.5 17.2 122.0 230.0 901.0 67.5 73.5 232 234
bad14_5 244.5 452.5 17.2 257.0 897.0 901.0 64.5 70.5 232 232
bad14_6 243.5 453.5 17.1 294.0 1062.0 901.0 64.5 71.5 231 232
bad15_1 257.5 448.5 18.2 339.0 1071.0 1009.0 52.5 66.5 231 232
bad15_2 240.5 446.5 17.2 348.0 1168.0 901.0 68.5 65.5 231 233
bad15_3 242.5 445.5 18.3 314.0 1078.0 1009.0 67.5 63.5 232 232
bad15_4 246.5 436.5 19.4 466.0 1866.0 1129.0 63.5 56.5 231 232
bad15_5 243.5 448.5 18.3 286.0 1010.0 1009.0 64.5 66.5 232 232
bad15_6 243.5 450.5 17.2 271.0 755.0 901.0 66.5 68.5 233 231
bad16_1 239.5 445.5 17.2 194.0 574.0 901.0 69.5 64.5 233 232
bad16_2 242.5 443.5 18.3 398.0 1434.0 1009.0 66.5 62.5 230 233
bad16_3 244.5 450.5 17.2 259.0 871.0 901.0 63.5 68.5 232 232
bad16_4 244.5 449.5 17.2 170.0 494.0 901.0 64.5 68.5 232 233
bad16_5 240.5 445.5 17.2 272.0 936.0 901.0 68.5 64.5 232 233
bad16_6 246.5 451.5 17.2 217.0 745.0 901.0 61.5 69.5 231 231
bad17_1 243.5 449.5 17.2 172.0 436.0 901.0 65.5 67.5 232 232
bad17_2 240.5 448.5 17.2 202.0 674.0 901.0 67.5 67.5 232 234
bad17_3 242.5 450.5 17.2 662.0 3022.0 901.0 66.5 68.5 232 232
bad17_4 244.5 449.5 17.2 232.0 572.0 901.0 63.5 67.5 232 232
bad17_5 260.5 450.5 17.2 753.0 3561.0 901.0 48.5 68.5 231 232
bad17_6 242.5 450.5 17.2 198.0 606.0 901.0 67.5 68.5 234 233
bad18_1 238.5 452.5 19.4 501.0 1633.0 1129.0 69.5 70.5 231 232
bad18_2 241.5 453.5 17.2 272.0 828.0 901.0 68.5 71.5 232 233
bad18_3 242.5 450.5 17.2 223.0 619.0 901.0 66.5 69.5 232 232
bad18_4 241.5 450.5 17.2 333.0 1045.0 901.0 68.5 68.5 232 232
bad18_5 242.5 445.5 17.2 329.0 913.0 901.0 66.5 64.5 233 233
bad18_6 241.5 446.5 17.2 364.0 1312.0 901.0 68.5 65.5 233 233
bad19_1 245.5 448.5 19.4 433.0 1773.0 1129.0 63.5 66.5 232 231
bad19_2 243.5 444.5 17.2 236.0 792.0 901.0 62.5 64.5 232 232
bad19_3 242.5 450.5 17.2 286.0 994.0 901.0 66.5 68.5 232 232
bad19_4 243.5 444.5 17.2 345.0 1321.0 901.0 64.5 62.5 230 231
bad19_5 241.5 451.5 17.2 252.0 676.0 901.0 66.5 69.5 231 232
bad19_6 244.5 443.5 17.2 307.0 923.0 901.0 65.5 61.5 233 231
bad20_1 242.5 446.5 18.3 501.0 1837.0 1009.0 66.5 64.5 231 233
bad20_2 243.5 443.5 18.1 546.0 2366.0 1009.0 65.5 61.5 232 232
bad20_3 243.5 443.5 17.2 420.0 1624.0 901.0 64.5 61.5 231 232
bad20_4 242.5 452.5 17.2 200.0 612.0 901.0 65.5 70.5 231 231
bad20_5 243.5 454.5 17.2 251.0 735.0 901.0 66.5 72.5 233 233
bad20_6 243.5 452.5 17.2 344.0 1300.0 901.0 65.5 70.5 232 232
bad21_1 244.5 443.5 19.4 437.0 1681.0 1129.0 64.5 62.5 232 232
bad21_2 251.5 446.5 16.1 179.0 779.0 797.0 59.5 64.5 232 230
bad21_3 249.5 447.5 17.1 259.0 1003.0 901.0 59.5 68.5 231 234
bad21_4 245.5 443.5 17.2 198.0 722.0 901.0 63.5 63.5 231 233
bad21_5 247.5 441.5 17.2 302.0 1170.0 901.0 62.5 60.5 233 232
bad21_6 246.5 439.5 17.2 372.0 1608.0 901.0 61.5 59.5 231 233
bad22_1 242.5 449.5 18.3 322.0 966.0 1009.0 65.5 68.5 231 233
bad22_2 243.5 449.5 19.4 433.0 1689.0 1129.0 65.5 67.5 231 232
bad22_3 241.5 449.5 18.3 402.0 1518.0 1009.0 66.5 68.5 232 233
bad22_4 245.5 448.5 18.2 467.0 1475.0 1009.0 64.5 67.5 231 233
bad22_5 245.5 446.5 17.2 310.0 1202.0 901.0 62.5 65.5 232 232
bad22_6 242.5 446.5 17.2 306.0 1182.0 901.0 67.5 64.5 232 232
bad23_1 238.5 450.5 17.2 262.0 762.0 901.0 69.5 67.5 231 232
bad23_2 237.5 451.5 17.2 180.0 592.0 901.0 70.5 68.5 231 232
bad23_3 236.5 450.5 16.9 155.0 443.0 901.0 71.5 68.5 234 230
bad23_4 240.5 453.5 17.2 210.0 654.0 901.0 67.5 70.5 231 231
bad23_5 241.5 454.5 17.1 181.0 429.0 901.0 68.5 72.5 232 233
bad23_6 240.5 453.5 17.2 236.0 808.0 901.0 67.5 70.5 232 232
bad24_1 241.5 452.5 17.2 217.0 629.0 901.0 67.5 71.5 231 233
bad24_2 241.5 454.5 18.3 425.0 1109.0 1009.0 68.5 73.5 232 233
bad24_3 238.5 453.5 18.3 442.0 1370.0 1009.0 70.5 72.5 232 233
bad24_4 240.5 450.5 18.2 332.0 1036.0 1009.0 67.5 69.5 231 232
bad24_5 238.5 453.5 17.2 317.0 893.0 901.0 71.5 72.5 233 233
bad24_6 239.5 448.5 18.0 443.0 1611.0 1009.0 68.5 67.5 231 233
bad25_1 242.5 451.5 18.2 416.0 1452.0 1009.0 66.5 70.5 232 234
bad25_2 242.5 450.5 18.3 391.0 1323.0 1009.0 66.5 68.5 232 232
bad25_3 242.5 453.5 17.2 338.0 1406.0 901.0 67.5 71.5 233 233
bad25_4 245.5 444.5 17.2 381.0 1233.0 901.0 63.5 62.5 232 233
bad25_5 240.5 440.5 17.2 444.0 1712.0 901.0 68.5 59.5 233 234
bad25_6 244.5 444.5 17.1 343.0 1231.0 901.0 64.5 63.5 232 233
bad26_1 241.5 449.5 17.2 327.0 1323.0 901.0 67.5 68.5 232 233
bad26_2 244.5 450.5 19.4 511.0 2015.0 1129.0 66.5 68.5 233 233
bad26_3 241.5 449.5 17.2 192.0 524.0 901.0 68.5 68.5 233 233
bad26_4 245.5 442.5 17.2 476.0 2012.0 901.0 64.5 61.5 233 233
bad26_5 242.5 446.5 17.2 362.0 1402.0 901.0 67.5 65.5 233 234
bad26_6 243.5 439.5 17.2 477.0 1885.0 901.0 66.5 60.5 233 233
bad27_1 237.5 450.5 19.4 447.0 1675.0 1129.0 70.5 68.5 231 232
bad27_2 238.5 448.5 17.2 344.0 960.0 901.0 69.5 68.5 231 233
bad27_3 241.5 451.5 16.1 644.0 3112.0 797.0 66.5 69.5 231 232
bad27_4 239.5 454.5 18.3 302.0 926.0 1009.0 68.5 73.5 231 233
bad27_5 241.5 450.5 12.5 265.0 1213.0 441.0 66.5 68.5 231 231
bad27_6 239.5 453.5 17.2 308.0 864.0 901.0 67.5 71.5 231 232
bad28_1 243.5 446.5 18.0 307.0 1331.0 1009.0 66.5 67.5 232 234
bad28_2 242.5 449.5 17.2 266.0 918.0 901.0 65.5 67.5 231 232
bad28_3 245.5 446.5 17.0 285.0 1069.0 901.0 64.5 65.5 233 231
bad28_4 244.5 449.5 19.4 489.0 1981.0 1129.0 65.5 67.5 233 230
bad28_5 243.5 445.5 17.2 283.0 1099.0 901.0 65.5 65.5 232 232
bad28_6 242.5 447.5 19.4 438.0 1838.0 1129.0 65.5 66.5 231 232
bad29_1 245.5 450.5 17.2 162.0 422.0 901.0 63.5 67.5 231 230
bad29_2 246.5 448.5 17.1 249.0 941.0 901.0 62.5 66.5 232 233
bad29_3 243.5 450.5 17.2 241.0 929.0 901.0 64.5 67.5 231 232
bad29_4 244.5 446.5 17.2 144.0 360.0 901.0 63.5 65.5 231 234
bad29_5 243.5 447.5 17.1 292.0 1060.0 901.0 65.5 64.5 232 232
bad29_6 245.5 443.5 17.2 295.0 1111.0 901.0 62.5 60.5 232 231
bad30_1 239.5 455.5 19.4 479.0 1695.0 1129.0 70.5 73.5 231 233
bad30_2 240.5 450.5 17.2 245.0 857.0 901.0 67.5 69.5 231 232
bad30_3 238.5 449.5 17.2 178.0 350.0 901.0 70.5 69.5 232 234
bad30_4 240.5 458.5 17.2 193.0 469.0 901.0 69.5 77.5 233 233
bad30_5 241.5 453.5 17.2 174.0 498.0 901.0 68.5 71.5 233 231
bad30_6 241.5 451.5 17.2 211.0 655.0 901.0 66.5 71.5 230 233
bad31_1 241.5 450.5 17.2 319.0 1047.0 901.0 68.5 69.5 232 231
bad31_2 238.5 448.5 17.2 246.0 762.0 901.0 72.5 68.5 230 234
bad31_3 236.5 453.5 17.2 145.0 337.0 901.0 72.5 71.5 232 232
bad31_4 238.5 452.5 17.2 289.0 805.0 901.0 69.5 72.5 230 234
bad31_5 236.5 452.5 19.4 474.0 1898.0 1129.0 71.5 70.5 230 231
bad31_6 241.5 452.5 19.4 377.0 1509.0 1129.0 69.5 71.5 234 231
bad32_1 237.5 450.5 19.4 380.0 1312.0 1129.0 70.5 68.5 231 232
bad32_2 238.5 449.5 18.3 241.0 873.0 1009.0 69.5 67.5 232 233
bad32_3 241.5 450.5 18.3 490.0 1862.0 1009.0 68.5 68.5 233 232
bad32_4 239.5 452.5 18.3 248.0 964.0 1009.0 69.5 70.5 233 231
bad32_5 239.5 452.5 17.2 274.0 750.0 901.0 68.5 70.5 231 232
bad32_6 241.5 454.5 19.3 355.0 1371.0 1129.0 66.5 72.5 231 233
bad33_1 246.5 445.5 17.4 425.0 1789.0 901.0 63.5 64.5 233 234
bad33_2 242.5 443.5 18.3 453.0 1977.0 1009.0 67.5 61.5 233 233
bad33_3 243.5 443.5 18.0 493.0 2069.0 1009.0 65.5 60.5 232 232
bad33_4 241.5 450.5 17.2 295.0 1211.0 901.0 68.5 68.5 233 232
bad33_5 242.5 450.5 17.2 317.0 1389.0 901.0 65.5 69.5 231 234
bad33_6 246.5 452.5 17.2 330.0 1354.0 901.0 63.5 69.5 232 232
bad34_1 240.5 450.5 17.2 215.0 571.0 901.0 67.5 68.5 231 232
bad34_2 243.5 448.5 17.2 246.0 818.0 901.0 66.5 66.5 232 232
bad34_3 241.5 449.5 17.1 213.0 557.0 901.0 67.5 67.5 231 233
bad34_4 243.5 449.5 18.0 317.0 1017.0 1009.0 64.5 67.5 231 232
bad34_5 244.5 451.5 17.2 211.0 599.0 901.0 63.5 69.5 231 232
bad34_6 245.5 447.5 17.2 351.0 1247.0 901.0 62.5 65.5 231 232
bad35_1 241.5 452.5 17.2 324.0 1132.0 901.0 68.5 71.5 232 233
bad35_2 256.5 447.5 17.2 689.0 3177.0 901.0 53.5 66.5 233 233
bad35_3 242.5 449.5 17.2 235.0 779.0 901.0 66.5 67.5 231 233
bad35_4 240.5 448.5 17.2 375.0 1367.0 901.0 68.5 67.5 232 233
bad35_5 241.5 447.5 18.3 307.0 1119.0 1009.0 67.5 65.5 232 232
bad35_6 243.5 449.5 17.2 603.0 2683.0 901.0 65.5 67.5 232 233
bad36_1 242.5 451.5 19.4 434.0 1834.0 1129.0 67.5 69.5 233 232
bad36_2 243.5 447.5 16.8 264.0 660.0 901.0 67.5 66.5 233 234
bad36_3 239.5 447.5 17.2 341.0 1353.0 901.0 70.5 66.5 233 233
bad36_4 246.5 449.5 17.2 237.0 837.0 901.0 62.5 69.5 231 233
bad36_5 243.5 454.5 17.1 288.0 932.0 901.0 65.5 72.5 232 232
bad36_6 249.5 447.5 17.2 392.0 1432.0 901.0 60.5 66.5 233 232
bad37_1 241.5 452.5 19.4 422.0 1590.0 1129.0 68.5 70.5 232 232
bad37_2 239.5 454.5 18.3 325.0 1069.0 1009.0 68.5 72.5 230 233
bad37_3 245.5 444.5 18.3 789.0 3705.0 1009.0 62.5 61.5 232 232
bad37_4 241.5 452.5 17.2 202.0 594.0 901.0 68.5 71.5 231 234
bad37_5 233.5 454.5 17.2 588.0 2740.0 901.0 74.5 71.5 231 232
bad37_6 238.5 453.5 17.2 226.0 614.0 901.0 71.5 70.5 232 230
bad38_1 242.5 451.5 19.4 402.0 1610.0 1129.0 66.5 69.5 232 232
bad38_2 242.5 450.5 17.2 271.0 1163.0 901.0 67.5 68.5 233 232
bad38_3 242.5 452.5 17.2 288.0 736.0 901.0 66.5 71.5 231 233
bad38_4 239.5 449.5 17.2 179.0 447.0 901.0 67.5 67.5 231 232
bad38_5 240.5 448.5 17.2 311.0 915.0 901.0 68.5 66.5 232 231
bad38_6 241.5 447.5 17.2 339.0 1343.0 901.0 67.5 66.5 231 233
bad39_1 245.5 450.5 17.2 359.0 1383.0 901.0 63.5 70.5 233 232
bad39_2 242.5 447.5 17.2 287.0 967.0 901.0 65.5 69.5 231 232
bad39_3 246.5 446.5 18.3 389.0 1465.0 1009.0 64.5 67.5 233 231
bad39_4 244.5 437.5 16.6 468.0 1952.0 901.0 66.5 60.5 235 233
bad39_5 245.5 443.5 18.3 491.0 1735.0 1009.0 63.5 64.5 231 234
bad39_6 239.5 448.5 17.2 349.0 1221.0 901.0 67.5 70.5 231 232
bad40_1 238.5 452.5 19.4 820.0 3780.0 1129.0 70.5 71.5 232 233
bad40_2 240.5 454.5 19.4 913.0 4153.0 1129.0 68.5 73.5 232 233
bad40_3 241.5 454.5 17.2 308.0 960.0 901.0 67.5 72.5 232 233
bad40_4 251.5 447.5 17.2 615.0 2755.0 901.0 57.5 65.5 232 233
bad40_5 236.5 447.5 18.3 437.0 1213.0 1009.0 70.5 66.5 231 233
bad40_6 252.5 448.5 17.2 713.0 3297.0 901.0 55.5 66.5 231 232
bad41_1 238.5 448.5 17.2 264.0 888.0 901.0 71.5 66.5 232 232
bad41_2 241.5 449.5 17.2 224.0 732.0 901.0 67.5 68.5 233 234
bad41_3 239.5 448.5 17.2 257.0 673.0 901.0 70.5 67.5 233 233
bad41_4 241.5 454.5 18.3 330.0 930.0 1009.0 67.5 73.5 233 233
bad41_5 241.5 452.5 17.2 186.0 634.0 901.0 68.5 71.5 233 233
bad41_6 241.5 451.5 18.3 427.0 1559.0 1009.0 68.5 70.5 233 233
bad42_1 244.5 443.5 17.2 205.0 665.0 901.0 63.5 61.5 232 232
bad42_2 242.5 442.5 18.3 437.0 1697.0 1009.0 67.5 61.5 233 231
bad42_3 243.5 446.5 17.2 279.0 803.0 901.0 64.5 65.5 230 232
bad42_4 248.5 445.5 17.2 308.0 1012.0 901.0 59.5 64.5 230 233
bad42_5 248.5 447.5 17.2 273.0 857.0 901.0 59.5 65.5 232 230
bad42_6 250.5 445.5 17.2 422.0 1642.0 901.0 57.5 64.5 230 232
bad43_1 241.5 442.5 17.2 338.0 1286.0 901.0 66.5 60.5 231 233
bad43_2 243.5 444.5 17.2 402.0 1618.0 901.0 65.5 62.5 232 233
bad43_3 245.5 445.5 18.0 530.0 2098.0 1009.0 64.5 63.5 233 232
bad43_4 244.5 452.5 17.2 356.0 1436.0 901.0 63.5 70.5 231 233
bad43_5 242.5 449.5 18.3 456.0 1756.0 1009.0 65.5 67.5 231 232
bad43_6 242.5 449.5 17.2 287.0 1223.0 901.0 66.5 67.5 233 233
bad44_1 235.5 455.5 17.2 170.0 534.0 901.0 73.5 72.5 231 232
bad44_2 236.5 452.5 17.2 164.0 604.0 901.0 71.5 70.5 232 231
bad44_3 236.5 454.5 17.2 147.0 415.0 901.0 70.5 72.5 230 232
bad44_4 237.5 452.5 19.4 472.0 1984.0 1129.0 69.5 70.5 230 232
bad44_5 239.5 454.5 17.2 217.0 793.0 901.0 69.5 72.5 232 231
bad44_6 239.5 453.5 17.2 190.0 638.0 901.0 69.5 71.5 231 233
bad45_1 239.5 452.5 17.2 248.0 888.0 901.0 70.5 71.5 232 231
bad45_2 237.5 450.5 19.4 513.0 2053.0 1129.0 70.5 69.5 233 232
bad45_3 239.5 454.5 19.4 514.0 2222.0 1129.0 69.5 73.5 232 232
bad45_4 242.5 449.5 17.2 223.0 767.0 901.0 65.5 69.5 230 235
bad45_5 240.5 451.5 17.2 292.0 976.0 901.0 68.5 71.5 231 234
bad45_6 241.5 449.5 17.2 354.0 1210.0 901.0 68.5 68.5 233 232
bad46_1 242.5 449.5 17.1 208.0 568.0 901.0 65.5 68.5 230 232
bad46_2 241.5 451.5 18.3 644.0 2548.0 1009.0 67.5 69.5 232 233
bad46_3 241.5 448.5 17.2 367.0 999.0 901.0 68.5 67.5 234 229
bad46_4 242.5 450.5 18.1 310.0 1146.0 1009.0 66.5 68.5 231 231
bad46_5 241.5 449.5 18.3 397.0 1321.0 1009.0 65.5 67.5 231 232
bad46_6 251.5 450.5 17.2 593.0 2361.0 901.0 56.5 68.5 231 232
bad47_1 250.5 447.5 17.2 247.0 883.0 901.0 59.5 67.5 232 231
bad47_2 249.5 449.5 16.9 428.0 1656.0 901.0 60.5 68.5 233 232
bad47_3 249.5 448.5 16.6 250.0 846.0 901.0 60.5 67.5 232 232
bad47_4 246.5 442.5 17.2 315.0 1211.0 901.0 62.5 62.5 231 233
bad47_5 245.5 442.5 17.2 309.0 1053.0 901.0 63.5 62.5 232 234
bad47_6 247.5 440.5 17.2 538.0 2194.0 901.0 61.5 60.5 232 232
bad48_1 242.5 447.5 17.2 337.0 1125.0 901.0 66.5 65.5 232 233
bad48_2 245.5 443.5 17.2 424.0 1876.0 901.0 63.5 61.5 232 232
bad48_3 245.5 443.5 17.2 416.0 1800.0 901.0 63.5 61.5 232 233
bad48_4 242.5 451.5 17.2 193.0 537.0 901.0 67.5 70.5 233 233
bad48_5 243.5 452.5 18.3 375.0 1523.0 1009.0 66.5 70.5 233 231
bad48_6 244.5 451.5 17.2 274.0 958.0 901.0 65.5 69.5 233 233
bad49_1 241.5 453.5 17.2 229.0 689.0 901.0 66.5 71.5 231 233
bad49_2 242.5 454.5 17.2 302.0 1082.0 901.0 65.5 71.5 232 231
bad49_3 242.5 451.5 17.2 257.0 901.0 901.0 67.5 69.5 233 232
bad49_4 242.5 445.5 17.4 429.0 1553.0 901.0 67.5 63.5 233 233
bad49_5 244.5 446.5 18.2 526.0 2210.0 1009.0 64.5 64.5 232 232
bad49_6 240.5 442.5 17.2 464.0 1856.0 901.0 68.5 60.5 232 233
bad50_1 241.5 454.5 17.2 192.0 588.0 901.0 67.5 72.5 233 233
bad50_2 239.5 455.5 17.2 190.0 486.0 901.0 68.5 73.5 231 233
bad50_3 239.5 455.5 17.2 270.0 846.0 901.0 69.5 73.5 232 232
bad50_4 238.5 448.5 17.2 351.0 1055.0 901.0 70.5 66.5 232 232
bad50_5 238.5 451.5 17.2 190.0 622.0 901.0 69.5 69.5 231 232
bad50_6 238.5 452.5 17.2 249.0 625.0 901.0 70.5 70.5 232 233
bad51_1 243.5 441.5 17.2 506.0 2226.0 901.0 66.5 59.5 233 232
bad51_2 242.5 443.5 16.9 358.0 1398.0 901.0 65.5 61.5 231 232
bad51_3 242.5 445.5 17.2 419.0 1623.0 901.0 66.5 65.5 233 234
bad51_4 242.5 452.5 18.3 420.0 1740.0 1009.0 66.5 71.5 232 232
bad51_5 240.5 452.5 17.2 343.0 1151.0 901.0 69.5 71.5 233 233
bad51_6 242.5 452.5 17.2 277.0 1005.0 901.0 67.5 72.5 233 232
bad52_1 240.5 453.5 18.1 348.0 1292.0 1009.0 65.5 70.5 229 231
bad52_2 242.5 451.5 17.2 210.0 598.0 901.0 64.5 69.5 230 231
bad52_3 241.5 451.5 17.2 267.0 871.0 901.0 65.5 69.5 230 230
bad52_4 237.5 446.5 18.0 484.0 1948.0 1009.0 69.5 63.5 232 228
bad52_5 239.5 443.5 17.2 386.0 1294.0 901.0 67.5 61.5 230 230
bad52_6 238.5 450.5 17.2 133.0 385.0 901.0 67.5 69.5 229 233
bad53_1 246.5 445.5 19.4 637.0 2369.0 1129.0 67.5 72.5 236 235
bad53_2 241.5 442.5 17.2 315.0 1067.0 901.0 67.5 65.5 233 236
bad53_3 243.5 445.5 17.2 246.0 750.0 901.0 64.5 67.5 231 234
bad53_4 246.5 444.5 18.1 552.0 2148.0 1009.0 63.5 67.5 230 232
bad53_5 247.5 447.5 18.2 497.0 1961.0 1009.0 63.5 67.5 234 234
bad53_6 249.5 446.5 17.2 470.0 1710.0 901.0 59.5 67.5 233 232
bad54_1 250.5 443.5 18.3 731.0 3291.0 1009.0 58.5 61.5 232 232
bad54_2 241.5 441.5 17.2 361.0 1469.0 901.0 66.5 61.5 231 235
bad54_3 242.5 442.5 17.2 533.0 2349.0 901.0 66.5 61.5 232 233
bad54_4 244.5 453.5 17.2 488.0 2036.0 901.0 64.5 72.5 232 233
bad54_5 243.5 453.5 17.2 347.0 1463.0 901.0 64.5 71.5 232 232
bad54_6 244.5 451.5 17.2 361.0 1437.0 901.0 63.5 70.5 232 233
bad55_1 240.5 449.5 18.3 365.0 1469.0 1009.0 69.5 68.5 231 233
bad55_2 237.5 451.5 19.4 560.0 2380.0 1129.0 71.5 70.5 232 231
bad55_3 238.5 455.5 17.2 242.0 922.0 901.0 72.5 74.5 234 231
bad55_4 240.5 451.5 16.9 269.0 881.0 901.0 69.5 70.5 232 233
bad55_5 237.5 451.5 16.9 215.0 807.0 901.0 71.5 70.5 231 233
bad55_6 236.5 455.5 18.1 335.0 1247.0 1009.0 72.5 74.5 232 232
bad56_1 244.5 444.5 18.3 430.0 1434.0 1009.0 64.5 63.5 231 232
bad56_2 243.5 453.5 18.3 781.0 3625.0 1009.0 65.5 72.5 231 233
bad56_3 242.5 447.5 19.4 463.0 1915.0 1129.0 66.5 66.5 232 232
bad56_4 243.5 447.5 19.4 415.0 1507.0 1129.0 65.5 66.5 231 232
bad56_5 244.5 447.5 18.3 391.0 1339.0 1009.0 64.5 67.5 232 233
bad56_6 0 0 0 0 0 0 -77 -381 232 232
bad57_1 237.5 453.5 17.2 342.0 1334.0 901.0 70.5 71.5 231 231
bad57_2 237.5 454.5 17.2 189.0 573.0 901.0 70.5 72.5 231 232
bad57_3 240.5 456.5 17.2 337.0 1157.0 901.0 71.5 73.5 231 232
bad57_4 238.5 455.5 17.2 355.0 1211.0 901.0 70.5 73.5 230 232
bad57_5 238.5 455.5 17.2 173.0 533.0 901.0 69.5 73.5 231 232
bad57_6 239.5 455.5 17.2 302.0 974.0 901.0 69.5 72.5 233 231
bad58_1 241.5 442.5 17.2 407.0 1655.0 901.0 66.5 60.5 231 232
bad58_2 241.5 452.5 17.9 594.0 1746.0 1009.0 68.5 72.5 232 234
bad58_3 241.5 446.5 17.2 595.0 2315.0 901.0 68.5 65.5 233 232
bad58_4 243.5 451.5 17.2 262.0 994.0 901.0 65.5 69.5 232 231
bad58_5 239.5 453.5 13.8 255.0 987.0 613.0 68.5 73.5 231 234
bad58_6 241.5 450.5 17.2 548.0 1756.0 901.0 68.5 69.5 233 232
bad59_1 245.5 443.5 17.2 371.0 1351.0 901.0 65.5 62.5 233 231
bad59_2 240.5 444.5 18.3 383.0 1307.0 1009.0 68.5 64.5 231 233
bad59_3 240.5 442.5 17.2 307.0 1111.0 901.0 67.5 62.5 231 232
bad59_4 246.5 449.5 19.4 447.0 1627.0 1129.0 62.5 69.5 231 232
bad59_5 244.5 449.5 19.4 412.0 1468.0 1129.0 65.5 68.5 233 232
bad59_6 245.5 449.5 17.2 238.0 562.0 901.0 64.5 69.5 233 232
bad60_1 243.5 450.5 17.2 315.0 927.0 901.0 64.5 68.5 231 233
bad60_2 241.5 447.5 17.2 240.0 628.0 901.0 68.5 66.5 233 231
bad60_3 240.5 447.5 17.2 370.0 1318.0 901.0 67.5 65.5 231 232
bad60_4 240.5 453.5 17.2 249.0 717.0 901.0 67.5 71.5 231 232
bad60_5 240.5 452.5 17.7 296.0 1148.0 1009.0 67.5 70.5 233 231
bad60_6 242.5 453.5 17.2 192.0 572.0 901.0 65.5 71.5 231 233
bad61_1 250.5 450.5 17.2 524.0 2240.0 901.0 57.5 68.5 231 232
bad61_2 241.5 451.5 17.2 382.0 1174.0 901.0 67.5 69.5 233 232
bad61_3 243.5 449.5 17.2 331.0 1039.0 901.0 65.5 67.5 232 232
bad61_4 240.5 450.5 17.2 454.0 1782.0 901.0 69.5 68.5 233 233
bad61_5 241.5 450.5 16.9 321.0 1005.0 901.0 67.5 68.5 232 232
bad61_6 240.5 449.5 17.2 363.0 891.0 901.0 67.5 67.5 232 233
bad62_1 241.5 449.5 18.3 354.0 1314.0 1009.0 66.5 67.5 231 232
bad62_2 241.5 448.5 17.2 306.0 982.0 901.0 66.5 66.5 232 232
bad62_3 241.5 446.5 16.9 363.0 1263.0 901.0 66.5 64.5 231 232
bad62_4 240.5 451.5 17.2 232.0 700.0 901.0 68.5 69.5 232 232
bad62_5 241.5 451.5 17.2 182.0 562.0 901.0 66.5 69.5 233 231
bad62_6 240.5 453.5 17.2 271.0 931.0 901.0 66.5 72.5 231 234
bad63_1 241.5 449.5 17.2 253.0 737.0 901.0 66.5 67.5 232 231
bad63_2 241.5 450.5 18.1 789.0 3501.0 1009.0 66.5 68.5 232 233
bad63_3 239.5 448.5 18.3 371.0 1287.0 1009.0 68.5 66.5 232 233
bad63_4 241.5 450.5 17.2 249.0 741.0 901.0 67.5 68.5 233 233
bad63_5 242.5 451.5 18.3 406.0 1250.0 1009.0 65.5 69.5 232 232
bad63_6 260.5 451.5 17.2 773.0 3609.0 901.0 48.5 69.5 232 232
bad64_1 243.5 454.5 17.2 317.0 1181.0 901.0 64.5 72.5 231 233
bad64_2 245.5 449.5 17.2 243.0 595.0 901.0 63.5 67.5 233 232
bad64_3 243.5 451.5 17.2 256.0 736.0 901.0 64.5 69.5 231 232
bad64_4 241.5 441.5 18.0 540.0 2096.0 1009.0 66.5 59.5 231 233
bad64_5 241.5 442.5 17.2 425.0 1597.0 901.0 67.5 60.5 232 232
bad64_6 246.5 443.5 17.1 351.0 1235.0 901.0 61.5 61.5 232 232
bad65_1 239.5 451.5 19.4 403.0 1471.0 1129.0 68.5 70.5 232 232
bad65_2 241.5 455.5 17.2 276.0 792.0 901.0 67.5 73.5 232 232
bad65_3 241.5 453.5 17.2 240.0 564.0 901.0 67.5 72.5 233 233
bad65_4 239.5 450.5 17.2 276.0 860.0 901.0 69.5 68.5 232 233
bad65_5 239.5 449.5 17.2 323.0 1103.0 901.0 70.5 68.5 233 234
bad65_6 237.5 448.5 17.2 286.0 1010.0 901.0 70.5 67.5 232 233
bad66_1 238.5 445.5 17.2 253.0 813.0 901.0 69.5 64.5 231 233
bad66_2 243.5 446.5 17.2 274.0 1006.0 901.0 64.5 64.5 231 233
bad66_3 241.5 445.5 15.8 308.0 1188.0 797.0 68.5 63.5 233 231
bad66_4 244.5 452.5 17.2 208.0 740.0 901.0 64.5 70.5 232 230
bad66_5 245.5 451.5 17.2 299.0 1259.0 901.0 63.5 70.5 231 233
bad66_6 245.5 451.5 17.2 282.0 934.0 901.0 63.5 69.5 232 232
bad67_1 240.5 452.5 17.2 301.0 993.0 901.0 69.5 70.5 233 232
bad67_2 240.5 449.5 17.2 303.0 799.0 901.0 66.5 68.5 231 233
bad67_3 243.5 449.5 18.1 493.0 1757.0 1009.0 67.5 67.5 232 232
bad67_4 241.5 452.5 18.0 367.0 1207.0 1009.0 66.5 71.5 231 233
bad67_5 248.5 447.5 17.1 480.0 1844.0 901.0 63.5 65.5 232 232
bad67_6 242.5 450.5 17.2 316.0 940.0 901.0 67.5 68.5 233 232
bad68_1 239.5 453.5 15.8 237.0 965.0 797.0 68.5 73.5 231 233
bad68_2 237.5 452.5 17.2 206.0 794.0 901.0 70.5 71.5 231 233
bad68_3 243.5 444.5 17.1 259.0 1079.0 901.0 67.5 63.5 233 231
bad68_4 241.5 448.5 17.2 422.0 1714.0 901.0 68.5 67.5 233 231
bad68_5 248.5 449.5 17.2 261.0 965.0 901.0 60.5 69.5 231 233
bad68_6 242.5 452.5 17.2 247.0 799.0 901.0 68.5 74.5 232 234
bad69_1 240.5 451.5 18.3 344.0 1448.0 1009.0 68.5 70.5 233 231
bad69_2 240.5 454.5 18.3 323.0 1279.0 1009.0 67.5 74.5 231 233
bad69_3 241.5 450.5 18.3 343.0 1103.0 1009.0 68.5 69.5 232 232
bad69_4 239.5 448.5 18.1 418.0 1598.0 1009.0 69.5 68.5 232 232
bad69_5 241.5 449.5 17.2 201.0 437.0 901.0 66.5 68.5 231 231
bad69_6 242.5 451.5 17.2 309.0 1141.0 901.0 68.5 70.5 234 231
bad70_1 245.5 451.5 17.2 262.0 870.0 901.0 63.5 69.5 232 230
bad70_2 245.5 450.5 17.2 234.0 890.0 901.0 61.5 69.5 229 232
bad70_3 242.5 450.5 17.2 248.0 1048.0 901.0 64.5 68.5 230 231
bad70_4 241.5 446.5 17.2 301.0 1017.0 901.0 65.5 64.5 230 231
bad70_5 239.5 445.5 17.2 273.0 1017.0 901.0 68.5 63.5 231 230
bad70_6 242.5 444.5 17.2 346.0 1266.0 901.0 66.5 61.5 231 230
bad1_1 242.5 442.5 19.4 666.0 2870.0 1129.0 67.5 60.5 233 232
bad1_2 244.5 442.5 18.3 606.0 2754.0 1009.0 65.5 60.5 231 231
bad1_3 238.5 443.5 13.8 286.0 1234.0 613.0 69.5 61.5 230 232
bad1_4 259.5 450.5 17.2 498.0 2194.0 901.0 49.5 70.5 232 234
bad1_5 257.5 448.5 17.2 645.0 2869.0 901.0 50.5 66.5 231 231
bad1_6 260.5 447.5 17.2 529.0 2369.0 901.0 48.5 65.5 231 232
