cube1cam1 icam: 1 direction: 1 [1, 214.55, 211.45, 46.01, 87.82, 679.59, 676.1, 108]
cube1cam2 icam: 2 direction: 2 [2, 209.31, 202.25, 45.37, 10.26, 657.86, 656.52, 0]
cube1cam3 icam: 3 direction: 4 [4, 205.84, 202.57, 47.1, 9.54, 656.85, 659.67, 0]
cube1cam4 icam: 4 direction: 2 [2, 209.01, 207.51, 47.55, 25.72, 664.41, 666.87, 227]
cube1cam5 icam: 5 direction: 2 [2, 223.01, 216.4, 40.12, 139.79, 680.29, 677.1, 34]
cube1cam6 icam: 6 direction: 2 [2, 209.61, 210.56, 48.77, 34.36, 676.52, 672.9, 0]
cube2cam1 icam: 1 direction: 1 [1, 212.53, 207.61, 47.22, 15.44, 673.12, 673.7, 0]
cube2cam2 icam: 2 direction: 2 [2, 207.09, 202.0, 47.09, 32.44, 655.54, 658.78, 0]
cube2cam3 icam: 3 direction: 4 [4, 206.92, 200.39, 47.03, 7.41, 660.41, 654.46, 0]
cube2cam4 icam: 4 direction: 2 [2, 206.81, 211.76, 46.99, 10.72, 667.34, 669.72, 0]
cube2cam5 icam: 5 direction: 2 [2, 206.03, 210.05, 48.58, 7.94, 678.17, 675.77, 0]
cube2cam6 icam: 6 direction: 2 [2, 206.16, 210.71, 49.5, 17.44, 671.42, 677.37, 0]
cube3cam1 icam: 1 direction: 1 [1, 212.57, 207.78, 48.44, 6.86, 671.63, 673.07, 39]
cube3cam2 icam: 2 direction: 2 [2, 208.73, 202.72, 48.21, 27.9, 661.74, 662.51, 0]
cube3cam3 icam: 3 direction: 4 [4, 203.97, 201.4, 46.97, 6.7, 657.9, 654.18, 0]
cube3cam4 icam: 4 direction: 2 [2, 205.3, 207.2, 45.13, 19.42, 668.78, 668.06, 0]
cube3cam5 icam: 5 direction: 2 [2, 212.41, 208.91, 46.88, 21.06, 679.71, 677.78, 29]
cube3cam6 icam: 6 direction: 2 [2, 205.65, 210.83, 47.8, 16.95, 668.52, 675.74, 0]
cube4cam1 icam: 1 direction: 1 [1, 209.45, 212.57, 45.97, 15.95, 673.03, 670.0, 0]
cube4cam2 icam: 2 direction: 2 [2, 201.79, 204.01, 48.5, 419.53, 654.53, 653.87, 0]
cube4cam3 icam: 3 direction: 4 [4, 201.69, 203.68, 47.42, 18.12, 654.97, 655.01, 0]
cube4cam4 icam: 4 direction: 2 [2, 210.58, 205.1, 45.0, 24.18, 669.33, 667.63, 0]
cube4cam5 icam: 5 direction: 2 [2, 213.5, 210.34, 47.97, 3.79, 677.13, 675.83, 0]
cube4cam6 icam: 6 direction: 2 [2, 209.98, 208.9, 48.77, 10.03, 671.81, 674.16, 0]
1 1 0 0 0 0 0 0 0
2 1 0 0 0 0 0 0 0
3 1 0 0 0 0 0 0 0
4 1 0 0 0 0 0 0 0
5 1 0 0 0 0 0 0 0
6 1 0 0 0 0 0 0 0
cube6cam1 icam: 1 direction: 1 [1, 213.65, 208.56, 47.71, 7.38, 672.5, 672.91, 0]
cube6cam2 icam: 2 direction: 2 [2, 203.59, 209.65, 46.94, 39.15, 655.74, 660.65, 0]
cube6cam3 icam: 3 direction: 4 [4, 205.94, 200.09, 44.18, 75.26, 657.52, 654.42, 0]
cube6cam4 icam: 4 direction: 2 [2, 212.36, 209.08, 47.65, 19.68, 665.55, 667.42, 0]
cube6cam5 icam: 5 direction: 2 [2, 215.33, 209.59, 48.73, 11.72, 681.9, 676.54, 214]
cube6cam6 icam: 6 direction: 2 [2, 211.42, 207.9, 49.44, 29.99, 669.92, 673.9, 0]
cube7cam1 icam: 1 direction: 1 [1, 217.23, 211.33, 47.85, 11.35, 675.37, 676.69, 0]
cube7cam2 icam: 2 direction: 2 [2, 206.8, 199.75, 46.82, 15.35, 655.23, 654.01, 0]
cube7cam3 icam: 3 direction: 4 [4, 207.14, 203.54, 47.28, 4.51, 655.19, 653.93, 0]
cube7cam4 icam: 4 direction: 2 [2, 205.93, 213.98, 45.29, 36.76, 665.35, 665.21, 0]
cube7cam5 icam: 5 direction: 2 [2, 211.48, 209.69, 47.66, 10.92, 675.68, 675.09, 0]
cube7cam6 icam: 6 direction: 2 [2, 212.24, 215.95, 47.07, 20.76, 673.08, 676.8, 0]
