1   3   180.98   168.99   49.09   9.84   657.78   655.36   0.0  
2   1   186.75   192.57   50.96   102.97   657.29   651.42   0.0  
3   1   184.37   195.53   49.37   3.61   657.78   657.44   0.0  
4   4   184.24   196.6   50.52   9.32   654.9   658.23   0.0  
5   3   184.8   171.98   48.7   5.94   656.04   659.16   0.0  
6   1   188.15   168.42   48.17   12.36   653.65   648.92   140.0  
1   3   183.0   189.11   50.22   297.84   655.47   656.1   0.0  
2   1   188.73   169.01   48.39   8.95   658.65   655.27   0.0  
3   1   187.56   170.75   48.19   20.17   657.91   660.23   0.0  
4   4   174.16   171.84   48.78   8.12   656.92   656.73   59.0  
5   3   183.23   200.22   49.33   7.15   658.23   659.01   102.0  
6   1   184.93   197.12   48.99   5.43   652.15   649.4   0.0  
1   1   186.22   190.91   50.01   8.44   659.53   655.77   0.0  
2   2   191.12   198.83   49.53   31.84   655.55   659.18   0.0  
3   4   184.35   200.17   49.57   9.99   658.68   658.96   0.0  
4   2   180.39   174.94   48.82   6.14   655.65   660.63   0.0  
5   2   193.75   189.39   48.54   5.51   659.89   657.02   0.0  
6   2   181.98   167.14   48.97   8.52   658.43   659.75   0.0  
1   4   185.97   196.81   49.86   4.31   656.48   655.87   0.0  
2   3   186.25   196.44   49.09   7.83   660.12   655.1   0.0  
3   2   184.67   173.01   48.82   44.46   660.95   656.13   0.0  
4   3   183.97   172.04   48.86   11.29   655.52   658.86   90.0  
5   1   190.32   173.48   49.09   8.4   666.15   664.5   86.0  
6   4   187.01   199.76   49.28   6.54   655.91   660.71   0.0  
1   2   188.67   175.82   48.18   10.56   658.44   659.23   0.0  
2   4   182.34   198.86   49.67   4.97   658.14   658.39   0.0  
3   3   185.17   178.38   48.58   6.25   656.67   655.26   0.0  
4   1   179.4   191.6   49.77   7.63   647.0   645.57   0.0  
5   4   190.13   173.72   47.78   14.14   661.95   657.91   0.0  
6   3   188.5   192.78   49.57   4.92   659.77   656.14   0.0  
1   2   192.76   184.52   48.85   5.12   653.89   656.04   0.0  
2   4   181.51   179.18   48.45   11.65   651.73   656.52   97.0  
3   3   196.93   161.99   49.63   106.14   654.52   657.59   0.0  
4   1   178.55   193.39   50.06   22.38   649.35   648.63   0.0  
5   4   179.81   185.14   49.7   12.8   656.48   653.04   0.0  
6   3   180.67   195.24   50.37   23.62   658.9   653.31   0.0  
1   2   185.48   199.49   50.3   233.35   655.31   656.83   0.0  
2   4   193.72   168.09   46.33   221.54   654.23   656.92   0.0  
3   3   184.89   201.69   49.79   19.39   656.26   657.25   0.0  
4   1   180.17   173.1   48.83   10.14   651.08   654.03   0.0  
5   4   183.52   203.08   49.59   7.45   655.94   657.67   0.0  
6   3   162.47   169.02   48.7   14.05   657.35   653.89   0.0  
1   4   179.19   201.17   49.78   7.12   657.52   657.65   0.0  
2   3   185.19   199.56   49.61   13.23   657.02   657.72   0.0  
3   2   183.54   177.08   48.65   4.09   656.71   655.61   0.0  
4   1   177.03   199.56   49.63   9.63   651.38   651.19   0.0  
5   4   186.83   178.52   48.71   9.49   657.58   655.63   0.0  
6   3   187.74   196.88   49.52   14.2   659.39   657.57   0.0  
1   4   172.41   175.98   48.71   6.32   657.36   657.44   0.0  
2   3   186.57   174.65   48.48   12.75   657.73   653.12   0.0  
3   2   188.16   186.48   50.18   8.45   656.44   657.66   0.0  
4   2   188.6   196.85   50.55   8.14   660.21   655.96   0.0  
5   2   187.63   184.29   49.5   10.29   657.26   657.52   0.0  
6   2   184.17   198.78   49.55   5.93   654.84   657.69   0.0  
1   1   178.61   180.27   51.26   18.34   658.66   657.31   0.0  
2   2   183.52   178.63   54.06   249.86   656.35   656.36   0.0  
3   4   175.72   181.27   50.65   18.83   655.86   659.57   296.0  
4   2   178.04   173.87   49.35   10.64   656.88   660.27   177.0  
5   2   179.34   179.94   49.06   18.68   656.76   657.78   0.0  
6   2   171.93   170.61   49.57   21.0   659.39   658.26   0.0  
1   2   207.55   202.03   50.91   20.68   654.05   653.44   31.0  
2   4   198.61   200.2   50.05   9.52   650.74   655.72   0.0  
3   3   201.71   198.05   49.78   6.98   651.83   654.8   0.0  
4   1   197.76   197.49   51.77   10.58   646.81   646.56   0.0  
5   4   203.74   196.0   49.7   9.1   656.49   652.66   0.0  
6   3   200.04   197.01   50.27   5.82   658.02   651.92   0.0  
1   4   173.04   177.84   50.76   16.65   655.16   658.01   202.0  
2   3   177.29   180.7   50.89   33.29   659.33   655.39   0.0  
3   2   163.38   172.08   48.64   8.4   659.18   658.67   0.0  
4   3   165.53   168.12   49.0   12.42   656.25   653.09   0.0  
5   1   174.53   169.79   48.77   81.11   666.0   668.07   0.0  
6   4   177.51   181.71   50.31   15.69   659.19   659.12   72.0  
1   1   184.48   200.67   49.43   4.2   655.88   656.07   0.0  
2   2   187.36   199.65   49.44   5.54   655.6   656.42   0.0  
3   4   185.18   201.58   50.6   8.07   658.18   658.11   0.0  
4   2   192.66   177.66   50.36   365.66   657.79   658.86   0.0  
5   2   186.4   170.91   48.59   11.26   660.26   659.65   85.0  
6   2   185.16   170.63   49.12   4.36   656.67   658.81   380.0  
1   3   152.76   188.75   48.76   3.46   656.99   657.0   20.0  
2   1   187.92   187.75   49.19   7.7   655.95   652.91   0.0  
3   1   187.75   189.61   49.44   10.64   653.57   654.58   0.0  
4   4   185.91   189.74   49.66   5.28   655.53   655.57   0.0  
5   3   181.78   187.09   48.34   6.93   655.75   656.15   0.0  
6   1   183.0   186.86   47.81   9.39   651.32   646.56   0.0  
1   2   183.35   175.24   49.04   5.79   655.22   657.87   0.0  
2   4   187.73   194.94   49.21   6.92   655.92   657.78   46.0  
3   3   186.11   167.6   48.85   8.69   658.23   655.82   158.0  
4   1   185.31   194.3   49.69   7.68   653.8   649.82   0.0  
5   4   182.86   175.62   48.63   7.66   658.27   654.83   0.0  
6   3   186.84   188.75   49.88   129.99   658.96   654.26   0.0  
1   2   195.15   201.44   49.9   22.25   658.04   657.27   0.0  
2   4   190.92   190.21   48.8   11.15   656.62   659.77   0.0  
3   3   193.29   197.77   49.66   5.62   656.85   658.03   0.0  
4   1   192.92   180.95   49.16   7.15   650.32   651.62   0.0  
5   4   194.24   204.01   49.55   5.91   659.28   660.37   46.0  
6   3   192.85   184.14   48.64   4.64   662.46   656.73   207.0  
1   4   187.68   201.33   49.85   6.93   657.56   657.99   0.0  
2   3   190.6   202.65   49.68   84.27   658.68   656.84   0.0  
3   2   191.44   186.18   48.67   8.4   658.08   657.52   0.0  
4   3   193.01   195.2   48.87   14.29   657.5   658.47   89.0  
5   1   203.59   195.16   49.08   9.65   672.49   673.2   0.0  
6   4   190.26   200.62   49.68   5.97   653.94   660.48   20.0  
1   2   184.57   182.86   49.23   7.31   656.37   656.51   0.0  
2   4   184.27   192.75   49.06   7.79   655.12   658.28   0.0  
3   3   186.27   183.27   48.58   11.42   654.48   657.05   117.0  
4   1   184.8   190.82   49.48   6.78   648.81   649.67   0.0  
5   4   189.58   181.19   48.45   6.12   658.69   655.84   0.0  
6   3   187.83   190.8   49.42   3.18   658.38   653.26   0.0  
1   4   186.98   194.97   49.62   11.14   652.52   655.71   0.0  
2   3   189.43   195.71   50.1   14.21   653.3   653.0   0.0  
3   2   192.1   182.47   48.74   7.4   653.01   655.1   0.0  
4   3   188.25   189.39   48.76   9.17   653.62   652.62   35.0  
5   1   201.21   198.81   49.55   4.55   665.39   665.47   0.0  
6   4   187.49   197.15   49.34   36.51   654.88   653.07   170.0  
1   4   184.87   171.81   50.05   91.32   654.84   654.11   0.0  
2   3   187.23   173.59   49.23   17.65   658.53   655.64   0.0  
3   2   186.11   192.71   49.97   6.48   656.58   656.03   0.0  
4   3   187.31   198.24   50.14   8.93   657.11   656.54   0.0  
5   1   189.23   200.68   50.55   14.4   666.23   667.16   0.0  
6   4   181.21   177.56   48.41   6.11   654.84   657.66   0.0  
1   2   190.78   202.57   49.41   6.25   655.77   657.75   0.0  
2   4   187.19   168.55   48.24   9.86   653.71   656.15   0.0  
3   3   184.98   196.83   49.09   13.85   656.59   656.26   0.0  
4   1   188.96   182.24   48.51   11.6   648.84   649.67   0.0  
5   4   184.76   200.62   49.22   6.57   656.71   655.26   0.0  
6   3   183.66   172.13   48.88   9.95   657.56   656.08   0.0  
1   3   190.81   196.89   49.76   4.91   657.2   656.18   95.0  
2   1   196.36   189.22   49.01   6.87   654.79   656.03   0.0  
3   1   201.62   195.25   48.89   11.21   657.58   656.3   0.0  
4   4   177.36   191.77   48.59   14.37   654.48   656.47   161.0  
5   3   191.86   200.97   49.54   11.3   655.29   655.11   206.0  
6   1   193.62   202.22   48.67   17.85   649.7   651.54   0.0  
1   3   180.38   189.48   49.96   33.13   656.74   653.47   0.0  
2   1   182.87   178.23   48.56   16.26   654.99   654.69   0.0  
3   1   183.93   176.68   49.37   18.58   660.93   656.54   0.0  
4   4   184.03   177.5   49.67   10.5   654.79   658.25   0.0  
5   3   182.58   186.73   49.1   11.3   656.22   657.56   0.0  
6   1   176.23   191.0   48.96   21.9   652.24   650.25   0.0  
1   1   186.08   195.43   50.22   8.84   653.07   656.79   0.0  
2   2   189.3   197.32   47.0   52.4   658.47   654.65   36.0  
3   4   191.83   196.75   51.88   114.31   654.19   655.61   18.0  
4   2   192.88   180.26   48.94   23.82   656.53   653.64   0.0  
5   2   188.2   182.4   49.07   4.55   653.8   657.88   0.0  
6   2   182.6   186.95   48.56   7.91   654.05   657.63   0.0  
1   3   181.24   193.73   49.5   6.04   655.79   655.52   336.0  
2   1   181.16   166.43   48.04   3.49   658.62   658.31   0.0  
3   1   188.03   157.79   49.96   11.4   657.79   656.99   349.0  
4   4   176.36   171.3   48.45   6.16   657.62   656.58   120.0  
5   3   182.76   194.22   49.48   49.38   659.41   656.49   302.0  
6   1   182.37   200.05   48.47   47.64   653.14   651.09   0.0  
1   1   181.79   196.15   49.34   7.27   655.39   654.95   0.0  
2   2   182.84   196.34   49.31   13.15   654.8   659.49   0.0  
3   4   179.8   199.67   48.91   9.81   655.67   658.93   0.0  
4   2   187.19   175.72   48.74   6.66   656.46   656.61   0.0  
5   2   188.28   173.19   48.36   13.88   660.91   658.9   0.0  
6   2   181.75   168.26   48.49   17.04   656.29   657.7   0.0  
1   4   194.49   198.72   49.37   12.36   656.49   657.09   0.0  
2   3   191.92   200.8   49.78   10.61   659.13   656.77   0.0  
3   2   194.55   189.74   48.65   5.62   653.62   656.59   0.0  
4   3   189.68   187.94   48.78   10.76   654.83   655.16   0.0  
5   1   198.59   193.9   49.65   6.22   669.51   669.49   0.0  
6   4   191.14   201.89   49.57   10.15   654.73   657.08   0.0  
1   1   186.75   203.03   49.21   8.84   655.16   656.11   67.0  
2   2   185.12   201.14   49.41   7.03   654.15   658.75   0.0  
3   4   192.26   203.4   50.22   36.95   658.11   657.81   0.0  
4   2   198.18   185.78   48.87   10.52   654.74   656.14   0.0  
5   2   195.09   181.5   48.12   10.01   658.44   658.25   0.0  
6   2   192.35   192.1   48.64   9.37   655.19   658.94   0.0  
1   1   192.42   158.7   48.42   7.93   656.7   656.85   180.0  
2   2   183.78   174.65   48.33   7.83   657.97   659.73   0.0  
3   4   186.04   174.55   48.74   13.04   656.16   655.3   0.0  
4   2   183.83   197.24   50.46   9.04   656.9   654.91   0.0  
5   2   188.21   194.54   50.04   31.33   659.34   658.95   0.0  
6   2   180.25   199.95   50.18   4.49   655.71   660.25   0.0  
1   3   193.97   196.56   49.24   7.38   655.17   656.17   0.0  
2   1   188.38   186.79   48.24   9.73   658.97   654.15   0.0  
3   1   190.62   180.76   48.64   7.02   654.08   655.78   0.0  
4   4   194.66   195.19   48.43   11.26   655.4   655.54   0.0  
5   3   189.42   193.34   48.89   12.41   655.53   658.27   0.0  
6   1   185.44   193.17   48.37   8.22   652.37   644.92   0.0  
1   1   185.2   166.52   48.77   4.3   657.25   655.69   0.0  
2   2   188.18   174.8   48.56   10.25   657.32   656.48   0.0  
3   4   187.8   168.32   48.69   4.84   655.31   659.08   0.0  
4   2   183.73   198.92   49.78   6.2   654.15   660.2   466.0  
5   2   182.24   197.85   50.06   26.9   656.68   655.95   0.0  
6   2   178.64   198.9   50.22   28.9   660.96   659.47   262.0  
1   4   192.85   199.73   49.7   10.4   655.06   657.09   0.0  
2   3   188.8   204.25   49.56   11.58   660.23   656.85   0.0  
3   2   181.53   182.45   48.56   11.73   657.73   655.85   0.0  
4   3   182.61   182.38   48.21   301.8   654.39   653.87   0.0  
5   1   191.32   174.81   49.65   17.32   667.95   668.42   0.0  
6   4   195.71   199.61   49.5   14.45   655.92   657.49   0.0  
1   3   182.71   200.01   49.72   4.91   658.81   656.2   0.0  
2   1   188.75   170.01   48.38   12.69   656.9   656.85   0.0  
3   1   187.72   170.24   48.87   8.59   657.84   656.93   0.0  
4   4   187.65   169.0   48.76   6.93   658.53   657.68   0.0  
5   3   183.35   196.27   49.3   14.76   656.21   654.21   0.0  
6   1   180.15   200.71   48.94   5.42   655.53   653.39   190.0  
1   4   184.33   194.63   49.48   5.24   655.47   655.07   0.0  
2   3   181.74   197.63   49.69   8.0   657.45   657.5   0.0  
3   2   176.46   175.58   48.37   5.51   654.85   654.83   0.0  
4   3   181.78   177.0   48.75   5.61   656.34   656.27   0.0  
5   1   187.96   172.79   49.53   25.23   669.48   669.97   0.0  
6   4   189.23   191.17   49.24   8.53   657.45   657.3   0.0  
1   2   175.64   184.78   48.15   9.63   656.16   654.29   0.0  
2   4   189.34   188.64   49.28   5.06   656.68   658.53   0.0  
3   3   182.74   189.37   48.59   8.43   655.15   659.76   0.0  
4   1   184.06   184.65   49.74   10.66   647.83   649.25   0.0  
5   4   185.87   187.35   49.68   43.99   659.88   658.04   0.0  
6   3   189.86   186.58   49.36   5.21   659.13   655.19   0.0  
1   4   195.8   201.82   49.48   3.6   656.35   656.87   0.0  
2   3   188.84   200.73   49.31   7.16   657.22   655.67   0.0  
3   2   183.8   189.89   49.05   11.87   660.59   656.52   0.0  
4   3   192.38   178.09   49.42   5.65   655.68   656.69   0.0  
5   1   199.11   189.56   49.07   6.19   668.18   669.72   0.0  
6   4   193.8   207.96   49.34   5.6   657.48   660.91   0.0  
1   2   174.76   165.99   48.57   11.39   656.46   656.11   0.0  
2   4   169.53   188.28   47.59   89.16   653.55   658.01   0.0  
3   3   177.84   167.07   48.9   7.34   657.29   659.87   0.0  
4   1   162.26   180.54   52.84   72.34   646.55   647.71   0.0  
5   4   172.23   170.05   48.15   11.72   661.1   657.24   0.0  
6   3   173.73   179.51   49.19   67.73   661.44   653.61   0.0  
1   3   177.86   188.57   49.47   10.13   654.11   655.08   0.0  
2   1   181.22   180.82   48.03   7.2   657.82   655.67   0.0  
3   1   184.73   189.03   48.88   10.93   656.32   657.54   0.0  
4   4   181.55   183.81   50.59   244.78   655.54   654.41   0.0  
5   3   185.63   187.03   50.29   14.21   655.95   655.83   0.0  
6   1   187.58   189.57   48.83   10.92   653.01   650.0   0.0  
1   4   185.42   176.73   48.41   5.61   660.31   660.21   0.0  
2   3   196.32   172.34   47.73   360.53   656.5   657.14   0.0  
3   2   185.59   194.47   49.4   9.38   656.63   656.38   0.0  
4   3   182.94   202.39   49.74   7.94   658.82   661.07   0.0  
5   1   189.7   205.57   50.4   6.27   669.15   670.09   0.0  
6   4   181.27   179.06   47.91   4.68   657.8   659.89   0.0  
1   3   184.79   184.46   49.76   4.69   656.97   658.71   0.0  
2   1   185.7   183.76   47.55   12.4   658.61   659.95   0.0  
3   1   194.82   202.81   49.99   158.81   657.21   653.44   36.0  
4   4   178.75   181.14   49.14   9.36   657.41   655.14   0.0  
5   3   184.17   184.95   49.23   216.22   659.01   657.2   0.0  
6   1   192.69   188.51   49.52   7.54   658.68   653.72   0.0  
1   1   187.14   193.12   49.52   4.96   654.84   657.4   0.0  
2   2   189.18   187.54   49.52   11.96   656.89   656.99   0.0  
3   4   187.48   199.54   49.54   4.25   657.87   655.51   0.0  
4   4   -30.92   -0.64   27.46   273102.71   0.0   0.0   0.0  
5   4   -30.11   5.14   12.26   0.0   0.0   0.0   0.0  
6   4   -18.9   11.03   173.9   1218658.06   0.0   0.0   0.0  
1   3   182.9   170.27   48.94   6.39   659.55   657.99   0.0  
2   1   184.77   196.52   49.64   6.67   659.85   655.22   0.0  
3   1   186.55   192.54   49.53   5.28   658.65   658.62   0.0  
4   4   184.19   198.94   51.24   75.75   660.48   659.52   0.0  
5   3   187.39   174.53   48.41   4.03   657.67   658.68   0.0  
6   1   181.57   174.23   47.87   10.34   655.12   650.77   74.0  
1   2   187.01   197.07   49.33   8.71   655.26   655.91   13.0  
2   4   180.15   176.04   48.99   17.21   654.87   656.64   101.0  
3   3   184.93   195.3   49.49   8.13   657.47   659.05   0.0  
4   1   179.56   166.89   49.5   6.54   648.33   649.65   0.0  
5   4   187.56   195.49   49.32   6.25   657.74   656.58   0.0  
6   3   185.81   169.23   48.73   7.32   658.28   656.69   55.0  
1   3   173.11   186.13   49.87   12.07   657.21   653.92   0.0  
2   1   182.52   166.79   49.06   14.07   658.59   653.73   0.0  
3   1   178.3   183.84   48.87   8.93   656.56   655.51   47.0  
4   4   177.63   176.04   49.42   10.48   654.89   657.25   0.0  
5   3   189.21   185.63   49.8   20.59   654.8   655.52   0.0  
6   1   187.66   185.45   48.88   5.96   654.83   652.97   53.0  
1   3   197.13   196.53   48.64   8.69   654.65   652.9   0.0  
2   1   166.55   167.51   51.61   313.59   654.95   654.68   0.0  
3   1   196.86   194.29   54.09   211.52   655.07   653.15   0.0  
4   4   190.21   196.47   52.51   25.02   653.3   654.95   0.0  
5   3   214.46   202.87   49.7   37.59   654.18   655.07   0.0  
6   1   192.65   197.71   48.54   8.56   649.56   650.76   0.0  
1   4   187.78   165.87   48.94   7.93   657.99   657.74   0.0  
2   3   188.07   189.28   48.7   7.26   658.48   657.29   0.0  
3   2   187.78   193.43   49.71   14.34   659.09   657.35   0.0  
4   3   183.4   198.93   50.09   10.71   657.0   657.66   0.0  
5   1   201.16   201.82   50.62   8.32   670.75   670.71   0.0  
6   4   185.9   177.09   48.3   9.42   656.44   658.29   0.0  
1   2   187.93   199.05   50.49   7.98   654.02   655.03   0.0  
2   4   190.06   194.19   48.0   18.05   656.2   657.95   0.0  
3   3   198.48   199.95   50.18   10.56   656.14   655.6   0.0  
4   1   191.88   185.9   48.94   8.96   652.34   648.91   0.0  
5   4   196.92   199.66   49.67   6.1   655.68   655.59   0.0  
6   3   199.85   201.68   48.4   10.24   659.37   657.02   0.0  
1   3   182.57   198.33   49.41   6.23   656.51   655.14   0.0  
2   1   188.4   168.23   48.4   8.32   660.66   656.65   0.0  
3   1   188.91   171.62   48.31   12.39   657.55   659.56   137.0  
4   4   184.35   173.48   48.22   9.77   656.49   654.99   0.0  
5   3   185.84   201.09   49.28   3.93   659.56   658.9   0.0  
6   1   181.14   199.65   49.2   8.22   654.94   654.2   33.0  
1   3   187.49   202.29   50.43   13.18   656.01   660.13   612.0  
2   1   191.29   182.27   48.24   11.87   660.65   658.02   0.0  
3   1   157.63   180.32   48.15   24.98   654.14   655.98   300.0  
4   4   186.87   174.46   49.09   6.32   657.06   654.66   69.0  
5   3   199.32   200.05   47.94   158.08   661.16   659.41   0.0  
6   1   195.78   202.83   49.1   122.36   655.35   650.74   0.0  
1   3   189.63   199.52   51.8   16.19   653.56   655.55   0.0  
2   1   193.97   185.24   50.23   45.01   654.17   653.92   0.0  
3   1   192.71   202.14   48.81   7.78   655.6   656.66   0.0  
4   4   192.01   189.31   49.31   7.88   655.5   651.87   0.0  
5   3   188.44   199.12   50.97   7.42   656.72   656.09   0.0  
6   1   197.96   197.71   48.9   43.98   651.81   649.11   0.0  
1   4   196.6   190.07   48.53   8.31   658.12   659.77   0.0  
2   3   195.3   191.53   48.74   13.17   656.66   657.82   0.0  
3   2   191.07   205.1   49.17   3.38   658.47   657.97   0.0  
4   3   190.02   206.48   50.26   7.89   656.08   658.76   0.0  
5   1   196.94   205.67   50.11   7.65   668.93   668.08   0.0  
6   4   198.9   191.0   47.81   100.69   656.41   657.69   0.0  
1   3   187.09   199.32   49.69   7.54   656.46   656.63   0.0  
2   1   184.94   172.17   48.43   10.13   655.24   656.25   0.0  
3   1   187.55   181.48   48.86   4.96   655.58   656.6   0.0  
4   4   185.64   168.24   49.67   136.31   656.54   654.33   0.0  
5   3   186.58   196.76   49.2   6.54   655.41   658.13   69.0  
6   1   192.49   198.57   49.0   10.63   656.13   654.49   0.0  
1   3   180.08   177.18   48.37   6.89   656.85   654.79   0.0  
2   1   186.17   195.58   48.85   13.53   657.45   656.66   0.0  
3   1   192.75   198.63   49.46   26.23   656.28   657.94   0.0  
4   4   185.29   193.3   49.97   6.55   654.93   655.7   0.0  
5   3   186.01   176.95   48.45   7.73   656.64   658.22   0.0  
6   1   189.28   188.24   47.88   11.86   655.4   652.71   0.0  
1   4   188.06   170.99   48.4   9.14   657.47   660.57   28.0  
2   3   184.85   172.59   48.35   4.88   656.49   655.39   0.0  
3   2   187.58   198.98   49.16   11.69   658.09   656.9   0.0  
4   3   185.71   200.73   49.57   10.03   658.6   658.01   0.0  
5   1   192.49   202.43   50.01   8.16   668.67   670.63   0.0  
6   4   191.55   176.17   48.48   4.48   658.31   659.39   0.0  
1   4   183.1   195.5   49.29   4.74   656.37   655.34   0.0  
2   3   184.7   199.05   49.22   9.85   658.93   656.96   0.0  
3   2   188.53   167.45   48.83   10.64   656.92   657.58   0.0  
4   3   184.63   173.82   48.84   9.53   655.99   654.89   0.0  
5   1   196.97   181.84   49.33   9.7   669.53   671.58   0.0  
6   4   182.01   202.75   48.95   4.77   657.3   662.18   0.0  
1   1   193.06   203.65   49.34   3.39   655.43   655.11   0.0  
2   2   193.29   203.17   49.34   6.4   654.76   658.36   0.0  
3   4   191.21   202.22   49.33   37.88   656.39   654.83   0.0  
4   2   199.15   190.83   49.03   8.34   655.92   655.68   0.0  
5   2   197.58   186.31   48.53   11.82   659.22   657.95   0.0  
6   2   195.26   187.45   48.8   8.75   654.95   659.51   13.0  
1   1   189.3   191.89   50.37   21.45   653.94   655.65   52.0  
2   2   183.22   187.0   49.36   7.09   651.96   656.43   0.0  
3   4   183.1   188.34   49.92   11.11   656.25   652.63   0.0  
4   2   199.06   196.55   48.79   5.58   656.64   653.1   0.0  
5   2   189.31   182.43   47.82   50.59   656.83   652.42   0.0  
6   2   183.79   181.8   48.65   8.47   653.0   658.66   0.0  
1   2   184.66   196.66   50.4   18.01   652.9   656.62   0.0  
2   4   192.96   182.44   49.28   9.55   652.13   653.36   0.0  
3   3   190.25   197.22   49.73   24.61   658.33   653.03   0.0  
4   1   192.13   176.05   49.8   25.6   651.03   646.38   0.0  
5   4   190.0   199.95   50.84   37.65   655.96   657.26   0.0  
6   3   192.03   177.05   49.07   5.43   654.35   654.67   0.0  
1   1   184.37   194.75   49.73   4.92   656.31   653.36   22.0  
2   2   190.85   198.76   49.38   5.58   654.81   659.64   0.0  
3   4   185.01   200.07   49.32   4.5   657.96   656.48   0.0  
4   2   185.65   171.58   48.6   12.08   656.75   655.56   0.0  
5   2   187.4   177.3   48.18   6.63   659.34   658.67   0.0  
6   2   183.32   173.03   48.88   10.72   654.6   658.64   0.0  
1   2   184.74   197.6   49.34   5.12   657.77   657.44   0.0  
2   4   146.69   174.51   49.24   9.61   654.72   656.97   0.0  
3   3   183.47   196.95   51.8   36.08   654.87   656.55   0.0  
4   1   180.83   173.11   48.58   8.23   656.12   654.34   0.0  
5   4   188.12   193.51   50.18   15.93   659.51   658.52   93.0  
6   3   185.69   169.9   49.53   6.88   658.02   655.37   0.0  
1   2   194.89   209.26   49.3   8.6   658.66   654.74   0.0  
2   4   198.29   195.16   49.57   6.51   658.86   654.65   0.0  
3   3   201.61   211.49   49.17   9.62   659.17   654.89   0.0  
4   1   172.2   166.55   53.68   25.55   645.61   649.6   0.0  
5   4   195.66   203.16   49.2   7.08   656.35   659.55   0.0  
6   3   207.57   193.55   52.71   27.47   659.27   656.23   0.0  
1   4   173.48   181.13   51.3   13.13   656.53   658.07   0.0  
2   3   174.88   184.4   50.85   168.86   660.87   654.33   0.0  
3   2   179.93   170.54   49.25   35.35   658.31   656.99   0.0  
4   3   173.1   170.46   49.16   10.92   658.26   655.15   0.0  
5   1   180.95   176.07   49.86   10.72   666.02   670.94   0.0  
6   4   176.22   181.94   49.92   6.21   654.36   661.25   0.0  
1   2   185.62   196.18   49.49   6.57   654.55   654.48   0.0  
2   4   186.14   174.28   48.49   5.12   654.93   657.9   0.0  
3   3   185.77   196.11   50.0   88.53   655.22   654.91   36.0  
4   1   181.44   172.99   48.35   12.6   649.29   650.73   0.0  
5   4   187.26   198.76   49.26   4.74   656.82   655.36   60.0  
6   3   187.42   170.31   48.07   5.81   660.51   655.77   171.0  
1   1   195.72   184.74   49.15   5.52   659.09   657.53   24.0  
2   2   197.53   199.74   48.25   6.17   661.15   661.83   20.0  
3   4   196.62   178.59   48.79   2.19   656.69   658.0   0.0  
4   2   189.91   203.39   50.16   6.59   658.17   657.9   0.0  
5   2   194.64   200.56   49.61   15.97   660.86   657.95   45.0  
6   2   179.72   204.66   49.76   21.87   657.26   661.36   0.0  
1   3   179.96   194.61   49.85   21.31   656.13   658.85   0.0  
2   1   190.6   164.69   49.03   5.65   658.13   660.92   0.0  
3   1   186.33   184.04   48.58   8.01   656.86   661.16   0.0  
4   4   188.61   178.72   49.67   9.14   662.01   656.81   0.0  
5   3   175.51   193.63   49.82   13.02   659.25   654.03   0.0  
6   1   180.62   194.53   47.71   51.58   655.83   649.24   0.0  
1   4   189.87   201.76   49.82   11.5   655.74   659.67   0.0  
2   3   185.91   198.28   49.12   39.24   653.62   653.11   0.0  
3   2   183.72   173.39   48.93   26.26   654.19   657.38   0.0  
4   3   189.66   172.37   48.92   14.37   655.63   650.36   61.0  
5   1   189.2   175.51   49.57   5.18   665.96   670.92   51.0  
6   4   190.0   200.55   49.48   8.57   657.99   657.8   0.0  
1   3   184.54   181.26   48.91   7.42   657.39   657.88   0.0  
2   1   195.34   202.49   49.94   10.67   656.24   656.77   0.0  
3   1   191.73   202.67   50.44   6.62   660.35   662.93   0.0  
4   4   190.25   196.0   50.31   20.47   659.64   656.99   0.0  
5   3   193.5   186.09   48.48   7.54   658.35   655.07   0.0  
6   1   188.19   179.91   48.1   14.16   651.46   648.31   0.0  
1   2   165.98   180.22   49.59   10.94   651.82   653.38   0.0  
2   4   180.88   180.56   51.73   193.91   648.88   658.35   0.0  
3   3   151.47   185.07   48.12   136.99   652.75   654.19   0.0  
4   1   176.21   173.71   50.39   21.41   653.49   651.69   0.0  
5   4   171.44   183.58   50.61   101.4   661.91   652.14   0.0  
6   3   186.47   171.58   50.7   14.06   660.43   654.27   0.0  
1   4   203.13   192.61   48.63   6.77   659.49   659.99   0.0  
2   3   200.1   194.63   49.06   8.96   661.34   662.02   0.0  
3   2   188.93   204.99   50.58   7.69   654.99   657.76   0.0  
4   3   191.59   206.7   49.82   3.18   656.71   657.72   0.0  
5   1   196.06   208.42   49.91   9.67   669.1   669.96   280.0  
6   4   200.69   190.05   47.84   5.1   657.61   657.8   0.0  
1   3   180.58   197.04   49.73   32.1   653.06   658.09   0.0  
2   1   194.39   180.39   48.15   7.15   655.27   658.57   0.0  
3   1   195.85   182.15   48.9   3.7   654.21   656.09   0.0  
4   4   197.24   182.45   49.17   4.14   659.42   655.02   0.0  
5   3   179.72   195.47   49.34   10.02   656.44   654.06   0.0  
6   1   181.04   196.69   48.29   54.55   650.18   647.33   0.0  
1   3   187.35   173.01   48.86   8.39   656.28   657.29   313.0  
2   1   185.85   198.72   49.48   10.87   658.44   658.36   353.0  
3   1   188.01   198.91   49.85   9.87   658.19   657.14   13.0  
4   4   182.18   197.31   50.06   13.82   655.33   654.78   0.0  
5   3   186.4   171.88   48.54   11.69   656.89   658.81   0.0  
6   1   185.77   171.93   48.27   16.01   656.47   653.61   0.0  
1   3   185.92   200.26   49.03   5.24   656.02   656.81   0.0  
2   1   179.34   177.12   48.05   10.79   654.74   652.52   0.0  
3   1   186.44   169.44   48.5   8.76   654.21   656.14   0.0  
4   4   186.42   173.61   48.48   12.66   658.29   655.77   0.0  
5   3   187.87   193.42   48.98   9.36   656.85   656.84   0.0  
6   1   180.56   199.49   48.99   4.14   653.66   652.05   0.0  
1   2   188.64   171.08   48.83   12.31   657.06   656.46   0.0  
2   4   184.4   199.32   50.72   23.16   660.26   659.77   0.0  
3   3   186.82   165.93   49.11   4.85   658.27   658.66   0.0  
4   1   187.2   200.46   50.49   208.52   665.52   664.99   0.0  
5   4   191.06   172.91   48.55   3.95   659.12   658.94   0.0  
6   3   183.02   196.07   50.1   6.59   658.78   655.96   0.0  
1   2   184.68   189.55   48.38   9.61   655.18   657.52   0.0  
2   4   186.38   190.59   49.43   14.37   652.35   655.39   0.0  
3   3   189.22   189.2   48.02   14.08   657.94   653.27   0.0  
4   1   185.67   186.8   49.55   5.42   650.6   647.0   0.0  
5   4   159.28   189.16   49.05   9.51   657.86   655.48   0.0  
6   3   189.14   185.86   50.5   633.09   655.53   654.62   0.0  
1   4   182.66   199.82   49.93   8.22   657.51   658.95   0.0  
2   3   183.52   196.18   50.3   8.72   656.52   653.83   0.0  
3   2   187.23   165.83   48.99   8.3   657.96   657.72   0.0  
4   3   186.04   166.47   49.14   24.75   658.17   654.26   0.0  
5   1   186.68   174.81   49.83   15.73   667.23   669.62   0.0  
6   4   179.87   198.76   49.26   4.77   655.32   657.38   0.0  
1   4   193.37   190.77   48.71   12.21   653.51   653.57   0.0  
2   3   193.23   189.26   49.07   9.73   655.63   654.74   0.0  
3   2   186.18   206.09   54.2   285.35   656.81   656.19   0.0  
4   3   192.17   201.96   49.42   98.83   653.6   652.87   0.0  
5   1   191.75   200.31   51.85   10.9   666.17   662.33   0.0  
6   4   194.81   190.5   49.01   5.05   651.72   655.99   0.0  
1   1   190.35   177.7   49.58   12.03   656.86   657.57   24.0  
2   2   190.33   183.98   52.37   142.41   652.86   655.24   0.0  
3   4   189.26   185.15   49.65   11.76   659.62   658.25   0.0  
4   2   168.27   181.57   48.69   5.72   658.9   655.09   356.0  
5   2   178.7   184.94   48.44   12.73   655.05   655.99   402.0  
6   2   171.54   189.86   49.12   9.75   655.43   658.2   0.0  
1   3   183.55   190.41   49.73   9.26   659.46   655.78   0.0  
2   1   189.46   191.9   47.0   159.74   660.12   654.77   0.0  
3   1   183.81   163.61   48.47   30.74   660.22   656.12   147.0  
4   4   173.51   177.21   48.53   28.86   655.07   657.05   0.0  
5   3   187.52   192.7   50.28   42.41   655.24   657.67   0.0  
6   1   185.0   191.47   48.76   5.63   654.91   650.86   0.0  
1   1   182.27   173.67   48.09   8.03   659.83   655.46   0.0  
2   2   183.91   177.31   48.31   7.06   653.58   656.53   0.0  
3   4   183.81   172.66   48.21   5.36   656.13   656.38   0.0  
4   2   188.65   191.33   49.79   6.85   658.06   659.45   0.0  
5   2   185.57   192.08   49.17   4.73   656.78   654.19   0.0  
6   2   183.27   199.56   49.29   8.0   659.54   659.6   0.0  
1   1   192.35   187.64   52.39   374.66   660.16   654.92   0.0  
2   2   197.25   184.94   50.23   81.81   655.74   658.14   0.0  
3   4   186.98   186.82   51.57   16.98   656.73   659.56   0.0  
4   2   184.52   190.46   49.44   8.03   658.68   658.96   112.0  
5   2   180.55   204.88   48.33   14.59   657.81   657.35   0.0  
6   2   160.2   188.78   48.91   2.94   659.17   659.21   262.0  
1   3   191.54   201.24   49.88   4.58   659.43   656.18   0.0  
2   1   196.56   187.85   48.67   8.21   658.22   654.35   0.0  
3   1   198.25   191.92   48.78   9.15   659.27   655.44   0.0  
4   4   193.37   188.43   48.83   9.72   656.1   656.9   0.0  
5   3   195.48   203.46   49.16   6.72   658.17   660.3   0.0  
6   1   193.3   201.73   49.77   80.55   654.39   650.49   0.0  
1   1   189.05   172.05   48.61   9.32   656.79   655.44   0.0  
2   2   180.82   177.1   48.85   5.36   653.5   657.9   0.0  
3   4   187.71   173.2   48.71   11.11   656.67   656.65   0.0  
4   2   183.07   200.69   49.87   5.62   653.94   655.88   0.0  
5   2   188.72   194.33   49.26   6.63   658.69   658.03   0.0  
6   2   180.1   200.44   49.64   8.35   652.35   656.5   0.0  
1   2   185.74   188.69   49.42   3.71   655.34   656.29   0.0  
2   4   181.61   174.64   50.32   95.35   656.88   661.28   0.0  
3   3   186.94   200.25   49.36   8.75   660.42   659.94   108.0  
4   1   168.14   175.92   48.42   7.03   649.4   651.34   0.0  
5   4   186.73   196.73   49.34   8.69   657.41   656.91   0.0  
6   3   187.26   171.39   48.72   25.95   662.36   657.38   0.0  
1   1   193.74   186.51   48.87   10.82   655.04   655.45   0.0  
2   2   183.64   177.76   48.81   7.78   652.27   657.1   0.0  
3   4   186.64   179.32   48.86   8.59   656.74   653.44   0.0  
4   2   189.12   196.11   51.22   48.3   654.89   654.6   0.0  
5   2   183.73   191.25   50.54   11.58   658.14   655.5   0.0  
6   2   182.76   196.4   51.38   16.26   652.18   658.78   0.0  
1   1   186.35   199.86   49.59   6.91   659.33   656.36   0.0  
2   2   183.31   198.09   49.07   8.67   652.93   655.47   0.0  
3   4   188.44   201.02   49.69   5.23   660.27   656.19   0.0  
4   2   192.76   172.63   49.05   13.38   662.98   655.93   0.0  
5   2   183.6   174.17   48.59   8.02   653.8   658.95   0.0  
6   2   179.04   176.41   48.87   6.6   651.83   658.46   0.0  
1   3   193.14   197.7   50.25   13.69   659.28   656.88   0.0  
2   1   183.0   169.34   48.28   15.62   656.72   655.64   0.0  
3   1   185.71   176.46   48.76   7.51   656.19   652.65   0.0  
4   4   189.14   190.17   48.3   7.52   659.03   658.17   0.0  
5   3   185.31   198.6   49.13   7.17   656.05   653.39   85.0  
6   1   181.65   191.1   49.13   6.15   651.53   646.72   0.0  
1   3   195.04   193.76   52.1   38.62   660.66   656.11   0.0  
2   1   193.09   181.05   48.67   14.83   660.75   653.96   0.0  
3   1   190.19   184.26   48.84   11.09   658.24   661.31   0.0  
4   4   195.67   199.63   49.66   11.79   668.26   658.48   0.0  
5   3   192.62   195.06   52.2   101.73   659.47   655.24   0.0  
6   1   186.81   192.02   50.29   13.5   659.13   646.81   0.0  
1   3   189.26   173.16   48.78   14.44   664.57   662.7   0.0  
2   1   193.36   199.88   49.64   19.65   658.61   662.08   0.0  
3   1   192.25   197.12   49.98   7.84   656.99   649.71   0.0  
4   4   184.29   198.59   50.13   5.42   656.75   654.2   34.0  
5   3   187.65   171.14   48.24   5.76   658.96   660.71   0.0  
6   1   185.15   173.21   48.23   16.95   655.78   652.83   0.0  
1   1   188.32   195.44   51.34   8.49   657.29   655.63   0.0  
2   2   183.38   195.47   49.92   8.07   652.25   657.21   124.0  
3   4   189.0   193.97   51.29   33.17   656.94   654.72   0.0  
4   2   198.08   182.87   49.32   10.84   660.85   654.09   0.0  
5   2   191.09   175.25   49.1   8.54   655.11   655.11   0.0  
6   2   183.02   178.88   50.05   153.45   650.57   657.38   0.0  
1   2   180.05   188.42   48.84   3.99   653.56   656.36   0.0  
2   4   194.37   185.52   51.29   19.48   652.64   655.53   0.0  
3   3   178.0   186.78   48.89   10.42   655.69   653.85   0.0  
4   1   184.38   181.33   52.82   17.67   648.82   644.32   0.0  
5   4   184.95   205.07   48.48   8.28   656.61   656.74   0.0  
6   3   195.19   175.67   54.19   182.88   656.79   653.47   0.0  
1   1   183.01   190.69   49.2   40.91   653.98   657.66   122.0  
2   2   181.97   192.03   49.43   7.63   655.14   655.15   0.0  
3   4   185.68   187.17   49.14   16.1   666.18   655.14   0.0  
4   2   186.62   183.37   52.87   19.75   656.88   653.2   0.0  
5   2   189.19   182.74   51.93   27.57   655.47   659.12   202.0  
6   2   184.49   188.55   51.36   13.06   652.93   658.3   0.0  
1   2   189.94   186.06   53.27   283.34   658.15   659.57   0.0  
2   4   180.73   188.59   48.76   9.41   656.07   656.75   0.0  
3   3   184.84   187.4   49.78   6.37   655.03   655.61   0.0  
4   1   184.75   186.01   48.42   7.7   652.88   655.15   0.0  
5   4   191.48   189.47   49.72   11.41   657.43   657.99   0.0  
6   3   181.75   183.67   48.63   9.28   656.77   654.27   0.0  
1   1   190.78   197.83   50.12   9.05   658.18   658.0   0.0  
2   2   190.77   191.97   50.26   8.8   657.35   657.88   0.0  
3   4   194.68   198.34   51.77   185.61   656.97   661.05   0.0  
4   2   181.36   178.86   49.04   12.29   657.22   657.9   0.0  
5   2   178.73   182.79   48.51   5.22   657.71   658.12   37.0  
6   2   187.46   173.91   49.07   4.96   658.71   661.17   0.0  
1   4   190.25   199.48   49.99   15.46   659.56   659.34   0.0  
2   3   197.99   194.57   49.92   7.62   658.25   657.98   0.0  
3   2   192.21   188.56   48.4   7.19   657.01   656.87   0.0  
4   3   190.83   190.17   49.01   9.93   658.8   658.96   0.0  
5   1   191.7   199.33   49.05   13.7   668.76   671.61   0.0  
6   4   190.77   199.67   49.4   5.43   657.06   658.25   0.0  
1   3   187.17   190.14   49.7   43.3   655.82   653.69   0.0  
2   1   182.89   155.02   46.8   84.34   655.07   654.31   0.0  
3   1   185.24   170.94   48.49   4.58   658.27   658.31   0.0  
4   4   151.63   187.94   48.48   9.7   656.27   658.31   0.0  
5   3   179.72   187.45   49.62   24.58   655.66   656.4   70.0  
6   1   187.31   189.47   50.5   116.28   655.0   652.43   0.0  
1   1   186.68   196.07   49.58   10.62   654.57   655.87   0.0  
2   2   190.09   201.49   49.52   11.33   658.58   657.31   0.0  
3   4   188.05   199.35   49.64   10.84   653.0   656.36   0.0  
4   2   191.68   190.04   48.65   8.9   657.84   656.44   233.0  
5   2   190.47   184.2   48.61   18.14   658.73   660.8   0.0  
6   2   190.55   190.35   48.84   4.54   658.48   657.08   0.0  
1   3   180.42   178.59   50.22   340.11   658.96   657.97   0.0  
2   1   184.96   197.91   49.67   10.56   661.46   657.52   132.0  
3   1   186.39   187.77   50.21   25.24   657.67   659.36   0.0  
4   4   184.25   194.13   50.26   7.15   658.06   659.17   105.0  
5   3   186.73   177.0   48.44   6.92   661.88   659.8   0.0  
6   1   173.58   174.45   48.05   6.07   654.4   651.54   0.0  
1   2   189.56   187.88   49.65   8.99   652.56   654.16   0.0  
2   4   185.0   194.04   50.19   11.67   653.63   654.51   0.0  
3   3   192.98   185.39   49.05   7.01   655.68   653.37   0.0  
4   1   173.26   194.17   50.37   12.65   647.03   647.48   0.0  
5   4   189.54   181.89   48.94   5.62   652.91   652.92   0.0  
6   3   187.53   184.74   50.07   9.79   654.5   654.49   0.0  
1   2   185.72   172.65   48.3   9.42   655.28   656.85   0.0  
2   4   184.8   196.84   49.39   3.56   655.47   655.45   0.0  
3   3   189.38   182.58   48.18   6.89   657.43   656.67   0.0  
4   1   182.88   196.58   49.34   13.04   651.15   650.68   0.0  
5   4   185.88   176.17   48.21   9.87   655.12   655.7   0.0  
6   3   192.49   196.08   49.36   7.21   657.61   656.31   0.0  
1   2   183.51   186.01   49.11   10.45   655.98   653.66   0.0  
2   4   184.3   185.93   48.6   7.76   656.11   652.64   0.0  
3   3   187.99   187.77   51.11   69.29   655.54   653.19   0.0  
4   1   180.01   182.27   48.92   13.4   648.3   649.15   0.0  
5   4   187.31   188.21   49.3   7.08   656.36   656.59   0.0  
6   3   189.88   190.47   49.19   9.49   655.31   654.95   0.0  
1   4   179.62   179.04   48.89   5.12   656.38   660.28   0.0  
2   3   178.76   176.32   48.06   19.05   657.0   652.83   86.0  
3   2   182.95   199.1   49.88   32.42   660.01   656.06   0.0  
4   3   187.16   193.98   49.66   8.41   657.76   657.95   0.0  
5   1   192.38   192.89   50.11   4.99   667.61   668.3   0.0  
6   4   191.12   167.73   48.32   6.43   654.47   658.03   0.0  
1   2   185.7   179.2   48.39   7.67   655.67   655.53   0.0  
2   4   192.64   200.88   49.4   6.47   657.01   657.18   0.0  
3   3   201.98   176.05   49.37   13.81   656.7   658.14   0.0  
4   1   183.25   205.06   49.69   5.18   650.7   653.05   0.0  
5   4   191.95   189.29   48.54   4.05   654.38   657.76   8.0  
6   3   194.22   203.27   48.55   98.69   661.37   660.6   0.0  
1   1   186.84   193.72   49.69   8.51   655.71   659.79   0.0  
2   2   195.74   189.84   48.49   19.03   660.23   657.82   0.0  
3   4   195.18   209.46   48.65   10.61   655.41   657.84   0.0  
4   2   200.03   196.62   53.64   24.2   659.43   656.16   0.0  
5   2   194.36   195.48   49.24   67.62   657.64   661.6   0.0  
6   2   196.46   198.38   52.0   40.69   656.18   660.09   0.0  
1   1   192.06   187.03   48.84   9.16   647.61   654.23   0.0  
2   2   187.93   173.36   48.42   16.41   650.63   652.47   0.0  
3   4   191.84   177.39   48.95   8.33   651.28   650.88   0.0  
4   2   187.8   189.43   52.48   173.25   652.93   650.69   0.0  
5   2   182.6   193.27   50.26   12.96   650.91   653.03   0.0  
6   2   186.0   196.81   49.33   57.04   651.99   654.71   0.0  
1   4   195.37   199.98   49.71   19.89   655.83   658.98   68.0  
2   3   201.11   202.53   50.83   12.95   657.67   655.17   213.0  
3   2   205.86   196.43   48.81   3.61   652.36   657.01   0.0  
4   3   196.72   196.08   48.93   8.07   658.33   653.29   0.0  
5   1   211.36   213.33   49.41   4.64   669.29   672.03   530.0  
6   4   200.58   205.25   50.09   14.6   658.69   657.59   295.0  
1   4   183.59   189.17   48.65   8.84   655.12   654.81   0.0  
2   3   185.33   188.15   52.08   311.91   657.03   657.34   0.0  
3   2   186.31   191.81   49.41   6.6   654.7   656.21   0.0  
4   3   189.32   194.69   50.45   6.85   656.98   660.64   0.0  
5   1   188.89   196.64   51.43   106.35   668.86   666.76   0.0  
6   4   167.05   189.95   48.16   5.0   653.34   658.4   0.0  
1   4   193.34   202.14   50.11   9.3   657.29   659.32   0.0  
2   3   191.49   198.57   49.54   10.61   656.63   655.29   0.0  
3   2   190.39   190.46   48.51   10.31   655.5   654.41   0.0  
4   3   193.15   191.74   49.26   16.94   654.92   656.81   0.0  
5   1   201.09   196.8   50.31   100.26   666.85   666.91   0.0  
6   4   194.81   198.95   49.35   7.0   655.25   659.09   0.0  
1   4   167.12   187.01   50.37   77.71   657.41   660.82   214.0  
2   3   178.69   186.53   54.55   231.48   659.69   657.2   0.0  
3   2   162.39   176.22   45.41   458.13   658.39   659.57   0.0  
4   4   182.49   167.7   48.58   6.41   655.13   656.04   0.0  
5   3   182.74   198.01   49.3   7.5   657.11   658.11   0.0  
6   1   182.87   194.31   49.24   11.1   656.06   655.94   0.0  
1   1   187.04   163.84   48.64   4.73   658.31   662.2   0.0  
2   2   182.89   182.85   48.68   5.03   658.53   656.6   0.0  
3   4   171.67   178.4   48.89   8.2   654.86   657.67   0.0  
4   2   182.9   201.59   51.2   41.6   657.84   656.68   0.0  
5   2   186.97   198.64   49.75   27.41   654.73   660.29   0.0  
6   2   183.21   194.28   50.74   30.32   656.7   657.89   0.0  
1   1   185.75   193.87   49.55   4.2   659.35   658.49   0.0  
2   2   185.74   191.9   49.28   14.05   656.88   656.67   0.0  
3   4   187.5   193.94   49.08   6.57   657.31   660.23   0.0  
4   2   182.65   174.49   49.07   10.33   657.69   656.78   0.0  
5   2   180.38   174.9   48.59   6.81   659.46   658.06   0.0  
6   2   181.69   178.75   48.93   18.67   657.9   662.45   0.0  
1   2   187.52   202.06   50.16   8.08   656.81   656.02   0.0  
2   4   189.97   171.62   48.72   7.44   656.3   658.03   0.0  
3   3   200.0   195.96   50.27   12.87   659.26   658.47   0.0  
4   1   191.23   168.71   48.44   9.76   652.42   655.36   0.0  
5   4   197.51   207.27   49.85   8.08   658.76   660.33   0.0  
6   3   181.26   188.08   49.32   219.2   660.56   658.43   0.0  
1   1   180.32   169.06   48.17   15.75   657.85   651.41   0.0  
2   2   181.12   168.31   48.17   24.25   653.9   655.98   0.0  
3   4   178.8   168.69   48.95   5.54   653.39   658.59   0.0  
4   2   177.61   183.12   52.17   113.6   654.99   657.66   0.0  
5   2   174.57   181.38   50.75   10.61   655.47   657.46   0.0  
6   2   169.86   183.45   50.56   12.79   655.59   654.03   106.0  
1   2   189.59   183.91   48.75   7.52   657.92   652.24   483.0  
2   4   188.78   192.37   51.03   7.98   654.89   654.86   186.0  
3   3   181.43   192.05   48.76   17.59   656.34   655.09   222.0  
4   1   195.68   187.1   49.46   321.78   659.66   664.61   151.0  
5   4   164.49   191.58   48.74   8.08   655.29   659.56   225.0  
6   3   192.45   184.23   51.49   14.08   658.16   654.68   340.0  
1   3   174.47   175.43   48.6   12.13   654.4   657.23   58.0  
2   1   181.31   190.22   50.01   5.9   655.74   651.31   0.0  
3   1   180.32   192.68   49.5   8.63   655.23   659.54   0.0  
4   4   179.17   190.78   50.3   7.57   653.39   653.51   0.0  
5   3   174.51   175.68   48.43   12.68   654.72   659.84   0.0  
6   1   184.14   175.66   48.22   11.29   656.06   647.3   0.0  
1   2   181.3   202.27   49.17   12.15   655.06   658.06   0.0  
2   4   197.74   196.24   51.21   4.52   649.9   655.09   0.0  
3   3   195.34   196.68   49.24   126.31   654.1   658.49   0.0  
4   1   195.9   181.31   53.34   20.07   647.44   648.2   0.0  
5   4   193.7   193.04   48.47   11.58   656.94   652.29   0.0  
6   3   205.01   192.77   50.34   22.31   657.77   650.13   0.0  
1   3   202.75   195.86   49.17   11.91   658.9   654.52   0.0  
2   1   202.45   202.96   49.5   9.91   658.77   653.01   0.0  
3   1   197.41   201.11   50.69   33.03   657.54   654.79   0.0  
4   4   199.28   201.71   49.87   21.38   655.98   656.76   0.0  
5   3   203.67   204.38   48.7   12.99   657.62   659.56   0.0  
6   1   202.91   197.59   48.44   9.38   654.37   655.58   0.0  
1   4   168.5   185.52   48.61   8.1   661.26   655.9   80.0  
2   3   189.51   178.11   48.59   9.33   658.62   659.73   0.0  
3   2   195.84   201.87   50.05   5.67   660.28   660.18   0.0  
4   3   192.1   182.28   51.03   10.81   655.72   662.67   0.0  
5   1   194.1   204.47   50.26   21.86   673.59   669.79   0.0  
6   4   192.42   187.93   48.45   7.48   655.54   658.83   0.0  
1   4   191.65   194.0   50.09   8.47   657.03   657.16   0.0  
2   3   186.48   204.2   49.7   10.26   657.1   656.18   0.0  
3   2   188.6   191.53   48.84   6.36   656.65   658.73   0.0  
4   3   177.13   182.88   49.08   8.05   658.04   656.66   0.0  
5   1   177.82   176.17   49.44   32.45   669.83   669.7   168.0  
6   4   198.3   200.87   49.77   7.68   657.92   657.13   0.0  
1   1   176.33   181.1   49.1   21.04   660.49   655.41   0.0  
2   2   179.77   180.38   49.21   13.86   656.48   657.52   0.0  
3   4   183.43   175.67   49.73   45.97   655.7   659.37   0.0  
4   2   183.2   187.62   52.6   6.84   656.6   660.24   0.0  
5   2   182.15   189.46   53.27   248.06   660.74   657.79   0.0  
6   2   177.22   191.95   49.41   94.01   659.16   658.47   0.0  
1   2   187.06   202.97   49.63   3.96   655.19   655.47   0.0  
2   4   183.23   187.69   49.93   107.1   653.44   658.15   0.0  
3   3   188.84   187.35   49.85   4.74   652.7   655.47   562.0  
4   1   190.65   186.85   50.63   18.21   647.04   649.09   0.0  
5   4   189.48   188.64   49.64   7.59   658.48   652.6   603.0  
6   3   186.73   187.58   48.89   6.34   661.11   652.91   320.0  
1   1   195.41   188.71   47.83   43.83   658.34   658.85   0.0  
2   2   196.7   186.67   48.75   10.53   655.85   657.58   0.0  
3   4   193.25   189.47   48.42   7.75   656.9   657.38   0.0  
4   2   193.69   203.23   50.03   16.75   653.58   658.75   0.0  
5   2   189.96   202.8   49.72   14.33   662.06   658.8   0.0  
6   2   184.22   203.51   50.01   4.74   656.97   658.56   0.0  
1   4   182.46   173.86   49.37   23.65   658.07   660.58   0.0  
2   3   183.64   170.43   49.24   10.6   656.34   652.68   0.0  
3   2   189.12   196.81   49.51   9.55   662.89   659.1   0.0  
4   3   187.35   199.95   49.93   12.09   658.79   661.06   0.0  
5   1   193.63   201.56   50.03   18.99   668.86   667.39   0.0  
6   4   185.6   177.92   48.27   7.85   654.39   659.2   0.0  
1   2   186.58   199.63   49.61   2.39   655.5   658.52   0.0  
2   4   184.54   173.35   48.49   15.9   654.62   656.87   0.0  
3   3   181.13   202.59   49.81   11.57   655.51   657.36   0.0  
4   1   183.0   181.25   48.51   18.01   651.3   653.95   0.0  
5   4   186.04   198.69   49.09   6.4   656.13   655.9   0.0  
6   3   190.21   163.59   48.78   12.6   658.44   655.42   0.0  
1   1   189.36   197.53   50.07   4.58   656.35   657.73   0.0  
2   2   186.49   198.78   49.81   6.32   656.01   658.47   85.0  
3   4   186.52   195.49   49.7   15.84   656.02   658.39   37.0  
4   2   184.28   175.97   49.36   6.75   658.18   658.41   0.0  
5   2   183.65   167.63   49.4   18.91   660.81   658.11   0.0  
6   2   173.27   173.7   49.39   20.59   656.12   659.88   0.0  
1   1   192.62   200.8   49.69   4.91   656.93   655.8   0.0  
2   2   191.74   199.77   49.58   5.53   656.0   659.01   0.0  
3   4   187.27   201.0   50.09   8.87   656.85   657.04   0.0  
4   2   194.9   188.78   48.9   11.66   657.38   658.07   0.0  
5   2   192.89   191.59   48.26   4.96   658.76   659.64   0.0  
6   2   188.81   187.24   48.97   6.63   654.01   659.04   0.0  
1   1   188.05   193.81   49.15   17.72   655.17   655.7   0.0  
2   2   194.24   186.71   50.96   227.42   657.05   656.52   0.0  
3   4   190.24   190.68   49.02   22.07   656.77   654.95   0.0  
4   2   193.66   191.19   50.17   27.7   655.58   653.71   0.0  
5   2   189.12   200.1   49.51   9.57   656.91   658.01   0.0  
6   2   188.3   199.46   50.27   9.55   654.33   660.25   0.0  
1   2   188.75   182.9   48.35   22.6   653.26   656.94   186.0  
2   4   182.22   190.03   49.33   9.12   654.19   653.9   0.0  
3   3   154.11   181.82   48.7   17.55   657.92   652.79   210.0  
4   1   182.77   187.24   50.26   60.71   652.36   650.07   96.0  
5   4   195.25   184.98   48.61   7.2   654.67   655.43   0.0  
6   3   183.24   185.41   48.97   5.04   657.14   655.15   41.0  
1   1   170.33   191.26   49.5   101.06   660.77   659.97   0.0  
2   2   191.23   174.07   48.71   19.77   657.62   658.37   0.0  
3   4   185.75   181.69   49.02   7.16   653.52   656.15   0.0  
4   2   200.35   201.22   51.99   119.68   658.48   655.23   0.0  
5   2   187.15   201.69   49.45   114.0   656.44   657.16   0.0  
6   2   187.02   199.07   50.26   8.63   654.96   657.87   0.0  
1   1   190.17   204.87   49.33   4.23   656.96   659.1   0.0  
2   2   192.5   209.6   49.18   8.23   654.62   663.57   48.0  
3   4   190.31   206.74   49.6   7.41   657.51   655.91   334.0  
4   2   198.94   188.0   48.9   8.12   656.39   656.37   0.0  
5   2   197.14   189.57   48.11   8.33   656.8   657.15   0.0  
6   2   193.88   192.41   49.1   7.93   653.97   657.45   0.0  
1   4   196.4   190.29   48.96   12.13   656.93   654.96   0.0  
2   3   199.58   188.95   48.9   6.76   657.85   654.93   49.0  
3   2   196.95   206.21   49.56   9.31   658.91   656.47   0.0  
4   3   190.68   205.4   50.4   9.49   655.91   657.71   0.0  
5   1   197.74   206.55   49.91   9.82   668.27   666.02   0.0  
6   4   205.55   199.5   48.27   5.1   655.88   659.4   0.0  
1   4   186.38   194.73   49.76   8.91   661.87   662.16   0.0  
2   3   189.56   192.74   49.94   16.94   658.01   656.25   0.0  
3   2   180.25   160.81   48.55   2.81   654.71   656.59   0.0  
4   3   180.78   176.86   49.1   3.46   653.78   654.77   0.0  
5   1   181.88   182.65   49.48   10.27   667.85   669.9   0.0  
6   4   184.33   199.68   49.26   4.68   655.17   655.2   0.0  
1   4   188.48   179.56   48.34   7.69   655.92   657.93   0.0  
2   3   183.88   180.33   48.16   11.36   655.45   652.84   0.0  
3   2   183.1   187.19   49.59   7.08   655.85   655.79   0.0  
4   3   187.8   198.6   49.31   4.99   658.23   655.34   0.0  
5   1   192.03   198.58   50.07   8.43   665.13   668.06   0.0  
6   4   171.2   177.48   47.53   14.22   658.08   659.82   0.0  
1   3   199.57   188.97   49.88   20.93   655.17   656.82   0.0  
2   1   198.94   185.2   47.89   7.52   657.57   652.56   0.0  
3   1   195.91   193.3   48.61   7.23   654.1   659.1   0.0  
4   4   188.6   204.93   48.99   6.53   656.19   657.12   0.0  
5   3   194.36   200.93   49.38   10.57   657.16   659.1   0.0  
6   1   241.58   178.75   60.68   460637.45   652.89   649.99   0.0  
1   2   195.6   176.78   48.8   20.28   657.73   655.68   350.0  
2   4   187.69   199.13   46.22   84.28   658.84   657.42   337.0  
3   3   179.81   183.65   48.92   14.23   655.78   655.32   101.0  
4   1   175.61   195.33   51.51   13.81   646.96   652.9   0.0  
5   4   197.69   178.15   48.4   9.97   655.58   657.17   0.0  
6   3   185.53   194.35   49.77   11.44   658.47   654.84   0.0  
1   2   230.66   229.43   85.28   620857.91   656.36   655.88   0.0  
2   4   184.83   188.44   48.6   30.82   654.05   659.49   45.0  
3   3   190.27   188.82   51.98   8.14   654.93   654.57   0.0  
4   1   179.5   192.39   48.84   56.33   649.7   651.3   0.0  
5   4   202.1   186.0   50.9   20.33   658.5   653.87   0.0  
6   3   186.47   177.9   49.09   8.09   662.36   653.12   0.0  
1   1   179.67   178.45   48.59   13.04   657.73   656.95   0.0  
2   2   184.2   172.76   48.55   11.44   655.23   657.3   92.0  
3   4   186.58   170.48   48.9   9.5   657.15   659.2   0.0  
4   2   191.87   193.92   49.88   8.09   656.58   657.0   0.0  
5   2   184.21   194.9   49.2   2.77   654.03   656.99   0.0  
6   2   183.77   199.06   49.74   9.05   657.69   659.89   0.0  
1   4   189.54   207.36   49.17   8.15   657.97   661.48   0.0  
2   3   190.8   201.01   49.42   10.09   658.89   653.24   0.0  
3   2   199.88   189.83   48.63   10.42   659.5   659.52   0.0  
4   3   198.25   190.47   48.81   7.36   660.27   658.0   0.0  
5   1   203.03   196.23   49.08   11.65   671.34   673.67   0.0  
6   4   192.07   204.42   49.09   14.24   655.49   658.73   103.0  
1   1   186.56   193.59   49.26   5.56   656.25   658.19   0.0  
2   2   188.24   199.09   49.56   11.77   656.46   654.1   0.0  
3   4   193.92   197.19   49.08   9.82   657.52   658.11   0.0  
4   2   186.18   186.65   48.65   9.82   657.89   655.96   0.0  
5   2   199.1   182.05   48.27   13.52   656.15   658.16   0.0  
6   2   190.68   199.68   48.96   8.93   659.95   659.26   0.0  
1   2   177.46   175.84   48.88   4.75   660.09   659.77   0.0  
2   4   187.0   189.24   49.65   9.2   655.72   657.45   96.0  
3   3   180.21   174.92   48.65   6.36   658.08   660.88   0.0  
4   1   183.96   184.56   49.75   12.68   652.34   650.21   0.0  
5   4   183.02   178.73   48.29   12.89   661.99   658.84   0.0  
6   3   187.41   191.65   49.66   5.05   658.65   657.66   0.0  
1   1   185.13   195.94   49.57   10.37   660.41   659.64   0.0  
2   2   180.55   199.82   49.35   7.77   656.11   658.25   101.0  
3   4   184.27   193.81   49.85   6.54   656.7   656.36   80.0  
4   2   188.05   176.06   48.98   9.76   662.04   657.65   0.0  
5   2   189.23   166.91   48.4   46.75   659.86   657.78   96.0  
6   2   182.27   174.76   49.21   8.05   655.38   659.7   0.0  
1   1   192.89   203.33   49.2   11.71   656.6   657.07   0.0  
2   2   194.19   194.17   48.77   13.86   651.3   657.33   0.0  
3   4   189.47   188.3   49.16   15.62   658.08   652.45   0.0  
4   2   196.33   196.6   52.01   36.52   655.64   655.26   0.0  
5   2   190.74   195.44   50.7   11.57   657.13   654.27   0.0  
6   2   188.63   198.22   51.1   14.97   651.54   658.5   0.0  
1   3   199.69   191.38   49.05   10.07   656.07   656.45   18.0  
2   1   189.79   205.34   49.13   10.26   657.64   657.36   0.0  
3   1   196.86   203.13   49.76   8.25   656.85   658.24   0.0  
4   4   190.11   202.92   49.67   3.7   657.81   654.78   0.0  
5   3   196.07   184.91   48.15   13.07   657.23   657.46   0.0  
6   1   200.69   195.59   48.07   6.41   654.61   650.19   0.0  
1   4   187.36   201.58   49.61   8.44   653.74   656.34   0.0  
2   3   193.49   199.56   50.13   18.37   659.75   655.99   0.0  
3   2   194.2   186.63   48.55   7.26   657.32   654.32   0.0  
4   3   197.78   187.7   48.88   9.61   657.15   657.46   0.0  
5   1   197.93   194.85   49.03   11.4   669.73   674.54   0.0  
6   4   190.71   201.05   49.2   3.22   657.49   660.31   0.0  
1   2   185.81   184.72   49.26   4.49   658.34   659.3   0.0  
2   4   184.81   198.24   49.14   9.79   657.6   656.85   0.0  
3   3   184.26   164.71   49.43   12.07   658.07   659.2   0.0  
4   3   183.15   172.78   50.02   10.42   658.44   656.79   0.0  
5   1   188.82   187.69   49.53   7.63   668.9   668.99   0.0  
6   4   187.59   195.58   49.36   14.38   654.94   658.66   0.0  
1   4   186.76   198.65   50.07   8.18   654.38   657.04   0.0  
2   3   193.96   198.05   50.14   10.54   658.83   658.09   0.0  
3   2   195.54   187.74   48.62   5.48   658.4   657.99   0.0  
4   3   187.61   187.1   49.39   52.72   654.7   656.26   0.0  
5   1   198.61   205.01   49.45   7.02   676.52   670.51   0.0  
6   4   190.81   198.19   49.71   9.27   654.12   657.66   0.0  
1   3   196.46   188.93   48.74   6.65   656.04   656.17   0.0  
2   1   188.79   203.5   49.39   5.63   657.72   655.82   0.0  
3   1   191.23   205.8   49.06   24.34   656.05   656.85   0.0  
4   4   193.83   206.68   50.87   276.19   658.64   658.58   0.0  
5   3   197.8   185.62   48.26   8.08   656.44   656.28   0.0  
6   1   198.47   186.03   47.8   8.41   653.2   649.16   0.0  
1   4   194.69   189.17   48.97   16.48   657.2   654.6   0.0  
2   3   185.24   198.56   49.48   12.04   655.53   656.66   0.0  
3   2   200.72   199.08   51.4   8.42   656.94   656.51   20.0  
4   3   200.2   202.56   52.4   382.7   654.83   656.93   0.0  
5   1   206.49   202.68   51.86   24.62   670.0   670.62   0.0  
6   4   177.13   171.65   31.55   239512.73   655.1   657.75   0.0  
1   1   190.53   202.12   49.82   4.67   657.3   656.53   0.0  
2   2   196.08   200.8   49.34   4.59   658.21   657.47   102.0  
3   4   188.85   200.81   49.48   13.19   654.67   656.65   0.0  
4   2   195.7   188.63   48.83   6.47   657.32   658.58   0.0  
5   2   193.41   189.49   48.4   6.85   656.76   658.55   42.0  
6   2   189.84   196.01   48.57   12.51   656.59   660.75   0.0  
1   3   193.43   189.15   48.63   4.81   657.44   654.76   0.0  
2   1   191.53   191.97   49.59   10.26   656.03   651.74   0.0  
3   1   194.23   196.44   50.9   10.86   654.55   655.41   251.0  
4   4   192.69   199.44   49.77   9.08   652.06   655.77   0.0  
5   3   189.99   194.68   48.3   2.11   654.29   658.47   425.0  
6   1   195.9   189.14   48.17   20.6   652.76   650.89   186.0  
1   2   180.13   173.46   48.72   7.49   654.8   660.51   0.0  
2   4   191.49   201.92   49.74   23.44   655.03   661.74   0.0  
3   3   178.47   172.56   49.11   18.69   656.58   658.76   0.0  
4   1   184.7   192.74   50.17   13.77   651.41   650.76   0.0  
5   4   193.17   182.7   48.88   28.84   659.87   658.44   0.0  
6   3   186.36   196.14   50.24   11.55   659.03   657.76   0.0  
1   4   190.23   199.36   49.72   20.69   655.46   655.59   34.0  
2   3   191.47   201.26   49.67   11.68   659.53   657.61   10.0  
3   2   196.54   188.22   48.5   17.57   654.29   657.23   0.0  
4   3   196.37   193.75   49.81   18.92   655.94   654.96   13.0  
5   1   200.98   195.85   52.2   462.55   669.6   676.73   68.0  
6   4   192.85   200.27   49.61   6.82   654.43   659.9   0.0  
1   2   187.98   186.66   49.09   6.76   654.01   655.89   0.0  
2   4   179.97   187.56   49.3   39.31   649.67   656.38   0.0  
3   3   184.9   183.04   49.23   8.71   653.45   659.49   0.0  
4   1   181.11   184.49   51.94   23.68   647.28   648.55   0.0  
5   4   188.31   178.97   49.12   6.78   659.01   652.35   0.0  
6   3   181.71   189.18   54.14   298.21   655.85   652.91   0.0  
1   2   185.77   169.48   48.4   16.95   658.93   659.13   0.0  
2   4   186.26   190.93   49.07   10.61   657.02   659.42   0.0  
3   3   182.11   172.09   48.71   6.28   658.33   657.96   0.0  
4   4   184.14   197.28   49.76   4.35   659.88   659.06   0.0  
5   3   183.98   175.87   48.21   6.76   658.11   658.46   0.0  
6   1   185.89   168.03   47.98   7.61   655.62   652.18   0.0  
1   4   188.25   202.12   49.7   7.62   653.5   654.56   196.0  
2   3   191.59   203.52   49.54   4.78   656.39   657.13   0.0  
3   2   196.93   188.81   48.59   9.81   657.07   658.07   0.0  
4   3   199.68   192.1   48.32   7.52   658.84   657.0   0.0  
5   1   203.68   201.38   49.88   38.31   670.75   678.93   0.0  
6   4   190.16   203.82   48.97   5.43   657.82   657.82   326.0  
1   1   184.54   198.75   49.53   10.55   655.71   653.12   37.0  
2   2   197.15   201.98   49.48   8.73   654.83   656.83   0.0  
3   4   188.75   203.31   49.12   5.1   657.27   656.26   0.0  
4   2   195.22   188.06   48.75   7.54   656.35   656.92   0.0  
5   2   200.17   200.29   47.99   7.98   661.13   658.06   0.0  
6   2   189.67   191.27   48.56   8.96   654.69   658.19   0.0  
1   2   184.1   198.46   49.22   7.75   657.33   658.91   0.0  
2   4   177.51   180.55   47.75   18.49   653.25   657.31   0.0  
3   3   184.45   197.51   48.93   9.17   658.53   657.28   21.0  
4   1   185.63   171.61   48.36   11.47   655.07   649.64   0.0  
5   4   192.41   196.97   49.63   14.21   660.21   656.56   49.0  
6   3   187.12   167.63   48.43   8.9   657.12   655.94   271.0  
1   2   193.33   199.93   49.75   9.65   656.24   657.59   0.0  
2   4   198.29   199.7   48.62   10.34   656.87   658.49   0.0  
3   3   193.94   200.4   50.32   15.29   657.21   658.7   0.0  
4   1   188.66   191.32   48.61   10.42   647.39   651.07   0.0  
5   4   199.29   202.41   50.87   90.5   655.39   659.82   0.0  
6   3   196.34   190.51   48.88   5.57   657.24   655.22   0.0  
1   1   187.81   198.93   50.26   74.15   661.62   658.69   0.0  
2   2   184.77   193.47   50.2   375.68   656.86   658.16   0.0  
3   4   184.24   194.84   49.49   4.81   654.81   656.67   0.0  
4   2   183.74   173.21   48.8   11.39   659.49   657.14   0.0  
5   2   181.21   173.97   48.06   11.83   659.56   659.83   5.0  
6   2   166.39   181.66   48.75   6.73   657.54   662.08   0.0  
1   1   185.67   197.61   49.61   6.99   656.82   655.66   78.0  
2   2   185.43   198.83   49.47   8.89   655.96   654.38   0.0  
3   4   185.24   198.9   49.96   3.61   656.38   658.43   0.0  
4   2   186.31   170.66   48.82   8.71   655.15   655.51   0.0  
5   2   188.66   171.28   48.72   11.3   655.81   657.65   0.0  
6   2   181.17   177.5   48.92   3.35   657.97   657.01   0.0  
1   4   198.27   177.04   48.75   2.88   656.75   657.44   80.0  
2   3   199.45   197.93   48.51   6.62   658.0   658.63   54.0  
3   2   190.78   203.17   49.38   5.1   656.9   657.74   19.0  
4   3   185.47   204.47   49.77   11.21   657.49   658.67   0.0  
5   1   202.95   207.93   50.07   5.62   670.13   668.6   0.0  
6   4   201.31   188.48   47.96   28.48   657.26   658.09   0.0  
1   4   183.07   162.8   48.23   17.56   654.78   656.36   238.0  
2   3   179.87   187.5   49.1   8.95   656.01   650.99   0.0  
3   2   191.29   186.93   49.83   7.14   659.72   654.51   161.0  
4   3   185.93   189.63   50.39   12.01   655.35   650.39   0.0  
5   1   192.41   194.46   51.12   18.02   669.31   678.1   274.0  
6   4   183.36   192.42   48.14   15.48   654.71   659.48   0.0  
1   4   190.91   179.92   48.96   11.95   653.84   662.42   0.0  
2   3   193.04   180.2   49.08   14.6   656.4   651.14   0.0  
3   2   185.82   195.6   50.11   52.27   659.05   658.61   0.0  
4   3   182.86   196.54   49.6   19.35   658.93   655.46   0.0  
5   1   186.51   200.78   50.37   7.21   666.63   667.57   0.0  
6   4   196.56   183.05   48.06   18.33   658.61   656.83   0.0  
1   4   196.63   200.44   50.07   69.28   655.09   657.93   0.0  
2   3   199.32   194.82   51.53   9.59   655.75   656.09   0.0  
3   2   198.64   182.37   48.71   6.9   657.46   658.1   0.0  
4   3   191.33   197.13   49.71   115.64   655.48   655.44   0.0  
5   1   197.2   207.51   49.43   36.34   669.57   670.24   0.0  
6   4   192.53   201.85   49.45   51.99   657.75   657.6   16.0  
1   3   191.73   191.87   48.36   9.07   656.47   656.47   0.0  
2   1   190.14   201.7   49.5   4.88   659.99   657.41   15.0  
3   1   191.81   200.87   49.77   8.4   656.62   657.05   0.0  
4   4   191.87   199.08   49.95   14.2   658.17   659.12   0.0  
5   3   193.31   189.02   48.32   4.74   659.21   659.99   0.0  
6   1   194.9   190.51   48.09   8.08   655.71   653.98   0.0  
1   4   194.27   200.33   50.47   359.71   656.09   654.76   0.0  
2   3   190.05   199.09   49.02   8.02   655.03   655.72   0.0  
3   2   197.47   192.21   48.63   8.92   657.32   656.25   0.0  
4   3   193.38   196.67   49.18   6.61   653.02   660.15   0.0  
5   1   202.61   193.83   48.87   11.62   671.19   668.56   0.0  
6   4   195.29   200.03   48.64   4.54   652.99   658.59   0.0  
1   2   189.7   201.98   49.48   3.72   656.43   657.49   10.0  
2   4   195.14   187.11   48.37   20.64   654.55   655.89   0.0  
3   3   198.49   198.75   49.57   20.21   659.91   654.42   0.0  
4   1   192.69   185.46   48.55   8.66   652.06   652.81   0.0  
5   4   192.03   201.21   49.45   9.93   656.15   658.02   0.0  
6   3   199.82   195.87   48.66   12.11   659.13   659.13   0.0  
1   1   186.63   195.98   49.41   11.76   654.16   653.81   0.0  
2   2   189.12   199.11   49.2   4.4   658.6   657.06   0.0  
3   4   191.4   190.88   49.8   73.16   657.25   655.29   0.0  
4   2   185.6   173.47   48.68   5.41   657.91   653.61   0.0  
5   2   184.24   169.13   48.35   13.98   653.29   654.95   0.0  
6   2   175.71   180.91   48.8   7.63   654.53   659.7   0.0  
1   3   191.13   200.3   49.18   11.62   658.98   658.15   0.0  
2   1   190.37   170.59   47.73   19.11   658.23   656.96   0.0  
3   1   191.12   172.9   48.47   7.04   658.47   655.95   0.0  
4   4   190.26   188.45   48.59   5.74   658.25   658.02   0.0  
5   3   186.88   200.01   49.07   7.15   655.67   656.96   0.0  
6   1   183.54   199.82   48.91   6.89   655.43   652.92   161.0  
1   4   177.32   183.53   48.09   24.71   653.2   654.9   0.0  
2   3   181.74   191.24   48.35   10.99   658.47   655.01   0.0  
3   2   190.87   185.11   49.3   10.83   656.77   656.8   0.0  
4   3   188.56   189.47   50.63   20.35   656.16   655.68   25.0  
5   1   195.84   193.33   50.3   7.76   672.68   671.47   0.0  
6   4   179.96   191.05   48.08   16.97   654.78   659.53   0.0  
1   1   190.71   198.27   50.05   11.88   655.35   656.39   0.0  
2   2   187.34   200.03   49.3   5.06   651.63   656.16   0.0  
3   4   192.73   201.79   50.47   112.75   656.34   656.96   0.0  
4   2   193.83   192.28   48.91   7.64   658.58   655.25   0.0  
5   2   191.92   184.86   48.15   23.88   656.95   657.48   0.0  
6   2   186.72   192.4   49.11   7.25   656.51   657.86   0.0  
1   2   197.73   188.53   48.79   11.61   657.14   656.2   0.0  
2   4   192.05   203.74   49.53   8.34   655.55   659.16   0.0  
3   3   201.4   198.73   48.24   6.57   660.04   658.08   0.0  
4   1   189.71   202.21   49.54   4.96   652.62   651.56   0.0  
5   4   203.65   182.95   48.69   10.0   657.08   658.03   151.0  
6   3   198.44   201.31   49.6   16.41   658.03   659.27   0.0  
1   3   177.93   197.59   50.11   10.16   654.58   656.47   0.0  
2   1   201.37   183.86   48.69   11.3   654.87   655.33   0.0  
3   1   201.36   192.8   50.85   141.51   656.51   655.03   0.0  
4   4   192.63   179.35   48.87   11.93   656.93   654.12   0.0  
5   3   184.12   199.25   49.22   5.2   658.87   654.73   0.0  
6   1   187.51   198.41   49.64   26.55   655.06   653.01   0.0  
1   1   186.53   173.12   48.29   9.17   659.37   656.62   0.0  
2   2   183.53   175.73   48.29   9.12   654.91   657.87   0.0  
3   4   185.47   178.88   48.71   3.97   657.22   657.92   0.0  
4   2   188.18   197.29   50.16   19.55   660.02   659.15   0.0  
5   2   186.05   194.91   48.65   5.28   660.24   657.28   144.0  
6   2   184.93   196.56   49.42   4.82   658.22   660.18   77.0  
1   2   189.58   170.99   48.58   10.23   654.76   657.04   0.0  
2   4   185.47   200.3   50.63   5.04   656.65   658.15   149.0  
3   3   191.05   167.14   48.57   7.01   656.74   652.82   0.0  
4   1   183.98   196.64   49.73   6.47   650.4   647.25   25.0  
5   4   188.12   174.7   48.53   9.32   659.99   656.79   0.0  
6   3   185.51   198.07   49.74   7.07   656.82   655.78   0.0  
1   4   185.58   170.58   47.76   85.2   654.73   656.44   0.0  
2   3   176.84   172.09   48.47   7.34   657.42   651.28   0.0  
3   2   185.85   191.66   51.28   22.26   659.2   654.19   0.0  
4   3   180.26   196.16   52.36   34.31   654.54   653.51   0.0  
5   1   188.63   197.83   52.16   42.42   668.61   672.81   0.0  
6   4   177.74   177.99   48.24   47.06   652.55   660.34   0.0  
1   1   184.37   188.56   49.8   15.74   660.19   656.82   0.0  
2   2   188.91   191.15   49.75   101.81   652.87   658.06   0.0  
3   4   188.59   190.96   49.78   15.3   657.72   653.54   0.0  
4   2   178.5   180.8   49.1   10.21   655.2   656.55   0.0  
5   2   180.51   161.67   50.48   215.28   656.96   654.32   167.0  
6   2   173.4   185.98   48.52   11.24   655.02   658.75   0.0  
1   3   186.87   171.56   48.7   25.08   657.83   656.99   0.0  
2   1   181.29   196.02   49.58   6.73   658.09   654.7   48.0  
3   1   187.33   201.54   49.66   10.82   659.61   661.16   0.0  
4   4   181.13   200.31   49.68   4.78   655.42   657.01   0.0  
5   3   189.75   172.7   48.15   5.73   658.89   664.6   0.0  
6   1   190.97   180.07   48.45   10.24   658.48   658.39   0.0  
1   4   188.88   197.34   49.14   9.23   655.46   658.23   0.0  
2   3   186.53   193.79   48.5   11.8   658.66   651.55   0.0  
3   2   201.23   197.18   49.59   57.65   660.95   656.18   0.0  
4   3   194.65   203.45   55.08   160.47   656.74   655.09   0.0  
5   1   201.22   197.12   50.66   17.04   666.42   673.55   674.0  
6   4   197.07   197.27   48.7   6.08   652.72   660.67   359.0  
1   2   192.06   198.44   50.21   7.3   655.93   661.05   0.0  
2   4   181.2   183.51   48.94   9.23   654.87   658.69   0.0  
3   3   189.54   198.62   50.77   9.94   658.33   659.2   0.0  
4   1   177.09   180.04   49.6   11.06   650.42   649.78   0.0  
5   4   194.28   200.41   50.24   8.62   658.67   656.02   0.0  
6   3   191.67   181.24   48.9   14.89   659.68   658.97   0.0  
1   2   184.02   170.93   49.56   4.23   653.2   654.64   0.0  
2   4   184.18   190.7   51.18   4.44   652.16   656.58   0.0  
3   3   184.78   180.96   49.1   6.33   653.62   656.09   0.0  
4   1   182.65   192.93   53.59   17.91   650.58   658.17   0.0  
5   4   172.85   185.99   48.95   8.81   651.2   654.04   0.0  
6   3   185.82   187.32   51.8   8.63   658.53   649.35   0.0  
1   2   198.3   187.57   48.71   10.73   654.7   659.79   0.0  
2   4   189.96   201.62   49.68   12.03   656.63   655.72   0.0  
3   3   197.48   184.63   48.9   6.34   658.0   651.35   0.0  
4   1   185.72   201.18   49.67   8.62   646.81   648.09   0.0  
5   4   198.69   184.48   48.65   7.99   655.31   655.47   0.0  
6   3   191.08   200.39   49.59   5.55   658.32   658.07   0.0  
1   3   187.87   191.1   49.15   8.17   655.06   658.47   0.0  
2   1   184.71   190.31   48.05   11.9   655.57   659.28   0.0  
3   1   190.41   197.96   48.13   7.4   655.82   656.31   0.0  
4   4   181.04   185.27   49.46   92.9   659.45   653.38   0.0  
5   3   190.46   189.52   48.96   7.44   658.04   655.81   0.0  
6   1   191.27   189.59   48.94   6.83   649.33   646.14   0.0  
1   1   181.6   180.56   49.14   11.36   655.24   653.99   0.0  
2   2   183.81   185.08   48.89   11.86   653.98   656.22   0.0  
3   4   175.01   183.04   48.5   10.27   655.26   657.32   0.0  
4   2   185.51   184.1   52.87   189.42   653.58   655.4   0.0  
5   2   190.45   188.84   50.49   98.45   666.15   657.69   0.0  
6   2   181.01   193.67   49.09   4.22   657.53   660.67   0.0  
1   4   186.35   192.06   49.43   9.01   653.76   654.62   0.0  
2   3   179.55   192.44   49.34   8.0   655.51   651.32   0.0  
3   2   189.49   169.19   48.55   6.5   657.83   653.93   159.0  
4   3   192.34   187.41   49.75   150.29   654.54   652.94   20.0  
5   1   190.45   174.21   48.85   11.24   661.7   665.12   308.0  
6   4   170.46   191.58   48.5   10.47   652.1   657.26   28.0  
1   2   183.04   192.72   50.0   7.35   653.67   656.26   0.0  
2   4   192.58   187.44   49.92   15.35   654.19   659.49   0.0  
3   3   182.21   162.34   50.77   93.98   656.05   655.19   0.0  
4   1   192.28   179.24   49.47   13.65   664.15   664.82   0.0  
5   4   189.92   196.92   49.94   12.35   655.06   655.13   0.0  
6   3   140.17   173.9   49.34   19.36   658.87   656.2   0.0  
1   4   181.73   189.04   49.74   54.97   650.63   657.55   0.0  
2   3   190.7   190.76   50.56   12.09   655.26   651.28   87.0  
3   2   184.93   187.7   48.43   11.0   654.7   659.25   0.0  
4   3   90.39   183.49   49.71   8.89   656.12   652.61   0.0  
5   1   193.8   201.84   49.3   19.38   667.4   668.87   0.0  
6   4   188.92   190.19   48.77   17.37   656.48   655.71   0.0  
1   4   187.86   201.75   50.24   16.66   658.24   659.63   0.0  
2   3   192.08   202.13   50.21   16.19   656.29   653.08   0.0  
3   2   201.16   190.73   48.35   4.84   660.94   659.61   0.0  
4   3   199.71   188.04   49.07   7.24   658.08   656.33   0.0  
5   1   200.13   194.38   48.95   9.7   667.54   668.89   0.0  
6   4   195.43   200.56   51.38   243.31   658.48   658.81   0.0  
1   2   192.52   182.54   48.86   19.07   656.27   653.27   24.0  
2   4   185.92   194.3   50.22   9.86   654.71   653.47   0.0  
3   3   192.14   193.38   48.74   6.96   654.7   655.32   0.0  
4   1   185.18   190.13   53.94   173.33   649.51   650.68   200.0  
5   4   193.68   186.25   48.92   6.93   656.68   657.97   0.0  
6   3   193.61   191.63   51.66   13.77   656.61   654.84   0.0  
1   2   184.11   190.4   49.65   8.12   652.93   655.76   0.0  
2   4   168.66   185.29   48.38   10.52   655.28   658.49   0.0  
3   3   183.78   187.12   49.9   4.33   656.91   659.28   0.0  
4   1   144.89   179.55   48.82   14.16   649.88   650.82   0.0  
5   4   186.59   186.12   49.42   7.89   660.24   662.27   0.0  
6   3   181.23   179.79   48.62   25.23   657.66   656.27   0.0  
1   3   183.74   191.34   49.06   5.76   653.23   654.4   0.0  
2   1   190.01   191.81   49.83   10.56   653.93   655.95   0.0  
3   1   189.88   192.75   52.3   14.27   653.53   655.98   0.0  
4   4   187.46   186.92   53.01   8.44   657.72   652.37   0.0  
5   3   187.7   186.69   48.69   9.94   656.06   654.72   0.0  
6   1   192.61   188.23   47.88   8.65   651.03   646.76   0.0  
1   2   186.34   197.6   49.42   7.67   656.42   656.34   16.0  
2   4   177.46   178.11   48.67   11.5   657.28   659.33   0.0  
3   3   189.58   195.95   49.67   7.33   656.52   657.47   0.0  
4   1   182.68   171.28   48.81   7.51   649.82   650.94   0.0  
5   4   190.76   198.66   49.41   9.43   659.94   659.78   0.0  
6   3   182.32   169.69   48.85   4.62   660.5   657.37   161.0  
1   1   167.99   188.37   49.65   32.35   658.03   659.64   202.0  
2   2   170.6   188.97   50.64   6.76   658.98   656.73   152.0  
3   4   176.77   185.82   53.01   83.03   659.68   657.75   0.0  
4   2   181.96   162.32   49.09   7.0   656.52   655.03   45.0  
5   2   158.39   173.2   44.71   508.48   658.35   660.16   0.0  
6   2   174.66   173.6   48.86   14.41   658.4   659.57   390.0  
1   3   168.99   184.61   48.79   9.46   657.26   658.27   161.0  
2   1   190.15   181.44   50.56   15.88   658.03   656.31   377.0  
3   1   190.84   175.84   51.63   15.59   657.51   657.86   0.0  
4   4   187.43   175.89   52.13   25.62   657.59   655.08   0.0  
5   3   174.71   185.32   50.21   164.24   658.64   658.13   0.0  
6   1   165.31   186.72   48.45   6.74   655.18   651.17   0.0  
1   4   181.34   187.92   48.83   6.51   653.37   655.24   138.0  
2   3   176.63   175.87   49.99   9.08   653.11   654.88   202.0  
3   2   186.05   186.01   48.48   34.08   656.56   654.7   79.0  
4   3   188.04   189.11   50.39   17.19   651.71   654.8   111.0  
5   1   188.74   192.04   50.38   11.25   669.73   666.93   0.0  
6   4   182.55   190.29   49.49   6.37   653.77   656.77   0.0  
1   2   189.04   195.49   50.67   59.55   651.89   657.43   0.0  
2   4   195.08   170.14   49.05   9.74   654.58   655.24   0.0  
3   3   189.06   194.43   51.73   85.66   655.31   654.26   0.0  
4   1   185.78   177.44   48.69   5.93   649.19   646.79   0.0  
5   4   196.9   192.46   52.8   504.07   657.07   656.1   0.0  
6   3   191.45   177.86   47.37   176.59   654.93   654.61   0.0  
1   3   185.56   167.64   48.68   9.52   656.52   656.46   0.0  
2   1   181.94   200.53   49.44   13.21   655.91   656.56   0.0  
3   1   188.84   199.07   49.75   9.5   657.35   656.01   0.0  
4   4   32.84   -17.83   72.3   673284.81   655.86   654.98   0.0  
5   3   183.24   162.34   48.47   9.34   657.06   656.82   0.0  
6   1   175.59   186.02   48.17   11.45   656.55   656.77   0.0  
1   1   189.39   174.25   48.76   6.58   660.68   658.46   0.0  
2   2   150.69   178.54   48.8   9.75   655.24   655.94   0.0  
3   4   177.66   181.67   49.08   13.93   659.25   658.74   0.0  
4   2   195.92   199.33   50.53   18.34   656.18   659.33   0.0  
5   2   192.13   191.68   50.2   5.12   662.3   659.97   394.0  
6   2   187.04   193.62   51.1   14.38   654.0   658.76   294.0  
1   1   186.47   197.65   49.49   13.03   658.18   658.61   0.0  
2   2   193.05   198.36   49.54   12.23   657.45   658.66   0.0  
3   4   191.47   197.87   49.9   8.39   662.42   658.59   0.0  
4   2   188.7   173.15   48.72   9.4   657.76   656.99   0.0  
5   2   176.65   167.53   48.5   8.25   658.41   658.3   0.0  
6   2   183.92   177.33   48.91   11.56   656.18   660.5   0.0  
1   2   188.88   188.31   50.44   43.63   656.46   655.77   0.0  
2   4   183.04   188.02   48.87   29.39   655.16   657.41   0.0  
3   3   194.56   189.99   49.97   10.13   654.56   657.32   0.0  
4   1   182.42   185.43   49.13   6.76   650.19   652.48   0.0  
5   4   186.35   189.1   49.46   5.8   652.69   653.9   0.0  
6   3   161.11   199.44   48.43   21.97   660.26   655.47   16.0  
1   4   200.13   192.89   49.64   4.65   656.53   654.73   0.0  
2   3   190.59   194.6   49.4   15.19   655.82   658.76   0.0  
3   2   201.04   198.42   52.18   38.49   652.4   655.49   0.0  
4   3   198.17   205.48   52.14   16.1   652.17   660.15   0.0  
5   1   201.08   203.83   50.45   20.47   665.32   665.19   0.0  
6   4   193.98   209.58   49.23   59.19   652.98   659.1   0.0  
1   2   186.53   195.31   49.19   6.91   658.19   654.64   0.0  
2   4   183.23   169.81   47.7   11.0   655.11   657.93   0.0  
3   3   185.38   195.51   49.76   5.28   655.54   655.8   0.0  
4   1   186.12   180.18   49.02   7.92   665.78   669.61   0.0  
5   4   185.86   198.06   49.32   13.01   657.25   659.06   0.0  
6   3   185.86   167.82   48.39   11.17   658.55   655.5   0.0  
1   3   185.7   191.12   48.27   8.4   657.28   657.49   179.0  
2   1   183.7   187.98   48.88   28.0   655.51   656.79   0.0  
3   1   187.92   192.36   49.38   5.05   657.57   653.45   127.0  
4   4   187.73   186.54   49.77   3.17   658.66   655.01   217.0  
5   3   97.79   182.09   48.36   18.16   659.64   651.99   0.0  
6   1   187.05   190.89   49.61   121.41   650.45   649.4   297.0  
1   2   154.37   185.58   49.65   10.84   657.26   656.51   0.0  
2   4   190.78   202.01   50.7   7.08   655.28   654.65   0.0  
3   3   147.3   187.76   49.05   10.58   655.88   653.83   0.0  
4   1   195.94   200.41   51.78   20.0   649.4   651.89   0.0  
5   4   202.0   185.7   48.82   6.43   656.13   656.98   0.0  
6   3   193.35   201.41   50.23   8.18   657.05   654.1   0.0  
1   4   184.7   191.3   49.5   5.83   655.97   655.84   0.0  
2   3   183.4   197.2   49.53   8.39   656.54   655.25   77.0  
3   2   186.06   175.01   48.88   8.95   657.65   659.58   101.0  
4   3   177.12   171.73   48.52   6.77   655.11   656.25   0.0  
5   1   189.14   169.91   49.58   9.22   665.46   665.72   0.0  
6   4   189.52   200.64   49.16   6.0   659.92   660.83   0.0  
1   1   181.8   174.33   48.54   3.38   658.27   656.09   0.0  
2   2   187.36   170.34   48.77   6.37   655.44   660.01   0.0  
3   4   179.88   173.66   48.44   4.59   656.7   656.64   0.0  
4   2   188.68   195.83   49.92   2.2   655.25   658.04   0.0  
5   2   184.29   201.35   49.54   15.1   662.24   659.38   0.0  
6   2   183.1   198.63   49.35   6.22   656.82   660.67   0.0  
1   4   205.17   199.66   50.92   71.08   653.87   656.59   0.0  
2   3   191.43   200.73   52.18   450.73   657.52   655.5   0.0  
3   2   189.0   191.04   48.46   26.68   658.06   652.9   0.0  
4   3   197.99   197.88   49.34   8.42   655.72   653.25   0.0  
5   1   194.05   194.6   49.19   27.02   666.35   669.89   0.0  
6   4   198.1   196.16   50.14   5.12   654.78   658.9   0.0  
1   1   188.16   179.86   48.75   11.63   656.01   650.48   0.0  
2   2   193.67   183.29   49.26   27.65   652.72   656.39   0.0  
3   4   186.03   176.22   48.89   13.27   656.38   653.96   0.0  
4   2   188.62   194.6   51.9   16.95   650.38   658.66   0.0  
5   2   184.78   189.88   51.11   32.98   658.12   653.56   0.0  
6   2   182.66   195.47   51.69   65.56   656.94   656.87   0.0  
1   1   186.82   177.5   48.9   5.97   658.49   653.06   0.0  
2   2   190.99   194.42   51.43   30.29   654.32   656.4   0.0  
3   4   186.26   181.02   48.74   10.63   658.03   658.15   0.0  
4   2   186.23   190.59   51.63   26.23   656.75   658.21   0.0  
5   2   194.52   193.62   52.45   24.82   657.66   657.88   0.0  
6   2   181.21   194.59   51.02   21.04   656.94   657.88   0.0  
1   2   186.08   176.36   48.38   15.02   657.44   656.67   52.0  
2   4   186.12   195.6   49.17   7.64   656.59   657.91   0.0  
3   3   186.21   171.59   48.62   7.04   657.01   656.27   29.0  
4   4   181.31   196.52   49.62   5.84   654.97   654.17   0.0  
5   3   183.45   177.29   48.53   11.55   655.35   655.68   38.0  
6   1   184.89   174.31   48.15   10.74   654.03   650.38   0.0  
1   3   187.12   195.0   49.74   6.59   657.28   656.73   41.0  
2   1   185.52   184.63   48.64   7.64   660.23   653.98   0.0  
3   1   186.09   186.83   48.63   6.37   657.33   659.61   0.0  
4   4   183.12   181.31   48.68   10.52   655.48   656.13   0.0  
5   3   187.57   192.73   49.18   8.5   658.12   659.8   0.0  
6   1   188.23   191.14   48.95   4.05   656.69   648.69   0.0  
1   4   193.79   187.27   48.91   13.85   656.65   658.27   0.0  
2   3   196.6   187.49   48.06   6.77   657.62   656.46   0.0  
3   2   195.72   196.46   49.36   6.62   661.51   661.06   0.0  
4   3   194.54   201.54   49.74   11.25   655.64   655.14   0.0  
5   1   193.61   207.92   50.15   10.69   668.96   670.0   0.0  
6   4   188.32   198.93   48.65   3.84   656.72   662.75   0.0  
1   3   191.15   199.76   49.86   4.54   657.55   656.44   0.0  
2   1   199.0   187.21   48.02   13.26   658.44   655.99   0.0  
3   1   194.35   191.38   50.04   117.48   659.57   657.86   0.0  
4   4   192.29   185.33   49.32   7.74   655.4   656.67   0.0  
5   3   189.95   202.62   49.22   9.96   656.52   658.24   0.0  
6   1   191.82   202.95   48.84   12.98   658.91   656.67   0.0  
1   4   183.51   185.97   50.83   13.37   652.43   654.24   0.0  
2   3   187.18   193.42   49.02   178.36   656.49   656.82   107.0  
3   2   166.1   188.97   50.15   6.55   655.29   655.13   0.0  
4   3   181.02   190.17   50.18   33.23   654.03   657.47   0.0  
5   1   194.87   187.21   51.57   61.87   670.59   668.74   173.0  
6   4   179.0   184.52   49.17   213.35   654.37   659.4   138.0  
1   3   182.18   195.52   50.35   7.0   655.12   653.69   0.0  
2   1   194.22   180.27   48.59   11.26   655.61   651.78   153.0  
3   1   190.34   178.5   48.92   11.28   652.06   654.89   0.0  
4   4   190.7   180.86   48.8   22.34   652.87   654.59   0.0  
5   3   179.12   191.28   49.83   20.46   652.02   655.23   0.0  
6   1   176.36   193.82   48.82   5.26   649.45   644.79   0.0  
1   2   183.24   171.77   49.12   5.53   654.26   657.29   0.0  
2   4   182.61   200.66   51.05   244.24   656.31   662.39   0.0  
3   3   181.87   177.46   48.55   9.67   657.35   659.29   0.0  
4   1   179.92   192.94   50.71   26.23   651.87   650.3   0.0  
5   4   189.55   171.14   48.54   3.5   660.04   657.99   0.0  
6   3   188.04   194.0   49.47   16.22   661.52   658.45   0.0  
1   2   187.2   196.19   49.85   9.32   655.72   657.9   0.0  
2   4   177.31   178.03   48.85   23.11   657.22   660.4   0.0  
3   3   189.94   192.2   49.44   4.0   655.77   654.56   0.0  
4   1   181.74   169.2   48.36   18.53   649.2   646.59   0.0  
5   4   203.96   199.6   49.64   9.34   670.91   661.14   0.0  
6   3   179.22   172.77   48.62   11.58   659.72   655.72   0.0  
1   1   185.96   173.87   48.28   18.99   655.34   653.93   0.0  
2   2   189.77   174.26   48.84   31.45   654.56   657.87   0.0  
3   4   188.02   166.99   50.67   48.85   666.87   658.91   0.0  
4   2   186.98   199.18   50.06   8.3   657.09   658.06   0.0  
5   2   179.38   193.55   49.57   10.58   655.69   656.53   0.0  
6   2   173.88   203.33   50.41   6.7   657.02   660.39   0.0  
1   4   175.42   168.93   48.99   10.76   657.0   656.56   48.0  
2   3   178.63   167.46   49.56   34.35   660.73   654.25   0.0  
3   2   180.71   187.21   48.76   155.52   662.05   657.48   0.0  
4   3   173.47   184.32   52.34   10.71   657.13   657.47   0.0  
5   1   181.64   190.77   48.98   176.42   668.81   673.22   0.0  
6   4   153.08   170.51   50.77   491.64   656.15   663.01   0.0  
1   4   184.15   169.51   48.48   11.12   656.17   656.8   14.0  
2   3   183.5   168.83   49.01   5.7   655.27   654.37   0.0  
3   2   189.98   201.3   49.31   8.89   659.56   659.03   41.0  
4   3   184.8   198.48   49.75   4.9   654.03   656.83   0.0  
5   1   190.63   200.13   49.97   6.09   668.45   667.52   0.0  
6   4   189.61   180.41   47.96   11.66   655.68   657.14   0.0  
1   1   198.65   204.71   49.54   8.23   657.03   657.88   0.0  
2   2   189.92   206.07   49.14   3.99   655.44   656.74   0.0  
3   4   191.89   202.35   48.84   40.22   655.4   656.22   0.0  
4   2   205.58   201.03   48.78   6.14   658.5   656.34   0.0  
5   2   196.32   188.08   48.88   13.18   658.18   657.66   175.0  
6   2   192.56   191.81   48.92   6.34   653.08   657.85   0.0  
1   3   169.25   187.9   48.67   7.49   654.84   650.93   0.0  
2   1   193.09   180.88   50.77   9.19   655.57   650.23   0.0  
3   1   197.13   197.9   50.31   134.33   654.09   649.18   0.0  
4   4   191.51   192.08   50.96   55.43   651.14   653.91   101.0  
5   3   164.92   188.89   48.41   23.63   653.69   656.42   282.0  
6   1   188.24   194.38   48.68   32.18   651.32   652.82   0.0  
1   4   166.2   183.43   54.71   254.51   660.0   656.25   0.0  
2   3   172.43   186.31   49.88   72.79   656.37   661.39   0.0  
3   2   172.65   163.84   48.73   7.99   656.41   654.84   0.0  
4   3   161.67   169.64   47.75   79.95   655.16   659.98   0.0  
5   1   178.06   170.48   49.2   19.38   670.64   665.3   0.0  
6   4   169.78   183.86   50.01   21.39   654.63   657.53   93.0  
1   2   185.65   174.18   48.85   9.23   656.89   655.88   0.0  
2   4   189.67   199.39   49.59   5.54   658.14   658.28   77.0  
3   3   188.2   166.58   49.13   8.0   656.14   655.42   0.0  
4   1   185.74   197.12   51.0   15.41   650.03   654.45   0.0  
5   4   185.73   178.37   48.83   9.77   655.41   660.81   27.0  
6   3   187.73   194.16   50.0   9.68   658.68   654.93   0.0  
1   2   176.86   181.21   48.83   6.69   657.04   656.5   0.0  
2   4   191.84   193.07   49.39   29.48   655.11   659.59   0.0  
3   3   189.33   182.69   48.92   11.58   656.24   655.76   0.0  
4   1   188.78   198.49   51.14   15.23   651.53   649.17   0.0  
5   4   169.59   184.49   48.35   12.39   661.09   656.63   0.0  
6   3   191.71   203.45   50.7   19.38   660.02   660.33   0.0  
1   4   185.42   189.98   48.3   14.21   653.96   656.41   0.0  
2   3   183.98   178.05   48.28   14.45   656.71   651.26   0.0  
3   2   186.77   182.25   50.13   24.0   659.36   653.83   0.0  
4   3   185.7   187.98   50.25   6.34   654.91   652.47   0.0  
5   1   187.53   199.26   48.78   976.52   666.89   670.96   0.0  
6   4   154.07   184.63   48.22   9.57   652.14   656.63   0.0  
1   2   182.53   193.58   50.0   83.5   658.02   656.78   0.0  
2   4   186.88   169.91   47.96   20.82   656.13   655.77   213.0  
3   3   187.85   197.37   49.92   6.63   657.25   657.71   0.0  
4   1   177.81   170.92   49.18   14.75   651.5   656.06   0.0  
5   4   181.94   196.99   49.44   8.22   655.13   659.12   259.0  
6   3   173.79   172.37   48.71   17.52   659.89   655.22   96.0  
1   4   -29.14   2.42   49.72   5.28   0.0   0.0   0.0  
2   2   187.69   194.4   49.31   2.65   660.6   659.58   0.0  
3   4   187.44   197.6   49.11   4.48   661.67   657.1   0.0  
4   2   197.07   188.35   48.65   9.34   662.29   658.84   0.0  
5   2   182.79   171.02   48.38   63.94   658.0   657.09   0.0  
6   2   177.45   174.92   48.59   9.37   657.21   660.06   291.0  
1   4   197.62   202.98   50.41   9.0   655.36   658.24   0.0  
2   3   194.11   200.3   48.57   18.42   658.87   657.02   0.0  
3   2   191.95   191.87   48.45   14.67   655.26   657.33   0.0  
4   3   201.68   203.29   48.82   8.37   657.71   657.91   0.0  
5   1   196.39   193.52   49.58   11.47   665.09   666.17   0.0  
6   4   194.01   198.48   48.8   5.59   654.49   658.11   0.0  
1   3   187.83   187.13   49.88   22.94   656.84   656.02   0.0  
2   1   180.41   187.32   48.57   12.28   657.57   656.37   0.0  
3   1   163.15   186.67   49.28   8.14   659.1   656.77   17.0  
4   4   158.81   187.68   49.45   48.96   655.26   658.24   0.0  
5   3   186.2   186.6   46.98   127.94   656.65   657.32   0.0  
6   1   187.75   188.22   46.65   74.77   655.76   652.53   0.0  
1   1   191.47   200.91   50.5   12.08   656.3   658.47   0.0  
2   2   190.11   198.78   50.32   13.81   655.28   656.5   0.0  
3   4   187.96   199.39   50.01   17.96   656.54   656.54   0.0  
4   2   199.34   193.42   50.29   50.6   657.22   657.08   0.0  
5   2   195.47   186.76   49.14   4.23   659.72   657.27   0.0  
6   2   191.52   192.97   49.41   9.33   656.1   661.19   0.0  
1   3   201.92   189.01   48.44   12.33   659.69   658.29   0.0  
2   1   191.18   199.38   49.55   11.31   657.14   655.55   0.0  
3   1   191.63   201.78   50.26   9.49   656.55   658.7   245.0  
4   4   188.05   199.66   50.23   10.9   655.03   653.87   393.0  
5   3   196.53   187.16   48.54   6.6   658.55   656.86   0.0  
6   1   193.91   190.24   48.42   6.28   653.0   649.29   0.0  
1   4   177.72   187.22   48.45   11.5   652.76   656.91   0.0  
2   3   151.17   197.37   48.46   8.98   658.08   654.96   0.0  
3   2   189.2   189.45   52.25   18.04   653.55   657.48   0.0  
4   3   187.55   191.54   49.49   34.41   657.45   655.85   0.0  
5   1   195.96   194.97   50.86   18.51   665.9   667.78   0.0  
6   4   186.52   190.27   47.75   9.58   656.64   657.83   0.0  
1   1   187.2   194.38   49.16   11.83   660.45   659.83   0.0  
2   2   187.91   197.55   49.61   7.69   656.76   658.22   0.0  
3   4   188.56   194.09   49.67   7.33   657.39   658.07   0.0  
4   2   186.31   178.48   49.1   7.83   661.01   659.02   0.0  
5   2   186.49   169.11   48.65   8.37   662.71   660.14   0.0  
6   2   173.47   179.45   48.94   8.24   657.14   659.56   0.0  
1   1   188.38   192.93   49.9   13.4   657.45   657.0   0.0  
2   2   189.28   197.24   50.24   3.38   658.2   660.65   0.0  
3   4   186.86   193.71   49.54   6.37   657.23   657.51   0.0  
4   2   179.27   175.01   49.42   6.26   660.86   656.48   199.0  
5   2   180.04   173.03   48.91   9.63   660.6   660.58   161.0  
6   2   178.3   168.64   49.24   9.49   657.88   661.5   163.0  
1   4   196.06   187.97   48.97   8.1   655.44   656.81   0.0  
2   3   197.33   190.59   48.62   9.21   657.4   657.11   0.0  
3   2   190.43   197.59   49.89   24.31   657.68   660.33   0.0  
4   3   193.47   203.22   50.02   8.95   657.35   657.05   0.0  
5   1   194.71   208.33   50.2   8.58   669.83   671.44   0.0  
6   4   190.22   193.13   48.68   9.25   656.72   659.36   0.0  
1   1   193.89   198.57   49.48   6.63   655.0   653.47   0.0  
2   2   199.43   201.98   47.33   279.76   654.97   656.95   0.0  
3   4   192.91   197.07   49.59   12.59   654.86   655.78   0.0  
4   2   194.92   195.82   49.76   103.47   655.46   657.16   0.0  
5   2   202.67   205.71   48.36   12.13   655.95   656.14   0.0  
6   2   188.69   193.24   49.04   6.47   657.0   656.99   0.0  
1   1   196.24   189.97   48.72   2.44   652.53   654.89   12.0  
2   2   197.79   186.77   48.76   5.57   653.94   654.51   0.0  
3   4   202.42   192.79   48.74   3.58   657.06   654.48   20.0  
4   2   191.94   202.39   49.46   6.26   652.88   654.0   0.0  
5   2   189.32   202.69   48.96   11.31   655.02   655.37   132.0  
6   2   191.27   207.84   49.63   18.5   653.62   658.08   0.0  
1   4   197.7   194.68   49.24   5.42   652.53   657.17   0.0  
2   3   192.58   192.28   48.41   5.49   658.43   655.44   0.0  
3   2   193.96   196.65   50.07   12.19   660.77   656.52   0.0  
4   3   192.65   201.88   50.73   39.13   655.41   655.46   0.0  
5   1   197.16   196.4   50.23   13.54   665.52   667.34   0.0  
6   4   189.91   190.36   48.37   12.58   652.89   660.28   0.0  
1   3   182.51   173.5   49.31   5.42   655.6   657.2   0.0  
2   1   186.27   191.68   49.44   10.95   654.38   654.99   0.0  
3   1   186.38   196.71   49.97   70.05   659.82   653.17   0.0  
4   4   180.61   194.83   50.5   8.87   657.53   653.24   0.0  
5   3   188.17   179.74   48.34   14.56   657.13   657.51   0.0  
6   1   173.11   169.64   48.25   15.66   651.83   647.53   0.0  
1   3   184.84   198.67   52.6   52.39   657.35   655.63   0.0  
2   1   186.45   178.04   48.8   11.69   660.5   658.06   0.0  
3   1   185.01   176.27   49.16   11.17   655.96   655.34   0.0  
4   4   190.4   169.63   49.95   9.39   658.1   657.74   314.0  
5   3   190.54   198.7   49.59   5.45   658.44   658.32   0.0  
6   1   186.94   200.03   49.11   9.87   657.45   656.07   146.0  
1   2   177.24   194.72   48.15   133.7   653.9   654.87   0.0  
2   4   181.05   171.61   48.39   8.89   651.13   658.39   0.0  
3   3   171.5   181.42   50.76   8.83   653.93   657.27   42.0  
4   1   189.06   178.76   48.93   10.29   664.3   663.72   0.0  
5   4   169.71   190.28   50.51   10.04   657.33   653.9   0.0  
6   3   177.17   167.98   48.36   10.0   659.55   655.08   0.0  
