 1  1  191.62  202.09  49.84  5.4  656.83  656.12  0.0 
 2  2  201.91  190.78  49.91  6.63  657.99  656.6  0.0 
 3  4  196.13  192.2  49.84  10.55  660.28  658.58  0.0 
 4  2  181.68  203.54  48.73  12.22  655.56  658.29  0.0 
 5  2  188.11  196.29  48.43  3.31  657.13  655.58  0.0 
 6  2  189.75  189.37  49.27  18.04  661.36  655.68  0.0 
 1  2  191.06  202.36  51.22  78.57  656.84  656.71  0.0 
 2  4  193.35  184.27  50.32  12.12  655.94  651.89  0.0 
 3  3  203.46  183.73  48.61  8.21  655.46  656.54  0.0 
 4  1  183.89  197.01  50.28  34.68  647.28  648.75  0.0 
 5  4  175.0  198.32  48.73  9.87  653.84  657.21  0.0 
 6  3  184.75  196.37  49.88  24.64  660.73  652.1  0.0 
 1  1  186.07  190.28  51.18  7.95  655.35  652.57  0.0 
 2  2  192.04  187.9  52.51  18.16  657.34  651.95  0.0 
 3  4  192.93  188.19  50.72  92.0  656.26  659.72  0.0 
 4  2  175.19  200.35  49.26  35.83  656.39  656.56  0.0 
 5  2  172.4  188.22  48.94  17.84  652.53  655.88  0.0 
 6  2  170.42  185.12  49.61  7.11  655.07  651.51  0.0 
 1  4  178.62  190.57  49.0  3.31  655.95  660.15  0.0883 
 2  3  185.67  186.88  48.92  5.12  656.19  659.74  0.0 
 3  2  188.43  192.8  49.68  14.26  655.94  655.23  0.0675 
 4  3  184.89  195.14  49.77  6.94  656.89  659.37  0.0 
 5  1  192.01  196.46  49.93  7.63  669.52  664.68  0.0 
 6  4  177.2  189.64  47.93  8.0  657.93  654.4  0.0 
 1  3  195.1  182.34  49.07  10.24  655.79  657.07  0.0361 
 2  1  198.45  200.64  49.03  57.49  656.26  657.59  0.0 
 3  1  201.07  194.13  51.04  19.01  657.37  658.06  0.0 
 4  4  199.7  191.28  50.68  53.34  655.32  661.25  0.0 
 5  3  193.68  196.22  49.58  97.22  657.14  657.35  0.0 
 6  1  190.97  201.49  48.07  29.97  652.59  650.44  0.0 
 1  3  174.15  181.07  49.0  17.17  658.4  655.25  0.0 
 2  1  183.65  191.25  53.56  262.63  657.86  656.53  0.0 
 3  1  181.21  188.17  50.78  50.63  660.81  656.6  0.0 
 4  4  185.56  182.48  51.55  11.45  659.68  657.02  0.0 
 5  3  179.08  179.17  48.94  18.03  657.88  656.3  0.0 
 6  1  184.8  175.93  48.85  24.79  650.59  649.0  0.0 
 1  3  183.15  184.17  49.25  9.88  652.29  655.59  0.0 
 2  1  184.92  186.41  49.62  7.4  653.67  656.35  0.0 
 3  1  190.91  188.83  51.24  349.37  656.32  653.58  0.0534 
 4  4  181.21  184.3  49.36  13.23  653.85  655.83  0.0 
 5  3  186.57  183.45  48.67  5.94  657.14  651.81  0.0 
 6  1  187.73  192.2  48.51  15.45  651.57  649.57  0.0 
 1  3  202.83  201.48  48.82  8.89  657.26  656.03  0.0 
 2  1  195.14  200.06  49.08  12.38  657.84  654.79  0.0 
 3  1  192.82  196.75  48.93  13.67  657.53  656.18  0.0 
 4  4  201.63  198.09  50.63  14.54  657.56  655.34  0.0 
 5  3  193.07  188.33  48.94  4.77  654.85  657.94  0.0 
 6  1  192.7  192.7  48.49  7.07  657.85  654.51  0.0 
 1  4  195.35  193.42  49.61  4.69  658.52  658.84  0.0448 
 2  3  185.39  192.72  49.93  4.44  657.92  655.96  0.1343 
 3  2  151.04  190.3  48.97  10.02  654.96  655.15  0.0745 
 4  3  185.35  176.11  48.87  7.77  657.73  659.84  0.0 
 5  1  185.34  174.05  49.24  11.97  669.0  670.57  0.0 
 6  4  195.12  189.26  49.38  2.87  657.7  653.69  0.0 
 1  1  191.58  200.32  50.66  14.93  656.34  657.82  0.0 
 2  2  198.67  188.11  51.23  14.59  655.99  653.14  0.0 
 3  4  200.12  188.96  49.56  25.77  656.53  657.3  0.0 
 4  2  185.8  202.82  49.98  39.96  655.1  659.04  0.0 
 5  2  180.91  195.7  49.27  6.99  657.17  656.75  0.0 
 6  2  184.08  196.57  49.43  14.22  659.47  653.99  0.0 
 1  2  178.74  158.43  48.95  10.85  655.44  652.11  0.0 
 2  4  180.37  191.44  50.07  10.95  654.9  652.92  0.0 
 3  3  184.87  177.72  48.48  6.56  656.6  654.37  0.6438 
 4  1  182.39  181.8  49.45  34.92  649.05  646.69  0.0 
 5  4  183.81  193.48  48.22  13.07  656.18  655.89  0.0 
 6  3  158.49  221.02  32.03  431278.67  653.22  652.81  0.0 
 1  4  180.09  195.86  50.73  301.66  655.43  653.21  0.0 
 2  3  186.47  193.65  49.2  48.95  655.05  653.61  0.2986 
 3  2  190.94  198.12  49.96  15.33  658.76  657.48  0.0 
 4  3  190.36  203.31  50.0  11.3  658.02  658.68  0.0 
 5  1  196.9  196.11  50.55  15.27  665.22  664.08  0.0 
 6  4  188.11  195.07  48.58  27.51  656.11  655.47  0.0 
 1  2  185.54  197.5  49.05  8.36  655.23  654.1  0.0 
 2  4  199.86  198.12  49.56  6.15  658.64  653.71  0.0 
 3  3  178.76  192.43  48.43  11.34  656.57  656.85  0.6945 
 4  1  188.79  196.89  49.56  5.31  648.22  645.23  0.3658 
 5  4  192.5  204.28  48.63  8.4  657.01  658.12  0.0 
 6  3  191.9  194.11  49.92  5.25  657.91  654.78  0.0 
 1  4  194.03  157.52  49.24  7.62  655.63  656.28  0.0 
 2  3  184.85  187.62  48.47  7.25  657.71  654.09  0.0 
 3  2  181.03  195.31  48.43  71.83  655.47  657.11  0.0 
 4  3  191.52  191.93  49.97  5.96  655.24  658.09  0.0 
 5  1  193.6  191.95  52.93  10.93  665.16  668.9  0.0 
 6  4  182.21  184.95  48.37  7.73  656.98  650.35  0.0 
 1  1  188.19  191.37  47.99  87.3  658.09  656.12  0.0 
 2  2  178.75  175.38  48.52  15.72  657.95  653.41  0.4388 
 3  4  161.94  184.49  48.48  18.08  658.54  660.2  0.0 
 4  2  187.69  194.09  50.42  7.32  654.33  656.6  0.0 
 5  2  186.44  186.17  49.46  7.32  655.74  660.39  0.0 
 6  2  190.22  181.53  49.92  16.01  661.35  652.33  0.5373 
 1  1  187.42  175.22  48.42  6.77  657.96  655.14  0.0 
 2  2  165.46  188.1  48.6  12.13  656.07  653.32  0.0 
 3  4  178.35  181.99  48.29  13.9  655.52  654.7  0.0 
 4  2  197.34  191.38  49.11  10.4  657.25  655.49  0.0 
 5  2  197.49  184.01  49.67  91.49  652.4  654.07  0.0 
 6  2  189.63  189.9  49.69  7.25  655.3  656.91  0.0 
 1  3  183.23  195.65  49.64  9.74  656.37  656.97  0.0 
 2  1  170.8  176.1  48.49  4.07  657.06  654.83  0.0 
 3  1  185.53  176.16  48.44  4.99  661.08  659.42  0.0 
 4  4  167.57  183.24  49.89  100.43  660.55  663.49  0.0 
 5  3  188.89  188.24  49.14  9.1  657.14  655.78  0.0 
 6  1  185.22  199.16  48.93  10.17  655.77  654.19  0.0 
 1  1  174.83  194.57  48.65  121.13  653.73  655.29  0.0 
 2  2  180.61  172.84  51.2  8.86  656.42  650.97  0.0 
 3  4  188.63  171.72  50.23  8.15  653.87  657.47  0.0 
 4  2  173.31  190.38  48.76  6.42  655.8  657.83  0.0 
 5  2  165.29  179.72  48.36  13.14  656.37  657.3  0.0 
 6  2  161.37  183.88  49.46  8.9  658.67  650.27  0.0 
 1  3  184.19  175.59  49.65  7.38  660.27  654.32  0.0 
 2  1  178.15  189.25  49.93  5.81  655.2  655.32  0.0 
 3  1  181.83  190.42  49.49  29.29  658.04  654.84  0.0 
 4  4  189.43  180.52  49.57  15.67  655.87  653.6  0.0476 
 5  3  182.94  177.63  48.89  28.28  654.31  656.85  0.0 
 6  1  183.3  179.75  48.54  12.09  647.85  649.38  0.0 
 1  1  184.97  202.17  49.77  9.6  654.52  654.56  0.0 
 2  2  186.43  188.07  49.6  8.4  656.01  650.63  0.7007 
 3  4  188.04  189.34  49.66  10.39  654.55  659.76  0.6481 
 4  2  183.65  199.04  50.23  10.88  655.73  655.06  0.0 
 5  2  184.76  185.64  48.96  6.54  652.7  657.76  0.692 
 6  2  180.74  185.63  50.96  77.72  656.74  652.52  0.0 
 1  1  179.93  186.75  48.81  5.94  654.91  655.75  0.0 
 2  2  186.89  187.47  48.54  21.86  659.48  656.0  0.0 
 3  4  188.35  183.2  48.9  16.09  655.91  657.08  0.0 
 4  2  181.91  191.74  49.67  13.05  656.8  655.52  0.0 
 5  2  179.57  190.46  53.29  344.62  658.52  659.35  0.0 
 6  2  182.78  189.55  50.42  8.14  658.75  654.06  0.0 
 1  1  186.19  194.01  49.58  3.3  658.5  659.06  0.0 
 2  2  191.71  186.09  49.73  10.48  655.78  656.3  0.264 
 3  4  194.75  188.21  49.17  11.1  660.28  659.01  0.0 
 4  2  165.5  189.04  48.56  6.37  656.58  657.28  0.0 
 5  2  165.38  187.33  48.61  5.79  657.78  660.72  0.0 
 6  2  168.63  190.05  49.02  10.59  662.85  658.1  0.0 
 1  1  191.9  184.54  48.28  15.36  655.0  656.36  0.0 
 2  2  191.5  191.73  48.66  5.56  656.02  656.59  0.0 
 3  4  188.75  190.92  48.62  4.13  656.36  654.77  0.0 
 4  2  196.08  194.43  49.25  6.63  655.44  655.38  0.0 
 5  2  194.8  191.61  49.75  10.61  655.43  656.16  0.0 
 6  2  198.19  194.38  51.59  131.35  658.29  655.36  0.0 
 1  1  187.21  197.11  49.15  6.47  659.21  661.91  0.0 
 2  2  185.97  196.06  48.21  7.37  656.87  654.77  0.0 
 3  4  187.89  194.13  48.91  5.71  659.63  657.54  0.0 
 4  2  192.83  197.41  49.26  11.93  659.2  659.69  0.0 
 5  2  200.65  190.38  49.31  8.5  656.79  657.9  0.0 
 6  2  199.0  194.57  49.79  9.34  658.76  655.71  0.0 
 1  4  174.23  203.46  52.42  50.56  652.77  654.35  0.0 
 2  3  204.35  196.06  50.78  21.73  658.85  650.94  0.0 
 3  2  186.57  199.55  48.84  4.15  652.13  658.21  0.0 
 4  3  178.33  206.14  48.87  12.31  653.67  657.04  0.0 
 5  1  199.74  202.08  50.51  94.97  667.11  671.02  0.0 
 6  4  192.59  201.55  51.63  11.94  656.29  651.05  0.0 
 1  1  181.81  191.81  50.05  4.88  656.17  654.31  0.0 
 2  2  190.92  183.43  49.91  15.01  657.85  651.1  0.0 
 3  4  195.15  184.8  49.31  9.45  656.99  657.66  0.0 
 4  2  167.2  182.5  48.69  4.86  657.45  654.74  0.0 
 5  2  171.42  185.64  48.73  19.82  655.77  659.36  0.0 
 6  2  170.07  177.44  48.89  5.9  659.82  650.07  0.0 
 1  2  165.55  186.6  49.67  7.27  653.82  652.38  0.0 
 2  4  185.81  188.76  52.46  19.92  656.28  652.0  0.0 
 3  3  186.13  181.85  48.89  6.41  654.34  656.21  0.0 
 4  1  182.81  190.75  51.38  15.33  648.89  649.12  0.0 
 5  4  181.16  182.23  49.17  8.72  654.56  656.57  0.0 
 6  3  185.78  187.16  52.28  11.6  656.83  650.49  0.0 
 1  1  181.19  195.92  50.04  12.55  654.96  655.12  0.0 
 2  2  177.34  180.9  49.05  7.69  655.75  651.64  0.574 
 3  4  198.31  179.38  49.72  23.29  654.45  656.54  0.0 
 4  2  178.07  197.98  48.97  4.23  654.42  654.72  0.0 
 5  2  180.39  180.64  49.72  8.38  653.76  656.35  0.0 
 6  2  150.12  196.6  50.8  151.71  657.32  651.98  0.5217 
 1  1  193.82  189.78  48.28  5.45  655.17  656.68  0.0 
 2  2  201.02  199.06  48.18  8.73  658.15  658.52  0.0 
 3  4  187.45  192.77  48.39  6.4  658.0  655.11  0.0 
 4  2  199.87  192.99  49.19  11.54  655.55  656.78  0.0 
 5  2  200.02  198.19  49.42  10.97  657.56  656.68  0.0 
 6  2  196.23  187.14  49.98  14.29  655.51  653.35  0.0 
 1  2  191.8  188.49  52.26  14.18  655.05  657.33  0.0 
 2  4  167.34  192.52  49.21  3.31  656.66  655.53  0.0 
 3  3  194.78  195.08  52.21  13.14  656.46  660.5  0.0 
 4  1  184.14  179.35  48.21  11.65  649.83  654.51  0.0 
 5  4  190.08  189.42  51.65  23.14  659.81  656.25  0.0 
 6  3  191.33  190.25  52.15  86.16  657.75  652.7  0.0 
 1  1  188.1  181.31  48.68  18.38  657.58  656.52  0.0 
 2  2  228.43  217.55  78.69  615643.02  659.43  656.83  0.0 
 3  4  182.72  188.51  48.44  9.89  658.25  658.31  0.0 
 4  2  189.85  192.75  49.31  10.54  654.95  657.59  0.0 
 5  2  190.44  187.71  49.45  5.6  655.84  659.47  0.0 
 6  2  190.29  188.21  49.32  7.91  659.82  653.86  0.0 
 1  3  191.92  181.3  48.87  11.26  652.85  656.19  0.0881 
 2  1  184.62  197.95  50.07  6.16  654.0  656.79  0.0 
 3  1  189.16  198.97  51.18  18.64  654.81  656.68  0.0 
 4  4  194.61  190.48  49.8  31.57  654.02  657.28  0.0 
 5  3  195.71  176.14  49.44  37.27  657.98  655.34  0.0 
 6  1  194.16  183.8  48.77  5.51  653.98  652.94  0.0 
 1  3  186.05  188.19  50.78  24.52  653.15  657.87  0.4038 
 2  1  180.39  191.01  48.44  9.44  654.65  655.69  0.0 
 3  1  184.18  163.31  48.54  13.99  657.08  656.3  0.3741 
 4  4  184.49  181.94  49.17  25.39  655.11  655.15  0.0 
 5  3  191.78  186.06  49.58  10.86  657.68  655.55  0.4339 
 6  1  189.25  186.07  49.81  6.55  653.16  650.26  0.0 
 1  4  191.05  185.36  49.82  11.99  658.79  654.39  0.0 
 2  3  177.65  194.35  48.8  51.98  657.22  654.1  0.0 
 3  2  152.44  196.7  48.84  6.89  661.7  658.62  0.0511 
 4  3  190.45  182.51  49.17  11.49  661.72  657.7  0.0 
 5  1  192.9  184.12  49.63  34.01  668.93  669.63  0.0 
 6  4  192.13  179.81  50.01  15.01  657.56  657.34  0.0 
 1  3  186.79  181.84  48.71  7.72  658.34  660.29  0.0 
 2  1  183.7  199.47  50.0  11.23  657.1  656.38  0.0 
 3  1  181.35  201.58  49.42  12.5  655.07  656.35  0.0 
 4  4  197.85  189.62  49.02  12.36  657.73  658.0  0.0 
 5  3  188.76  172.43  48.62  7.31  657.05  656.84  0.0 
 6  1  186.73  167.67  48.08  6.06  650.29  649.11  0.0 
 1  1  180.51  195.18  49.87  75.34  654.71  655.57  0.6411 
 2  2  200.18  187.85  47.26  89.69  655.45  658.39  0.4408 
 3  4  198.87  185.27  49.58  7.99  657.78  655.97  0.1911 
 4  2  166.46  200.54  48.57  14.98  653.81  658.33  0.5593 
 5  2  170.48  195.1  48.59  7.05  657.52  654.9  0.0 
 6  2  176.84  184.92  49.43  14.62  656.11  654.59  0.0 
 1  4  183.92  195.79  49.19  5.38  656.77  655.31  0.0 
 2  3  199.45  192.53  50.42  179.04  655.33  654.12  0.0 
 3  2  186.87  197.32  49.47  11.13  657.34  653.13  0.0 
 4  3  191.08  199.86  49.43  44.41  659.53  657.56  0.0 
 5  1  196.84  205.12  51.51  98.03  668.79  668.98  0.0 
 6  4  189.08  197.86  48.62  11.5  657.8  654.8  0.0 
 1  3  194.21  199.93  50.21  84.68  657.39  652.98  0.0 
 2  1  197.94  191.66  47.91  60.83  656.4  655.83  0.0 
 3  1  196.83  188.42  48.34  9.28  659.59  655.31  0.0 
 4  4  188.97  196.1  49.05  8.69  656.63  653.99  0.0 
 5  3  196.08  198.53  49.21  8.95  656.29  656.41  0.0 
 6  1  190.82  197.61  48.74  12.33  648.89  648.45  0.0 
 1  4  173.53  196.69  48.52  8.52  659.05  653.24  0.0 
 2  3  197.53  181.65  49.24  10.15  655.33  655.77  0.0 
 3  2  194.4  187.15  49.53  40.92  659.36  652.71  0.0 
 4  3  176.42  198.65  50.34  14.44  656.12  653.67  0.0 
 5  1  186.08  203.22  51.27  59.24  668.09  668.8  0.0 
 6  4  179.13  201.21  48.45  6.73  656.19  656.71  0.0 
 1  1  187.3  195.18  49.36  7.42  656.09  656.55  0.1693 
 2  2  186.01  186.31  49.82  11.37  655.66  654.86  0.0 
 3  4  198.76  190.82  48.88  6.65  658.76  659.47  0.0 
 4  2  172.61  190.77  48.44  11.36  655.45  657.22  0.3631 
 5  2  167.65  173.99  48.47  4.81  658.66  659.56  0.0 
 6  2  172.12  190.84  48.79  13.49  659.79  657.75  0.0 
 1  4  151.77  175.58  47.95  88.56  658.56  653.81  0.0 
 2  3  167.27  168.19  48.74  8.7  658.78  652.17  0.0 
 3  2  169.72  183.06  51.76  237.88  659.66  658.75  0.0 
 4  3  175.16  182.22  50.4  56.17  655.7  659.79  0.0 
 5  1  179.75  184.65  52.18  32.41  671.46  671.61  0.6589 
 6  4  166.09  174.55  48.7  7.04  660.17  654.08  0.1554 
 1  3  196.46  189.12  48.8  9.22  652.31  653.31  0.0 
 2  1  190.65  202.69  49.81  6.36  656.15  653.99  0.45 
 3  1  195.57  207.05  49.27  5.16  655.27  657.56  0.0 
 4  4  200.19  192.32  49.12  4.0  654.56  653.97  0.0 
 5  3  197.24  185.77  48.61  5.77  653.8  654.71  0.0 
 6  1  202.26  191.63  48.39  1.46  652.62  649.28  0.0 
 1  4  181.22  196.51  48.04  330.69  656.63  653.71  0.349 
 2  3  191.66  187.7  52.6  17.76  656.93  653.64  0.7812 
 3  2  179.5  174.33  48.68  10.74  659.23  654.85  0.6846 
 4  3  187.84  185.95  49.03  11.17  657.84  653.42  0.7412 
 5  1  184.67  196.84  49.77  8.75  667.59  667.44  0.0 
 6  4  189.45  195.03  51.34  14.72  654.98  654.39  0.6925 
 1  2  174.92  191.4  51.97  242.68  654.8  655.98  0.0 
 2  4  179.49  190.71  50.94  6.83  655.53  653.37  0.0 
 3  3  166.24  187.96  49.67  7.57  653.98  654.49  0.0 
 4  1  183.31  189.84  50.13  69.66  652.46  655.21  0.0623 
 5  4  184.61  187.75  49.55  8.84  655.56  655.48  0.0 
 6  3  177.52  172.56  52.76  27.44  657.47  652.55  0.0 
 1  1  182.67  185.86  49.99  90.88  658.8  654.28  0.0 
 2  2  198.24  188.74  48.53  4.4  656.51  654.63  0.0 
 3  4  188.43  185.38  48.4  6.14  657.84  653.16  0.0 
 4  2  185.07  194.36  49.28  7.61  657.43  654.64  0.0 
 5  2  187.68  192.32  49.52  7.18  654.41  655.08  0.0 
 6  2  185.82  192.41  49.64  10.21  654.39  655.46  0.0 
 1  1  188.15  192.87  52.55  18.45  658.65  655.66  0.0 
 2  2  194.59  194.08  52.51  20.94  658.92  658.62  0.0 
 3  4  197.69  190.89  52.56  143.57  661.18  658.28  0.0 
 4  2  177.68  196.85  48.79  18.45  659.87  658.79  0.0 
 5  2  200.14  196.86  49.17  11.85  658.98  659.96  0.0 
 6  2  175.58  195.56  49.16  15.23  659.32  657.37  0.0 
 1  2  159.69  172.57  58.47  63.81  654.32  653.22  0.0 
 2  4  192.31  197.88  49.14  10.61  655.25  652.06  0.0 
 3  3  193.51  197.0  50.59  36.16  654.13  655.45  0.0 
 4  1  212.74  201.71  50.05  26.19  648.1  648.96  0.0 
 5  4  192.51  200.47  53.52  246.08  653.13  655.36  0.0 
 6  3  197.57  193.05  48.93  11.94  655.8  653.12  0.0 
 1  2  196.93  190.64  51.99  17.6  654.3  653.99  0.0 
 2  4  184.99  197.68  48.97  10.03  653.38  654.5  0.0 
 3  3  197.9  198.69  50.27  32.56  655.33  655.72  0.0 
 4  1  190.89  186.25  49.63  98.24  647.99  652.88  0.0 
 5  4  197.9  195.62  52.47  9.78  656.02  654.33  0.0 
 6  3  194.99  199.4  49.59  9.26  655.75  653.73  0.0 
 1  1  187.21  184.57  48.86  9.82  654.57  654.51  0.0 
 2  2  183.94  190.67  49.53  5.61  658.24  652.83  0.0 
 3  4  178.81  192.25  48.5  31.23  653.57  657.11  0.0 
 4  2  193.56  198.67  51.78  147.97  656.14  655.92  0.0392 
 5  2  191.52  190.58  49.8  128.0  652.9  658.52  0.0 
 6  2  190.17  186.58  51.58  11.54  658.88  650.21  0.0 
 1  3  168.39  168.52  48.76  17.23  659.22  655.79  0.0 
 2  1  165.15  182.63  49.58  156.51  654.44  651.55  0.0 
 3  1  170.09  184.27  50.0  95.74  660.17  656.62  0.0 
 4  4  183.16  173.25  49.1  59.02  656.7  658.02  0.0 
 5  3  173.18  163.16  48.74  6.03  656.34  657.17  0.0 
 6  1  179.04  167.63  48.44  5.88  652.41  652.95  0.0 
 1  3  184.96  171.07  49.11  5.62  654.28  652.81  0.0 
 2  1  186.04  198.77  50.02  9.15  656.52  655.28  0.0 
 3  1  192.11  200.04  49.44  5.13  657.26  658.75  0.0 
 4  4  194.44  188.75  49.37  7.35  655.08  657.08  0.0 
 5  3  188.71  166.91  49.0  120.39  657.94  654.09  0.0 
 6  1  185.16  179.5  47.95  7.66  649.72  649.99  0.0 
 1  4  196.52  198.86  50.38  7.46  659.25  655.0  0.0584 
 2  3  201.16  202.42  51.59  22.91  657.1  655.74  0.0 
 3  2  191.13  209.59  48.69  2.58  658.44  654.89  0.0 
 4  3  196.79  194.69  48.63  10.19  658.0  653.16  0.0 
 5  1  209.68  210.99  49.26  5.27  664.96  667.24  0.0 
 6  4  203.41  202.59  50.61  26.82  657.18  658.93  0.0 
 1  4  202.26  193.48  50.07  5.48  655.98  655.55  0.0 
 2  3  189.61  202.79  49.65  12.87  656.11  657.04  0.0 
 3  2  173.26  201.49  48.7  11.72  655.13  655.54  0.0 
 4  3  199.14  189.78  48.67  7.09  655.77  659.98  0.0 
 5  1  203.23  188.98  49.71  6.86  670.72  665.81  0.0 
 6  4  198.32  193.22  49.73  10.79  655.28  652.9  0.0 
 1  3  174.38  183.76  52.61  31.94  659.45  656.52  0.0 
 2  1  175.32  169.74  49.07  9.3  659.62  655.85  0.0 
 3  1  180.02  170.58  49.21  27.89  659.46  653.53  0.0 
 4  4  165.54  179.35  48.91  6.92  660.53  656.19  0.0 
 5  3  175.67  180.73  51.29  14.63  655.82  657.34  0.0 
 6  1  174.4  179.58  50.24  17.62  651.39  649.83  0.0 
 1  4  184.02  196.56  48.8  11.47  655.96  655.91  0.0 
 2  3  196.16  191.9  49.04  11.94  658.78  656.42  0.0 
 3  2  187.11  198.03  49.31  4.65  655.05  655.48  0.0 
 4  3  193.56  203.35  49.84  10.21  656.04  657.74  0.6914 
 5  1  199.95  201.88  51.68  17.45  666.64  667.42  0.8581 
 6  4  191.12  194.73  48.06  6.73  659.05  654.54  0.6623 
 1  2  200.96  200.58  51.47  52.23  658.17  654.65  0.0 
 2  4  180.84  156.93  49.37  12.31  656.62  652.91  0.0 
 3  3  191.7  203.9  49.93  4.2  654.95  654.77  0.0 
 4  1  148.73  184.25  49.02  4.63  650.28  649.29  0.0 
 5  4  203.24  197.15  50.45  13.5  655.03  656.42  0.0 
 6  3  201.37  182.47  49.38  7.58  656.31  656.55  0.0 
 1  3  175.17  193.85  49.68  8.69  654.83  652.02  0.0 
 2  1  193.43  180.05  48.67  19.22  655.21  652.17  0.1755 
 3  1  190.84  179.94  48.81  11.4  654.04  652.13  0.0556 
 4  4  172.75  191.01  48.66  7.34  655.26  656.74  0.0 
 5  3  184.15  194.7  50.28  23.8  653.6  651.67  0.0 
 6  1  180.1  191.21  49.82  16.35  648.35  648.19  0.0 
 1  4  182.98  192.03  50.21  11.08  656.17  651.05  0.8955 
 2  3  186.3  184.21  48.38  27.25  655.75  653.28  0.0 
 3  2  167.01  186.5  49.5  11.26  657.21  652.11  0.0 
 4  3  181.46  189.6  48.66  7.66  657.45  654.98  0.0 
 5  1  186.57  192.77  50.75  19.81  666.19  665.6  0.0 
 6  4  182.63  186.26  49.91  8.59  654.72  654.34  0.0 
 1  4  182.16  192.7  49.75  7.19  657.77  657.66  0.0 
 2  3  187.73  189.5  50.66  3.78  654.79  656.24  0.0 
 3  2  178.2  191.06  48.2  12.58  656.9  654.47  0.0 
 4  3  180.53  187.65  49.76  71.17  655.1  657.89  0.0 
 5  1  179.23  191.9  49.15  14.31  667.61  668.43  0.0 
 6  4  186.04  194.06  49.06  6.15  657.36  654.69  0.0 
 1  1  189.36  201.44  49.95  5.17  655.65  656.42  0.0 
 2  2  203.6  188.56  49.73  13.79  657.49  655.51  0.0 
 3  4  203.54  193.81  49.51  12.32  660.24  657.59  0.0 
 4  2  184.13  200.52  48.49  6.25  657.8  660.25  0.0 
 5  2  182.48  199.4  49.03  7.67  658.07  659.24  0.0 
 6  2  183.0  197.43  49.0  10.13  658.98  658.02  0.0 
 1  1  183.99  191.06  50.25  30.64  655.43  654.64  0.6527 
 2  2  163.03  182.6  51.39  126.55  656.47  655.44  0.0 
 3  4  196.77  186.97  50.21  8.2  656.76  655.15  0.0 
 4  2  171.54  193.09  48.89  8.82  652.32  658.38  0.0 
 5  2  172.3  141.37  49.17  11.71  656.84  655.36  0.0 
 6  2  182.64  193.28  50.62  41.09  657.72  653.5  0.0 
 1  3  184.12  173.15  48.56  8.34  657.45  656.44  0.0 
 2  1  185.91  197.48  49.85  6.33  656.05  654.68  0.0 
 3  1  187.35  193.64  49.46  7.69  657.14  656.06  0.0594 
 4  4  194.42  186.69  49.39  12.61  658.85  657.9  0.0 
 5  3  182.73  165.83  49.1  6.89  655.56  656.22  0.0 
 6  1  180.96  174.44  48.72  34.2  650.29  647.26  0.0 
 1  3  182.0  175.04  49.44  9.15  655.87  658.89  0.0 
 2  1  180.51  201.94  49.63  7.23  656.81  657.46  0.0 
 3  1  185.05  200.83  49.61  18.44  655.8  657.22  0.0 
 4  4  197.51  186.57  50.54  72.52  656.78  657.9  0.0 
 5  3  191.46  161.85  48.66  11.46  655.25  656.18  0.3024 
 6  1  157.5  172.56  48.66  39.98  653.14  649.64  0.3464 
 1  1  197.52  204.0  49.35  67.6  656.96  653.65  0.0 
 2  2  203.56  202.36  50.64  118.17  656.16  658.06  0.0 
 3  4  202.64  199.98  49.66  20.91  657.87  654.71  0.0 
 4  2  193.67  204.98  49.14  14.7  656.64  654.47  0.0 
 5  2  202.31  202.43  49.07  11.38  656.87  657.17  0.0 
 6  2  192.67  202.48  49.7  18.62  656.82  657.78  0.0 
 1  1  191.63  189.21  48.43  10.08  655.47  653.69  0.0 
 2  2  189.34  184.31  48.89  9.45  654.66  650.98  0.0 
 3  4  187.17  189.37  48.8  7.54  653.69  656.82  0.0 
 4  2  188.91  197.66  50.94  13.09  655.04  654.91  0.0 
 5  2  181.54  192.4  52.25  11.81  651.55  658.28  0.6621 
 6  2  186.14  189.4  51.39  9.21  657.65  651.0  0.0 
 1  4  166.4  182.01  49.38  7.38  660.8  655.19  0.7993 
 2  3  181.42  180.07  49.6  33.73  657.0  653.79  0.0599 
 3  2  172.79  184.19  50.35  11.46  661.14  656.75  0.9411 
 4  3  177.02  183.38  50.56  14.25  659.06  658.51  0.0 
 5  1  187.22  183.29  53.48  156.01  668.73  667.16  0.0 
 6  4  161.3  182.92  48.62  26.81  655.85  658.42  0.0 
 1  3  180.47  182.92  48.69  10.5  654.62  655.3  0.0 
 2  1  186.73  187.06  49.87  16.53  655.1  655.28  0.0 
 3  1  189.32  189.37  49.35  4.81  657.76  664.5  0.0 
 4  4  182.8  192.91  49.9  31.69  654.63  656.39  0.2214 
 5  3  178.5  188.03  48.35  6.86  655.61  657.36  0.0 
 6  1  178.69  187.93  47.79  9.62  651.11  646.28  0.0 
 1  2  186.91  190.7  49.66  101.71  657.92  658.42  0.0 
 2  4  180.29  187.28  49.57  8.27  657.69  655.61  0.0 
 3  3  187.07  188.77  49.92  21.18  657.27  656.19  0.0 
 4  1  160.2  185.38  48.86  18.32  654.71  654.05  0.0 
 5  4  184.01  190.64  48.24  78.82  655.48  656.54  0.0 
 6  3  163.72  181.92  49.78  51.95  656.67  654.65  0.0 
 1  1  192.31  199.74  49.57  8.4  656.17  656.39  0.0 
 2  2  198.58  193.19  50.21  3.62  658.13  656.3  0.0 
 3  4  198.34  191.97  49.38  11.16  654.22  655.87  0.0 
 4  2  185.02  198.72  48.87  7.99  656.79  656.98  0.0 
 5  2  184.98  192.42  48.65  5.63  653.93  657.23  0.0 
 6  2  188.41  195.89  50.19  67.13  657.31  652.63  0.0235 
 1  3  181.41  177.67  51.15  13.32  650.18  654.79  0.0 
 2  1  148.57  183.92  48.06  112.21  652.48  653.67  0.0 
 3  1  165.91  181.61  49.26  10.07  654.0  656.36  0.0 
 4  4  175.94  171.93  50.46  124.44  652.25  657.3  0.0 
 5  3  183.65  171.64  50.09  9.65  656.29  653.54  0.0 
 6  1  180.72  175.81  49.01  17.87  652.74  645.64  0.0 
 1  3  183.18  191.88  51.95  12.82  656.51  654.11  0.0 
 2  1  193.15  187.26  48.69  15.0  656.14  656.66  0.0 
 3  1  186.53  180.17  48.63  12.0  657.46  653.5  0.0 
 4  4  172.22  185.64  48.98  6.23  655.73  653.95  0.0 
 5  3  189.58  196.04  50.95  64.17  655.21  654.67  0.0 
 6  1  185.44  192.53  50.79  18.02  648.93  649.26  0.0 
 1  3  186.5  194.04  51.6  13.79  658.18  654.78  0.0 
 2  1  192.02  191.45  48.9  9.21  656.88  652.49  0.0 
 3  1  192.21  183.23  49.07  17.14  657.96  656.86  0.5354 
 4  4  180.41  192.25  49.23  8.24  657.49  658.81  0.0 
 5  3  194.29  191.97  51.39  19.61  655.31  652.47  0.0 
 6  1  188.2  192.51  52.36  218.83  654.14  651.76  0.0 
 1  4  196.3  200.8  50.83  78.17  655.27  654.65  0.0 
 2  3  194.08  199.67  49.61  9.84  657.64  654.55  0.0 
 3  2  186.63  196.75  48.73  2.66  656.19  654.55  0.0942 
 4  3  202.09  210.2  48.61  7.52  656.16  657.75  0.0 
 5  1  196.26  202.17  50.87  154.66  668.98  670.76  0.0 
 6  4  194.06  197.7  49.58  12.34  657.74  652.84  0.0 
 1  3  197.39  196.81  48.85  2.68  655.62  654.06  0.0 
 2  1  181.33  187.07  50.11  13.2  655.63  649.59  0.0 
 3  1  182.0  187.46  49.28  5.87  653.58  655.27  0.0 
 4  4  188.01  190.1  50.38  16.12  655.05  653.15  0.0 
 5  3  188.82  177.63  48.19  15.36  653.81  657.0  0.0 
 6  1  190.39  183.99  47.51  24.46  653.38  647.56  0.0 
 1  1  190.0  175.18  52.42  17.91  656.51  659.49  0.0 
 2  2  180.47  189.47  52.21  13.05  658.73  654.23  0.596 
 3  4  177.1  190.53  51.41  21.82  656.24  661.65  0.377 
 4  2  182.54  173.24  49.37  14.06  655.96  656.64  0.0 
 5  2  180.26  176.36  50.65  256.54  655.53  659.88  0.0 
 6  2  177.05  169.06  48.91  15.63  659.36  653.37  0.6951 
 1  3  181.57  191.4  49.35  43.74  655.81  658.26  0.0 
 2  1  189.73  184.79  51.8  6.72  656.39  657.17  0.0 
 3  1  189.29  187.56  51.1  11.85  655.1  656.54  0.0 
 4  4  182.39  188.9  51.19  10.54  654.07  659.79  0.0 
 5  3  183.48  191.02  49.12  5.82  658.51  657.6  0.0 
 6  1  186.13  187.56  48.89  16.38  658.92  652.33  0.0 
 1  2  184.36  187.21  50.54  134.29  652.9  655.77  0.5283 
 2  4  174.29  166.22  48.88  14.86  654.08  658.6  0.655 
 3  3  181.78  188.99  49.14  11.38  655.14  653.61  0.0 
 4  1  185.35  182.16  47.8  9.7  644.45  649.45  0.4795 
 5  4  186.45  187.76  48.92  9.9  659.08  651.3  0.4381 
 6  3  192.68  179.57  49.01  8.49  655.71  651.91  0.0 
 1  1  188.6  194.11  50.84  27.28  658.27  656.93  0.0 
 2  2  197.11  187.23  52.69  304.41  656.75  653.17  0.0 
 3  4  194.43  186.22  51.01  9.44  656.77  658.63  0.0 
 4  2  169.36  195.33  49.51  199.08  655.58  654.53  0.0 
 5  2  179.34  194.6  49.05  9.23  656.82  657.04  0.7921 
 6  2  170.29  194.51  49.7  5.77  657.27  654.23  0.6744 
 1  1  150.72  187.66  48.39  15.01  653.97  656.86  0.0 
 2  2  169.58  185.65  48.34  7.29  656.87  658.09  0.0 
 3  4  150.87  185.03  48.72  14.0  656.77  655.75  0.0 
 4  2  185.72  194.22  49.93  70.86  654.91  655.21  0.0 
 5  2  184.59  190.85  51.24  123.05  657.54  659.59  0.0 
 6  2  184.27  181.37  50.56  27.58  658.62  654.56  0.0 
 1  3  195.79  192.8  48.5  6.62  653.84  656.57  0.0 
 2  1  193.94  201.1  49.52  7.17  656.53  655.17  0.0 
 3  1  199.02  190.41  49.81  12.11  656.15  658.59  0.0 
 4  4  165.94  180.59  28.34  203469.39  653.68  656.54  0.0 
 5  3  199.32  183.94  48.34  10.17  657.17  656.59  0.0 
 6  1  189.83  204.15  48.25  15.38  655.6  653.39  0.0 
 1  4  186.92  188.26  51.37  52.96  655.68  654.83  0.0 
 2  3  189.84  193.27  50.42  5.08  657.69  657.59  0.0 
 3  2  180.6  175.17  48.5  9.26  656.71  654.73  0.0 
 4  3  184.21  191.85  49.52  9.49  657.08  659.08  0.0 
 5  1  190.67  195.54  49.7  8.42  670.44  670.78  0.0 
 6  4  187.35  193.35  49.69  9.06  657.17  654.13  0.0 
 1  2  193.83  196.67  48.47  4.48  654.83  654.54  0.0 
 2  4  188.11  192.83  49.69  11.87  657.62  652.87  0.0164 
 3  3  192.12  179.51  48.54  6.49  654.95  656.88  0.0 
 4  1  192.07  194.66  49.12  3.99  649.34  647.95  0.0 
 5  4  181.2  193.2  48.25  8.95  655.82  657.78  0.0 
 6  3  187.23  190.95  49.12  6.04  658.58  650.57  0.0 
 1  2  198.27  192.33  50.17  11.12  656.2  655.35  0.0 
 2  4  180.06  193.46  48.99  27.34  655.11  654.06  0.0 
 3  3  193.23  200.19  49.72  7.41  659.61  659.48  0.0 
 4  1  193.78  187.26  48.76  4.89  649.91  651.06  0.0 
 5  4  196.4  201.64  49.44  7.51  657.32  657.72  0.0 
 6  3  194.49  185.72  49.36  10.22  658.31  655.56  0.0 
 1  4  169.62  182.75  48.7  12.16  655.48  654.6  0.0 
 2  3  182.0  176.1  48.82  8.8  655.6  653.68  0.0 
 3  2  194.22  189.53  49.23  3.86  655.41  654.47  0.0 
 4  3  187.97  193.82  49.84  17.36  658.83  657.18  0.0 
 5  1  188.85  196.33  50.07  6.65  665.69  667.37  0.0 
 6  4  152.37  189.25  48.21  10.96  656.54  653.72  0.0 
 1  4  182.91  193.34  49.61  5.42  655.25  656.43  0.0 
 2  3  187.85  188.52  49.99  9.17  655.48  653.15  0.0 
 3  2  180.44  190.21  48.58  14.03  655.21  657.46  0.0 
 4  3  151.18  191.44  48.95  7.62  657.2  660.8  0.0 
 5  1  187.51  193.41  49.36  6.97  667.13  667.29  0.0 
 6  4  185.69  193.21  49.39  7.79  655.94  652.28  0.0 
 1  4  193.76  189.02  53.5  46.87  657.07  655.46  0.0 
 2  3  188.7  200.44  49.5  13.2  659.3  658.09  0.6951 
 3  2  168.65  192.26  48.91  9.26  657.66  657.89  0.0 
 4  3  190.3  172.06  48.84  9.62  658.03  659.33  0.4586 
 5  1  190.96  179.34  49.7  15.44  668.11  667.12  0.0 
 6  4  197.56  193.72  49.9  23.25  660.33  655.62  0.0 
 1  1  181.55  205.46  48.95  5.24  657.88  657.53  0.0 
 2  2  191.77  181.99  48.94  9.76  660.0  653.41  0.3207 
 3  4  185.14  169.54  48.7  5.3  656.35  662.45  0.3519 
 4  2  178.48  204.0  51.57  61.4  658.15  658.01  0.0 
 5  2  181.86  192.41  52.81  161.3  656.0  660.24  0.0 
 6  2  181.16  189.63  51.17  19.22  661.74  654.38  0.0 
 1  1  187.85  187.38  48.74  8.47  653.13  651.32  0.0 
 2  2  192.98  197.1  48.71  8.06  653.17  654.34  0.0 
 3  4  181.8  192.21  48.94  13.53  656.52  653.0  0.0 
 4  2  189.77  194.53  49.57  16.35  654.42  655.65  0.0 
 5  2  191.76  191.58  49.74  16.81  654.1  653.65  0.0 
 6  2  193.27  189.15  50.24  28.1  652.39  655.13  0.0 
 1  3  176.21  177.41  48.58  39.63  653.06  657.36  0.0 
 2  1  183.05  193.27  50.71  28.01  656.64  657.26  0.0 
 3  1  184.32  192.95  50.92  25.17  657.5  655.64  0.0 
 4  4  188.74  186.83  51.38  13.84  653.68  660.42  0.0 
 5  3  180.41  170.65  48.36  9.44  658.07  653.99  0.0 
 6  1  188.38  168.69  47.31  128.68  655.1  647.3  0.0 
 1  1  189.19  193.87  49.07  4.53  655.5  657.01  0.0 
 2  2  196.55  194.62  49.27  11.56  658.66  651.37  0.6075 
 3  4  196.12  187.32  48.2  22.7  656.77  659.23  0.0 
 4  2  200.11  199.98  54.96  216.98  656.08  656.6  0.0 
 5  2  193.42  203.55  48.59  130.11  656.38  660.24  0.0 
 6  2  188.76  197.31  50.54  16.67  661.48  653.34  0.7855 
 1  3  187.46  187.97  49.97  21.05  655.58  656.32  0.0 
 2  1  191.39  166.41  48.72  12.29  656.75  655.75  0.0 
 3  1  182.23  180.21  48.68  4.5  658.53  659.07  0.0 
 4  4  171.33  182.5  48.08  18.95  654.64  656.98  0.0764 
 5  3  183.36  196.78  49.64  45.42  656.33  655.44  0.0 
 6  1  185.04  190.74  48.92  5.23  652.21  647.88  0.0 
 1  2  176.81  186.11  49.47  25.98  653.85  655.61  0.0 
 2  4  183.91  190.95  49.52  7.9  660.31  657.0  0.0 
 3  3  181.0  185.04  48.79  10.34  653.58  655.93  0.0 
 4  1  179.91  184.67  52.31  188.96  652.42  652.02  0.0 
 5  4  178.91  183.16  48.6  16.22  657.14  657.74  0.0 
 6  3  188.84  186.25  53.65  25.41  657.11  654.53  0.0 
 1  4  173.9  174.14  52.19  14.65  656.65  655.61  0.0 
 2  3  166.67  184.53  57.83  281.0  657.9  651.53  0.0 
 3  2  153.19  181.43  48.75  15.22  654.59  661.12  0.0 
 4  3  170.21  166.81  48.6  7.24  654.23  658.83  0.0 
 5  1  170.42  174.82  48.39  87.09  667.64  671.86  0.0 
 6  4  180.11  178.23  50.08  71.94  661.32  650.44  0.4081 
 1  2  173.97  175.7  48.91  8.79  656.49  653.69  0.0 
 2  4  196.51  192.5  50.12  7.93  660.69  654.74  0.0 
 3  3  185.22  166.96  48.67  4.3  659.3  664.89  0.2522 
 4  1  184.15  191.23  51.0  20.5  651.8  648.91  0.0 
 5  4  181.7  187.73  48.68  9.65  657.61  662.34  0.0 
 6  3  181.91  198.0  51.88  56.02  657.95  653.75  0.0 
 1  3  194.19  193.98  49.17  9.86  653.47  657.89  0.0 
 2  1  192.93  196.49  50.22  15.2  655.35  655.8  0.0 
 3  1  195.8  198.76  50.77  9.63  655.56  656.74  0.0 
 4  4  195.66  191.68  51.08  6.94  653.97  657.54  0.0 
 5  3  189.65  186.41  48.97  8.15  658.86  652.58  0.0 
 6  1  192.13  201.56  48.48  13.19  652.78  650.31  0.0438 
 1  1  201.32  199.57  49.94  7.03  652.25  654.26  0.0 
 2  2  194.73  201.88  50.7  4.88  653.09  655.94  0.0 
 3  4  203.83  206.92  50.15  33.35  655.23  654.91  0.0826 
 4  2  198.74  204.11  50.6  15.2  653.72  656.48  0.0 
 5  2  195.38  199.37  51.21  156.66  655.21  657.56  0.0 
 6  2  197.77  202.98  51.41  29.94  655.54  654.28  0.0 
 1  3  190.22  186.62  49.04  5.65  659.52  656.42  0.4734 
 2  1  194.49  201.48  50.03  21.43  658.41  654.37  0.0 
 3  1  191.5  203.33  49.53  6.8  658.99  660.0  0.0 
 4  4  195.46  193.71  49.7  7.21  658.4  657.14  0.0 
 5  3  197.46  182.18  48.77  7.27  658.0  658.96  0.5513 
 6  1  189.35  188.2  48.53  15.75  654.25  652.41  0.0 
 1  4  195.73  203.16  52.23  31.01  652.16  653.21  0.0 
 2  3  198.71  200.88  52.1  6.92  655.67  650.94  0.0 
 3  2  188.1  206.89  49.69  9.24  653.97  657.02  0.0 
 4  3  207.17  203.07  50.71  24.33  652.83  653.59  0.0 
 5  1  206.93  203.46  50.36  8.59  662.78  667.06  0.0 
 6  4  197.61  200.42  50.18  10.17  657.8  649.8  0.0 
 1  1  178.46  191.64  49.68  10.06  654.82  651.64  0.0 
 2  2  190.73  188.21  50.42  3.78  654.21  653.89  0.0 
 3  4  190.16  171.55  48.94  6.64  656.66  654.6  0.0 
 4  2  160.96  192.07  48.38  9.85  653.64  652.22  0.3974 
 5  2  182.38  194.49  48.43  11.33  654.78  656.23  0.0 
 6  2  158.46  191.07  48.68  15.02  654.92  654.18  0.4829 
 1  1  187.6  193.15  51.24  11.45  654.88  652.0  0.0 
 2  2  188.5  193.85  55.01  306.49  655.46  653.47  0.0 
 3  4  194.95  188.73  51.0  41.4  658.51  653.88  0.0 
 4  2  176.45  197.98  47.39  174.86  656.53  654.23  0.0 
 5  2  160.7  197.05  48.78  28.41  656.7  656.3  0.1888 
 6  2  175.8  190.98  49.42  8.53  656.43  654.32  0.1359 
 1  3  187.45  191.42  48.5  14.05  655.79  653.18  0.0 
 2  1  206.83  198.28  50.12  61.68  655.33  654.04  0.0 
 3  1  192.26  202.7  51.92  653.61  657.12  657.18  0.0 
 4  4  191.94  197.9  50.81  13.13  655.11  659.74  0.0 
 5  3  197.52  194.95  48.98  10.72  654.79  655.46  0.0 
 6  1  188.36  190.55  47.78  33.69  651.7  649.3  0.0 
 1  1  204.36  196.48  51.42  13.89  658.5  655.75  0.0 
 2  2  198.2  199.49  51.44  17.77  655.89  654.79  0.0 
 3  4  203.61  197.48  52.3  571.43  658.55  656.46  0.5695 
 4  2  196.99  192.63  48.96  10.61  658.11  654.56  0.0 
 5  2  192.42  199.65  47.9  163.4  657.11  659.02  0.0 
 6  2  185.11  195.2  49.83  14.74  655.94  654.96  0.0 
 1  3  182.82  187.36  48.89  8.93  654.08  655.98  0.0 
 2  1  183.35  188.47  48.42  76.84  652.69  655.65  0.0 
 3  1  193.0  191.89  49.66  9.79  656.29  655.3  0.0 
 4  4  184.6  188.88  49.51  5.51  653.21  657.67  0.0 
 5  3  99.66  180.38  49.11  7.43  656.68  653.62  0.0 
 6  1  187.21  195.83  48.35  13.95  652.81  650.11  0.0 
 1  1  183.91  176.86  49.28  13.42  655.84  651.99  0.1742 
 2  2  186.98  189.36  49.34  5.4  655.28  654.74  0.0 
 3  4  181.31  184.14  48.66  9.37  657.1  652.9  0.0 
 4  2  180.88  187.54  49.84  81.55  653.5  653.2  0.0 
 5  2  178.8  188.59  51.61  162.4  654.38  654.79  0.0 
 6  2  185.47  182.49  53.98  233.34  654.88  654.88  0.0 
 1  3  185.84  198.62  49.34  32.76  653.68  653.85  0.0 
 2  1  191.39  171.21  48.72  9.63  656.66  653.3  0.0 
 3  1  185.25  173.76  48.89  21.61  654.93  657.46  0.0 
 4  4  163.42  184.19  48.7  5.11  656.79  653.14  0.0 
 5  3  191.19  201.12  49.7  10.89  655.72  660.2  0.0 
 6  1  189.29  199.05  49.38  14.42  653.79  650.29  0.0 
 1  1  189.91  193.72  48.59  7.43  656.2  656.54  0.0 
 2  2  201.9  198.69  48.94  7.7  656.47  655.07  0.0 
 3  4  190.71  192.25  48.54  4.11  657.39  657.39  0.0848 
 4  2  195.2  199.09  49.92  2.2  655.26  655.06  0.0 
 5  2  197.79  199.35  49.93  12.64  655.88  656.8  0.0 
 6  2  196.22  190.44  50.72  7.37  656.86  653.1  0.0 
 1  2  188.65  195.52  49.14  10.48  654.93  653.45  0.0 
 2  4  196.99  194.95  50.73  12.06  658.25  654.3  0.0 
 3  3  197.65  189.13  48.28  6.5  658.05  658.9  0.0 
 4  1  189.25  199.25  49.75  6.32  649.36  649.58  0.6333 
 5  4  184.52  199.9  48.71  10.85  655.94  658.1  0.0 
 6  3  190.95  196.12  50.05  24.44  656.66  653.19  0.7179 
 1  2  197.81  193.04  49.8  6.38  657.44  658.48  0.0 
 2  4  180.75  201.12  48.7  6.92  656.17  653.99  0.0 
 3  3  190.11  199.72  49.58  43.07  656.32  657.31  0.0 
 4  1  193.06  182.09  51.37  301.06  653.0  652.7  0.0731 
 5  4  199.04  196.17  50.55  10.54  658.22  658.38  0.0 
 6  3  196.69  186.71  49.69  16.24  657.94  655.23  0.0 
 1  2  196.03  195.79  50.27  9.94  655.07  656.51  0.0 
 2  4  172.6  188.45  46.68  385.43  654.82  653.71  0.0 
 3  3  184.96  203.44  50.46  13.19  659.12  657.5  0.0 
 4  1  179.04  180.71  48.11  9.94  649.09  647.99  0.0 
 5  4  197.24  198.75  49.67  9.14  656.72  655.65  0.0 
 6  3  189.18  166.91  49.3  11.36  658.35  656.99  0.0 
 1  1  183.17  184.0  50.32  257.01  656.44  655.69  0.0593 
 2  2  188.52  187.6  49.02  7.47  657.27  656.12  0.0 
 3  4  180.29  184.08  48.38  9.01  657.54  658.15  0.0 
 4  2  183.95  185.37  49.57  4.69  655.4  653.76  0.0 
 5  2  186.71  191.86  49.96  11.75  659.26  658.78  0.0 
 6  2  183.97  187.95  51.54  26.27  657.86  653.41  0.0 
 1  4  184.02  188.63  50.36  32.04  656.69  655.77  0.0 
 2  3  187.16  191.51  50.36  5.35  656.56  652.4  0.6855 
 3  2  185.85  191.54  48.08  11.02  658.26  658.28  0.5845 
 4  3  84.17  187.04  49.22  6.83  657.81  658.55  0.0 
 5  1  194.05  197.32  50.91  127.39  665.17  669.1  0.6073 
 6  4  184.78  192.51  48.98  9.82  656.7  652.05  0.4867 
 1  4  177.34  182.27  49.37  16.06  654.7  654.43  0.0 
 2  3  178.86  178.18  49.32  13.14  656.08  657.65  0.0 
 3  2  177.11  194.95  49.77  10.22  655.22  654.85  0.0 
 4  3  185.21  188.81  49.9  3.97  654.79  658.82  0.0 
 5  1  178.3  190.76  50.73  28.02  668.34  664.99  0.0 
 6  4  160.62  189.36  48.74  15.42  656.05  655.25  0.0 
 1  2  196.07  186.93  50.47  13.36  656.55  657.81  0.0 
 2  4  173.21  194.72  49.27  29.99  657.78  657.9  0.0 
 3  3  186.27  194.45  49.95  15.22  656.53  653.87  0.0 
 4  1  186.14  171.15  49.07  10.52  664.8  664.82  0.0 
 5  4  197.65  195.1  49.82  10.49  659.06  657.53  0.0 
 6  3  180.26  167.51  48.91  6.81  656.65  654.12  0.0 
 1  1  195.94  200.54  50.15  7.81  660.2  658.89  0.0 
 2  2  179.27  193.06  51.29  3.92  660.89  653.99  0.0 
 3  4  201.3  189.86  49.43  18.62  657.77  661.51  0.0 
 4  2  180.16  198.44  48.74  6.8  657.49  659.51  0.0 
 5  2  181.78  174.55  48.64  15.71  656.84  662.42  0.0 
 6  2  170.55  191.17  49.24  5.75  663.5  656.38  0.0 
 1  2  183.17  181.0  49.01  15.19  655.6  654.51  0.0 
 2  4  169.53  194.44  49.56  9.96  661.28  654.85  0.0 
 3  3  178.71  189.76  48.31  10.86  654.68  661.09  0.4189 
 4  1  183.61  183.44  48.94  12.9  649.25  654.24  0.0 
 5  4  177.37  177.01  48.29  10.64  657.97  659.04  0.7294 
 6  3  189.3  181.5  52.83  94.35  657.57  652.55  0.0 
 1  4  182.25  173.3  50.93  74.17  659.65  654.99  0.443 
 2  3  177.34  185.82  55.31  160.73  658.5  655.52  0.0 
 3  2  164.12  175.39  45.28  473.75  661.48  659.09  0.0 
 4  3  178.8  168.27  48.7  7.83  658.56  659.45  0.3228 
 5  1  186.03  178.01  49.1  19.75  669.42  667.59  0.7855 
 6  4  184.23  176.99  51.5  11.3  658.32  656.75  0.6898 
 1  3  196.0  198.08  53.39  31.56  658.94  655.73  0.0 
 2  1  196.08  208.36  48.69  9.65  659.18  656.03  0.0 
 3  1  195.48  189.04  48.57  15.92  661.38  656.83  0.0 
 4  4  192.62  188.37  49.61  5.6  661.19  655.93  0.0 
 5  3  200.21  193.24  51.79  21.85  656.31  658.19  0.0 
 6  1  194.57  196.22  49.12  72.3  653.78  654.56  0.0 
 1  2  194.31  206.64  52.38  27.4  657.21  655.41  0.0 
 2  4  199.42  197.37  49.52  5.54  658.85  652.35  0.0 
 3  3  178.18  169.64  51.06  48.18  657.49  660.15  0.0 
 4  1  197.87  209.17  48.96  2.96  651.69  651.24  0.0 
 5  4  191.97  201.39  51.42  17.2  654.26  660.57  0.0 
 6  3  195.63  203.18  49.4  8.84  662.28  650.86  0.0 
 1  3  185.31  188.22  49.65  186.1  652.34  654.86  0.0 
 2  1  185.27  188.52  48.54  7.24  655.51  655.73  0.0 
 3  1  155.62  188.54  49.14  4.59  656.3  654.75  0.0 
 4  4  185.9  189.16  48.06  13.17  654.54  658.48  0.0 
 5  3  190.29  187.27  49.41  8.14  656.78  654.64  0.0 
 6  1  185.81  189.32  48.8  9.99  651.88  649.53  0.0 
 1  3  148.5  182.55  48.84  18.82  658.25  660.78  0.0 
 2  1  181.79  180.4  49.35  5.87  657.65  657.78  0.0 
 3  1  184.28  187.27  49.36  6.78  657.8  657.17  0.0 
 4  4  186.98  186.79  49.54  9.55  655.63  655.06  0.0 
 5  3  172.11  181.34  48.83  18.18  656.97  655.96  0.0 
 6  1  179.9  182.44  48.44  6.9  654.4  651.64  0.0 
 1  2  187.34  188.68  50.31  12.27  651.56  654.61  0.0 
 2  4  154.82  185.57  50.3  205.44  654.45  655.92  0.0 
 3  3  184.78  188.83  49.11  7.02  657.22  654.71  0.0 
 4  1  183.2  184.91  48.57  9.92  663.73  665.87  0.0 
 5  4  186.7  192.89  49.87  44.19  656.6  653.41  0.0 
 6  3  180.06  177.38  49.38  6.8  657.27  656.73  0.0 
 1  3  182.9  182.19  49.14  8.54  657.65  652.22  0.0 
 2  1  194.33  189.43  55.32  305.11  655.8  653.36  0.0 
 3  1  200.74  185.54  50.91  21.64  659.67  655.51  0.0 
 4  4  187.46  190.19  51.76  14.3  655.9  654.59  0.0 
 5  3  180.85  191.7  48.54  41.99  655.9  656.81  0.0 
 6  1  185.55  186.02  48.6  12.09  650.32  651.22  0.0 
 1  3  197.34  197.59  50.45  113.67  654.75  645.68  0.0 
 2  1  160.87  189.3  48.27  9.05  654.54  649.64  0.5503 
 3  1  170.58  186.96  48.34  5.04  659.17  653.43  0.0 
 4  4  191.79  188.5  48.86  8.54  657.01  656.96  0.0 
 5  3  190.06  181.09  51.27  15.39  650.22  653.76  0.0 
 6  1  195.61  191.73  49.34  27.95  645.85  646.06  0.0 
 1  1  184.36  193.95  51.03  11.36  651.07  652.55  0.0 
 2  2  193.11  185.91  52.89  189.13  654.04  652.35  0.0 
 3  4  195.23  188.82  49.58  38.08  653.61  651.53  0.0 
 4  2  165.43  194.48  48.49  6.49  651.24  653.23  0.0 
 5  2  181.2  194.8  48.69  12.12  654.63  648.02  0.0 
 6  2  168.62  193.24  49.56  9.77  650.79  650.7  0.0 
 1  4  173.91  192.5  48.85  5.12  655.78  656.77  0.0 
 2  3  184.84  183.95  48.9  10.29  654.77  656.27  0.5386 
 3  2  186.2  194.23  49.52  5.0  656.57  656.07  0.2759 
 4  3  184.69  195.31  49.12  12.35  656.67  660.34  0.0 
 5  1  193.29  198.21  50.08  4.62  669.84  667.39  0.0 
 6  4  179.26  189.2  48.3  11.92  656.53  654.33  0.0 
 1  2  161.98  181.8  49.1  12.2  657.15  658.42  0.0 
 2  4  177.08  186.75  47.71  115.49  657.65  659.77  0.0 
 3  3  174.58  170.66  48.66  12.76  658.61  658.25  0.0 
 4  1  173.28  183.41  46.16  264.53  650.12  653.14  0.0 
 5  4  161.71  164.91  50.59  224.89  660.97  658.68  0.0 
 6  3  177.13  176.41  52.32  9.78  662.13  655.87  0.0 
 1  3  192.69  187.51  50.5  8.39  659.65  655.61  0.0 
 2  1  181.43  180.97  48.66  11.44  658.19  654.42  0.0 
 3  1  185.1  182.49  48.83  8.03  659.65  658.8  0.0 
 4  4  202.47  194.64  50.09  258.55  655.64  658.65  0.0723 
 5  3  186.95  183.11  49.61  9.24  656.29  658.63  0.0 
 6  1  179.91  185.76  48.93  225.41  656.31  647.81  0.0 
 1  4  188.17  200.98  49.76  6.5  653.91  656.08  0.0 
 2  3  188.98  191.99  49.4  16.17  653.86  654.0  0.0 
 3  2  192.58  206.32  51.86  39.53  655.82  655.99  0.0 
 4  3  197.97  205.89  50.51  16.85  653.47  658.48  0.0 
 5  1  200.37  203.1  51.03  24.93  665.27  664.12  0.0 
 6  4  207.22  197.41  49.58  37.33  658.08  652.85  0.0 
 1  1  194.49  190.19  48.97  6.08  653.51  652.25  0.0 
 2  2  188.64  193.58  49.33  7.93  655.35  653.75  0.0 
 3  4  188.14  193.61  48.92  4.09  655.55  655.23  0.0 
 4  2  197.7  200.47  47.93  157.35  655.54  653.51  0.0 
 5  2  204.17  187.85  54.29  285.98  654.73  658.37  0.0 
 6  2  194.71  190.24  52.13  12.25  654.64  656.77  0.2916 
 1  1  182.72  193.59  49.93  26.76  658.41  654.83  0.3544 
 2  2  197.6  181.76  50.46  11.38  657.04  651.75  0.0 
 3  4  197.8  184.03  49.55  25.21  660.48  656.05  0.4334 
 4  2  170.27  198.57  48.9  10.62  660.01  658.98  0.0 
 5  2  173.83  194.69  48.77  9.28  655.43  653.47  0.0 
 6  2  175.3  196.33  48.79  21.87  655.66  655.31  0.0 
 1  3  186.89  199.66  49.81  9.85  658.44  653.78  0.0 
 2  1  192.94  197.66  49.13  11.77  658.0  656.68  0.0 
 3  1  188.93  184.58  48.01  19.51  660.52  654.12  0.0 
 4  4  180.37  199.64  48.61  18.69  657.9  655.97  0.0 
 5  3  192.89  196.06  49.26  8.49  657.51  659.62  0.0 
 6  1  185.82  192.29  48.86  3.51  650.09  651.12  0.0 
 1  2  197.79  194.66  50.27  6.39  659.94  656.38  0.0 
 2  4  174.37  189.78  48.96  15.28  658.95  656.08  0.0 
 3  3  190.44  198.64  50.22  27.99  659.24  657.91  0.0 
 4  1  178.95  181.07  48.83  23.38  654.33  654.61  0.0 
 5  4  197.69  196.46  50.42  11.75  656.23  657.39  0.0 
 6  3  191.8  180.66  49.32  13.08  660.03  658.5  0.0 
 1  1  183.57  198.12  49.8  4.9  653.99  653.36  0.0 
 2  2  190.63  185.25  49.55  5.61  656.86  654.43  0.0 
 3  4  199.61  184.36  49.43  9.8  657.91  657.89  0.0929 
 4  2  162.0  192.84  48.31  19.93  659.63  659.65  0.0 
 5  2  166.71  177.25  48.87  9.96  656.3  657.26  0.0 
 6  2  160.8  192.51  49.4  9.91  659.1  658.2  0.0 
 1  1  195.59  197.6  50.35  10.14  658.79  657.07  0.0 
 2  2  200.47  188.83  50.26  15.55  657.55  653.36  0.6015 
 3  4  199.92  191.13  50.06  8.5  658.54  657.62  0.0 
 4  2  193.57  198.1  48.68  8.2  655.74  662.73  0.499 
 5  2  178.88  191.42  48.43  6.35  656.91  656.93  0.0 
 6  2  182.68  191.97  49.36  6.95  659.41  653.0  0.0 
 1  3  184.05  187.25  49.64  9.06  654.53  654.47  0.0 
 2  1  195.61  188.88  50.01  9.84  656.02  657.91  0.0 
 3  1  187.81  187.97  50.85  46.13  656.48  653.96  0.0 
 4  4  185.03  184.78  49.68  5.24  653.38  655.2  0.0 
 5  3  160.11  200.52  48.94  24.94  658.54  657.64  0.0 
 6  1  183.55  185.75  48.34  8.31  652.86  649.67  0.0 
 1  3  182.35  179.14  48.74  14.73  654.91  655.43  0.0 
 2  1  187.7  200.71  49.48  6.91  657.38  659.05  0.0 
 3  1  184.31  198.99  49.16  10.67  656.52  654.15  0.0 
 4  4  193.04  189.51  49.29  4.64  656.3  658.34  0.0 
 5  3  186.26  174.57  48.65  4.52  656.95  656.09  0.0 
 6  1  185.02  173.31  48.39  2.23  655.22  653.85  0.0 
 1  3  164.67  180.66  48.04  14.73  662.25  656.57  0.0 
 2  1  196.84  199.31  46.85  102.82  661.22  658.36  0.0 
 3  1  191.47  201.79  50.19  10.85  670.34  662.32  0.0 
 4  4  205.62  195.88  54.93  476.41  657.7  657.68  0.0 
 5  3  193.51  181.79  48.58  7.81  661.66  660.87  0.0 
 6  1  191.03  174.64  48.28  10.55  656.37  650.52  0.9124 
 1  3  192.22  186.38  48.59  29.12  658.97  657.06  0.0 
 2  1  188.18  200.18  51.26  121.2  656.15  654.33  0.0 
 3  1  191.36  202.96  49.63  77.72  659.79  658.68  0.0 
 4  4  198.04  189.58  49.93  6.67  656.52  654.62  0.0 
 5  3  195.21  192.29  48.51  8.95  658.36  660.02  0.0 
 6  1  196.61  189.06  48.06  8.29  654.72  655.32  0.0 
 1  1  192.52  189.43  48.71  12.08  658.6  656.9  0.0 
 2  2  190.08  195.52  48.96  7.52  657.8  657.69  0.0 
 3  4  192.87  191.83  48.42  8.15  657.74  661.19  0.0 
 4  2  197.99  197.36  49.75  5.8  658.1  660.58  0.0 
 5  2  200.41  193.08  49.36  5.84  657.36  657.85  0.0 
 6  2  196.3  194.14  50.36  23.71  660.29  655.48  0.0 
 1  2  196.33  194.84  50.51  43.83  657.96  656.35  0.0 
 2  4  164.77  186.99  48.37  8.96  660.83  656.09  0.0 
 3  3  182.11  200.2  49.33  10.45  657.24  658.51  0.0 
 4  1  191.7  188.7  48.41  7.27  655.76  653.15  0.0 
 5  4  188.46  191.09  49.68  9.09  656.49  659.17  0.0 
 6  3  187.92  166.1  48.84  7.39  662.0  658.75  0.0 
 1  3  190.49  192.88  50.39  12.76  656.93  656.87  0.0 
 2  1  192.31  172.08  48.81  13.23  660.3  659.29  0.0 
 3  1  180.7  180.76  48.85  9.89  657.0  659.13  0.0 
 4  4  180.54  183.24  48.42  9.15  656.73  658.76  0.0 
 5  3  195.38  199.24  51.72  204.34  657.66  660.73  0.0 
 6  1  189.78  196.45  50.13  114.99  653.79  650.69  0.0 
 1  4  194.42  202.53  52.7  240.94  657.29  662.4  0.0 
 2  3  187.98  202.58  50.33  5.71  657.72  658.95  0.0 
 3  2  180.99  200.22  48.39  9.32  658.68  656.46  0.0 
 4  3  198.68  192.86  48.63  7.73  657.77  659.01  0.0 
 5  1  205.43  192.27  49.66  16.53  671.92  669.2  0.0 
 6  4  200.19  195.67  49.58  11.63  657.63  653.35  0.0 
 1  2  171.17  188.73  49.24  6.6  655.29  655.56  0.0 
 2  4  191.44  193.97  50.38  15.3  659.5  657.98  0.0 
 3  3  192.47  158.83  48.55  8.7  658.18  657.37  0.0 
 4  1  181.7  196.14  49.49  7.77  651.06  654.52  0.0 
 5  4  169.66  190.45  48.32  17.2  659.6  659.2  0.0 
 6  3  183.98  194.11  50.58  5.54  658.29  654.52  0.0833 
 1  2  170.93  183.96  48.57  12.0  656.74  654.5  0.0 
 2  4  196.53  189.53  49.63  4.09  656.71  653.84  0.0 
 3  3  187.87  173.64  48.51  11.72  658.3  657.59  0.0 
 4  1  186.19  192.84  49.28  6.66  653.22  651.16  0.0 
 5  4  166.4  194.76  48.43  4.36  656.25  657.22  0.0 
 6  3  187.09  194.2  49.55  13.95  655.89  653.89  0.1763 
 1  1  177.86  173.41  49.03  7.64  658.12  655.54  0.4751 
 2  2  165.3  184.13  49.15  6.89  660.19  655.51  0.8447 
 3  4  171.0  183.18  49.05  10.41  659.78  659.87  0.8372 
 4  2  189.69  194.67  49.82  5.28  657.09  655.15  0.0 
 5  2  189.94  187.79  49.73  9.3  657.12  659.41  0.0 
 6  2  194.78  190.26  50.43  7.69  662.41  657.59  0.0 
 1  4  198.77  195.92  49.75  9.23  657.19  657.15  0.0 
 2  3  186.01  205.19  49.77  8.69  657.31  653.88  0.0 
 3  2  166.4  205.58  49.09  15.15  660.61  658.56  0.0 
 4  3  188.26  191.22  48.65  5.4  653.98  656.92  0.0555 
 5  1  194.0  183.65  49.28  9.19  669.82  667.32  0.0 
 6  4  203.06  196.2  49.25  135.45  662.18  658.07  0.0 
 1  2  188.35  195.6  48.7  8.91  659.18  656.09  0.171 
 2  4  195.93  193.87  49.9  10.14  655.69  653.66  0.0 
 3  3  193.77  187.25  48.09  5.27  656.45  657.58  0.0 
 4  1  192.86  198.77  49.61  10.35  653.17  651.38  0.0 
 5  4  188.58  197.66  48.28  12.66  655.43  657.68  0.0 
 6  3  191.53  197.28  49.8  3.59  658.8  654.79  0.0 
 1  4  170.88  191.62  48.55  6.67  657.26  657.76  0.0 
 2  3  186.93  171.76  48.75  16.7  655.78  653.03  0.0 
 3  2  188.37  192.37  49.23  6.69  655.62  656.57  0.0 
 4  3  189.69  202.81  49.0  9.1  656.02  661.52  0.0 
 5  1  187.27  203.97  49.91  7.87  666.74  666.52  0.0 
 6  4  167.37  190.29  47.63  8.4  658.01  653.35  0.5195 
 1  4  199.56  191.14  49.58  12.9  658.9  656.33  0.0 
 2  3  190.39  203.6  49.61  9.76  655.71  656.61  0.0921 
 3  2  193.26  203.46  48.5  10.9  659.28  657.36  0.0 
 4  3  197.65  179.76  48.8  12.26  657.32  658.03  0.0 
 5  1  203.78  192.86  49.71  6.12  669.53  670.6  0.0 
 6  4  200.61  202.34  49.62  5.96  657.88  657.51  0.0 
 1  2  193.35  188.48  49.49  1.29  656.44  656.64  0.0 
 2  4  162.45  189.7  48.02  7.14  660.4  658.38  0.0 
 3  3  186.41  198.7  49.57  52.02  660.48  659.14  0.0 
 4  1  169.99  176.81  47.81  15.28  652.62  652.33  0.0 
 5  4  191.13  190.35  49.16  4.39  658.18  658.21  0.0 
 6  3  184.06  169.84  48.89  5.47  661.3  657.2  0.0 
 1  4  164.17  191.85  48.66  8.9  655.25  656.07  0.0 
 2  3  190.29  169.3  48.41  15.27  657.7  657.08  0.0 
 3  2  194.22  190.68  49.22  9.89  657.26  659.27  0.0 
 4  3  181.08  199.07  49.42  19.18  656.5  656.61  0.0 
 5  1  186.18  205.06  50.31  16.2  669.95  671.34  0.0 
 6  4  168.48  194.73  49.5  435.12  655.87  655.87  0.0 
 1  3  189.49  204.37  50.92  22.73  658.15  658.74  0.0 
 2  1  176.69  180.66  48.82  5.43  657.89  655.19  0.0 
 3  1  165.68  181.77  48.58  12.31  657.04  655.72  0.0 
 4  4  178.84  190.83  48.82  8.22  657.93  656.43  0.0 
 5  3  193.56  201.93  50.18  28.94  657.46  658.38  0.0 
 6  1  190.2  192.55  49.68  70.91  653.69  656.91  0.0 
 1  2  184.66  198.7  48.62  3.94  655.13  656.57  0.0 
 2  4  200.33  194.44  49.25  5.36  657.26  652.5  0.6191 
 3  3  199.47  189.71  48.79  7.72  656.21  654.94  0.0 
 4  1  196.12  206.46  49.14  7.37  666.12  668.66  0.0 
 5  4  186.35  201.27  48.11  11.04  656.45  655.79  0.0 
 6  3  190.8  200.74  49.85  4.19  657.66  653.28  0.7483 
 1  1  184.21  174.75  48.6  4.66  658.21  656.2  0.0 
 2  2  187.53  194.34  48.81  10.59  658.88  657.69  0.0629 
 3  4  173.59  185.24  48.34  14.3  659.33  658.47  0.0 
 4  2  189.04  191.49  49.37  5.3  657.83  659.81  0.0 
 5  2  198.88  195.51  49.25  5.17  659.69  658.77  0.0 
 6  2  195.28  189.78  49.63  5.87  658.83  656.58  0.0 
 1  3  192.11  202.95  49.41  5.76  656.37  655.36  0.0 
 2  1  198.41  191.92  48.99  7.73  658.85  658.1  0.0 
 3  1  201.64  190.76  48.2  4.95  659.95  660.06  0.0 
 4  4  185.57  201.48  48.54  6.85  657.45  657.75  0.0 
 5  3  192.79  203.56  49.22  5.91  657.78  658.46  0.0 
 6  1  187.52  201.68  49.57  14.23  650.15  648.38  0.0 
 1  4  196.84  188.55  50.76  84.65  658.89  658.59  0.0 
 2  3  185.48  196.18  49.28  6.86  657.82  654.94  0.0 
 3  2  163.31  188.21  48.51  8.37  658.0  658.11  0.0 
 4  3  182.66  170.43  48.72  8.57  659.65  658.59  0.0 
 5  1  190.12  180.17  49.53  6.0  666.3  668.99  0.0 
 6  4  188.86  191.5  49.55  7.87  658.49  657.02  0.0 
 1  3  185.73  199.55  49.64  6.24  659.24  659.97  0.0 
 2  1  183.93  168.35  48.63  8.61  658.78  656.68  0.0 
 3  1  182.88  177.81  48.47  14.0  658.82  657.79  0.0 
 4  4  167.68  185.1  48.6  6.59  660.92  659.41  0.0 
 5  3  188.14  194.75  49.32  10.74  657.73  658.13  0.0 
 6  1  184.93  190.0  49.03  5.78  653.7  652.44  0.0 
 1  1  188.32  196.36  50.03  12.69  654.56  657.24  0.0 
 2  2  198.69  187.61  50.02  8.77  654.81  658.83  0.1791 
 3  4  197.17  188.85  49.49  13.01  655.13  654.22  0.3476 
 4  2  163.93  192.04  48.64  4.65  657.21  658.03  0.2814 
 5  2  162.08  185.82  48.79  15.21  658.94  655.07  0.24 
 6  2  160.38  187.81  49.58  9.47  655.11  653.36  0.0 
 1  4  163.27  191.09  48.57  7.37  656.5  656.53  0.0 
 2  3  189.88  176.37  48.79  3.75  658.56  657.16  0.0 
 3  2  194.27  191.59  49.35  1.46  657.54  658.58  0.0 
 4  3  184.4  200.32  49.46  10.28  657.59  658.17  0.0 
 5  1  193.4  203.64  50.05  18.56  670.07  670.01  0.0 
 6  4  166.85  193.24  47.95  10.19  662.45  656.37  0.0 
 1  2  186.67  195.18  50.56  7.53  657.13  657.78  0.9944 
 2  4  173.69  181.81  49.08  8.46  657.77  655.74  0.0 
 3  3  195.3  198.69  50.05  28.83  660.16  658.94  0.0 
 4  1  142.39  177.48  48.3  9.81  651.58  651.12  0.0 
 5  4  188.3  194.83  50.72  15.55  655.69  654.69  0.6408 
 6  3  190.39  170.42  49.15  5.37  659.7  658.67  0.0 
 1  4  179.13  202.11  48.8  5.57  658.43  657.1  0.0 
 2  3  196.11  191.54  48.93  7.46  654.98  655.41  0.0 
 3  2  199.1  198.0  49.01  8.07  658.76  656.64  0.0 
 4  3  190.27  205.65  49.11  8.52  656.09  655.15  0.0 
 5  1  199.68  209.78  50.6  128.09  670.9  670.65  0.0 
 6  4  185.3  201.07  48.24  8.04  659.2  656.52  0.0 
 1  1  185.3  199.46  50.22  7.35  656.63  656.03  0.0 
 2  2  199.48  185.75  50.1  5.8  655.13  654.35  0.0 
 3  4  200.81  191.97  49.19  8.9  658.5  658.65  0.0 
 4  2  159.96  194.48  48.83  6.73  656.57  656.89  0.0 
 5  2  163.36  192.97  48.66  11.17  656.88  659.71  0.0 
 6  2  185.03  194.05  48.79  10.61  660.24  657.35  0.0 
 1  3  181.3  195.68  49.5  8.32  656.32  654.41  0.0 
 2  1  188.26  172.21  48.49  8.25  656.57  656.52  0.0 
 3  1  187.07  169.25  48.29  10.55  657.21  657.85  0.0 
 4  4  169.49  191.84  48.16  7.15  655.71  660.93  0.0 
 5  3  184.66  196.19  49.41  6.07  657.15  655.04  0.0 
 6  1  176.49  197.46  48.74  10.4  650.11  648.85  0.0 
 1  1  185.16  177.28  48.27  4.09  663.41  664.24  0.0 
 2  2  177.44  180.61  48.42  11.49  658.03  654.37  0.0 
 3  4  165.18  190.81  48.52  21.73  658.3  654.05  0.0 
 4  2  196.76  191.25  49.34  4.99  658.89  658.09  0.0651 
 5  2  191.63  188.9  49.23  15.32  656.73  657.38  0.0 
 6  2  197.88  186.06  50.38  8.42  657.36  655.14  0.0 
 1  4  189.01  188.18  50.06  7.08  655.96  656.8  0.0 
 2  3  179.97  199.49  49.32  9.57  656.45  656.11  0.0 
 3  2  164.93  192.2  48.83  11.68  657.51  661.65  0.0 
 4  3  186.1  176.44  48.79  9.27  657.87  659.8  0.0 
 5  1  196.55  173.34  49.84  31.72  674.49  671.44  0.6849 
 6  4  193.79  189.44  49.3  7.44  661.23  657.48  0.0 
 1  3  185.33  169.58  48.74  6.65  658.16  657.19  0.0 
 2  1  181.2  196.83  49.98  30.61  657.95  654.43  0.2871 
 3  1  185.76  196.62  49.48  11.35  657.63  657.45  0.2599 
 4  4  199.11  186.42  50.22  47.13  662.44  660.42  0.0 
 5  3  183.63  170.95  48.77  6.78  656.39  657.94  0.0 
 6  1  181.02  175.85  47.75  5.53  650.94  647.86  0.0 
 1  3  183.23  178.22  49.11  33.94  658.87  656.25  0.0 
 2  1  187.32  197.81  49.42  6.24  659.01  654.75  0.0 
 3  1  187.67  189.56  49.32  5.01  659.55  657.73  0.0 
 4  4  192.16  189.24  49.38  3.35  658.14  657.69  0.0 
 5  3  189.17  171.96  48.55  9.89  657.49  658.59  0.0 
 6  1  173.27  175.07  48.2  13.68  655.78  650.1  0.0 
 1  1  190.64  195.77  50.13  7.77  658.79  659.24  0.0 
 2  2  200.74  185.54  50.29  5.47  659.12  656.17  0.0 
 3  4  195.02  187.94  49.87  7.78  656.69  658.4  0.0 
 4  2  176.94  191.13  49.15  4.93  657.9  658.21  0.0 
 5  2  161.1  187.0  49.21  13.62  656.59  659.49  0.0 
 6  2  154.05  187.07  49.54  29.24  660.95  656.9  0.0 
 1  3  194.89  185.59  48.6  9.37  656.13  655.37  0.1068 
 2  1  195.81  204.02  49.9  11.24  657.0  658.66  0.0 
 3  1  190.69  203.64  48.99  5.61  658.08  655.9  0.0612 
 4  4  204.38  191.72  49.55  7.65  659.19  659.7  0.0 
 5  3  201.21  198.42  48.42  9.38  660.35  657.82  0.0 
 6  1  199.54  189.69  48.52  6.03  653.46  651.38  0.0 
 1  2  163.12  187.23  48.76  23.3  655.7  655.23  0.0 
 2  4  192.57  190.73  50.16  9.41  655.86  654.75  0.3325 
 3  3  186.07  170.19  48.1  12.36  661.5  656.47  0.0 
 4  1  183.69  195.04  49.11  8.57  653.24  649.41  0.0 
 5  4  164.64  190.16  48.56  6.29  657.09  656.62  0.0 
 6  3  189.36  195.91  49.75  4.69  659.17  659.08  0.0 
 1  3  184.93  173.33  48.37  13.33  655.17  654.55  0.0629 
 2  1  183.23  196.22  49.77  4.81  657.33  654.07  0.3224 
 3  1  186.43  197.04  49.71  88.81  656.28  659.0  0.0 
 4  4  194.73  187.93  49.34  9.29  655.17  656.16  0.0 
 5  3  188.42  172.16  48.42  6.64  656.9  658.68  0.0 
 6  1  183.27  175.21  47.32  8.08  650.57  649.46  0.0 
 1  4  178.64  196.9  48.59  8.45  657.73  658.6  0.0 
 2  3  181.55  176.97  48.9  6.24  656.28  656.5  0.279 
 3  2  194.7  191.11  49.32  4.9  654.82  658.31  0.0 
 4  3  188.87  205.05  48.98  13.03  656.62  659.85  0.0 
 5  1  189.72  199.52  49.96  7.41  666.94  665.98  0.2986 
 6  4  161.77  192.89  48.29  8.32  657.8  653.0  0.0 
 1  1  188.87  190.94  48.33  13.09  657.21  658.47  0.0 
 2  2  172.52  185.41  49.09  10.03  656.06  655.75  0.0 
 3  4  166.31  184.89  48.37  25.84  655.54  654.87  0.0 
 4  2  194.27  197.71  49.79  16.56  656.07  658.93  0.0 
 5  2  188.94  184.34  49.89  9.05  656.13  656.23  0.0 
 6  2  196.74  185.73  50.16  5.42  656.85  653.6  0.0 
 1  2  186.05  199.03  48.54  14.42  657.6  656.51  0.0 
 2  4  201.22  198.68  50.19  4.13  657.78  656.89  0.0 
 3  3  201.1  198.41  48.35  9.8  659.94  658.2  0.0885 
 4  1  190.93  201.7  48.96  12.54  653.41  651.4  0.0 
 5  4  176.92  203.64  48.85  11.15  657.78  656.23  0.0 
 6  3  196.83  200.82  49.68  22.47  658.13  658.42  0.0 
 1  4  166.91  194.24  49.09  25.94  657.12  656.2  0.0 
 2  3  185.99  176.93  49.01  18.91  657.23  654.75  0.0 
 3  2  198.39  188.55  49.46  4.75  658.93  659.78  0.0 
 4  3  177.51  198.52  49.72  10.38  655.0  657.98  0.0 
 5  1  190.47  203.24  50.56  13.06  668.85  671.15  0.0 
 6  4  160.39  194.7  50.59  71.22  659.49  656.07  0.0 
 1  4  182.66  201.42  48.98  6.14  655.71  657.59  0.0 
 2  3  197.02  187.45  48.58  13.42  657.66  655.34  0.0 
 3  2  204.99  200.9  50.43  289.09  659.72  658.76  0.0 
 4  3  190.96  208.22  49.33  10.35  657.2  657.46  0.0 
 5  1  193.22  208.55  50.13  10.91  667.94  667.24  0.0 
 6  4  183.77  199.69  48.38  4.0  658.15  654.55  0.0 
 1  4  161.22  187.59  48.99  5.81  656.26  658.87  0.0 
 2  3  178.6  178.01  48.9  5.65  659.11  657.09  0.0 
 3  2  192.8  192.25  49.21  7.98  658.1  657.82  0.0 
 4  3  189.69  199.4  49.38  4.81  657.49  657.2  0.0 
 5  1  194.83  202.9  50.47  14.79  673.01  675.37  0.0364 
 6  4  167.53  192.2  48.73  4.25  658.82  655.35  0.4914 
 1  3  183.23  194.17  49.87  3.89  656.38  653.83  0.0 
 2  1  186.6  170.38  48.82  10.71  658.56  654.5  0.0 
 3  1  185.45  179.22  48.3  10.47  657.68  656.39  0.2476 
 4  4  170.76  189.79  48.21  8.67  658.37  657.54  0.0 
 5  3  183.14  200.63  49.48  8.13  657.15  659.42  0.0 
 6  1  189.48  194.21  49.09  4.13  657.25  651.78  0.0 
 1  1  186.42  195.71  49.63  9.61  655.96  656.31  0.0 
 2  2  195.52  187.86  49.6  8.82  658.87  655.67  0.0 
 3  4  203.3  185.89  49.19  33.65  659.98  659.43  0.0 
 4  2  165.73  188.17  48.63  13.4  655.04  657.84  0.1182 
 5  2  167.46  183.19  48.35  4.49  657.4  659.77  0.0 
 6  2  162.86  187.99  49.18  11.73  660.42  654.89  0.0 
 1  2  188.87  198.4  48.43  13.11  658.42  656.54  0.0 
 2  4  203.39  195.67  49.49  7.06  660.13  658.32  0.0 
 3  3  197.26  188.28  48.21  11.7  659.3  658.37  0.0 
 4  1  187.95  199.49  50.12  6.72  655.02  652.54  0.0 
 5  4  185.15  203.08  48.49  7.56  657.77  660.24  0.0 
 6  3  192.23  201.06  49.67  11.43  657.45  654.54  0.0 
 1  2  165.81  192.24  49.25  203.03  657.74  658.82  0.0395 
 2  4  197.04  188.26  49.79  8.04  658.09  654.08  0.0 
 3  3  185.55  174.23  48.22  5.91  657.43  657.06  0.0 
 4  1  180.07  199.34  49.05  6.98  651.88  651.06  0.3306 
 5  4  164.41  194.92  48.24  15.18  658.25  658.01  0.0 
 6  3  183.87  193.89  49.7  4.39  657.12  653.63  0.0 
 1  4  159.89  188.22  49.7  15.26  656.92  657.44  0.0 
 2  3  178.14  172.04  49.6  20.31  658.11  656.41  0.0 
 3  2  191.37  195.28  49.28  7.77  660.11  655.59  0.0 
 4  3  184.19  198.71  49.99  7.91  655.97  657.52  0.5706 
 5  1  193.19  199.64  50.5  10.64  668.57  671.16  0.0 
 6  4  172.46  188.2  49.16  12.72  660.02  655.4  0.0 
 1  3  181.61  195.98  49.9  5.17  656.08  654.07  0.0 
 2  1  189.5  167.84  48.97  9.95  659.18  657.43  0.0 
 3  1  188.84  172.16  48.53  8.24  656.49  657.57  0.0 
 4  4  162.91  189.73  49.15  6.47  655.8  656.57  0.0 
 5  3  182.94  201.38  49.36  5.49  658.82  658.88  0.0 
 6  1  182.33  198.1  49.38  6.69  655.61  650.85  0.2436 
 1  4  180.25  195.8  49.54  3.97  656.44  656.02  0.0 
 2  3  198.2  187.89  48.7  7.03  658.0  655.93  0.0 
 3  2  199.2  197.85  49.27  9.26  659.19  660.75  0.0 
 4  3  191.29  202.44  50.04  14.1  658.39  657.47  0.0 
 5  1  192.71  206.65  50.43  10.07  666.34  666.46  0.0 
 6  4  187.27  198.7  49.95  121.3  659.04  659.83  0.0 
 1  2  165.14  183.37  48.65  7.58  657.36  657.81  0.0 
 2  4  194.57  192.21  49.81  3.5  659.34  659.86  0.0 
 3  3  188.24  176.56  48.31  5.51  656.81  660.13  0.0 
 4  1  197.83  198.07  49.57  7.8  665.83  666.78  0.0 
 5  4  168.4  194.55  48.22  7.6  658.73  658.2  0.8804 
 6  3  187.17  193.4  49.95  9.02  657.17  655.89  0.0 
 1  4  197.31  192.58  50.43  8.76  655.42  654.79  0.0 
 2  3  193.61  199.86  52.06  24.24  659.45  655.1  0.0 
 3  2  176.77  200.41  48.28  10.49  655.61  658.89  0.0 
 4  3  196.23  185.47  48.69  6.85  656.61  657.39  0.0 
 5  1  196.65  191.39  49.24  7.49  666.43  670.8  0.0 
 6  4  199.76  194.37  49.31  10.5  660.6  656.63  0.0 
 1  2  191.19  187.53  49.82  9.34  654.89  652.5  0.0184 
 2  4  172.29  185.89  49.06  6.75  659.76  656.5  0.1011 
 3  3  184.25  198.84  49.18  13.12  656.87  660.62  0.0 
 4  1  182.22  173.16  47.78  13.53  649.51  650.63  0.0 
 5  4  192.42  191.99  49.09  7.98  656.08  660.68  0.0 
 6  3  184.98  164.34  48.34  9.17  656.87  653.73  0.0 
 1  3  172.08  172.55  48.74  14.81  658.43  656.48  0.0 
 2  1  197.65  200.16  50.98  13.91  659.68  656.09  0.1238 
 3  1  192.6  195.27  50.21  11.78  657.6  658.19  0.2287 
 4  4  203.99  187.17  50.0  8.65  656.02  656.4  0.0 
 5  3  191.86  190.66  48.85  8.05  659.32  660.42  0.0 
 6  1  178.28  181.65  48.32  10.52  657.83  653.39  0.0 
 1  1  187.05  196.39  49.86  3.26  656.87  657.67  0.0 
 2  2  196.97  186.9  49.96  9.3  658.08  655.52  0.0295 
 3  4  193.37  190.8  49.37  6.35  656.56  655.9  0.0 
 4  2  170.02  184.38  49.0  24.72  659.16  657.86  0.0 
 5  2  162.55  188.31  48.65  12.5  654.13  657.74  0.0 
 6  2  168.03  179.4  49.45  5.51  657.72  656.15  0.0 
 1  2  196.5  184.44  49.5  3.86  658.66  655.75  0.0 
 2  4  166.82  182.18  49.71  334.97  657.02  654.58  0.0 
 3  3  184.69  194.65  49.11  11.66  656.79  655.82  0.0 
 4  1  181.18  167.82  48.34  21.42  652.6  650.91  0.0 
 5  4  188.32  193.2  49.41  10.74  656.85  658.51  0.0 
 6  3  184.56  172.66  48.68  8.61  658.59  656.94  0.0 
 1  3  187.97  168.7  49.26  12.34  656.68  658.31  0.0 
 2  1  182.89  195.83  49.45  7.74  656.94  657.86  0.0 
 3  1  182.95  196.03  49.16  8.99  656.26  655.99  0.0 
 4  4  197.29  183.62  49.92  4.55  657.1  659.35  0.0 
 5  3  184.24  172.5  48.69  7.76  656.81  659.0  0.0 
 6  1  184.0  174.48  47.77  2.86  654.03  649.72  0.0 
 1  2  167.09  190.03  48.37  8.27  657.53  657.8  0.0 
 2  4  193.3  189.92  49.13  8.24  657.39  657.9  0.0 
 3  3  176.93  179.57  48.19  6.33  655.23  655.66  0.0 
 4  1  180.91  197.31  49.19  7.99  651.61  653.38  0.0 
 5  4  164.14  191.97  48.28  9.13  656.28  656.09  0.0 
 6  3  191.57  192.42  49.94  16.29  658.46  655.35  0.0 
 1  1  184.35  174.83  49.01  6.84  656.4  654.71  0.0 
 2  2  163.94  192.76  49.19  10.16  660.49  655.44  0.0 
 3  4  173.4  186.34  49.35  34.21  658.4  657.64  0.0641 
 4  2  191.53  191.17  49.67  5.27  656.24  657.12  0.0 
 5  2  200.28  182.87  49.64  10.82  658.99  658.95  0.0 
 6  2  194.84  185.9  50.29  16.61  657.8  655.69  0.0 
 1  2  165.31  188.58  48.76  6.73  659.23  653.94  0.0 
 2  4  195.07  189.64  50.35  9.37  656.09  654.14  0.0 
 3  3  185.26  167.24  48.41  7.73  658.35  657.62  0.1115 
 4  1  179.19  195.42  50.23  34.79  653.32  652.01  0.0 
 5  4  170.1  192.55  48.59  6.97  656.32  657.73  0.0 
 6  3  183.76  195.96  49.17  6.64  656.49  658.14  0.0 
 1  3  186.86  173.7  48.69  5.27  659.24  657.19  0.0 
 2  1  185.89  193.73  49.57  13.41  657.81  655.81  0.0 
 3  1  191.64  194.44  48.73  4.65  660.85  660.74  0.6915 
 4  4  195.66  189.42  49.56  18.09  658.87  658.4  0.0 
 5  3  183.69  174.37  48.3  11.48  656.22  656.75  0.0 
 6  1  182.64  177.49  47.71  7.96  651.0  646.74  0.0 
 1  1  185.4  179.77  48.66  9.35  657.52  657.0  0.0 
 2  2  185.49  191.73  48.96  13.34  657.05  656.34  0.0 
 3  4  181.49  191.72  48.83  8.77  659.68  657.25  0.0 
 4  2  192.54  195.6  49.74  24.11  658.34  656.23  0.0 
 5  2  201.72  196.98  49.98  11.88  660.31  657.17  0.0 
 6  2  199.01  193.75  51.0  17.17  657.66  656.11  0.0 
 1  2  205.44  197.84  49.5  13.19  655.41  657.46  0.0 
 2  4  182.57  202.01  49.03  6.99  658.19  656.41  0.0 
 3  3  191.37  203.55  49.95  9.34  656.42  658.1  0.0 
 4  1  202.68  196.42  48.1  8.99  648.21  649.29  0.0 
 5  4  201.73  196.86  49.28  7.31  656.08  657.29  0.0 
 6  3  197.87  186.56  49.14  8.68  659.14  652.48  0.0 
 1  4  167.26  183.08  48.81  4.81  658.66  661.26  0.0 
 2  3  179.19  176.34  48.78  15.94  658.54  656.43  0.1345 
 3  2  188.37  192.08  49.3  9.98  657.36  657.82  0.0 
 4  3  185.96  188.71  49.48  9.74  660.42  658.38  0.0 
 5  1  192.18  193.28  49.97  19.0  671.16  669.54  0.0 
 6  4  167.14  186.78  48.47  5.18  659.55  657.2  0.0 
 1  2  188.45  196.91  48.81  7.81  657.23  655.32  0.0 
 2  4  202.62  197.82  49.33  6.74  660.75  659.08  0.0 
 3  3  197.4  189.86  48.54  6.97  659.31  660.29  0.0 
 4  1  189.08  199.83  49.3  11.11  651.36  652.4  0.0 
 5  4  187.18  203.13  48.22  111.99  656.61  658.64  0.0 
 6  3  191.36  202.05  50.02  8.42  658.33  656.66  0.0 
 1  2  197.63  187.9  49.53  6.86  656.05  657.92  0.0 
 2  4  162.18  193.38  48.6  10.58  657.68  656.43  0.0 
 3  3  186.81  201.08  49.41  12.05  658.57  660.07  0.0 
 4  3  179.88  199.02  50.02  5.79  656.67  657.35  0.0 
 5  1  187.95  205.76  50.03  7.29  667.87  666.94  0.0 
 6  4  174.85  195.59  48.3  10.9  661.87  659.44  0.0 
 1  1  184.3  177.2  49.03  5.89  660.62  660.5  0.0 
 2  2  175.85  172.77  48.6  13.01  659.49  656.15  0.0 
 3  4  174.51  184.91  50.14  308.01  658.63  659.55  0.0 
 4  2  193.52  194.13  49.93  8.73  658.71  661.62  0.0 
 5  2  182.6  188.16  49.89  15.51  660.68  658.62  0.0 
 6  2  191.58  187.89  50.45  9.38  660.0  656.35  0.0 
 1  3  184.22  178.6  48.91  15.88  656.73  657.14  0.0 
 2  1  192.21  197.83  49.87  9.63  656.35  657.46  0.2566 
 3  1  189.33  194.75  49.12  5.11  658.37  657.35  0.0513 
 4  4  192.67  188.72  49.62  7.5  658.97  657.86  0.0 
 5  3  190.53  188.22  48.61  9.77  659.5  658.03  0.0 
 6  1  181.47  176.56  47.96  8.31  654.43  650.08  0.0 
 1  2  193.93  190.74  49.78  6.69  658.12  657.6  0.0 
 2  4  161.62  188.96  49.44  6.15  658.37  654.65  0.0 
 3  3  187.92  197.0  49.24  7.33  660.47  660.11  0.0 
 4  1  183.26  174.46  48.67  11.97  650.64  651.58  0.0 
 5  4  195.96  194.18  49.53  7.3  658.77  658.97  0.0 
 6  3  185.77  168.03  49.73  5.44  660.11  657.56  0.0 
 1  3  181.06  193.89  49.69  5.29  655.68  656.14  0.5359 
 2  1  180.16  164.04  48.13  6.13  658.45  657.01  0.0 
 3  1  188.94  158.41  49.41  12.65  658.4  657.64  0.7232 
 4  4  166.96  181.42  48.04  6.62  657.41  659.25  0.4842 
 5  3  181.34  193.14  49.72  39.5  658.66  655.58  0.7455 
 6  1  180.15  200.17  49.51  63.33  654.02  652.78  0.0 
 1  4  194.32  204.02  48.77  11.39  658.86  658.17  0.6425 
 2  3  196.21  187.78  48.78  10.12  657.32  654.78  0.0 
 3  2  197.36  195.78  49.15  10.16  658.37  656.77  0.0 
 4  3  197.67  202.12  49.18  24.63  660.03  656.1  0.0 
 5  1  195.85  204.77  50.54  14.03  668.21  669.87  0.0 
 6  4  182.38  198.62  48.04  6.56  657.84  655.98  0.0 
 1  1  180.03  182.82  50.78  262.25  656.33  658.26  0.2225 
 2  2  181.73  177.1  51.41  7.95  653.19  656.29  0.7795 
 3  4  179.63  178.45  51.76  17.28  657.17  655.98  0.4373 
 4  2  161.56  187.83  48.33  16.87  653.7  657.35  0.0 
 5  2  159.38  183.89  48.86  10.63  657.92  657.25  0.4336 
 6  2  159.38  183.94  48.88  26.92  657.36  655.18  0.0 
 1  1  188.57  200.16  50.23  12.33  655.15  656.99  0.0 
 2  2  200.03  187.6  49.49  14.1  658.83  654.22  0.0 
 3  4  202.12  191.87  49.23  12.38  657.24  659.3  0.0 
 4  2  182.7  199.45  48.77  5.16  655.23  657.75  0.0 
 5  2  187.83  188.85  48.38  12.99  657.58  657.13  0.5818 
 6  2  180.67  193.17  49.27  7.75  661.54  655.98  0.0 
 1  3  183.71  200.64  49.85  5.54  655.36  656.16  0.0 
 2  1  187.14  171.01  48.86  6.66  659.07  656.89  0.0 
 3  1  187.81  172.24  48.4  9.57  656.55  659.55  0.0 
 4  4  172.65  192.74  50.21  391.61  659.54  657.24  0.0 
 5  3  187.31  198.73  49.36  7.66  655.55  655.98  0.0 
 6  1  182.01  201.14  50.1  16.85  657.26  655.65  0.0 
 1  3  189.15  188.51  49.52  7.03  652.06  654.76  0.0 
 2  1  187.04  188.13  50.34  5.81  652.91  654.16  0.5096 
 3  1  186.47  194.62  49.82  4.3  654.49  654.82  0.3404 
 4  4  193.68  178.28  50.07  5.79  652.32  654.03  0.0 
 5  3  192.32  183.66  49.19  5.15  653.21  654.1  0.0 
 6  1  190.61  180.54  48.59  9.62  651.45  648.22  0.0 
 1  2  193.9  191.3  50.06  8.13  656.07  655.69  0.0 
 2  4  165.83  186.33  49.22  12.36  655.11  653.61  0.0 
 3  3  186.41  196.85  49.47  9.24  658.64  657.22  0.0 
 4  1  180.76  171.61  49.61  139.73  647.52  648.85  0.0 
 5  4  189.05  192.42  49.73  8.19  656.47  656.82  0.0 
 6  3  187.95  168.75  49.49  4.02  659.98  656.3  0.0 
 1  2  171.23  187.83  48.97  6.98  655.25  657.34  0.0 
 2  4  192.89  189.55  50.78  5.67  658.79  656.32  0.0639 
 3  3  188.19  188.84  48.53  4.74  659.06  661.09  0.0 
 4  1  184.83  193.1  49.45  4.84  650.37  651.24  0.0 
 5  4  160.05  193.84  48.75  9.4  657.64  657.72  0.0 
 6  3  196.08  192.99  49.76  8.52  660.06  654.97  0.0 
 1  1  179.76  196.42  50.05  5.88  656.1  657.28  0.3994 
 2  2  193.23  185.24  49.99  67.0  655.78  658.27  0.2079 
 3  4  198.56  188.22  49.14  22.21  657.73  656.38  0.0 
 4  2  161.07  194.12  48.89  16.47  656.1  660.2  0.0 
 5  2  162.44  185.58  49.04  28.25  660.41  659.17  0.0 
 6  2  167.86  173.35  49.34  11.06  657.27  654.37  0.4949 
 1  4  169.31  196.53  49.01  4.8  658.71  653.76  0.0 
 2  3  184.39  189.6  49.07  7.13  659.08  654.99  0.0 
 3  2  200.0  196.17  49.72  8.03  660.29  658.46  0.0 
 4  3  197.89  205.32  49.43  10.47  659.78  658.64  0.5313 
 5  1  198.75  211.38  50.37  11.58  670.14  672.09  0.0 
 6  4  182.25  198.15  48.22  9.87  659.15  656.24  0.0 
 1  4  195.89  189.88  49.93  9.79  653.91  657.26  0.0 
 2  3  186.66  198.02  49.81  6.73  658.31  656.88  0.0 
 3  2  165.83  192.84  48.71  8.97  655.48  658.61  0.0 
 4  3  189.07  175.75  48.66  8.99  654.49  658.66  0.0 
 5  1  192.07  176.25  49.56  13.64  667.92  668.69  0.0 
 6  4  197.18  189.65  49.7  6.72  660.15  655.38  0.0 
 1  2  193.89  190.2  49.81  7.24  657.01  654.87  0.0 
 2  4  165.98  181.6  48.98  8.67  658.96  657.08  0.0 
 3  3  188.61  186.54  49.88  6.01  657.57  658.15  0.0 
 4  1  184.64  173.94  48.04  8.86  652.87  650.57  0.0 
 5  4  194.92  193.07  49.87  7.41  656.62  661.4  0.0 
 6  3  185.54  177.99  48.63  5.97  659.26  655.63  0.0 
 1  2  194.99  184.92  49.84  14.75  656.15  657.06  0.0 
 2  4  157.85  190.4  48.45  6.37  657.79  655.57  0.0 
 3  3  181.53  195.84  49.95  9.53  656.19  660.06  0.0 
 4  1  184.51  168.7  48.11  14.37  649.61  652.03  0.0 
 5  4  194.81  188.88  49.45  4.98  656.97  658.19  0.0 
 6  3  184.72  167.32  49.52  14.02  659.65  656.03  0.0 
 1  4  159.63  191.41  49.3  7.66  659.32  656.45  0.0 
 2  3  183.67  174.68  48.48  13.75  657.33  654.94  0.0 
 3  2  188.82  195.48  49.72  7.12  657.95  656.87  0.0 
 4  3  184.76  200.18  49.71  5.39  659.6  658.04  0.0 
 5  1  193.07  201.15  50.03  8.01  669.38  670.09  0.0 
 6  4  173.16  187.64  48.23  7.02  658.46  657.18  0.0 
 1  1  187.26  200.17  50.26  9.57  655.29  656.52  0.0 
 2  2  200.47  192.02  50.56  8.07  656.01  654.95  0.0 
 3  4  201.19  192.4  49.24  10.59  658.69  657.52  0.0 
 4  2  179.93  199.95  48.87  7.29  657.77  658.13  0.0 
 5  2  186.13  193.39  48.49  16.73  660.19  654.15  0.0 
 6  2  187.39  196.01  48.94  5.38  659.5  656.29  0.0 
 1  3  196.7  181.95  48.57  5.05  659.09  655.87  0.0 
 2  1  187.12  203.57  50.11  9.45  656.75  654.78  0.0 
 3  1  193.43  203.11  49.87  27.78  658.76  656.61  0.0 
 4  4  198.66  188.12  49.63  8.04  657.82  656.61  0.0 
 5  3  196.6  184.5  48.75  7.11  656.04  655.92  0.0 
 6  1  195.12  188.09  47.78  5.55  651.24  647.32  0.0 
 1  1  185.73  197.29  50.33  11.6  656.06  659.07  0.0 
 2  2  197.66  184.91  49.22  7.71  659.14  655.72  0.2845 
 3  4  194.84  187.79  50.18  56.6  653.53  657.32  0.0 
 4  2  159.4  190.26  48.95  14.48  656.61  660.23  0.0 
 5  2  160.76  187.66  48.78  5.36  655.93  655.71  0.0 
 6  2  166.35  185.33  49.48  7.17  660.02  653.15  0.0 
 1  4  192.79  188.55  49.63  2.79  656.98  656.06  0.0 
 2  3  186.22  194.0  51.16  12.73  659.13  659.03  0.0445 
 3  2  164.01  192.05  49.16  9.94  658.02  657.55  0.148 
 4  3  182.66  175.88  48.48  12.51  660.05  659.05  0.0 
 5  1  152.82  178.98  50.78  26.86  667.41  668.75  0.0 
 6  4  192.45  189.66  51.9  35.38  657.31  653.68  0.0 
 1  2  161.91  190.64  49.31  7.05  655.19  655.86  0.0 
 2  4  192.67  193.94  50.65  6.08  656.63  655.6  0.0199 
 3  3  184.15  174.5  48.87  5.53  657.58  659.36  0.0 
 4  1  182.87  196.04  50.26  9.83  648.74  650.39  0.0 
 5  4  169.58  190.16  49.03  4.38  656.13  657.02  0.0 
 6  3  192.09  196.47  50.34  8.28  659.86  656.72  0.0 
 1  4  186.27  201.62  48.39  10.56  658.23  657.8  0.0 
 2  3  197.16  188.86  48.95  4.33  656.09  657.29  0.0 
 3  2  202.61  196.86  49.52  6.49  660.22  657.46  0.0 
 4  3  186.96  204.51  49.6  9.24  654.5  658.56  0.4881 
 5  1  194.24  207.54  50.09  3.93  669.08  667.76  0.5089 
 6  4  188.41  200.79  48.65  22.81  659.31  657.38  0.0 
 1  1  177.71  197.01  49.77  5.48  657.61  654.91  0.0 
 2  2  197.06  184.83  49.86  15.61  656.36  656.04  0.0 
 3  4  199.86  184.39  49.32  7.08  658.02  658.2  0.0 
 4  2  153.81  193.22  48.99  12.62  658.22  657.39  0.0 
 5  2  163.22  184.31  49.12  10.55  658.26  654.83  0.0 
 6  2  156.08  189.11  49.1  24.56  656.99  657.74  0.0 
 1  2  203.92  190.05  49.98  7.72  658.42  657.12  0.0 
 2  4  194.44  199.78  48.42  7.81  660.84  657.11  0.0 
 3  3  184.9  204.05  49.64  17.43  658.3  659.57  0.065 
 4  1  200.82  186.46  49.16  11.04  666.89  666.96  0.0 
 5  4  201.44  198.83  49.92  8.56  657.49  659.71  0.0 
 6  3  198.3  173.03  49.24  10.51  658.8  656.01  0.0 
 1  1  187.34  198.17  49.36  8.71  656.61  655.37  0.0 
 2  2  190.43  190.0  50.72  53.61  655.68  654.98  0.0 
 3  4  197.43  188.08  49.07  7.0  655.65  652.71  0.0 
 4  2  163.16  193.1  48.72  10.01  654.31  655.39  0.0 
 5  2  171.07  184.04  48.82  6.48  657.52  654.73  0.0 
 6  2  166.34  186.1  48.88  8.46  656.89  654.35  0.0 
 1  1  185.51  172.09  49.17  11.13  657.14  653.43  0.0 
 2  2  169.04  187.8  49.29  7.36  656.9  657.28  0.3153 
 3  4  171.74  188.01  48.61  4.92  659.08  658.72  0.4347 
 4  2  194.94  190.28  49.63  6.88  659.28  658.09  0.5063 
 5  2  196.77  189.08  49.6  8.53  658.04  658.97  0.0 
 6  2  193.44  186.59  50.18  29.0  655.7  655.78  0.0 
 1  1  182.11  191.35  48.88  7.45  658.98  658.3  0.0 
 2  2  168.98  192.91  48.66  22.4  659.27  656.69  0.2835 
 3  4  169.54  190.3  48.75  8.44  657.29  657.35  0.0 
 4  2  193.25  205.26  49.98  18.0  658.45  660.63  0.0 
 5  2  199.34  189.85  50.34  8.92  656.05  658.48  0.0 
 6  2  201.66  193.93  50.62  6.03  659.04  656.09  0.7696 
 1  2  174.61  183.31  48.56  5.49  656.8  656.92  0.0 
 2  4  189.28  191.33  49.62  13.65  659.96  657.0  0.0 
 3  3  184.7  169.98  48.67  6.55  658.17  658.41  0.0301 
 4  1  186.54  190.99  48.95  9.66  649.6  649.31  0.0 
 5  4  172.42  190.59  48.47  9.89  659.22  659.45  0.0 
 6  3  188.88  193.74  50.25  9.6  658.6  654.7  0.0 
 1  2  195.91  186.31  49.35  10.41  654.63  656.22  0.0 
 2  4  161.92  191.52  48.37  13.46  657.06  654.54  0.0 
 3  3  191.32  198.79  48.99  4.96  657.19  657.99  0.0 
 4  1  180.47  173.32  48.14  13.8  647.62  650.22  0.0 
 5  4  196.11  191.08  49.31  6.5  656.86  658.69  0.2261 
 6  3  191.42  179.44  48.26  5.31  660.09  656.93  0.1049 
 1  1  200.38  189.25  48.93  6.45  656.95  656.49  0.0 
 2  2  189.36  196.43  49.07  7.73  656.13  655.92  0.0 
 3  4  201.52  206.31  48.35  6.78  659.28  657.32  0.0 
 4  2  201.95  198.16  49.32  2.23  654.4  658.46  0.0 
 5  2  203.44  191.05  49.29  4.69  655.49  655.59  0.0 
 6  2  205.55  200.21  50.25  15.85  658.27  656.83  0.0 
 1  2  195.43  185.03  49.64  4.97  657.04  656.05  0.0 
 2  4  156.9  191.91  49.22  11.46  659.76  657.34  0.0 
 3  3  186.12  198.02  50.94  27.25  661.97  659.07  0.0 
 4  1  184.84  171.05  48.38  8.87  649.65  650.41  0.0 
 5  4  196.57  188.82  49.79  6.18  656.24  657.45  0.0 
 6  3  190.91  167.77  49.28  12.08  659.89  657.68  0.0 
 1  2  170.01  184.81  48.21  10.87  654.72  659.65  0.0 
 2  4  192.11  192.36  49.42  5.54  656.74  659.32  0.0 
 3  3  182.88  177.83  48.32  16.15  654.34  656.47  0.0 
 4  1  192.04  191.7  49.23  8.52  663.76  668.99  0.0 
 5  4  167.04  189.76  47.83  7.66  656.43  654.97  0.0 
 6  3  188.46  188.91  49.53  6.36  658.14  652.13  0.0 
 1  2  199.76  195.34  49.7  5.2  656.75  657.08  0.0 
 2  4  181.3  199.84  49.15  10.59  655.67  655.53  0.0 
 3  3  193.93  202.41  49.68  71.55  658.45  655.53  0.0 
 4  1  192.48  186.86  48.37  5.15  649.5  648.1  0.0 
 5  4  197.75  195.56  49.35  11.26  656.76  658.95  0.0 
 6  3  199.12  187.73  49.46  7.37  659.27  654.5  0.0 
 1  2  192.9  190.9  50.05  6.64  652.74  658.21  0.6324 
 2  4  162.77  186.73  49.01  8.28  658.6  653.92  0.0 
 3  3  188.11  194.89  49.07  6.66  655.97  658.12  0.0 
 4  1  170.91  167.97  48.88  9.66  646.54  648.02  0.0 
 5  4  192.87  190.1  49.73  9.41  655.2  656.65  0.0 
 6  3  187.08  179.06  49.17  11.51  658.21  653.68  0.0 
 1  4  201.19  190.36  50.87  75.45  656.77  655.13  0.5867 
 2  3  191.62  198.43  50.77  3.0  656.79  655.56  0.2081 
 3  2  183.61  180.19  49.35  78.81  658.62  659.29  0.0 
 4  3  189.48  176.54  48.72  14.29  657.02  656.45  0.0 
 5  1  190.44  186.22  49.72  8.79  666.16  666.83  0.0 
 6  4  199.21  201.87  51.82  120.25  657.02  657.84  0.0 
 1  2  165.07  187.38  48.63  13.11  656.8  656.42  0.0 
 2  4  190.35  190.76  49.83  6.67  656.43  655.98  0.0 
 3  3  188.51  178.01  48.52  9.93  658.23  656.06  0.0 
 4  1  183.37  194.2  48.91  6.32  646.92  646.82  0.0 
 5  4  162.51  190.83  48.46  13.75  656.75  656.91  0.0 
 6  3  192.04  198.68  49.57  8.58  659.05  657.98  0.0 
 1  3  182.54  200.62  49.66  7.55  654.94  656.81  0.0 
 2  1  185.72  167.05  48.74  12.22  658.06  657.73  0.0 
 3  1  175.6  187.07  49.61  318.62  656.98  659.95  0.0 
 4  4  157.85  184.58  48.59  8.27  655.26  656.3  0.0 
 5  4  108.19  333.73  43.09  1110013.75  659.92  657.85  0.0 
 6  1  188.6  196.69  49.19  4.38  653.15  646.44  0.0 
 1  2  164.84  189.73  49.06  6.03  656.75  659.01  0.7376 
 2  4  192.9  192.42  49.46  6.65  657.05  658.02  0.0 
 3  3  180.86  174.52  48.6  6.63  657.23  656.38  0.04 
 4  1  184.99  190.29  49.53  119.45  651.2  649.99  0.0 
 5  4  169.68  190.93  48.56  6.6  658.5  655.94  0.0 
 6  3  187.79  191.38  49.78  6.65  658.57  656.05  0.0 
 1  3  197.49  204.18  49.8  15.55  655.7  656.83  0.3734 
 2  1  197.77  188.25  49.28  7.68  657.73  656.32  0.0 
 3  1  197.72  191.62  48.39  8.68  655.99  657.69  0.0 
 4  4  198.47  204.29  48.39  8.41  655.44  660.95  0.0 
 5  3  191.04  204.63  49.3  5.08  656.1  656.6  0.0 
 6  1  192.76  200.64  48.63  31.03  655.14  651.08  0.0 
 1  1  189.14  169.95  49.17  6.55  654.12  656.07  0.0 
 2  2  166.11  190.72  48.58  8.81  655.86  654.43  0.0 
 3  4  172.11  187.34  48.92  5.75  657.03  659.02  0.0 
 4  2  197.86  193.76  49.69  5.81  656.9  656.78  0.0 
 5  2  198.63  186.5  49.83  6.26  656.86  654.87  0.0 
 6  2  196.76  189.93  51.96  15.41  658.6  656.01  0.0 
 1  2  199.13  196.25  49.96  14.26  657.4  657.61  0.0 
 2  4  194.43  201.58  49.13  7.62  657.67  657.18  0.0 
 3  3  195.77  200.45  49.66  24.26  657.43  657.52  0.0 
 4  1  189.68  191.81  48.69  9.25  648.47  650.76  0.0 
 5  4  200.76  200.99  51.06  88.25  659.93  655.89  0.0 
 6  3  197.33  190.76  48.7  4.11  656.66  655.34  0.0 
 1  2  167.7  192.94  48.95  6.35  655.4  657.98  0.0 
 2  4  194.31  188.16  50.2  4.9  656.78  655.48  0.0484 
 3  3  186.51  174.12  48.2  9.12  657.28  657.39  0.0 
 4  1  182.51  198.22  49.03  9.31  651.85  652.36  0.0 
 5  4  171.03  192.21  48.89  7.61  658.56  657.7  0.0 
 6  3  188.37  195.79  49.68  4.15  657.52  653.46  0.0 
