 2  1  186.54  186.6  48.27  7.15  654.73  655.19  0.0 
 2  1  185.53  194.04  49.58  4.74  656.84  656.2  0.0 
 2  1  195.28  180.38  46.4  133.59  654.67  655.86  0.0 
 2  1  188.34  188.88  49.59  6.4  654.51  656.42  0.0 
 2  1  186.8  194.14  49.88  6.86  653.61  656.22  0.0 
 2  1  189.84  175.88  48.8  13.19  657.68  652.68  0.0 
 2  1  187.53  195.49  49.24  10.39  659.8  653.94  86.0 
 2  1  187.22  196.19  49.11  38.65  658.45  659.45  0.0 
 2  1  183.96  175.92  49.08  8.24  653.99  655.35  0.0 
 2  1  191.91  187.87  48.75  10.03  656.6  660.92  0.0 
 2  1  185.81  183.61  49.15  8.42  662.03  654.36  0.0 
 2  1  186.95  184.06  48.7  13.21  656.37  657.32  0.0 
 2  1  187.99  187.08  49.42  5.22  655.52  652.61  0.0 
 2  1  187.67  184.85  48.32  10.86  658.0  659.72  0.0 
 2  1  189.39  194.25  49.52  11.9  661.38  656.79  0.0 
 2  1  183.76  167.75  49.18  11.4  654.11  656.26  0.0 
 2  1  188.42  176.29  49.07  7.05  655.45  658.19  50.0 
 2  1  183.64  189.59  49.19  13.95  658.49  652.63  0.0 
 2  1  192.38  196.8  48.75  6.64  656.42  655.31  0.0 
 2  1  188.3  193.47  49.33  7.9  662.06  655.04  389.0 
 2  1  196.39  207.74  49.6  4.34  656.85  655.94  0.0 
 2  1  185.1  195.83  49.27  9.53  655.66  654.48  0.0 
 2  1  179.52  171.89  48.58  5.4  656.56  658.33  47.0 
 2  1  188.58  197.75  50.02  10.94  655.86  654.5  0.0 
 2  1  191.63  190.7  48.98  12.12  657.24  657.19  0.0 
 2  1  185.64  195.73  48.67  13.47  660.42  655.9  0.0 
 2  1  185.57  182.21  48.69  10.22  659.7  654.38  132.0 
 2  1  190.27  185.07  49.22  10.7  656.77  653.43  0.0 
 2  1  184.32  182.82  49.25  9.08  656.41  657.75  63.0 
 2  1  186.78  193.48  49.15  15.68  658.5  657.62  0.0 
 2  1  188.27  194.26  49.58  5.49  659.75  654.22  20.0 
 2  1  186.72  192.59  49.29  9.94  659.36  655.15  0.0 
 2  1  191.64  197.66  48.91  7.73  659.49  656.79  0.0 
 2  1  186.56  194.62  49.41  5.11  657.3  659.38  132.0 
 2  1  184.01  194.51  49.49  7.64  659.71  654.44  0.0 
 2  1  185.7  194.47  49.03  8.88  660.67  655.07  20.0 
 2  1  193.22  182.31  49.22  7.96  653.24  654.87  0.0 
 2  1  191.72  197.12  47.69  33.25  654.78  654.13  0.0 
 2  1  197.41  195.79  49.11  9.13  657.41  658.54  0.0 
 2  1  183.55  195.62  49.18  9.55  657.09  658.64  0.0 
 2  1  184.5  193.2  49.95  5.64  658.65  653.19  0.0 
 2  1  183.72  193.1  49.47  9.54  659.26  654.44  117.0 
 2  1  187.77  186.52  48.52  17.89  657.53  659.02  351.0 
 2  1  195.76  183.99  48.9  10.86  659.71  654.0  0.0 
 2  1  186.0  183.02  48.98  5.8  662.7  654.52  0.0 
 2  1  185.79  192.99  49.02  12.71  657.97  655.07  0.0 
 2  1  197.99  197.34  49.83  5.24  657.52  655.86  0.0 
 2  1  186.28  192.7  49.54  9.49  661.29  656.04  0.0 
 2  1  189.45  195.23  49.45  10.13  661.43  654.74  0.0 
 2  1  189.71  195.24  48.26  12.71  660.94  659.79  80.0 
 2  1  188.97  195.29  49.62  8.9  656.08  654.55  0.0 
 2  1  186.83  193.88  49.31  5.61  654.94  659.33  0.0 
 2  1  184.91  183.71  49.02  7.19  658.58  659.34  0.0 
 2  1  185.45  183.22  48.56  11.19  659.95  654.1  0.0 
 2  1  188.34  194.69  49.73  6.28  656.09  652.03  0.0 
 2  1  188.12  194.3  49.42  2.99  660.97  657.78  0.0 
 2  1  186.01  194.12  50.08  6.98  664.13  653.97  0.0 
 2  1  186.99  194.73  49.46  5.6  659.31  653.13  0.0 
 2  1  191.61  185.23  48.61  11.23  658.17  657.87  0.0 
 2  1  190.64  194.43  50.06  9.76  656.38  654.15  0.0 
 2  1  186.0  195.89  49.93  5.57  655.4  655.34  0.0 
 2  1  185.0  192.19  49.57  3.03  660.57  656.13  38.0 
 2  1  184.37  195.13  49.83  24.64  658.02  657.61  0.0 
 2  1  188.65  195.5  49.4  10.64  658.06  656.03  11.0 
 2  1  194.26  196.82  49.59  8.4  656.64  655.63  0.0 
 2  1  188.6  195.4  48.54  10.56  658.58  654.36  0.0 
 2  1  189.62  194.04  49.25  3.81  659.9  655.04  0.0 
 2  1  186.4  193.29  50.29  5.11  656.15  653.9  0.0 
 2  1  186.61  194.73  49.23  10.12  659.1  654.13  0.0 
 2  1  192.57  197.35  49.23  13.89  658.73  658.67  0.0 
 2  1  186.4  199.24  46.99  84.63  654.1  654.7  0.0 
 2  1  188.18  194.85  49.54  5.34  657.14  656.14  0.0 
 2  1  185.08  194.22  49.76  9.11  660.06  654.44  0.0 
 2  1  186.84  190.91  49.41  7.38  659.86  652.81  0.0 
 2  1  183.06  181.93  49.11  4.77  656.54  659.79  76.0 
 2  1  183.79  183.88  49.01  7.74  655.98  657.05  0.0 
 2  1  188.42  192.53  49.38  7.17  658.88  655.76  0.0 
 2  1  185.98  184.22  48.76  9.82  659.78  655.38  0.0 
 2  1  190.63  195.32  49.65  8.77  659.74  658.24  0.0 
 2  1  190.72  197.77  49.28  16.05  660.65  655.51  0.0 
 2  1  191.67  186.2  49.34  5.39  655.74  652.88  0.0 
 2  1  190.61  186.32  49.09  3.86  654.14  657.34  0.0 
 2  1  191.79  185.92  49.74  8.84  659.47  657.36  0.0 
 2  1  188.41  190.4  48.46  7.62  659.35  655.37  0.0 
 2  1  189.54  183.28  49.58  5.95  660.87  655.59  0.0 
 2  1  189.08  184.81  48.91  6.55  655.5  653.93  0.0 
 2  1  185.11  193.58  49.66  11.77  654.84  652.08  0.0 
 2  1  183.34  179.75  49.03  14.26  657.04  657.7  0.0 
 2  1  191.51  190.19  49.12  6.3  658.57  657.61  0.0 
 2  1  189.73  196.47  48.93  9.56  654.57  657.14  47.0 
 2  1  186.96  180.76  48.82  9.31  655.28  656.2  0.0 
 2  1  183.07  182.81  48.93  5.61  656.05  656.97  7.0 
 2  1  187.09  182.16  48.75  6.83  656.65  659.17  31.0 
 2  1  186.19  180.92  48.72  12.39  662.74  656.93  0.0 
 2  1  186.85  183.86  48.93  11.14  655.81  658.29  0.0 
 2  1  184.22  181.79  48.55  11.94  661.98  654.74  0.0 
 2  1  185.84  195.03  49.27  5.12  657.97  658.05  53.0 
 2  1  185.92  196.1  49.67  9.53  656.87  658.64  0.0 
 2  1  184.18  181.29  48.69  6.66  659.88  655.46  0.0 
 2  1  191.94  188.3  48.91  10.43  654.87  655.3  0.0 
 2  1  186.24  195.23  49.46  3.72  659.06  657.99  151.0 
 2  1  184.38  194.5  49.54  33.74  655.25  658.04  0.0 
 2  1  185.6  194.62  49.41  5.38  658.16  653.65  0.0 
 2  1  186.51  195.25  49.81  11.53  653.03  655.54  130.0 
 2  1  186.8  184.67  48.76  7.48  656.66  653.41  0.0 
 2  1  186.8  183.59  48.28  13.86  661.2  655.85  67.0 
 2  1  183.77  183.37  48.52  14.64  657.35  656.79  0.0 
 2  1  188.27  184.67  48.62  4.83  658.91  660.19  0.0 
 2  1  184.99  183.69  49.07  11.46  658.73  657.02  0.0 
 2  1  189.45  185.32  48.97  8.25  654.84  655.98  0.0 
 2  1  188.07  183.47  49.09  19.96  658.05  652.83  0.0 
 2  1  189.81  180.65  48.83  3.88  652.7  656.5  152.0 
 2  1  187.26  181.65  48.87  7.95  661.23  654.64  0.0 
