 1  1  185.03  181.49  48.67  10.76  660.31  653.41  0.0 
 2  2  184.71  187.29  48.67  14.67  657.82  654.61  0.0 
 3  4  181.98  184.56  48.9  5.58  659.94  655.9  0.0 
 4  2  189.22  194.8  49.46  7.5  658.66  657.94  0.0 
 5  2  189.86  189.45  49.42  7.95  657.75  657.13  0.0 
 6  2  188.66  188.0  50.0  3.44  655.81  656.66  0.0455 
 1  4  174.99  190.88  48.98  11.36  658.98  651.0  0.0473 
 2  3  185.81  193.71  49.85  6.69  654.32  652.14  0.0 
 3  2  187.78  194.1  48.92  12.92  658.66  655.55  0.0 
 4  3  182.58  195.72  49.1  9.95  657.97  653.75  0.0558 
 5  1  193.51  200.28  50.05  10.75  663.3  668.47  0.0606 
 6  4  180.7  189.46  48.12  10.07  657.57  654.91  0.0 
 1  2  192.59  196.18  48.48  7.37  656.0  654.68  0.0 
 2  4  190.59  192.47  49.99  13.37  659.38  654.55  0.0 
 3  3  187.08  184.87  48.49  10.45  656.06  659.32  0.0 
 4  1  193.67  194.06  49.26  8.41  651.28  650.48  0.0 
 5  4  180.73  193.14  48.23  12.6  654.93  657.2  0.0 
 6  3  189.46  191.24  49.4  9.14  658.71  652.58  0.0 
 1  2  193.0  191.16  49.58  11.04  656.52  656.03  0.0 
 2  4  177.73  192.04  48.68  8.85  660.71  653.38  0.0 
 3  3  185.81  194.16  48.98  7.89  656.17  658.84  0.0 
 4  1  185.84  182.3  48.42  9.49  652.29  655.34  0.0 
 5  4  190.3  192.35  49.28  5.85  656.6  660.1  0.0 
 6  3  187.79  177.37  49.12  5.53  661.2  652.59  0.0 
 1  2  190.78  191.77  49.31  7.48  654.74  657.75  0.0 
 2  4  175.19  191.93  48.87  6.82  656.25  656.76  0.0 
 3  3  187.2  193.46  49.48  21.81  657.85  657.25  0.0 
 4  1  182.92  182.78  48.31  6.79  647.18  651.25  0.0 
 5  4  193.26  193.28  49.51  10.7  661.06  656.92  0.0 
 6  3  188.83  178.99  48.78  11.38  658.31  654.71  0.0 
 1  3  184.7  192.73  50.06  6.0  655.24  650.66  0.8237 
 2  1  187.98  183.73  48.99  6.64  653.32  653.2  0.0 
 3  1  183.85  181.43  48.92  10.25  656.57  651.58  0.3084 
 4  4  179.29  192.54  48.92  11.6  653.87  651.61  0.0 
 5  3  180.81  187.29  50.63  883.85  653.94  656.08  0.0 
 6  1  188.27  184.09  49.93  303.67  648.19  645.19  0.0 
 1  1  194.41  183.47  49.25  6.46  659.91  654.56  0.0 
 2  2  191.99  190.13  49.35  8.59  657.71  654.47  0.0 
 3  4  185.33  188.44  48.59  7.62  660.17  656.37  0.0 
 4  2  193.05  195.69  50.01  9.52  660.06  657.05  0.0 
 5  2  191.74  190.06  49.82  10.32  655.64  654.82  0.0 
 6  2  191.68  191.04  49.98  16.32  657.04  655.57  0.0 
 1  2  187.38  192.83  52.5  17.32  653.02  654.98  0.0 
 2  4  180.5  192.05  49.4  13.42  652.89  654.33  0.0 
 3  3  189.3  191.84  51.48  14.3  655.63  657.72  0.0 
 4  1  188.88  184.89  48.63  26.38  646.79  651.58  0.0 
 5  4  185.32  196.44  51.76  41.74  657.21  656.41  0.0 
 6  3  188.36  182.88  48.99  18.15  656.98  654.1  0.0 
 1  2  179.65  190.83  48.41  8.15  654.57  656.08  0.0 
 2  4  188.91  191.38  49.37  5.59  660.76  653.6  0.0 
 3  3  187.54  184.69  48.56  10.18  656.2  660.15  0.0 
 4  1  193.42  195.97  49.24  10.88  665.87  666.39  0.0 
 5  4  180.26  192.4  48.37  11.94  656.74  657.91  0.0 
 6  3  188.32  188.98  49.82  8.37  659.9  653.63  0.0 
 1  4  179.28  190.67  48.76  8.29  658.18  658.13  0.0 
 2  3  187.25  183.9  49.1  28.56  654.49  656.7  0.3816 
 3  2  188.3  197.58  48.95  6.82  657.64  655.1  0.0 
 4  3  182.29  196.86  49.43  4.99  655.09  660.64  0.4958 
 5  1  193.69  197.09  49.78  12.36  673.48  667.4  0.0 
 6  4  188.06  196.86  48.86  7.49  657.89  655.59  0.0 
 1  2  179.3  186.97  48.91  15.16  659.05  655.49  0.0 
 2  4  188.3  192.66  49.89  11.27  658.45  655.83  0.0 
 3  3  187.37  183.88  47.88  11.52  661.79  659.95  0.0 
 4  1  183.97  190.6  49.56  7.18  653.19  649.77  0.0 
 5  4  180.07  189.17  48.1  9.0  656.78  654.61  0.0 
 6  3  188.08  188.92  49.63  5.55  658.41  658.04  0.0 
 1  1  186.11  194.52  49.73  6.3  657.36  654.29  0.0 
 2  2  196.28  192.65  49.66  9.17  656.61  656.04  0.0 
 3  4  195.7  186.53  49.08  10.87  658.81  654.1  0.0 
 4  2  179.72  193.68  48.88  7.54  659.09  655.23  0.0 
 5  2  189.97  192.1  48.82  6.83  656.55  657.96  0.0 
 6  2  177.76  190.93  49.11  6.19  655.42  657.46  0.0201 
 1  4  191.8  190.09  49.83  6.79  658.02  656.3  0.0 
 2  3  186.88  195.35  50.5  10.05  660.16  655.66  0.0 
 3  2  180.41  195.33  49.18  8.47  654.84  658.46  0.2441 
 4  3  192.99  189.45  49.28  5.25  659.11  660.15  0.0 
 5  1  198.55  191.03  49.78  10.83  669.16  670.33  0.0 
 6  4  193.53  191.64  49.69  11.42  660.92  652.85  0.0 
 1  2  192.27  189.81  49.15  6.38  661.48  653.34  0.0597 
 2  4  188.79  200.13  49.0  5.26  658.99  659.99  0.0 
 3  3  183.15  195.9  49.81  7.28  660.25  654.28  0.0 
 4  1  185.17  184.06  48.06  7.81  653.84  651.52  0.0 
 5  4  192.43  197.99  49.47  6.82  656.37  658.35  0.0 
 6  3  191.61  170.67  49.09  8.39  657.29  656.37  0.0 
 1  4  187.87  191.71  49.83  6.15  655.84  657.1  0.0 
 2  3  186.04  194.97  50.11  13.17  655.05  657.58  0.0 
 3  2  200.4  199.56  48.64  5.17  656.93  656.09  0.0 
 4  3  184.78  185.99  48.77  8.38  657.17  659.68  0.0 
 5  1  193.33  189.6  49.45  4.99  670.35  666.94  0.0 
 6  4  194.34  201.36  49.4  4.31  659.05  656.49  0.0 
 1  2  177.35  183.21  48.56  10.42  657.84  659.75  0.0 
 2  4  184.8  192.22  49.88  8.44  657.36  656.65  0.2067 
 3  3  184.91  181.19  48.62  5.5  659.96  657.35  0.0 
 4  1  182.6  191.36  49.03  9.87  652.11  656.97  0.0 
 5  4  178.43  188.57  48.73  18.05  663.48  657.18  0.0 
 6  3  188.76  188.58  49.67  9.86  659.61  656.37  0.0 
 1  3  186.59  181.57  48.85  7.64  660.64  655.67  0.182 
 2  1  192.65  195.81  49.51  8.46  657.14  656.38  0.1 
 3  1  185.51  193.28  49.46  8.7  659.66  656.13  0.0 
 4  4  191.49  186.2  49.57  5.54  659.64  657.98  0.0 
 5  3  193.96  192.46  48.99  10.47  659.38  657.21  0.0 
 6  1  186.69  184.4  48.77  6.79  652.5  654.56  0.0 
 1  4  176.29  192.04  49.04  6.95  655.01  657.75  0.2317 
 2  3  184.79  185.37  49.06  7.15  654.55  656.56  0.4568 
 3  2  190.71  195.26  48.86  7.89  658.17  656.41  0.0 
 4  3  183.49  195.29  49.16  12.56  655.64  657.97  0.0 
 5  1  192.49  198.87  49.76  10.48  669.68  667.15  0.1545 
 6  4  181.64  192.81  48.57  5.78  657.59  656.52  0.0566 
 1  4  180.2  187.94  48.86  7.22  657.13  655.78  0.0 
 2  3  182.91  183.37  49.17  6.28  660.62  654.52  0.0 
 3  2  184.02  195.73  49.01  8.33  655.62  659.63  0.0 
 4  3  185.85  196.91  49.64  7.14  657.56  660.44  0.0 
 5  1  191.35  199.0  49.92  7.42  666.16  671.5  0.0 
 6  4  180.97  189.73  48.35  9.85  663.15  653.19  0.0 
 1  3  188.82  193.87  49.82  7.79  654.62  652.18  0.0 
 2  1  195.56  184.56  49.7  7.4  652.86  654.54  0.0 
 3  1  191.01  185.19  49.01  7.07  655.92  653.95  0.0 
 4  4  185.67  191.78  49.33  5.79  654.88  653.65  0.0 
 5  3  189.7  196.26  49.92  10.56  655.46  655.81  0.0 
 6  1  186.92  191.33  49.46  14.7  651.53  650.57  0.0 
 1  2  173.17  193.68  48.93  4.32  656.53  652.89  0.0 
 2  4  189.78  191.74  50.6  14.31  654.65  654.53  0.0 
 3  3  192.63  182.64  48.88  5.54  655.76  653.1  0.0 
 4  1  182.99  195.98  49.3  28.69  647.66  646.1  0.0 
 5  4  172.47  197.19  48.75  8.66  655.46  655.16  0.0 
 6  3  189.47  191.32  51.45  41.31  654.42  654.35  0.0 
 1  1  183.9  183.72  48.72  6.68  655.38  657.54  0.0608 
 2  2  182.57  185.98  48.92  4.42  656.88  657.73  0.0 
 3  4  193.12  191.77  48.72  9.92  655.49  655.22  0.0 
 4  2  188.83  192.79  49.18  11.06  657.7  657.89  0.0 
 5  2  190.94  189.74  49.36  9.45  658.8  655.91  0.0 
 6  2  191.62  195.73  49.85  8.3  656.37  654.66  0.0 
 1  3  187.0  193.99  49.8  8.52  659.79  656.77  0.0 
 2  1  186.29  191.3  48.84  9.94  657.9  655.81  0.0 
 3  1  186.45  184.55  48.58  7.88  661.42  658.25  0.0 
 4  4  178.93  189.54  48.55  10.45  658.45  657.74  0.0 
 5  3  189.94  192.98  49.5  7.76  657.63  659.75  0.0 
 6  1  185.42  192.97  49.09  8.16  655.29  651.65  0.0 
 1  4  180.39  191.03  48.96  4.93  654.73  658.47  0.0 
 2  3  179.61  175.21  48.74  6.36  656.43  659.75  0.0 
 3  2  189.26  197.79  49.07  11.64  657.64  655.76  0.0 
 4  3  185.58  195.57  49.77  8.05  653.78  659.91  0.0 
 5  1  186.84  195.29  50.41  10.51  669.44  663.38  0.0 
 6  4  186.96  197.86  48.44  6.25  658.65  656.52  0.0606 
 1  3  187.86  193.66  50.04  7.05  656.66  653.01  0.0 
 2  1  192.66  188.53  49.27  4.58  655.16  655.74  0.0 
 3  1  194.52  187.13  48.83  4.59  655.43  655.09  0.0 
 4  4  183.31  187.27  49.19  4.11  656.24  654.59  0.0 
 5  3  190.99  192.62  49.71  15.35  655.12  655.09  0.0 
 6  1  187.8  192.11  49.61  30.54  650.52  651.62  0.0 
 1  3  186.11  193.91  49.98  6.82  658.51  656.57  0.0451 
 2  1  182.11  182.45  49.2  11.11  659.43  653.32  0.0 
 3  1  186.56  186.51  48.59  8.83  657.1  661.35  0.0 
 4  4  179.74  189.42  48.56  5.79  656.9  658.14  0.0 
 5  3  186.64  192.46  49.14  15.34  654.23  658.11  0.0 
 6  1  187.89  191.9  48.73  7.64  654.61  650.38  0.0 
 1  3  188.96  189.08  49.55  4.09  655.25  654.2  0.0 
 2  1  182.61  195.53  51.05  10.96  656.38  651.14  0.0 
 3  1  187.7  196.42  50.12  39.61  653.62  661.18  0.0 
 4  4  190.55  193.14  50.61  13.94  653.89  655.17  0.0 
 5  3  188.86  180.24  48.93  8.79  652.76  657.44  0.0 
 6  1  187.96  176.3  48.03  9.24  651.05  644.25  0.0 
 1  3  190.71  193.47  48.71  4.84  659.27  657.42  0.0 
 2  1  183.81  194.03  49.73  10.15  660.13  654.45  0.0 
 3  1  186.0  193.86  49.17  8.77  655.29  658.76  0.0 
 4  4  193.18  191.68  49.48  4.14  657.06  658.59  0.0 
 5  3  187.23  180.99  48.52  7.76  657.56  660.64  0.0 
 6  1  184.25  182.15  48.25  11.3  659.97  650.8  0.0 
 1  3  189.74  196.18  49.9  9.03  657.65  655.86  0.0 
 2  1  186.82  183.76  48.83  7.85  660.32  652.48  0.0 
 3  1  187.58  183.55  48.38  15.02  653.63  657.15  0.0 
 4  4  180.91  190.92  48.62  4.96  656.14  656.71  0.0 
 5  3  189.16  195.31  49.09  3.44  652.75  658.03  0.0 
 6  1  187.11  193.94  48.69  4.76  656.19  647.83  0.0 
 1  3  185.9  195.74  49.82  6.69  658.21  655.67  0.0 
 2  1  187.69  181.56  49.0  5.4  659.61  656.52  0.0 
 3  1  191.24  188.29  48.71  14.13  657.71  662.8  0.0 
 4  4  183.95  193.87  49.08  13.01  657.81  657.27  0.0 
 5  3  185.08  194.89  49.8  14.41  654.52  662.09  0.0 
 6  1  184.46  193.85  49.1  7.25  653.15  646.41  0.0 
 1  4  190.47  191.65  49.3  8.09  662.59  656.73  0.0 
 2  3  188.15  194.16  50.08  14.45  659.55  656.59  0.2576 
 3  2  178.44  190.87  48.85  7.15  658.74  657.3  0.066 
 4  3  183.56  184.13  48.84  6.31  659.02  656.5  0.0 
 5  1  193.02  188.87  49.34  7.47  670.55  670.15  0.0 
 6  4  191.95  191.25  48.98  6.55  660.6  657.47  0.0 
 1  3  185.17  194.36  49.99  6.15  655.71  657.44  0.1382 
 2  1  189.74  188.09  49.31  4.7  656.14  658.97  0.0 
 3  1  191.15  186.26  49.03  8.73  657.6  655.77  0.0 
 4  4  179.96  187.39  49.09  26.47  655.63  660.01  0.0 
 5  3  188.85  190.32  49.74  7.8  659.11  654.85  0.0 
 6  1  185.34  193.6  49.67  18.26  654.37  651.49  0.0 
 1  1  186.71  184.48  48.74  11.68  655.65  656.44  0.0 
 2  2  180.76  185.72  48.92  14.03  660.36  653.75  0.0 
 3  4  180.76  189.55  48.67  8.46  656.29  660.86  0.0 
 4  2  188.6  195.29  49.37  10.99  658.06  659.06  0.0 
 5  2  190.63  189.24  49.34  11.28  655.7  659.13  0.0 
 6  2  191.23  185.41  49.8  2.98  660.0  652.75  0.0 
 1  3  189.28  186.66  49.06  6.49  657.95  653.57  0.0629 
 2  1  189.66  193.66  49.36  24.91  655.72  653.09  0.0 
 3  1  190.34  197.41  49.37  22.07  658.6  657.1  0.0 
 4  4  194.14  189.77  49.4  11.75  658.99  654.59  0.0 
 5  3  192.67  191.6  48.98  13.79  656.57  655.64  0.0 
 6  1  196.01  187.71  48.53  16.03  652.26  651.74  0.0 
 1  3  187.78  194.74  49.64  6.32  654.52  654.43  0.0 
 2  1  190.51  188.67  49.57  7.7  656.19  651.27  0.0 
 3  1  192.22  185.62  48.62  6.55  654.31  656.56  0.0 
 4  4  184.61  194.29  49.02  10.8  654.74  654.28  0.0 
 5  3  189.36  195.07  49.46  5.13  654.94  656.19  0.0 
 6  1  185.32  193.26  49.07  8.66  648.79  643.9  0.0 
 1  4  177.01  192.59  49.14  4.45  657.31  657.33  0.1166 
 2  3  186.59  184.11  49.27  19.28  659.95  654.08  0.0 
 3  2  184.64  195.15  49.47  161.23  656.45  660.68  0.0 
 4  3  186.05  196.77  49.5  5.27  657.29  658.1  0.0 
 5  1  192.03  196.41  50.53  89.16  666.02  668.67  0.0 
 6  4  179.46  191.89  48.23  10.65  661.68  653.75  0.0 
 1  3  183.46  184.59  48.59  11.55  657.52  656.56  0.0 
 2  1  186.91  193.74  49.72  6.28  659.73  654.92  0.0 
 3  1  186.98  194.95  49.03  5.61  656.28  660.39  0.0 
 4  4  190.23  189.26  49.4  5.51  658.8  657.94  0.0 
 5  3  184.84  183.92  48.75  6.11  654.75  661.88  0.5904 
 6  1  184.87  183.65  48.56  6.35  657.37  649.87  0.0 
 1  2  182.13  191.95  49.38  11.01  655.95  654.35  0.0 
 2  4  188.48  191.71  50.58  11.69  658.34  651.78  0.0 
 3  3  191.74  185.75  49.49  10.43  655.39  658.15  0.0 
 4  1  184.87  190.88  50.87  19.71  648.9  647.96  0.0 
 5  4  178.51  193.41  49.3  18.65  654.6  658.07  0.0 
 6  3  188.68  191.96  52.26  31.06  658.62  652.52  0.0 
 1  1  184.63  193.09  50.16  9.55  663.63  653.66  0.0 
 2  2  196.15  191.02  50.81  33.18  658.01  657.29  0.0 
 3  4  194.68  186.36  49.62  8.48  661.24  657.57  0.0 
 4  2  176.89  195.33  49.11  8.99  661.29  657.45  0.0 
 5  2  194.43  194.68  48.87  20.06  660.24  660.43  0.0 
 6  2  174.98  191.42  49.83  7.42  658.18  661.08  0.0 
 1  4  179.95  193.04  49.5  9.17  654.7  654.95  0.0 
 2  3  190.69  186.41  49.93  9.63  657.41  652.67  0.0 
 3  2  186.94  194.04  49.87  11.35  651.56  654.89  0.0 
 4  3  184.97  196.7  50.0  13.2  653.42  655.59  0.0 
 5  1  191.1  197.92  50.58  12.76  661.21  666.62  0.0 
 6  4  182.5  194.18  48.88  5.34  659.34  652.47  0.0 
 1  2  190.97  188.69  50.07  10.79  657.6  657.88  0.3442 
 2  4  177.19  189.45  48.74  12.26  662.77  656.94  0.1637 
 3  3  185.4  192.47  49.71  8.51  656.97  660.37  0.0 
 4  1  191.91  180.52  48.88  5.15  666.99  668.1  0.0 
 5  4  188.74  192.25  49.82  7.63  658.18  658.45  0.0 
 6  3  184.82  176.98  49.54  12.87  660.65  655.69  0.0 
 1  2  186.07  193.94  49.52  5.8  653.36  653.5  0.0 
 2  4  184.12  189.46  50.86  6.95  656.31  651.85  0.0 
 3  3  187.77  194.2  49.63  7.61  653.73  655.29  0.0 
 4  1  188.25  190.92  49.85  4.41  650.01  648.97  0.0 
 5  4  177.37  198.99  49.06  2.2  653.27  656.9  0.0 
 6  3  200.25  177.74  49.52  13.62  659.29  650.45  0.0 
 1  3  187.51  195.36  50.15  10.42  653.5  655.78  0.0 
 2  1  188.88  183.97  49.76  7.2  653.31  655.8  0.0 
 3  1  192.83  186.76  48.82  5.35  654.86  660.81  0.0 
 4  4  180.77  194.19  48.89  14.39  652.15  656.83  0.4837 
 5  3  186.28  187.22  49.69  14.94  654.79  654.11  0.4484 
 6  1  185.62  191.29  49.66  37.32  649.15  646.56  0.0 
 1  4  179.22  191.3  48.75  6.48  654.21  659.13  0.0 
 2  3  185.07  184.01  48.6  5.77  654.86  657.95  0.0 
 3  2  189.2  193.88  49.1  10.37  657.44  656.1  0.0 
 4  3  185.92  194.65  49.3  7.66  655.9  655.99  0.0 
 5  1  193.65  197.42  49.93  7.0  670.16  668.86  0.0 
 6  4  180.61  193.44  48.28  9.93  657.66  653.55  0.1026 
 1  4  189.61  190.23  49.69  5.96  655.14  658.59  0.0 
 2  3  185.91  193.38  49.7  6.31  655.33  657.06  0.0 
 3  2  180.53  195.52  48.84  8.19  658.0  660.48  0.0 
 4  3  184.86  183.94  49.04  4.0  657.01  662.94  0.0 
 5  1  192.28  189.06  49.24  16.64  672.51  667.5  0.0 
 6  4  191.34  192.93  48.93  7.8  657.3  655.25  0.284 
 1  2  185.0  193.2  49.58  11.77  654.13  652.02  0.0 
 2  4  186.45  198.89  51.47  15.83  656.03  654.86  0.0 
 3  3  188.22  188.05  48.97  9.34  654.89  652.5  0.0 
 4  1  188.63  190.97  51.12  26.76  648.89  646.97  0.0 
 5  4  193.62  195.23  49.02  9.86  655.09  655.63  0.0 
 6  3  192.63  188.46  52.85  15.17  655.41  654.33  0.0 
 1  2  192.07  190.1  49.49  3.9  658.88  653.77  0.2852 
 2  4  194.52  200.45  48.89  8.53  657.22  655.74  0.0708 
 3  3  183.6  194.55  49.1  12.04  660.1  655.65  0.0 
 4  1  182.57  185.53  48.51  12.65  652.74  651.14  0.0 
 5  4  196.32  199.62  49.64  8.92  656.66  655.2  0.0 
 6  3  189.26  171.38  48.91  10.5  656.68  656.16  0.2549 
 1  3  194.69  193.64  49.5  6.06  653.22  656.48  0.0 
 2  1  189.43  191.46  51.29  11.4  653.53  654.69  0.0 
 3  1  191.51  193.18  50.9  17.33  656.01  652.83  0.0 
 4  4  189.1  190.57  51.05  12.09  650.85  653.79  0.0 
 5  3  193.03  184.55  49.22  7.61  655.74  653.81  0.0 
 6  1  187.95  194.93  48.95  9.28  652.54  651.93  0.0 
 1  1  189.25  179.67  48.7  9.87  662.23  656.0  0.0 
 2  2  197.67  190.47  48.63  5.12  658.88  656.04  0.0 
 3  4  182.29  188.42  48.75  4.12  662.53  654.48  0.0 
 4  2  191.9  191.41  49.34  3.58  658.77  656.7  0.0 
 5  2  192.15  192.1  49.44  10.32  657.84  657.7  0.0 
 6  2  189.81  184.34  49.75  12.25  655.0  658.63  0.0 
 1  1  198.96  196.37  49.72  5.59  657.83  656.76  0.0 
 2  2  196.17  181.61  49.68  11.41  659.24  653.14  0.0 
 3  4  195.17  189.83  48.84  8.35  658.45  659.87  0.0 
 4  2  200.34  201.38  48.83  6.86  657.56  658.3  0.0 
 5  2  172.47  194.45  48.86  6.02  657.4  658.59  0.0 
 6  2  176.91  185.29  49.41  5.59  662.07  654.23  0.0 
 1  3  183.94  189.92  50.45  13.16  653.17  656.32  0.0 
 2  1  194.98  183.73  49.34  11.78  653.26  653.25  0.0 
 3  1  189.52  188.05  48.58  4.66  656.13  658.39  0.0 
 4  4  175.95  187.89  49.26  5.38  653.12  656.15  0.0 
 5  3  186.01  194.78  49.9  12.42  656.07  655.26  0.0 
 6  1  185.2  191.13  49.43  7.29  649.18  646.23  0.0 
 1  3  186.94  183.86  48.84  4.16  656.4  658.95  0.0683 
 2  1  186.69  194.78  49.71  4.93  658.92  657.27  0.0 
 3  1  187.71  195.87  49.19  7.39  658.78  659.27  0.0 
 4  4  191.95  187.96  49.67  4.92  656.99  659.13  0.0 
 5  3  187.52  184.48  48.59  12.31  659.62  656.4  0.0 
 6  1  187.65  184.74  48.49  8.18  655.81  653.46  0.0 
 1  3  185.4  193.74  49.56  7.09  662.73  656.82  0.0 
 2  1  187.33  184.44  48.98  8.54  659.7  657.36  0.0 
 3  1  187.68  182.31  48.59  12.66  663.24  657.45  0.0 
 4  4  179.96  188.74  48.62  9.96  662.62  657.81  0.0 
 5  3  190.43  194.03  49.46  8.92  659.57  659.17  0.0 
 6  1  185.65  192.89  48.96  3.91  655.37  654.68  0.0 
 1  1  185.92  194.39  49.71  3.41  659.94  657.5  0.4327 
 2  2  196.64  192.38  50.2  7.61  659.96  657.45  0.0 
 3  4  193.55  186.65  49.25  4.87  659.32  657.25  0.0 
 4  2  178.78  193.91  48.58  10.81  659.74  657.07  0.0 
 5  2  192.49  192.54  48.85  10.43  657.45  657.19  0.0 
 6  2  174.31  188.76  49.56  10.15  659.48  658.75  0.0 
 1  2  191.28  187.92  50.05  10.1  656.7  658.81  0.0 
 2  4  173.21  191.93  49.12  11.63  656.8  657.78  0.0 
 3  3  193.1  194.78  49.85  6.95  658.28  658.85  0.0 
 4  1  183.89  183.74  48.55  7.21  649.55  657.01  0.0 
 5  4  191.46  194.54  49.68  7.08  660.33  657.07  0.0 
 6  3  189.93  191.66  49.83  6.67  659.83  655.42  0.0 
 1  3  185.83  185.22  48.65  12.89  656.17  659.57  0.4099 
 2  1  186.4  193.58  49.54  4.12  656.94  659.44  0.0 
 3  1  198.71  196.96  49.39  4.0  656.65  658.27  0.0 
 4  4  191.06  189.76  49.56  5.5  656.07  662.1  0.0786 
 5  3  188.75  180.67  49.0  4.33  658.0  655.72  0.4148 
 6  1  194.79  199.41  48.58  5.69  657.42  655.5  0.0 
 1  1  187.45  194.43  49.22  13.97  661.04  656.68  0.4901 
 2  2  194.71  189.92  49.49  9.73  658.02  658.13  0.0 
 3  4  194.23  189.36  49.13  9.19  661.15  656.41  0.0564 
 4  2  178.22  193.57  48.77  7.22  662.01  655.25  0.0 
 5  2  181.83  188.96  49.0  7.38  658.83  655.99  0.0 
 6  2  177.07  187.99  49.09  12.08  656.79  659.47  0.0 
 1  3  187.51  184.78  48.6  7.37  657.16  656.27  0.0428 
 2  1  184.02  192.57  50.03  5.49  656.8  651.09  0.4952 
 3  1  185.95  195.51  49.07  6.77  655.53  658.25  0.0 
 4  4  192.37  189.3  49.77  14.02  656.69  656.94  0.0 
 5  3  188.02  184.82  48.74  4.8  658.28  660.74  0.7834 
 6  1  188.7  182.62  48.63  4.99  656.72  649.5  0.5533 
 1  3  190.35  195.93  49.94  3.54  656.61  656.9  0.0521 
 2  1  190.13  183.2  49.35  10.71  662.29  652.23  0.0 
 3  1  189.43  185.24  48.79  4.09  655.42  665.05  0.0 
 4  4  191.11  192.28  48.48  7.81  656.24  657.78  0.0 
 5  3  186.54  194.12  49.69  10.25  656.03  659.55  0.0 
 6  1  182.73  193.59  49.31  7.8  653.18  647.63  0.0 
 1  2  179.83  188.56  48.67  14.98  658.71  653.35  0.0 
 2  4  189.32  196.3  49.67  4.28  656.15  655.52  0.0 
 3  3  188.27  183.11  48.66  6.59  661.51  655.94  0.1618 
 4  1  185.14  192.88  48.99  9.3  655.13  652.28  0.0 
 5  4  191.38  194.91  48.9  7.46  657.09  657.78  0.0 
 6  3  186.4  191.9  50.65  322.85  656.33  657.15  0.0 
 1  4  178.17  189.63  49.04  5.24  660.65  657.79  0.0 
 2  3  186.66  183.07  49.05  10.2  657.26  656.49  0.092 
 3  2  186.14  193.67  48.95  5.11  659.93  656.27  0.0 
 4  3  184.99  193.88  49.13  9.86  658.93  655.4  0.0 
 5  1  193.34  198.36  50.27  7.15  670.2  670.91  0.0 
 6  4  183.23  191.2  48.59  9.5  657.41  658.44  0.0 
 1  4  178.12  190.05  48.92  7.47  656.86  654.98  0.0 
 2  3  191.38  193.99  48.4  7.19  657.42  655.39  0.1539 
 3  2  188.62  191.86  49.58  216.07  656.85  653.95  0.0 
 4  3  184.47  195.53  49.41  8.88  656.65  655.74  0.2232 
 5  1  201.96  201.3  50.04  5.42  668.43  668.02  0.0 
 6  4  174.12  191.04  48.3  9.32  655.95  654.93  0.0 
 1  2  178.1  188.8  48.99  7.51  656.07  659.84  0.0549 
 2  4  187.02  194.98  49.93  5.79  657.79  660.56  0.0 
 3  3  188.69  184.7  48.85  125.38  658.01  656.73  0.0 
 4  1  183.36  190.58  49.26  7.73  649.16  652.16  0.0 
 5  4  179.68  192.92  48.65  10.01  661.45  658.13  0.0 
 6  3  188.85  191.17  49.58  8.75  659.19  657.44  0.0247 
 1  4  191.28  190.23  49.45  8.53  657.12  658.5  0.0 
 2  3  187.97  191.51  49.4  7.07  657.84  659.23  0.0 
 3  2  173.5  192.26  48.8  8.07  656.64  659.38  0.0 
 4  3  185.37  187.26  48.85  11.41  656.78  663.04  0.0 
 5  1  188.35  187.47  50.17  16.32  668.46  665.42  0.0 
 6  4  190.04  193.97  49.33  7.32  658.27  657.61  0.0 
 1  3  183.26  194.2  50.12  9.23  653.72  654.57  0.0751 
 2  1  193.89  180.18  49.35  11.73  653.97  653.64  0.058 
 3  1  193.7  196.95  48.78  20.75  655.51  655.03  0.2232 
 4  4  176.34  189.7  49.06  5.75  653.11  655.5  0.0 
 5  3  186.47  193.62  49.81  15.51  654.53  652.38  0.0 
 6  1  195.97  194.18  49.87  18.76  651.23  648.35  0.0 
 1  4  178.5  195.43  49.22  4.43  655.47  658.47  0.2255 
 2  3  191.27  187.25  49.82  12.56  656.24  658.79  0.7534 
 3  2  186.84  195.5  49.62  6.58  657.79  657.81  0.0 
 4  3  184.69  196.14  49.71  3.55  656.01  658.71  0.0 
 5  1  192.59  199.05  50.57  13.88  670.4  667.52  0.0 
 6  4  182.08  193.71  48.73  6.37  658.71  657.18  0.0 
 1  3  184.98  194.03  50.56  7.88  664.16  658.53  0.0 
 2  1  192.48  183.75  49.83  5.71  659.78  657.43  0.0 
 3  1  188.5  179.84  48.83  20.25  662.41  658.46  0.9391 
 4  4  184.14  188.72  48.89  13.22  661.92  656.39  0.0 
 5  3  188.17  195.39  49.72  9.57  656.58  660.94  0.0 
 6  1  183.14  193.54  48.65  7.44  650.87  650.94  0.0 
 1  2  180.09  188.94  48.53  10.96  657.96  658.55  0.0 
 2  4  185.5  191.56  49.7  5.54  659.74  654.6  0.0 
 3  3  181.09  183.42  48.58  8.91  658.65  659.26  0.0 
 4  1  182.88  194.33  49.14  13.05  654.46  655.96  0.0 
 5  4  178.96  188.63  48.93  5.61  656.42  659.26  0.0 
 6  3  187.02  187.92  49.26  9.74  663.1  655.42  0.6205 
 1  4  180.98  196.41  48.98  6.19  651.89  654.18  0.2846 
 2  3  189.33  187.21  49.71  7.81  653.69  656.16  0.0 
 3  2  189.9  196.7  49.9  11.02  655.17  654.11  0.0 
 4  3  187.05  197.14  49.82  3.18  653.06  654.9  0.0 
 5  1  191.9  199.42  50.4  10.99  668.44  664.84  0.443 
 6  4  195.7  196.79  49.22  6.53  656.23  653.83  0.0 
 1  4  191.51  196.73  48.9  4.44  657.14  655.27  0.0 
 2  3  189.47  180.88  48.69  8.22  658.8  651.19  0.0 
 3  2  188.83  195.16  49.05  5.61  658.2  660.48  0.2351 
 4  3  193.32  198.87  49.63  7.93  657.24  655.26  0.0 
 5  1  192.09  199.02  50.22  5.4  666.35  673.98  0.0 
 6  4  182.93  192.25  48.28  7.16  661.14  652.91  0.0 
 1  2  182.5  189.33  49.57  6.3  659.89  654.29  0.0 
 2  4  188.31  197.24  50.12  6.68  657.87  655.58  0.0 
 3  3  194.43  187.06  49.13  6.77  663.05  656.94  0.0 
 4  1  186.29  190.53  49.69  4.68  655.91  650.19  0.0 
 5  4  193.26  198.81  49.36  9.28  659.15  658.62  0.0 
 6  3  188.41  189.34  49.83  8.8  656.5  658.37  0.0 
 1  3  189.41  195.81  49.84  7.02  658.51  657.67  0.0 
 2  1  185.11  182.7  49.22  4.8  660.23  655.93  0.0 
 3  1  184.01  180.37  48.76  5.21  657.91  658.14  0.0 
 4  4  188.23  191.07  48.84  7.37  659.4  658.22  0.0 
 5  3  186.77  191.79  49.44  8.19  655.05  659.63  0.0 
 6  1  186.0  193.16  49.13  11.19  661.17  653.61  0.0 
 1  4  189.42  193.73  49.91  8.51  655.9  660.5  0.0 
 2  3  189.34  196.55  50.65  4.2  657.19  660.52  0.3092 
 3  2  180.56  198.35  49.1  11.38  661.41  658.12  0.0 
 4  3  189.16  191.17  49.25  6.73  658.68  662.08  0.0 
 5  1  198.1  193.28  49.6  12.08  673.18  672.3  0.2277 
 6  4  193.22  192.85  49.84  7.15  660.62  655.08  0.0 
 1  2  192.22  188.77  50.24  9.05  655.63  652.65  0.0 
 2  4  175.57  193.53  49.46  10.32  653.38  651.91  0.0 
 3  3  186.73  195.01  49.25  15.88  657.67  654.43  0.0 
 4  1  186.18  184.41  48.37  9.46  648.93  646.61  0.0 
 5  4  192.5  190.25  49.51  9.38  655.83  656.12  0.0 
 6  3  190.33  184.71  49.2  7.29  656.0  653.96  0.0 
 1  1  184.31  194.25  50.17  10.32  655.32  652.45  0.0 
 2  2  194.5  191.76  51.03  4.18  655.93  654.88  0.0 
 3  4  196.25  186.17  50.08  15.99  656.51  656.14  0.0 
 4  2  173.81  200.62  48.9  11.27  654.4  653.94  0.0 
 5  2  185.3  194.01  48.32  11.78  656.9  657.58  0.0 
 6  2  180.02  190.06  49.83  3.73  655.0  654.25  0.0 
 1  4  189.87  190.13  49.64  4.2  659.29  657.09  0.0 
 2  3  191.81  194.11  49.34  11.23  657.58  656.51  0.0 
 3  2  175.94  192.79  48.66  10.47  660.42  656.57  0.0 
 4  3  184.42  185.66  48.82  9.76  658.95  657.79  0.1244 
 5  1  199.17  199.19  49.15  11.74  670.57  670.12  0.0 
 6  4  190.16  193.78  49.12  7.55  660.96  657.99  0.0 
 1  3  187.83  183.08  48.55  17.73  660.6  656.79  0.0 
 2  1  185.86  193.76  49.61  4.36  656.7  656.08  0.0 
 3  1  188.06  193.27  49.05  7.14  661.84  658.15  0.0 
 4  4  189.93  188.92  49.69  3.18  659.17  657.56  0.0 
 5  3  188.26  185.17  48.61  9.56  657.9  660.63  0.0 
 6  1  184.99  182.32  48.21  10.21  652.3  653.05  0.0 
 1  3  190.68  186.43  48.67  8.95  653.0  656.33  0.0 
 2  1  186.63  195.4  49.58  6.65  653.59  656.72  0.0 
 3  1  191.19  193.13  49.61  4.96  655.09  654.31  0.0 
 4  4  191.1  190.11  49.42  14.89  652.41  656.73  0.0 
 5  3  189.28  185.88  49.03  8.69  657.13  652.07  0.0 
 6  1  186.78  190.58  48.04  7.57  649.58  646.96  0.0 
 1  1  184.36  193.76  50.11  5.85  658.24  656.28  0.0 
 2  2  195.62  188.49  49.62  12.79  656.97  655.85  0.0 
 3  4  195.41  192.61  49.5  3.06  661.07  656.37  0.0 
 4  2  181.09  197.11  49.36  6.61  661.17  658.24  0.0 
 5  2  179.42  187.64  48.98  8.69  656.58  655.62  0.0 
 6  2  180.89  185.85  49.52  2.87  654.61  656.35  0.0 
 1  2  181.05  188.51  49.04  7.32  662.05  655.86  0.0 
 2  4  190.87  195.15  49.62  5.65  656.75  654.84  0.0 
 3  3  186.29  182.39  49.13  9.62  661.5  657.28  0.0 
 4  1  183.95  193.04  49.06  18.97  655.17  651.71  0.4494 
 5  4  191.18  196.56  48.71  7.74  660.55  660.13  0.0 
 6  3  186.59  189.38  49.78  11.4  659.36  658.06  0.2991 
 1  1  185.33  193.93  49.79  5.57  655.16  651.82  0.6606 
 2  2  195.52  192.44  50.63  11.27  655.7  653.85  0.0 
 3  4  193.49  187.15  49.39  7.14  656.15  652.02  0.0 
 4  2  178.96  196.27  48.8  6.78  656.9  653.02  0.0 
 5  2  190.1  190.41  49.2  7.58  654.08  654.09  0.0 
 6  2  180.37  191.3  49.02  4.0  655.0  654.73  0.3961 
 1  1  189.49  194.14  49.4  6.43  656.7  657.36  0.0 
 2  2  181.34  184.83  49.33  7.38  659.08  653.83  0.0 
 3  4  187.62  190.96  48.7  6.98  658.41  661.41  0.0 
 4  2  191.11  199.11  50.45  17.14  658.6  658.63  0.0 
 5  2  189.92  187.81  50.01  46.38  656.63  658.93  0.0 
 6  2  190.37  186.65  50.08  11.12  660.85  653.87  0.0 
 1  1  188.75  196.69  49.88  5.96  656.94  655.04  0.0 
 2  2  193.59  187.49  49.76  11.45  657.7  652.51  0.0 
 3  4  192.83  185.4  48.92  15.87  658.59  659.41  0.0 
 4  2  187.52  196.96  48.78  7.31  658.63  656.66  0.0 
 5  2  181.5  188.5  48.93  6.58  660.69  664.75  0.0 
 6  2  172.86  182.96  49.92  262.83  658.58  653.81  0.0 
 1  4  182.85  189.46  48.94  8.49  655.36  655.96  0.0 
 2  3  184.78  182.9  48.29  7.7  660.54  655.74  0.069 
 3  2  188.2  193.64  49.36  3.33  656.07  659.37  0.0 
 4  3  188.55  195.31  49.56  5.46  656.43  657.42  0.0 
 5  1  191.25  197.83  49.8  5.86  663.55  668.01  0.0 
 6  4  178.1  193.04  48.58  12.23  660.79  652.76  0.0 
 1  4  189.86  190.63  50.16  7.85  656.19  654.05  0.0 
 2  3  185.97  195.08  49.95  11.93  654.86  655.68  0.0 
 3  2  177.96  194.99  48.78  6.96  656.73  655.78  0.0 
 4  3  189.32  186.96  49.14  18.9  656.16  655.65  0.0 
 5  1  197.63  190.5  49.77  8.84  669.01  669.02  0.0 
 6  4  188.64  192.23  49.67  14.13  655.79  653.88  0.0 
 1  2  193.99  186.65  49.73  7.34  657.71  658.74  0.0 
 2  4  173.78  189.78  48.86  6.93  657.01  657.74  0.0 
 3  3  187.9  195.65  49.37  9.53  657.12  656.72  0.0 
 4  1  187.36  180.64  48.6  5.51  650.32  653.5  0.0 
 5  4  190.46  191.37  49.39  6.64  656.66  656.22  0.1271 
 6  3  191.29  193.29  49.31  5.63  660.28  656.21  0.0 
 1  2  174.85  181.87  49.06  16.8  655.21  654.13  0.0 
 2  4  185.39  191.12  49.51  6.33  655.48  653.72  0.0 
 3  3  184.74  177.99  48.97  10.85  654.72  655.46  0.0 
 4  1  181.73  189.91  49.3  6.25  648.14  650.5  0.0 
 5  4  170.76  181.88  48.39  14.16  657.61  654.77  0.0 
 6  3  182.79  188.18  49.73  14.51  660.35  652.4  0.0 
 1  1  185.75  196.55  50.24  82.74  653.63  654.89  0.0 
 2  2  193.53  187.15  50.26  4.44  657.38  651.52  0.0 
 3  4  194.27  189.87  49.64  9.84  652.89  657.81  0.0 
 4  2  179.72  208.17  49.24  12.48  654.55  655.53  0.1598 
 5  2  180.02  190.65  48.74  11.2  654.65  656.37  0.0 
 6  2  181.55  194.26  49.57  4.56  657.83  653.2  0.0 
 1  3  186.23  192.64  49.56  4.69  654.92  653.37  0.0 
 2  1  193.33  197.79  48.76  7.64  657.23  655.18  0.0 
 3  1  188.38  184.88  48.63  5.93  658.27  655.01  0.0 
 4  4  179.9  185.92  48.51  7.69  659.12  656.1  0.0 
 5  3  195.84  197.94  49.29  16.22  654.96  658.11  0.0 
 6  1  187.55  192.1  48.91  3.93  652.62  650.93  0.0 
 1  2  193.49  191.91  50.08  4.58  652.37  657.88  0.0 
 2  4  173.82  198.08  49.47  8.02  652.89  652.96  0.0 
 3  3  191.08  195.51  49.63  6.68  656.47  656.39  0.0 
 4  1  189.08  186.67  48.47  14.89  644.73  650.36  0.0 
 5  4  193.93  191.56  49.53  10.29  657.67  653.74  0.0 
 6  3  194.57  187.15  49.29  4.59  656.4  654.11  0.0 
 1  1  184.88  183.93  49.39  5.39  652.53  654.09  0.0 
 2  2  184.14  182.96  49.63  12.79  653.02  651.4  0.0 
 3  4  187.76  187.3  48.72  6.9  655.4  658.0  0.0 
 4  2  183.35  192.32  49.82  4.92  650.56  655.94  0.0 
 5  2  185.56  186.83  49.43  10.17  658.15  655.32  0.0 
 6  2  181.38  189.84  51.81  75.09  655.88  650.84  0.0 
 1  1  183.34  184.37  49.25  4.34  655.12  655.72  0.0 
 2  2  180.63  184.83  48.88  6.44  656.07  657.41  0.0 
 3  4  182.1  185.95  48.78  4.36  658.03  656.58  0.0 
 4  2  188.75  193.45  49.42  10.06  656.25  661.15  0.0 
 5  2  190.59  186.24  49.41  7.95  658.99  656.32  0.0 
 6  2  190.39  188.56  49.95  6.53  658.74  657.43  0.0 
 1  4  191.47  194.72  48.84  10.88  658.88  655.6  0.0 
 2  3  184.73  183.55  48.84  3.58  660.31  655.0  0.0 
 3  2  187.52  194.17  49.4  5.83  655.92  658.64  0.0 
 4  3  191.57  198.09  49.42  10.86  656.36  658.67  0.0 
 5  1  193.11  197.88  49.88  7.12  668.55  669.68  0.0 
 6  4  179.12  190.26  48.78  7.23  659.63  653.08  0.0 
 1  2  188.73  191.39  50.78  9.19  652.36  654.26  0.0 
 2  4  187.86  195.69  49.47  11.21  653.84  654.27  0.0 
 3  3  188.38  190.8  50.73  13.08  655.02  654.42  0.0 
 4  1  191.11  186.64  49.4  4.53  646.07  649.91  0.0 
 5  4  188.83  194.03  51.42  11.94  656.55  653.16  0.0 
 6  3  188.43  182.32  49.51  6.64  655.71  653.7  0.0 
 1  2  194.45  192.2  50.71  13.62  656.01  656.16  0.0 
 2  4  178.13  195.63  49.09  14.31  656.95  654.96  0.0 
 3  3  180.75  194.73  49.6  6.21  653.32  658.1  0.0 
 4  1  193.3  187.88  48.82  9.64  650.43  651.49  0.0 
 5  4  191.18  194.96  49.61  6.19  654.12  660.99  0.0 
 6  3  195.44  179.48  49.58  8.49  660.14  652.62  0.0 
 1  4  190.89  190.55  49.54  4.97  655.61  657.18  0.0451 
 2  3  186.57  193.34  49.83  8.41  656.17  658.03  0.0 
 3  2  191.85  198.86  48.51  8.95  657.94  657.88  0.0 
 4  3  185.47  186.86  48.83  6.86  653.59  657.07  0.0 
 5  1  188.68  185.89  49.28  10.48  666.64  665.98  0.0 
 6  4  192.7  198.98  49.31  8.85  657.7  655.48  0.0 
 1  1  183.91  193.5  50.53  10.74  653.17  657.53  0.0 
 2  2  194.67  187.33  50.16  7.49  655.72  656.3  0.067 
 3  4  197.4  191.43  50.16  15.88  657.96  660.06  0.0 
 4  2  178.9  200.42  49.21  11.98  654.72  658.64  0.0 
 5  2  171.01  189.33  48.89  7.01  657.34  656.75  0.0 
 6  2  185.21  187.4  49.58  11.48  659.65  654.82  0.0 
 1  1  187.03  193.0  49.95  6.04  658.06  656.88  0.0 
 2  2  192.01  185.14  49.88  12.35  658.07  654.15  0.0 
 3  4  193.17  188.01  49.02  10.87  656.67  659.03  0.0 
 4  2  179.45  192.4  48.97  11.62  657.71  657.83  0.0 
 5  2  175.32  186.26  48.54  4.74  656.19  658.36  0.0 
 6  2  179.58  184.46  49.01  13.2  659.99  654.8  0.0 
 1  4  191.72  194.77  51.3  62.1  654.05  653.4  0.0 
 2  3  187.09  193.37  50.71  4.71  656.26  651.66  0.0 
 3  2  178.18  194.51  48.83  8.23  654.7  659.31  0.0 
 4  3  200.47  189.43  49.2  9.31  653.57  655.28  0.0 
 5  1  202.72  186.1  49.76  8.97  665.01  667.73  0.0 
 6  4  191.82  190.97  50.01  10.47  657.19  652.28  0.0 
 1  4  189.53  195.85  49.09  4.14  656.36  656.89  0.0 
 2  3  188.54  181.47  48.82  7.38  658.06  653.24  0.0 
 3  2  186.98  193.29  49.08  9.08  655.6  658.73  0.0 
 4  3  192.73  199.24  49.54  11.05  658.69  657.0  0.0 
 5  1  191.45  198.58  49.98  10.53  666.38  668.95  0.0 
 6  4  179.9  193.48  48.49  8.69  659.37  653.02  0.1287 
 1  4  176.12  193.56  48.52  8.24  657.84  656.78  0.0 
 2  3  187.27  180.63  48.83  9.72  660.61  653.83  0.0 
 3  2  188.0  193.9  49.35  5.83  660.36  661.02  0.0 
 4  3  184.6  198.27  49.62  10.92  657.77  657.79  0.0 
 5  1  189.76  199.26  50.11  11.97  668.95  673.33  0.0758 
 6  4  181.4  191.05  48.23  13.78  660.29  653.11  0.0 
 1  2  192.82  193.05  49.82  10.35  655.67  654.72  0.0 
 2  4  177.14  195.74  49.19  9.74  660.04  652.77  0.0 
 3  3  189.88  196.35  50.13  214.86  659.57  658.63  0.0 
 4  1  187.88  191.9  48.71  10.54  651.67  651.58  0.0 
 5  4  191.04  190.92  49.71  13.35  654.12  657.17  0.0 
 6  3  190.48  184.78  49.53  10.05  659.69  654.12  0.0 
 1  2  192.73  190.28  49.38  9.07  656.69  654.52  0.0 
 2  4  177.1  193.38  48.95  6.0  657.11  655.22  0.0 
 3  3  189.44  194.49  49.21  8.91  657.93  654.76  0.3024 
 4  1  186.14  185.54  48.46  7.19  652.55  651.06  0.0 
 5  4  191.6  194.08  49.56  12.4  655.9  657.42  0.0 
 6  3  189.41  184.11  48.78  6.95  657.47  657.59  0.0 
 1  4  193.37  195.53  49.89  15.16  657.36  658.38  0.0 
 2  3  184.16  193.89  50.23  12.41  659.53  654.53  0.0 
 3  2  172.47  192.59  48.58  11.24  656.92  659.17  0.0 
 4  3  192.22  193.94  49.08  6.07  657.75  659.76  0.0 
 5  1  189.39  185.78  49.32  7.17  666.16  670.8  0.0 
 6  4  188.27  191.92  49.22  6.44  660.55  652.95  0.0 
 1  1  184.43  182.49  48.65  4.81  657.44  657.84  0.0405 
 2  2  182.8  185.76  48.68  10.71  660.87  656.89  0.158 
 3  4  180.48  182.25  48.6  8.31  657.33  659.62  0.0 
 4  2  189.74  194.59  49.34  9.78  656.6  657.74  0.0 
 5  2  190.01  187.61  49.45  7.26  657.09  661.47  0.0 
 6  2  190.14  186.13  50.2  9.37  662.81  654.87  0.0 
 1  1  183.82  195.1  50.44  8.13  656.87  652.59  0.0 
 2  2  195.6  188.13  51.99  34.32  654.04  651.62  0.0 
 3  4  195.6  184.65  50.36  7.61  659.98  651.98  0.0 
 4  2  173.69  193.27  48.64  10.77  657.58  647.53  0.0 
 5  2  179.02  199.27  49.04  6.12  657.25  661.05  0.5136 
 6  2  171.54  192.91  49.67  7.41  654.03  656.38  0.0 
 1  4  186.86  196.34  52.26  48.53  654.01  655.77  0.0 
 2  3  183.68  192.29  52.28  12.83  658.61  648.98  0.0 
 3  2  166.98  198.19  48.83  7.93  655.12  663.05  0.0 
 4  3  193.02  197.34  48.67  5.56  655.62  656.5  0.0 
 5  1  178.16  181.15  49.73  5.13  665.82  669.85  0.0 
 6  4  186.34  191.41  50.45  46.27  659.73  651.28  0.0 
 1  4  193.08  192.55  49.56  4.92  659.22  657.56  0.0752 
 2  3  193.96  196.44  49.66  17.63  658.86  657.24  0.0 
 3  2  176.84  198.61  48.51  10.87  658.42  659.27  0.0 
 4  3  183.66  185.9  49.06  7.63  658.86  655.99  0.0 
 5  1  197.54  200.74  49.35  8.98  666.82  667.3  0.0 
 6  4  194.0  194.93  49.14  6.16  658.05  657.83  0.0 
 1  3  188.43  185.73  48.74  4.36  654.4  656.35  0.0 
 2  1  185.47  193.97  49.56  10.36  656.37  657.92  0.0 
 3  1  189.1  195.74  49.13  6.33  654.67  655.83  0.0 
 4  4  193.55  189.71  49.41  43.14  654.39  657.9  0.0 
 5  3  185.72  183.63  48.37  9.48  657.22  655.93  0.0 
 6  1  186.79  187.9  48.31  7.66  653.47  650.6  0.0 
 1  3  190.77  194.58  48.69  9.1  654.91  655.08  0.0 
 2  1  185.04  195.16  49.77  16.85  658.28  653.36  0.0 
 3  1  187.09  194.39  49.63  7.02  654.36  657.47  0.0 
 4  4  191.27  191.6  49.54  13.16  654.54  656.15  0.0 
 5  3  189.93  183.24  48.58  9.49  654.32  657.72  0.0 
 6  1  192.5  184.1  48.37  8.11  651.41  643.67  0.0 
 1  2  172.98  185.57  49.26  6.36  655.59  651.67  0.0 
 2  4  188.66  195.48  50.22  9.84  655.53  654.94  0.0 
 3  3  191.77  177.06  48.94  6.79  656.99  653.9  0.0 
 4  1  184.34  192.74  49.41  17.37  652.09  647.47  0.1001 
 5  4  179.49  198.69  48.86  7.54  656.02  654.47  0.0 
 6  3  187.79  193.32  50.26  38.01  655.41  657.96  0.0 
 1  1  186.23  192.98  49.99  8.69  660.46  659.96  0.6505 
 2  2  192.5  180.57  50.73  10.62  656.62  655.37  0.5152 
 3  4  195.6  184.32  49.51  9.66  657.64  657.41  0.0 
 4  2  166.95  189.72  48.82  11.03  656.44  660.44  0.0 
 5  2  172.31  187.22  48.58  8.09  661.77  659.25  0.0 
 6  2  170.21  187.36  49.35  6.25  659.28  655.43  0.0 
 1  3  195.56  185.11  49.36  4.55  655.03  652.18  0.0 
 2  1  187.11  192.29  50.63  7.8  654.85  653.32  0.0 
 3  1  187.94  191.78  50.39  6.72  655.68  652.36  0.0 
 4  4  188.33  186.22  51.16  23.38  654.53  654.25  0.0 
 5  3  191.13  185.12  48.83  4.33  654.82  655.44  0.0 
 6  1  193.64  189.43  48.83  9.5  650.16  648.97  0.0 
 1  1  190.87  193.72  49.82  6.63  657.72  656.52  0.0 
 2  2  193.56  186.86  49.74  6.42  660.96  654.67  0.0 
 3  4  195.12  188.21  48.76  12.59  658.94  659.6  0.0 
 4  2  186.79  195.23  48.47  8.54  659.42  659.24  0.0 
 5  2  179.48  189.21  48.33  8.73  656.66  659.99  0.0 
 6  2  177.66  188.07  48.94  12.93  661.77  654.25  0.0 
 1  3  185.36  193.51  49.83  8.73  654.18  658.05  0.0 
 2  1  183.1  181.12  49.19  4.68  655.45  656.26  0.0 
 3  1  190.07  195.74  48.51  8.71  655.71  659.68  0.0 
 4  4  178.51  186.46  48.46  5.61  654.07  658.01  0.0 
 5  3  186.01  191.09  49.2  9.6  657.31  657.12  0.0 
 6  1  190.76  195.01  49.04  3.22  651.08  648.49  0.0 
 1  1  185.06  182.93  48.9  5.24  657.55  661.4  0.0 
 2  2  183.9  184.0  48.92  6.33  655.88  658.81  0.0 
 3  4  191.08  192.29  48.48  18.02  658.69  658.57  0.1625 
 4  2  187.7  192.62  49.68  5.81  656.1  660.36  0.1856 
 5  2  189.26  186.82  49.27  13.77  661.63  656.44  0.0 
 6  2  192.51  190.9  50.23  11.04  659.69  656.1  0.0 
 1  4  190.95  195.84  49.83  6.38  659.68  656.91  0.0 
 2  3  185.53  192.82  49.93  10.73  660.59  655.51  0.0 
 3  2  175.04  191.89  48.51  20.86  658.68  662.5  0.0 
 4  3  186.76  193.12  48.82  10.21  660.66  660.74  0.0 
 5  1  189.15  187.22  49.67  5.78  669.35  675.44  0.0 
 6  4  188.98  193.0  49.15  8.02  663.09  655.53  0.0 
 1  1  188.51  179.98  49.39  5.26  654.93  657.35  0.0 
 2  2  183.55  190.77  49.46  8.17  654.44  657.22  0.0 
 3  4  182.19  192.35  49.02  9.05  656.45  657.82  0.0 
 4  2  190.12  192.61  50.18  7.15  653.23  657.95  0.0 
 5  2  192.04  186.57  49.68  9.58  656.9  654.17  0.0 
 6  2  190.25  187.58  50.62  9.21  657.39  653.23  0.0 
 1  1  191.31  193.74  50.4  11.06  655.16  654.09  0.0 
 2  2  196.68  185.88  49.85  15.96  654.76  651.27  0.0 
 3  4  194.95  186.1  49.86  8.11  653.15  656.81  0.0 
 4  2  191.78  198.49  48.89  5.54  654.64  654.99  0.0 
 5  2  180.06  193.86  48.89  15.46  653.9  655.46  0.1117 
 6  2  173.16  197.03  49.55  3.7  657.24  651.45  0.0 
 1  2  177.01  190.22  48.89  10.39  656.36  656.61  0.3678 
 2  4  189.54  192.51  49.66  5.71  655.96  658.34  0.0 
 3  3  189.57  192.56  48.55  10.28  657.8  656.88  0.0 
 4  1  184.01  191.32  49.13  5.59  648.25  652.73  0.0 
 5  4  181.18  192.13  48.55  6.35  658.37  655.61  0.0 
 6  3  194.29  193.54  49.4  17.64  658.35  656.31  0.0 
 1  4  188.0  192.8  49.93  19.61  656.79  656.37  0.7224 
 2  3  182.93  194.18  50.14  11.32  657.74  658.75  0.0 
 3  2  180.67  196.14  48.93  6.31  658.2  656.63  0.7625 
 4  3  187.92  189.5  49.13  10.34  657.46  659.91  0.0 
 5  1  193.06  187.01  49.51  12.12  672.57  670.38  0.0 
 6  4  190.78  192.7  49.91  9.26  657.82  654.43  0.0 
 1  4  190.04  191.04  50.3  10.64  652.59  656.26  0.0 
 2  3  185.59  195.17  51.53  4.96  653.57  653.68  0.0 
 3  2  188.57  200.04  48.96  6.26  656.34  655.8  0.0 
 4  3  189.14  187.2  49.21  8.75  652.87  656.56  0.0 
 5  1  199.43  183.78  49.99  11.05  667.49  664.6  0.0 
 6  4  191.32  194.64  50.23  10.8  655.59  653.73  0.0 
 1  1  196.21  188.47  49.25  4.83  654.53  653.88  0.0 
 2  2  176.48  190.48  49.18  6.62  657.18  652.71  0.0 
 3  4  178.5  191.28  48.59  5.86  654.33  657.4  0.0 
 4  2  191.96  194.13  51.77  18.52  654.08  655.74  0.0 
 5  2  190.59  190.51  50.78  76.82  653.67  657.19  0.0 
 6  2  191.92  186.14  52.01  17.04  657.38  651.88  0.0 
 1  2  179.09  190.87  48.81  9.94  656.93  660.38  0.0 
 2  4  193.63  192.01  50.41  17.75  657.94  660.6  0.0 
 3  3  192.17  193.81  48.83  5.22  658.62  660.06  0.0 
 4  1  183.29  192.79  49.06  13.91  650.42  656.33  0.0 
 5  4  176.86  201.5  49.0  6.12  658.75  658.31  0.0 
 6  3  193.49  191.17  50.02  11.02  659.74  656.06  0.0 
 1  4  189.2  196.81  49.64  9.34  656.59  657.48  0.0 
 2  3  191.45  183.67  49.43  16.63  661.47  650.15  0.0518 
 3  2  187.99  195.33  49.33  11.68  656.15  660.41  0.0 
 4  3  190.35  198.01  49.84  14.97  657.22  657.79  0.0 
 5  1  192.86  199.57  50.64  17.03  669.24  672.16  0.0 
 6  4  180.49  193.4  49.19  21.77  660.3  653.27  0.0 
 1  2  193.83  186.76  49.74  5.67  655.72  657.13  0.0 
 2  4  174.27  189.75  48.73  5.87  657.42  656.58  0.0 
 3  3  190.81  195.78  49.24  16.12  659.09  658.45  0.0 
 4  1  180.37  175.34  48.46  8.56  649.69  654.53  0.0 
 5  4  190.78  190.16  49.76  17.84  657.86  656.23  0.0 
 6  3  186.91  186.88  48.82  20.74  658.75  653.56  0.0 
 1  2  192.37  189.17  49.74  6.89  655.33  659.36  0.0 
 2  4  175.19  191.29  49.33  15.14  655.01  657.34  0.0 
 3  3  186.36  193.32  49.36  4.47  658.32  655.78  0.0 
 4  1  184.65  183.1  48.31  8.62  650.35  655.24  0.0 
 5  4  190.08  193.71  49.74  14.99  659.0  655.21  0.0 
 6  3  184.95  181.19  49.25  31.39  657.68  655.45  0.0 
 1  2  185.92  194.06  49.24  10.17  654.45  654.32  0.0 
 2  4  189.86  193.29  50.06  6.09  656.05  652.44  0.0 
 3  3  186.59  186.33  48.83  5.65  653.3  657.2  0.0 
 4  1  186.84  193.2  49.44  6.0  648.53  649.54  0.0 
 5  4  181.18  196.86  49.27  10.64  653.37  657.32  0.0 
 6  3  189.57  190.9  49.73  7.04  657.24  653.03  0.0 
 1  1  187.41  184.14  49.55  5.5  658.23  654.56  0.0 
 2  2  185.7  185.58  49.29  7.35  657.66  654.81  0.0 
 3  4  184.62  185.88  48.88  23.89  659.3  654.98  0.0 
 4  2  191.52  194.83  49.76  12.25  660.51  655.34  0.0 
 5  2  190.11  188.86  49.79  18.97  656.63  657.9  0.0 
 6  2  191.25  190.04  49.63  17.96  656.75  658.71  0.0 
 1  4  180.61  189.35  48.84  11.66  658.28  654.29  0.0 
 2  3  185.25  185.69  48.75  14.43  657.36  654.21  0.0 
 3  2  187.07  193.72  48.75  6.83  659.98  656.9  0.0 
 4  3  185.75  195.92  49.56  5.17  658.78  657.12  0.0 
 5  1  190.52  198.48  50.33  7.32  668.18  670.52  0.0 
 6  4  178.01  190.46  48.2  6.69  656.97  655.46  0.0 
 1  2  183.27  190.34  49.02  9.02  653.21  656.87  0.0 
 2  4  192.14  184.54  51.35  3.56  652.85  654.65  0.0 
 3  3  194.82  193.93  49.16  4.2  656.43  654.77  0.7875 
 4  1  185.68  186.54  50.32  23.61  646.58  651.35  0.0 
 5  4  177.99  198.21  49.25  6.3  656.88  652.79  0.0 
 6  3  194.44  190.33  51.72  23.71  654.66  653.7  0.0 
 1  1  186.26  183.55  49.03  5.13  655.48  657.42  0.0 
 2  2  184.04  185.22  49.11  3.34  654.4  657.46  0.0 
 3  4  184.58  189.52  48.52  7.71  656.97  656.07  0.0 
 4  2  190.75  191.69  49.0  8.93  655.04  659.37  0.0516 
 5  2  192.05  187.94  49.28  9.95  658.96  651.91  0.0 
 6  2  191.54  188.62  49.84  6.62  656.28  654.79  0.0 
 1  4  175.42  192.05  48.77  6.63  660.83  655.7  0.0 
 2  3  192.0  201.09  49.25  8.17  657.0  655.83  0.0 
 3  2  188.58  194.03  49.61  6.48  660.73  656.82  0.0 
 4  3  187.71  196.83  49.29  9.86  662.19  656.35  0.0 
 5  1  203.75  200.22  50.43  13.54  670.53  671.94  0.0 
 6  4  179.38  192.43  48.06  5.61  657.51  658.61  0.0 
 1  3  183.04  183.16  48.47  8.01  657.98  654.67  0.0997 
 2  1  185.41  194.26  49.7  12.92  655.72  654.55  0.0 
 3  1  186.1  192.39  49.05  7.16  659.11  654.37  0.0826 
 4  4  193.03  187.74  49.37  8.04  661.33  655.4  0.0 
 5  3  188.26  183.33  48.68  7.04  656.84  658.98  0.0 
 6  1  185.39  183.75  47.93  7.97  651.34  648.96  0.0 
 1  3  182.78  185.24  48.68  12.08  656.15  658.79  0.0 
 2  1  184.51  194.09  49.84  27.23  655.41  657.66  0.0 
 3  1  193.67  195.96  49.16  9.52  659.04  656.42  0.0 
 4  4  189.72  187.51  49.75  6.76  655.87  659.73  0.0 
 5  3  185.95  179.16  48.62  9.21  658.93  655.72  0.3817 
 6  1  192.76  193.68  48.2  8.89  656.5  650.3  0.0 
 1  4  178.67  191.04  49.25  5.5  657.14  655.28  0.0 
 2  3  186.88  184.05  48.98  39.39  658.25  653.88  0.0 
 3  2  187.94  192.59  49.25  13.51  657.28  656.5  0.0 
 4  3  186.18  197.87  49.41  5.85  658.43  659.25  0.0 
 5  1  190.29  199.04  50.05  5.42  664.88  667.89  0.0 
 6  4  177.21  193.53  48.44  5.56  659.72  652.98  0.0 
 1  4  189.02  191.83  49.68  5.12  658.22  656.31  0.0 
 2  3  192.2  196.82  49.56  8.91  659.14  658.14  0.1429 
 3  2  176.88  192.87  48.46  5.0  660.25  656.07  0.0 
 4  3  185.52  187.09  48.85  5.89  662.96  660.39  0.0 
 5  1  194.11  201.18  49.27  8.5  671.95  671.23  0.3083 
 6  4  190.53  191.52  49.59  4.74  658.16  655.38  0.1027 
 1  4  188.9  190.01  50.39  11.28  656.19  652.83  0.0 
 2  3  190.94  194.01  50.97  17.71  655.16  652.93  0.0 
 3  2  176.15  196.62  49.07  12.07  658.51  654.53  0.0 
 4  3  184.24  186.42  49.06  4.2  656.16  655.14  0.0 
 5  1  197.61  201.64  49.57  5.46  667.87  667.65  0.0 
 6  4  191.33  192.1  49.66  26.44  656.3  655.46  0.0 
 1  3  189.1  195.02  49.52  9.11  655.85  653.37  0.0 
 2  1  188.49  183.9  49.59  6.56  657.41  652.94  0.0 
 3  1  187.89  190.97  48.48  4.31  655.7  660.83  0.0 
 4  4  182.99  194.8  48.85  6.77  655.62  656.67  0.0 
 5  3  188.07  195.22  49.71  10.21  654.72  659.24  0.0 
 6  1  187.88  192.74  48.24  12.66  651.87  644.95  0.0 
 1  4  177.92  187.39  49.61  6.86  657.31  655.27  0.0 
 2  3  186.56  174.88  49.58  17.76  658.26  654.31  0.9087 
 3  2  183.59  191.36  49.49  7.88  655.62  658.56  0.0 
 4  3  186.1  196.48  50.05  7.46  659.37  656.61  0.0 
 5  1  182.39  198.32  50.38  19.16  664.22  668.26  0.0 
 6  4  180.58  190.1  48.55  9.91  659.91  654.01  0.6542 
 1  3  197.95  197.01  49.99  4.99  657.06  656.55  0.0 
 2  1  187.72  182.91  49.01  6.09  658.28  653.75  0.0 
 3  1  187.66  184.39  48.69  7.67  655.99  658.32  0.0 
 4  4  200.06  195.63  48.44  7.77  657.86  657.2  0.0 
 5  3  187.64  194.1  49.31  7.82  658.19  660.88  0.0 
 6  1  185.15  192.89  48.87  6.31  656.71  649.59  0.0 
 1  4  187.05  191.1  50.34  8.55  652.19  654.26  0.0 
 2  3  183.95  194.78  50.17  4.99  653.24  655.15  0.0 
 3  2  173.24  200.88  48.79  3.62  653.34  654.1  0.0 
 4  3  191.98  188.41  49.45  5.77  653.63  655.18  0.0 
 5  1  196.22  192.03  49.9  23.65  667.82  665.51  0.0 
 6  4  192.63  190.37  50.1  8.11  656.25  653.23  0.0 
 1  1  186.6  196.33  51.34  10.88  655.33  659.25  0.0 
 2  2  196.67  185.22  50.6  27.92  656.71  659.35  0.0 
 3  4  194.97  192.53  50.44  31.82  657.39  657.05  0.0 
 4  2  173.98  196.19  50.07  7.06  654.26  661.76  0.0 
 5  2  181.19  190.66  49.36  6.9  659.22  659.57  0.0 
 6  2  182.11  193.39  50.04  6.73  660.84  656.98  0.0 
 1  1  182.8  190.17  51.57  24.44  655.49  654.02  0.0 
 2  2  191.53  180.78  51.63  11.51  657.72  652.24  0.0 
 3  4  190.27  175.58  49.94  20.78  654.07  657.28  0.0 
 4  2  177.34  195.61  49.12  11.96  653.8  654.3  0.0 
 5  2  175.7  191.5  49.24  7.08  653.42  656.97  0.0 
 6  2  157.13  185.24  49.52  4.93  657.14  651.76  0.0 
 1  2  195.11  192.64  51.99  11.02  653.69  661.29  0.0 
 2  4  174.97  192.7  49.38  7.53  657.84  657.39  0.6036 
 3  3  191.86  200.13  49.63  88.0  658.56  661.08  0.0 
 4  1  196.26  183.88  49.18  13.06  662.44  667.98  0.0 
 5  4  193.68  195.11  49.94  16.73  662.98  657.77  0.0 
 6  3  188.71  175.72  49.83  19.25  660.6  653.82  0.0353 
 1  2  191.63  188.87  50.24  8.55  654.58  650.66  0.0 
 2  4  178.46  195.69  49.68  5.31  653.41  651.17  0.0 
 3  3  184.98  193.87  49.99  11.84  655.67  652.72  0.0 
 4  1  190.98  182.92  48.64  6.84  645.74  644.62  0.0 
 5  4  191.07  192.32  50.17  13.7  654.31  653.26  0.0 
 6  3  192.41  180.62  49.46  6.47  652.65  653.51  0.23 
 1  2  189.6  194.13  48.84  7.04  657.26  657.11  0.0 
 2  4  187.72  190.77  50.25  5.01  658.3  652.3  0.3908 
 3  3  182.44  181.3  48.78  0.92  658.43  656.65  0.0 
 4  1  193.3  193.75  49.57  6.39  650.52  650.67  0.0 
 5  4  178.68  192.02  48.68  5.42  655.97  658.02  0.0 
 6  3  185.87  186.9  49.84  7.34  658.42  651.76  0.0 
 1  4  189.28  192.63  49.81  4.18  655.17  658.23  0.0 
 2  3  185.21  193.45  49.34  8.57  656.02  655.47  0.0 
 3  2  173.0  193.76  48.73  9.43  657.59  655.57  0.0 
 4  3  184.46  181.98  48.91  4.57  655.05  656.3  0.0551 
 5  1  192.26  187.12  49.16  12.53  669.34  665.13  0.0 
 6  4  190.28  192.26  49.73  7.26  656.72  655.46  0.0 
 1  4  192.92  196.08  50.7  24.9  658.61  657.88  0.141 
 2  3  186.51  193.9  50.1  8.21  661.2  654.56  0.0 
 3  2  176.73  195.52  48.86  25.11  657.08  661.68  0.0 
 4  3  194.34  200.21  48.79  10.02  656.4  658.04  0.0 
 5  1  197.98  188.09  49.86  29.06  669.77  675.96  0.0 
 6  4  192.4  189.78  49.82  9.17  661.56  653.62  0.0 
