1 3 192.31  192.73  49.11  4.18  655.36  654.98  0.0 
1 1 182.99  191.26  48.02  13.46  638.07  634.45  0.0 
1 1 179.25  187.56  48.72  6.21  633.74  637.33  0.0 
1 4 186.5  188.72  49.96  11.76  641.55  642.98  0.0 
1 3 197.13  188.11  49.16  8.82  655.63  658.61  0.0 
1 1 192.24  186.89  48.49  9.15  655.55  648.7  0.0 
1 3 187.24  192.61  49.52  3.84  660.51  655.76  0.0902 
1 1 183.95  178.63  47.02  9.75  639.53  638.67  0.0 
1 1 179.75  173.91  47.76  8.99  642.36  636.49  0.035 
1 4 177.23  186.24  48.56  12.37  649.53  646.77  0.0 
1 3 187.89  197.26  49.74  5.96  661.22  662.18  0.103 
1 1 185.56  192.42  49.08  11.24  655.63  656.53  0.0735 
1 3 184.17  185.52  48.32  5.61  657.38  656.48  0.0 
1 1 181.39  189.32  48.39  6.73  647.76  640.81  0.0 
1 1 178.5  185.55  49.17  6.21  639.9  643.26  0.0 
1 4 187.46  190.16  49.59  11.17  649.49  649.51  0.0 
1 3 186.1  183.85  48.66  10.83  659.7  665.59  0.0 
1 1 187.4  183.43  48.08  6.79  660.7  652.32  0.0427 
1 4 189.57  188.62  50.14  13.38  652.63  653.95  0.0 
1 3 179.9  189.37  49.15  14.23  638.06  636.73  0.0 
1 2 181.22  192.86  48.33  15.82  638.95  638.96  0.0 
1 3 194.86  183.08  49.27  11.29  645.91  649.87  0.0 
1 1 190.55  188.2  49.47  8.13  660.42  658.33  0.0 
1 4 189.86  193.79  49.85  7.72  656.44  654.66  0.0 
1 3 194.48  183.75  49.22  4.46  655.41  653.63  0.0 
1 1 184.19  192.57  48.24  11.0  637.93  637.32  0.0 
1 1 181.0  187.07  49.13  5.03  637.9  633.28  0.0 
1 4 188.65  185.55  49.78  5.42  645.77  642.5  0.0 
1 3 194.82  190.6  49.31  8.65  657.92  657.79  0.0 
1 1 193.13  186.97  48.76  4.81  651.49  654.19  0.0 
1 4 191.32  196.23  48.85  5.78  655.26  654.42  0.0 
1 3 187.68  179.64  48.26  13.31  640.79  636.87  0.1053 
1 2 187.71  184.31  49.43  13.09  635.05  638.01  0.0 
1 3 190.91  192.82  50.02  14.93  648.96  646.57  0.0 
1 1 188.72  198.06  50.07  5.13  657.81  659.72  0.0 
1 4 172.82  197.41  48.81  10.06  655.39  648.99  0.3097 
1 3 184.43  191.13  50.41  54.22  653.06  656.03  0.0 
1 1 180.35  190.28  48.5  6.32  633.91  637.34  0.0 
1 1 185.25  180.75  48.19  3.31  636.02  632.86  0.1725 
[1.0, 3.0, 192.31, 192.73, 49.11, 4.18, 655.36, 654.98, 0.0]
[2.0, 1.0, 188.71, 196.99, 49.61, 13.46, 658.34, 654.68, 0.0]
[3.0, 1.0, 188.16, 195.65, 49.52, 6.21, 653.98, 657.73, 0.0]
[4.0, 4.0, 192.25, 190.08, 50.46, 11.76, 655.19, 656.61, 0.0]
[5.0, 3.0, 196.61, 187.49, 48.81, 8.82, 655.7, 658.65, 0.0]
[6.0, 1.0, 192.06, 187.37, 48.34, 9.15, 655.62, 648.73, 0.0]
[1.0, 3.0, 187.24, 192.61, 49.52, 3.84, 660.51, 655.76, 0.0902]
[2.0, 1.0, 188.18, 181.94, 48.29, 9.75, 656.58, 655.65, 0.0]
[3.0, 1.0, 187.85, 182.01, 48.4, 8.99, 661.16, 655.09, 0.035]
[4.0, 4.0, 181.14, 187.09, 48.73, 12.37, 657.78, 654.95, 0.0]
[5.0, 3.0, 187.44, 195.83, 49.17, 5.96, 658.54, 659.51, 0.103]
[6.0, 1.0, 184.79, 192.77, 48.66, 11.24, 652.98, 653.88, 0.0735]
[1.0, 3.0, 184.17, 185.52, 48.32, 5.61, 657.38, 656.48, 0.0]
[2.0, 1.0, 184.74, 191.76, 49.86, 6.73, 660.79, 653.76, 0.0]
[3.0, 1.0, 186.6, 193.79, 49.47, 6.21, 658.02, 661.51, 0.0]
[4.0, 4.0, 189.92, 191.04, 49.51, 11.17, 656.63, 656.67, 0.0]
[5.0, 3.0, 185.09, 182.5, 48.17, 10.83, 655.45, 661.36, 0.0]
[6.0, 1.0, 185.62, 182.44, 47.48, 6.79, 656.45, 648.17, 0.0427]
[1.0, 4.0, 189.57, 188.62, 50.14, 13.38, 652.63, 653.95, 0.0]
[2.0, 3.0, 187.08, 195.32, 50.26, 14.23, 656.0, 654.63, 0.0]
[3.0, 2.0, 182.9, 198.64, 49.05, 15.82, 655.69, 655.61, 0.0]
[4.0, 3.0, 195.17, 184.47, 49.52, 11.29, 652.48, 656.42, 0.0]
[5.0, 1.0, 194.5, 190.52, 49.56, 8.13, 667.15, 664.96, 0.0]
[6.0, 4.0, 190.9, 195.04, 49.56, 7.72, 656.0, 654.15, 0.0]
[1.0, 3.0, 194.48, 183.75, 49.22, 4.46, 655.41, 653.63, 0.0]
[2.0, 1.0, 188.94, 196.6, 49.9, 11.0, 655.76, 655.17, 0.0]
[3.0, 1.0, 188.44, 195.16, 49.78, 5.03, 656.72, 652.01, 0.0]
[4.0, 4.0, 192.62, 187.27, 50.0, 5.42, 655.77, 652.43, 0.0]
[5.0, 3.0, 194.39, 189.11, 48.85, 8.65, 655.61, 655.55, 0.0]
[6.0, 1.0, 191.65, 187.17, 48.46, 4.81, 649.2, 651.96, 0.0]
[1.0, 4.0, 191.32, 196.23, 48.85, 5.78, 655.26, 654.42, 0.0]
[2.0, 3.0, 193.22, 184.91, 48.97, 13.31, 656.04, 652.07, 0.1053]
[3.0, 2.0, 190.47, 190.59, 50.07, 13.09, 652.89, 655.93, 0.0]
[4.0, 3.0, 192.21, 194.96, 50.31, 14.93, 656.48, 654.0, 0.0]
[5.0, 1.0, 193.7, 200.42, 50.25, 5.13, 665.44, 667.31, 0.0]
[6.0, 4.0, 176.37, 198.96, 48.67, 10.06, 658.54, 652.03, 0.3097]
[1.0, 3.0, 184.43, 191.13, 50.41, 54.22, 653.06, 656.03, 0.0]
[2.0, 1.0, 185.75, 194.57, 50.18, 6.32, 652.81, 656.4, 0.0]
[3.0, 1.0, 193.17, 189.19, 48.99, 3.31, 655.73, 652.46, 0.1725]
