 1.0  3.0  180.98  168.99  49.09  9.84  657.78  655.36  0.0 
 2.0  1.0  186.75  192.57  50.96  102.97  657.29  651.42  0.0 
 3.0  1.0  184.37  195.53  49.37  3.61  657.78  657.44  0.0 
 4.0  4.0  195.34  186.93  50.52  9.32  658.26  654.87  0.0 
 5.0  3.0  184.8  171.98  48.7  5.94  656.04  659.16  0.0 
 6.0  1.0  188.15  168.42  48.17  12.36  653.65  648.92  0.5717 
 1.0  3.0  183.0  189.11  50.22  297.84  655.47  656.1  0.0 
 2.0  1.0  188.73  169.01  48.39  8.95  658.65  655.27  0.0 
 3.0  1.0  187.56  170.75  48.19  20.17  657.91  660.23  0.0 
 4.0  4.0  167.38  177.91  48.78  8.12  656.72  656.92  0.2793 
 5.0  3.0  183.23  200.22  49.33  7.15  658.23  659.01  0.3741 
 6.0  1.0  184.93  197.12  48.99  5.43  652.15  649.4  0.0 
 1.0  1.0  186.22  190.91  50.01  8.44  659.53  655.77  0.0 
 2.0  2.0  198.53  191.66  49.53  31.84  659.13  655.6  0.0 
 3.0  4.0  200.97  184.32  49.57  9.99  658.93  658.71  0.0 
 4.0  2.0  167.75  185.72  48.82  6.14  660.61  655.67  0.0 
 5.0  2.0  186.31  195.74  48.54  5.51  656.98  659.94  0.0 
 6.0  2.0  157.93  188.28  48.97  8.52  659.75  658.42  0.0 
 1.0  4.0  193.45  190.4  49.86  4.31  655.84  656.51  0.0 
 2.0  3.0  186.25  196.44  49.09  7.83  660.12  655.1  0.0 
 3.0  2.0  160.35  192.09  48.82  44.46  656.19  660.89  0.0 
 4.0  3.0  183.97  172.04  48.86  11.29  655.52  658.86  0.2529 
 5.0  1.0  190.32  173.48  49.09  8.4  666.15  664.5  0.2023 
 6.0  4.0  196.61  191.74  49.28  6.54  660.75  655.87  0.0 
 1.0  2.0  172.32  191.1  48.18  10.56  659.23  658.44  0.0 
 2.0  4.0  194.28  189.14  49.67  4.97  658.35  658.18  0.0 
 3.0  3.0  185.17  178.38  48.58  6.25  656.67  655.26  0.0 
 4.0  1.0  179.4  191.6  49.77  7.63  647.0  645.57  0.0 
 5.0  4.0  165.75  194.16  47.78  14.14  657.84  662.02  0.0 
 6.0  3.0  188.5  192.78  49.57  4.92  659.77  656.14  0.0 
 1.0  2.0  181.47  194.52  48.85  5.12  656.02  653.92  0.0 
 2.0  4.0  169.93  188.38  48.45  11.65  656.46  651.79  0.3683 
 3.0  3.0  196.93  161.99  49.63  106.14  654.52  657.59  0.0 
 4.0  1.0  178.55  193.39  50.06  22.38  649.35  648.63  0.0 
 5.0  4.0  180.88  184.2  49.7  12.8  652.97  656.54  0.0 
 6.0  3.0  180.67  195.24  50.37  23.62  658.9  653.31  0.0 
 1.0  2.0  198.29  187.79  50.3  233.35  656.8  655.34  0.0 
 2.0  4.0  154.28  198.62  46.33  221.54  656.84  654.31  0.0 
 3.0  3.0  184.89  201.69  49.79  19.39  656.26  657.25  0.0 
 4.0  1.0  180.17  173.1  48.83  10.14  651.08  654.03  0.0 
 5.0  4.0  200.54  188.56  49.59  7.45  657.66  655.95  0.0 
 6.0  3.0  162.47  169.02  48.7  14.05  657.35  653.89  0.0 
 1.0  4.0  199.24  184.31  49.78  7.12  657.64  657.53  0.0 
 2.0  3.0  185.19  199.56  49.61  13.23  657.02  657.72  0.0 
 3.0  2.0  164.38  191.56  48.65  4.09  655.59  656.73  0.0 
 4.0  1.0  177.03  199.56  49.63  9.63  651.38  651.19  0.0 
 5.0  4.0  171.37  191.49  48.71  9.49  655.67  657.54  0.0 
 6.0  3.0  187.74  196.88  49.52  14.2  659.39  657.57  0.0 
 1.0  4.0  166.44  180.87  48.71  6.32  657.43  657.37  0.0 
 2.0  3.0  186.57  174.65  48.48  12.75  657.73  653.12  0.0 
 3.0  2.0  178.62  194.12  50.18  8.45  657.61  656.49  0.0 
 4.0  2.0  192.1  193.79  50.55  8.14  655.99  660.18  0.0 
 5.0  2.0  180.91  190.07  49.5  10.29  657.55  657.23  0.0 
 6.0  2.0  192.65  191.57  49.55  5.93  657.74  654.78  0.0 
 1.0  1.0  178.61  180.27  51.26  18.34  658.66  657.31  0.0 
 2.0  2.0  178.63  183.52  54.06  249.86  656.36  656.35  0.0 
 3.0  4.0  180.31  176.95  50.65  18.83  659.55  655.88  0.7259 
 4.0  2.0  165.19  184.68  49.35  10.64  660.26  656.89  0.5819 
 5.0  2.0  173.85  184.57  49.06  18.68  657.73  656.81  0.0 
 6.0  2.0  159.25  181.1  49.57  21.0  658.29  659.37  0.0 
 1.0  2.0  200.17  208.66  50.91  20.68  653.45  654.05  0.0692 
 2.0  4.0  197.48  201.09  50.05  9.52  655.67  650.79  0.0 
 3.0  3.0  201.71  198.05  49.78  6.98  651.83  654.8  0.0 
 4.0  1.0  197.76  197.49  51.77  10.58  646.81  646.56  0.0 
 5.0  4.0  192.11  206.32  49.7  9.1  652.62  656.54  0.0 
 6.0  3.0  200.04  197.01  50.27  5.82  658.02  651.92  0.0 
 1.0  4.0  171.29  179.33  50.76  16.65  657.97  655.19  0.8629 
 2.0  3.0  177.29  180.7  50.89  33.29  659.33  655.39  0.0 
 3.0  2.0  159.17  175.39  48.64  8.4  658.73  659.12  0.0 
 4.0  3.0  165.53  168.12  49.0  12.42  656.25  653.09  0.0 
 5.0  1.0  174.53  169.79  48.77  81.11  666.0  668.07  0.0 
 6.0  4.0  175.0  183.8  50.31  15.69  659.16  659.15  0.31 
 1.0  1.0  184.48  200.67  49.43  4.2  655.88  656.07  0.0 
 2.0  2.0  199.93  187.33  49.44  5.54  656.38  655.64  0.0 
 3.0  4.0  201.32  186.29  50.6  8.07  658.06  658.23  0.0 
 4.0  2.0  171.07  196.2  50.36  365.66  658.87  657.78  0.0 
 5.0  2.0  165.75  189.48  48.59  11.26  659.57  660.34  0.1401 
 6.0  2.0  159.87  191.75  49.12  4.36  658.83  656.65  0.3381 
 1.0  3.0  152.76  188.75  48.76  3.46  656.99  657.0  0.0742 
 2.0  1.0  187.92  187.75  49.19  7.7  655.95  652.91  0.0 
 3.0  1.0  187.75  189.61  49.44  10.64  653.57  654.58  0.0 
 4.0  4.0  186.93  188.85  49.66  5.28  655.6  655.49  0.0 
 5.0  3.0  181.78  187.09  48.34  6.93  655.75  656.15  0.0 
 6.0  1.0  183.0  186.86  47.81  9.39  651.32  646.56  0.0 
 1.0  2.0  171.75  185.84  49.04  5.79  657.84  655.24  0.0 
 2.0  4.0  188.96  193.99  49.21  6.92  657.7  656.0  0.0559 
 3.0  3.0  186.11  167.6  48.85  8.69  658.23  655.82  0.708 
 4.0  1.0  185.31  194.3  49.69  7.68  653.8  649.82  0.0 
 5.0  4.0  168.36  187.99  48.63  7.66  654.81  658.28  0.0 
 6.0  3.0  186.84  188.75  49.88  129.99  658.96  654.26  0.0 
 1.0  2.0  199.48  197.53  49.9  22.25  657.26  658.05  0.0 
 2.0  4.0  184.24  195.44  48.8  11.15  659.72  656.67  0.0 
 3.0  3.0  193.29  197.77  49.66  5.62  656.85  658.03  0.0 
 4.0  1.0  192.92  180.95  49.16  7.15  650.32  651.62  0.0 
 5.0  4.0  201.76  197.7  49.55  5.91  660.41  659.24  0.1029 
 6.0  3.0  192.85  184.14  48.64  4.64  662.46  656.73  0.5438 
 1.0  4.0  197.36  193.39  49.85  6.93  657.98  657.57  0.0 
 2.0  3.0  190.6  202.65  49.68  84.27  658.68  656.84  0.0 
 3.0  2.0  178.25  196.76  48.67  8.4  657.47  658.13  0.0 
 4.0  3.0  193.01  195.2  48.87  14.29  657.5  658.47  0.4389 
 5.0  1.0  203.59  195.16  49.08  9.65  672.49  673.2  0.0 
 6.0  4.0  197.94  193.91  49.68  5.97  660.54  653.89  0.0639 
 1.0  2.0  178.95  187.82  49.23  7.31  656.46  656.41  0.0 
 2.0  4.0  186.82  190.74  49.06  7.79  658.28  655.12  0.0 
 3.0  3.0  186.27  183.27  48.58  11.42  654.48  657.05  0.5133 
 4.0  1.0  184.8  190.82  49.48  6.78  648.81  649.67  0.0 
 5.0  4.0  175.63  193.12  48.45  6.12  655.79  658.74  0.0 
 6.0  3.0  187.83  190.8  49.42  3.18  658.38  653.26  0.0 
 1.0  4.0  191.06  191.4  49.62  11.14  655.72  652.51  0.0 
 2.0  3.0  189.43  195.71  50.1  14.21  653.3  653.0  0.0 
 3.0  2.0  170.55  199.31  48.74  7.4  655.07  653.05  0.0 
 4.0  3.0  188.25  189.39  48.76  9.17  653.62  652.62  0.1235 
 5.0  1.0  201.21  198.81  49.55  4.55  665.39  665.47  0.0 
 6.0  4.0  193.39  192.22  49.34  36.51  653.08  654.88  0.4044 
 1.0  4.0  164.26  189.47  50.05  91.32  654.08  654.87  0.0 
 2.0  3.0  187.23  173.59  49.23  17.65  658.53  655.64  0.0 
 3.0  2.0  185.45  193.22  49.97  6.48  656.09  656.52  0.0 
 4.0  3.0  187.31  198.24  50.14  8.93  657.11  656.54  0.0 
 5.0  1.0  189.23  200.68  50.55  14.4  666.23  667.16  0.0 
 6.0  4.0  170.03  186.89  48.41  6.11  657.7  654.8  0.0 
 1.0  2.0  200.94  193.07  49.41  6.25  657.75  655.78  0.0 
 2.0  4.0  157.04  193.09  48.24  9.86  656.11  653.75  0.0 
 3.0  3.0  184.98  196.83  49.09  13.85  656.59  656.26  0.0 
 4.0  1.0  188.96  182.24  48.51  11.6  648.84  649.67  0.0 
 5.0  4.0  197.84  189.66  49.22  6.57  655.18  656.79  0.0 
 6.0  3.0  183.66  172.13  48.88  9.95  657.56  656.08  0.0 
 1.0  3.0  190.81  196.89  49.76  4.91  657.2  656.18  0.3878 
 2.0  1.0  196.36  189.22  49.01  6.87  654.79  656.03  0.0 
 3.0  1.0  201.62  195.25  48.89  11.21  657.58  656.3  0.0 
 4.0  4.0  189.29  181.47  48.59  14.37  656.5  654.44  0.5656 
 5.0  3.0  191.86  200.97  49.54  11.3  655.29  655.11  0.63 
 6.0  1.0  193.62  202.22  48.67  17.85  649.7  651.54  0.0 
 1.0  3.0  180.38  189.48  49.96  33.13  656.74  653.47  0.0 
 2.0  1.0  182.87  178.23  48.56  16.26  654.99  654.69  0.0 
 3.0  1.0  183.93  176.68  49.37  18.58  660.93  656.54  0.0 
 4.0  4.0  173.2  186.91  49.67  10.5  658.3  654.74  0.0 
 5.0  3.0  182.58  186.73  49.1  11.3  656.22  657.56  0.0 
 6.0  1.0  176.23  191.0  48.96  21.9  652.24  650.25  0.0 
 1.0  1.0  186.08  195.43  50.22  8.84  653.07  656.79  0.0 
 2.0  2.0  196.71  189.94  47.0  52.4  654.61  658.52  0.1234 
 3.0  4.0  197.12  191.78  51.88  114.31  655.59  654.22  0.0838 
 4.0  2.0  173.81  196.29  48.94  23.82  653.67  656.5  0.0 
 5.0  2.0  178.2  190.78  49.07  4.55  657.92  653.76  0.0 
 6.0  2.0  180.28  188.83  48.56  7.91  657.7  653.98  0.0 
 1.0  3.0  181.24  193.73  49.5  6.04  655.79  655.52  0.6743 
 2.0  1.0  181.16  166.43  48.04  3.49  658.62  658.31  0.0 
 3.0  1.0  188.03  157.79  49.96  11.4  657.79  656.99  0.6965 
 4.0  4.0  166.31  180.06  48.45  6.16  656.61  657.59  0.3755 
 5.0  3.0  182.76  194.22  49.48  49.38  659.41  656.49  0.835 
 6.0  1.0  182.37  200.05  48.47  47.64  653.14  651.09  0.0 
 1.0  1.0  181.79  196.15  49.34  7.27  655.39  654.95  0.0 
 2.0  2.0  196.34  182.84  49.31  13.15  659.49  654.8  0.0 
 3.0  4.0  199.87  180.79  48.91  9.81  658.91  655.69  0.0 
 4.0  2.0  167.39  192.37  48.74  6.66  656.6  656.47  0.0 
 5.0  2.0  165.87  192.12  48.36  13.88  658.85  660.96  0.0 
 6.0  2.0  156.42  189.23  48.49  17.04  657.72  656.27  0.0 
 1.0  4.0  195.36  197.96  49.37  12.36  657.1  656.48  0.0 
 2.0  3.0  191.92  200.8  49.78  10.61  659.13  656.77  0.0 
 3.0  2.0  179.85  201.23  48.65  5.62  656.55  653.65  0.0 
 1.0  1.0  185.99  203.78  49.33  8.84  655.11  656.03  0.102 
 2.0  2.0  199.5  183.8  49.42  7.03  653.54  649.06  0.0 
 3.0  4.0  204.65  192.83  50.22  36.95  659.18  659.45  0.0 
 4.0  2.0  179.61  201.74  48.87  10.52  656.18  654.7  0.0 
 5.0  2.0  176.37  196.97  48.12  10.01  658.2  658.48  0.0 
 6.0  2.0  186.08  197.25  48.64  9.37  658.98  655.15  0.0 
 1.0  3.0  188.93  172.74  48.97  8.46  659.46  659.76  0.077 
 2.0  1.0  181.79  200.12  49.45  9.43  661.07  657.92  0.0 
 3.0  1.0  182.37  198.93  49.84  9.0  656.55  654.76  0.0 
 1.0  1.0  192.42  158.7  48.42  7.93  656.7  656.85  0.7922 
 2.0  2.0  174.43  183.82  48.33  7.83  659.69  658.01  0.0 
 3.0  4.0  172.8  187.1  48.74  13.04  655.24  656.21  0.0 
 4.0  2.0  193.87  188.61  50.46  9.04  654.92  656.89  0.0 
 5.0  2.0  192.02  191.11  50.04  31.33  658.88  659.42  0.0 
 6.0  2.0  194.98  187.65  50.18  4.49  660.27  655.69  0.0 
 1.0  3.0  193.97  196.56  49.24  7.38  655.17  656.17  0.0 
 2.0  1.0  188.38  186.79  48.24  9.73  658.97  654.15  0.0 
 3.0  1.0  190.62  180.76  48.64  7.02  654.08  655.78  0.0 
 4.0  4.0  193.24  196.41  48.43  11.26  655.57  655.36  0.0 
 5.0  3.0  189.42  193.34  48.89  12.41  655.53  658.27  0.0 
 6.0  1.0  185.44  193.17  48.37  8.22  652.37  644.92  0.0 
 1.0  1.0  185.2  166.52  48.77  4.3  657.25  655.69  0.0 
 2.0  2.0  175.17  187.62  48.56  10.25  656.4  657.4  0.0 
 3.0  4.0  166.08  189.22  48.69  4.84  659.06  655.32  0.0 
 4.0  2.0  195.34  188.89  49.78  6.2  660.25  654.1  0.5955 
 5.0  2.0  196.49  186.17  50.06  26.9  655.94  656.69  0.0 
 6.0  2.0  192.75  187.11  50.22  28.9  659.44  660.99  0.359 
 1.0  4.0  197.53  195.8  49.7  10.4  657.08  655.07  0.0 
 2.0  3.0  188.8  204.25  49.56  11.58  660.23  656.85  0.0 
 3.0  2.0  171.48  190.05  48.56  11.73  655.83  657.75  0.0 
 4.0  3.0  182.61  182.38  48.21  301.8  654.39  653.87  0.0 
 5.0  1.0  191.32  174.81  49.65  17.32  667.95  668.42  0.0 
 6.0  4.0  196.31  199.12  49.5  14.45  657.56  655.85  0.0 
 1.0  3.0  182.71  200.01  49.72  4.91  658.81  656.2  0.0 
 2.0  1.0  188.75  170.01  48.38  12.69  656.9  656.85  0.0 
 3.0  1.0  187.72  170.24  48.87  8.59  657.84  656.93  0.0 
 4.0  4.0  163.67  189.9  48.76  6.93  657.71  658.5  0.0 
 5.0  3.0  183.35  196.27  49.3  14.76  656.21  654.21  0.0 
 6.0  1.0  180.15  200.71  48.94  5.42  655.53  653.39  0.2583 
 1.0  4.0  190.4  189.43  49.48  5.24  655.03  655.51  0.0 
 2.0  3.0  181.74  197.63  49.69  8.0  657.45  657.5  0.0 
 3.0  2.0  163.99  185.69  48.37  5.51  654.81  654.87  0.0 
 4.0  3.0  181.78  177.0  48.75  5.61  656.34  656.27  0.0 
 5.0  1.0  187.96  172.79  49.53  25.23  669.48  669.97  0.0 
 6.0  4.0  186.67  193.31  49.24  8.53  657.32  657.42  0.0 
 1.0  2.0  180.98  179.99  48.15  9.63  654.3  656.15  0.0 
 2.0  4.0  182.78  193.8  49.28  5.06  658.48  656.73  0.0 
 3.0  3.0  182.74  189.37  48.59  8.43  655.15  659.76  0.0 
 1.0  4.0  199.38  199.28  49.59  3.6  656.79  656.29  0.0 
 2.0  3.0  186.82  199.23  49.36  7.16  652.06  650.53  0.0 
 3.0  2.0  180.78  191.99  48.97  11.87  657.89  661.94  0.0 
 4.0  3.0  192.38  178.09  49.42  5.65  655.68  656.69  0.0 
 5.0  1.0  199.11  189.56  49.07  6.19  668.18  669.72  0.0 
 6.0  4.0  206.42  197.41  49.34  5.6  660.95  657.44  0.0 
 1.0  2.0  160.83  178.97  48.68  11.39  657.73  658.12  0.0 
 2.0  4.0  181.93  179.64  47.73  89.16  659.71  655.31  0.0 
 3.0  3.0  177.04  166.61  48.87  7.34  656.8  659.26  0.0 
 4.0  1.0  162.26  180.54  52.84  72.34  646.55  647.71  0.0 
 5.0  4.0  161.37  179.15  48.15  11.72  657.17  661.17  0.0 
 6.0  3.0  173.73  179.51  49.19  67.73  661.44  653.61  0.0 
 1.0  3.0  177.13  188.19  49.4  10.13  652.76  653.69  0.0 
 2.0  1.0  181.75  180.94  48.13  7.2  659.11  656.94  0.0 
 3.0  1.0  184.6  188.65  48.89  10.93  655.86  657.11  0.0 
 4.0  4.0  180.07  185.09  50.59  244.78  654.45  655.51  0.0 
 5.0  3.0  185.63  187.03  50.29  14.21  655.95  655.83  0.0 
 6.0  1.0  187.58  189.57  48.83  10.92  653.01  650.0  0.0 
 1.0  4.0  169.75  191.2  48.4  5.61  662.35  662.51  0.0 
 2.0  3.0  195.65  171.31  47.66  360.53  654.82  655.43  0.0 
 3.0  2.0  188.56  192.02  49.47  9.38  656.67  656.96  0.0 
 4.0  3.0  182.94  202.39  49.74  7.94  658.82  661.07  0.0 
 5.0  1.0  189.7  205.57  50.4  6.27  669.15  670.09  0.0 
 6.0  4.0  173.24  186.12  47.91  4.68  659.86  657.83  0.0 
 1.0  3.0  185.47  184.05  49.72  4.69  655.24  656.98  0.0 
 2.0  1.0  184.61  182.49  47.43  12.4  656.8  658.17  0.0 
 3.0  1.0  194.27  202.82  50.03  158.81  657.61  653.83  0.1053 
 4.0  4.0  177.05  182.64  49.14  9.36  655.17  657.37  0.0 
 5.0  3.0  184.17  184.95  49.23  216.22  659.01  657.2  0.0 
 6.0  1.0  192.69  188.51  49.52  7.54  658.68  653.72  0.0 
 1.0  1.0  189.71  194.48  49.69  4.96  658.49  661.07  0.0 
 2.0  2.0  188.35  190.76  49.64  11.96  659.39  659.42  0.0 
 3.0  4.0  200.52  189.06  49.46  4.25  656.36  658.79  0.0 
 1.0  3.0  182.28  168.63  48.67  6.39  656.13  654.54  0.0 
 2.0  1.0  184.79  197.09  49.1  6.67  659.7  655.15  0.0 
 3.0  1.0  185.81  191.15  49.74  5.28  656.94  656.94  0.0 
 4.0  4.0  198.37  186.92  51.29  75.75  661.64  662.58  0.0 
 5.0  3.0  187.69  174.85  48.38  4.03  656.99  657.92  0.0 
 6.0  1.0  180.32  172.61  47.85  10.34  654.44  650.01  0.1391 
 1.0  2.0  195.17  190.2  49.3  8.71  655.05  654.44  0.056 
 2.0  4.0  167.26  187.75  49.37  17.21  659.93  658.2  0.4359 
 3.0  3.0  184.25  196.58  49.42  8.13  657.21  658.78  0.0 
 4.0  1.0  178.32  166.8  49.46  6.54  647.5  648.78  0.0 
 5.0  4.0  192.22  191.87  49.36  6.25  657.24  658.51  0.0 
 6.0  3.0  184.89  168.66  48.58  7.32  656.55  654.94  0.2031 
 1.0  3.0  174.2  185.28  49.9  12.07  657.16  653.83  0.0 
 2.0  1.0  180.67  166.48  48.92  14.07  653.42  648.61  0.0 
 3.0  1.0  178.57  185.17  48.82  8.93  657.87  656.91  0.1703 
 1.0  3.0  197.97  196.17  48.71  8.69  656.23  654.46  0.0 
 2.0  1.0  163.99  167.3  52.1  313.59  651.52  651.26  0.0 
 3.0  1.0  197.6  195.52  53.9  211.52  655.89  653.94  0.0 
 4.0  4.0  194.14  191.87  52.6  25.02  653.15  651.46  0.0 
 5.0  3.0  215.14  203.16  49.78  37.59  655.29  656.15  0.0 
 6.0  1.0  193.68  197.81  48.56  8.56  650.66  651.83  0.0 
 1.0  4.0  156.9  192.18  49.01  7.93  657.97  658.28  0.0 
 2.0  3.0  189.07  190.12  48.9  7.26  661.51  660.29  0.0 
 3.0  2.0  186.29  194.02  49.66  14.34  656.38  658.08  0.0 
 4.0  3.0  184.09  199.53  50.14  10.71  658.16  658.84  0.0 
 5.0  1.0  200.97  201.9  50.7  8.32  671.93  671.91  0.0 
 6.0  4.0  170.33  189.78  48.11  9.42  656.27  654.35  0.0 
 1.0  2.0  197.47  190.35  50.47  7.98  655.79  654.81  0.0 
 2.0  4.0  188.14  195.47  47.95  18.05  657.47  655.84  0.0 
 3.0  3.0  197.8  199.51  50.23  10.56  655.99  655.49  0.0 
 4.0  1.0  190.93  185.14  48.78  8.96  650.28  646.9  0.0 
 5.0  4.0  196.26  198.99  49.58  6.1  655.02  655.18  0.0 
 6.0  3.0  200.1  202.46  48.63  10.24  661.35  658.9  0.0 
 1.0  3.0  183.95  198.4  49.39  6.23  656.92  655.58  0.0 
 2.0  1.0  186.71  168.02  48.13  8.32  657.15  653.18  0.0 
 3.0  1.0  188.48  172.15  48.33  12.39  658.26  660.27  0.4936 
 4.0  4.0  168.67  187.6  48.35  9.77  656.69  658.11  0.0 
 5.0  3.0  185.96  200.2  49.24  3.93  658.57  657.96  0.0 
 6.0  1.0  180.14  199.84  49.22  8.22  653.95  653.26  0.1371 
 1.0  3.0  187.82  202.25  50.53  13.18  657.93  662.08  0.9244 
 2.0  1.0  191.97  180.85  48.4  11.87  661.33  658.69  0.0 
 3.0  1.0  156.53  180.87  48.24  24.98  655.44  657.25  0.4549 
 4.0  4.0  169.28  189.03  48.99  6.32  652.17  654.5  0.0998 
 5.0  3.0  199.78  200.05  48.14  158.08  662.7  660.94  0.0 
 6.0  1.0  196.59  203.07  49.13  122.36  656.88  652.25  0.0 
 1.0  3.0  188.88  200.01  51.79  16.19  653.8  655.76  0.0 
 2.0  1.0  195.76  185.77  49.82  45.01  656.49  656.29  0.0 
 3.0  1.0  192.52  201.78  48.93  7.78  654.79  655.85  0.0 
 4.0  4.0  187.08  194.08  49.43  7.88  653.97  657.58  0.0 
 5.0  3.0  188.7  199.93  50.92  7.42  656.04  655.33  0.0 
 6.0  1.0  197.3  197.2  48.92  43.98  651.14  648.36  0.0 
 1.0  4.0  182.69  198.94  48.21  8.31  655.49  653.85  0.0 
 2.0  3.0  196.79  192.58  48.74  13.17  659.85  661.04  0.0 
 3.0  2.0  201.94  198.28  49.24  3.38  655.97  656.55  0.0 
 4.0  3.0  189.62  206.13  50.34  7.89  656.33  659.0  0.0 
 5.0  1.0  197.1  205.56  50.17  7.65  669.18  668.32  0.0 
 6.0  4.0  185.53  200.89  47.74  100.69  655.96  654.66  0.0 
 1.0  3.0  186.96  199.03  49.67  7.54  655.55  655.73  0.0 
 2.0  1.0  184.29  172.3  48.54  10.13  653.4  654.37  0.0 
 3.0  1.0  188.08  181.78  48.77  4.96  656.63  657.73  0.0 
 4.0  4.0  162.64  188.84  49.64  136.31  654.84  657.04  0.0 
 5.0  3.0  186.35  196.48  49.13  6.54  653.95  656.67  0.3235 
 6.0  1.0  191.64  198.2  48.92  10.63  654.67  653.04  0.0 
 1.0  3.0  181.1  176.77  48.41  6.89  658.43  656.36  0.0 
 2.0  1.0  184.96  195.33  48.78  13.53  654.01  653.23  0.0 
 3.0  1.0  193.43  199.77  49.33  26.23  657.1  658.74  0.0 
 4.0  4.0  190.52  187.54  49.9  6.55  653.9  653.09  0.0 
 5.0  3.0  185.9  177.23  48.52  7.73  657.75  659.31  0.0 
 6.0  1.0  190.24  188.36  47.9  11.86  656.51  653.79  0.0 
 1.0  4.0  162.86  192.42  48.49  9.14  660.8  657.76  0.1291 
 2.0  3.0  185.89  173.67  48.53  4.88  659.51  658.38  0.0 
 3.0  2.0  193.2  193.86  49.1  11.69  655.93  657.08  0.0 
 4.0  3.0  186.24  201.33  49.63  10.03  659.76  659.2  0.0 
 5.0  1.0  192.48  202.5  50.07  8.16  669.85  671.83  0.0 
 6.0  4.0  169.3  194.49  48.31  4.48  657.37  656.22  0.0 
 1.0  4.0  191.18  188.67  49.29  4.74  656.1  657.17  0.0 
 2.0  3.0  184.61  198.64  49.2  9.85  658.53  656.52  0.0 
 3.0  2.0  154.93  194.42  48.87  10.64  657.41  656.82  0.0 
 4.0  3.0  184.85  172.73  48.68  9.53  654.68  653.6  0.0 
 5.0  1.0  196.51  181.69  49.22  9.7  668.19  670.25  0.0 
 6.0  4.0  200.93  187.04  49.27  4.77  664.14  659.22  0.0 
 1.0  1.0  192.24  203.8  49.35  3.39  655.85  655.55  0.0 
 2.0  2.0  201.76  192.31  49.12  6.4  654.82  651.34  0.0 
 3.0  4.0  203.41  191.68  49.4  37.88  655.51  657.12  0.0 
 4.0  2.0  187.08  202.52  49.13  8.34  657.38  657.54  0.0 
 5.0  2.0  181.71  198.08  48.51  11.82  657.0  658.24  0.0 
 6.0  2.0  180.39  200.28  48.87  8.75  660.96  656.34  0.0445 
 1.0  1.0  190.33  192.44  50.5  21.45  655.85  657.58  0.1132 
 2.0  2.0  187.91  183.74  49.35  7.09  657.02  652.71  0.0 
 3.0  4.0  188.12  185.56  49.95  11.11  653.87  657.57  0.0 
 4.0  2.0  191.45  201.43  48.72  5.58  650.62  654.08  0.0 
 5.0  2.0  178.86  191.94  47.87  50.59  653.97  658.32  0.0 
 6.0  2.0  174.5  191.13  48.5  8.47  657.99  652.21  0.0 
 1.0  2.0  194.72  188.36  50.23  18.01  656.82  653.14  0.0 
 2.0  4.0  175.02  198.0  49.07  9.55  655.68  654.49  0.0 
 3.0  3.0  189.7  197.15  49.94  24.61  657.52  652.23  0.0 
 4.0  1.0  200.42  177.97  49.97  25.6  668.05  663.36  0.0 
 5.0  4.0  196.98  193.64  50.8  37.65  656.53  655.26  0.0 
 6.0  3.0  191.93  175.25  49.14  5.43  653.51  653.8  0.0 
 1.0  1.0  183.06  192.47  49.38  4.92  652.04  649.13  0.1061 
 2.0  2.0  199.77  192.17  49.33  5.58  662.79  658.07  0.0 
 3.0  4.0  198.66  183.93  49.44  4.5  654.48  656.04  0.0 
 4.0  2.0  163.03  190.58  48.6  12.08  655.78  657.0  0.0 
 5.0  2.0  171.28  190.94  48.29  6.63  659.34  660.11  0.0 
 6.0  2.0  163.08  189.69  48.8  10.72  656.91  652.85  0.0 
 1.0  2.0  195.37  187.61  49.36  5.12  656.49  656.9  0.0 
 2.0  4.0  162.36  160.07  49.49  9.61  655.09  652.88  0.0 
 3.0  3.0  184.04  197.43  51.35  36.08  655.92  657.68  0.0 
 4.0  1.0  181.2  172.7  48.46  8.23  654.4  652.6  0.0 
 5.0  4.0  189.17  192.11  50.06  15.93  657.01  658.09  0.2526 
 6.0  3.0  187.01  170.57  49.69  6.88  661.32  658.69  0.0 
 1.0  2.0  208.44  197.28  49.45  8.6  656.31  660.24  0.0 
 2.0  4.0  189.56  200.99  49.52  6.51  651.18  655.46  0.0 
 3.0  3.0  201.98  209.91  49.02  9.62  659.99  655.68  0.0 
 4.0  1.0  173.01  167.46  53.98  25.55  648.85  652.89  0.0 
 5.0  4.0  201.21  198.74  49.3  7.08  660.59  657.51  0.0 
 6.0  3.0  206.92  193.55  52.42  27.47  658.01  654.96  0.0 
 1.0  4.0  174.67  180.05  51.27  13.13  658.31  656.82  0.0 
 2.0  3.0  176.01  185.31  51.15  168.86  663.92  657.32  0.0 
 3.0  2.0  157.78  187.64  49.18  35.35  656.02  657.3  0.0 
 4.0  3.0  174.53  171.05  49.23  10.92  659.41  656.33  0.0 
 5.0  1.0  181.18  176.67  49.91  10.72  667.19  672.15  0.0 
 6.0  4.0  175.75  181.71  49.9  6.21  659.23  652.27  0.0 
 1.0  2.0  194.41  188.25  49.46  6.57  655.24  655.34  0.0 
 2.0  4.0  163.74  192.44  48.47  5.12  657.42  654.57  0.0 
 3.0  3.0  185.32  195.7  50.05  88.53  655.06  654.8  0.1708 
 4.0  1.0  180.31  172.12  48.18  12.6  647.25  648.72  0.0 
 5.0  4.0  195.26  190.9  49.18  4.74  654.79  656.32  0.0758 
 6.0  3.0  187.96  170.34  48.26  5.81  662.49  657.65  0.235 
 1.0  1.0  195.03  184.7  49.14  5.52  659.51  657.96  0.0411 
 2.0  2.0  198.28  196.41  48.08  6.17  658.27  657.7  0.0944 
 3.0  4.0  177.57  196.78  48.81  2.19  658.69  657.42  0.0 
 4.0  2.0  201.63  194.75  50.32  6.59  659.61  659.79  0.0 
 5.0  2.0  199.12  195.62  49.64  15.97  657.0  659.87  0.2146 
 6.0  2.0  201.07  187.62  49.85  21.87  662.81  658.66  0.0 
 1.0  3.0  180.76  194.87  49.99  21.31  658.05  660.79  0.0 
 2.0  1.0  191.26  162.53  49.21  5.65  658.8  661.6  0.0 
 3.0  1.0  185.9  184.68  48.65  8.01  658.16  662.44  0.0 
 4.0  4.0  174.13  190.54  49.6  9.14  654.31  659.43  0.0 
 5.0  3.0  175.67  193.79  49.96  13.02  660.79  655.55  0.0 
 6.0  1.0  180.89  195.08  47.78  51.58  657.36  650.74  0.0 
 1.0  4.0  199.48  193.57  49.74  11.5  659.87  655.99  0.0 
 2.0  3.0  186.65  198.9  48.92  39.24  655.94  655.48  0.0 
 3.0  2.0  159.31  191.42  49.04  26.26  656.55  653.41  0.0 
 4.0  3.0  189.61  172.32  49.05  14.37  657.74  652.41  0.2227 
 5.0  1.0  190.4  175.24  49.72  5.18  668.11  673.05  0.2086 
 6.0  4.0  198.09  194.05  49.53  8.57  656.98  657.1  0.0 
 1.0  3.0  183.03  180.71  48.66  7.42  653.12  653.62  0.0 
 2.0  1.0  195.43  203.32  49.65  10.67  659.43  659.99  0.0 
 3.0  1.0  191.16  200.47  50.62  6.62  658.37  660.97  0.0 
 4.0  4.0  193.89  192.6  50.58  20.47  657.21  659.89  0.0 
 5.0  3.0  193.6  185.66  48.49  7.54  659.07  655.79  0.0 
 6.0  1.0  189.26  180.36  48.23  14.16  652.17  649.02  0.0 
 1.0  2.0  175.53  171.04  49.63  10.94  652.44  650.95  0.0 
 2.0  4.0  170.17  187.37  52.4  193.91  656.47  647.05  0.0 
 3.0  3.0  151.76  185.65  48.06  136.99  653.8  655.31  0.0 
 4.0  1.0  176.78  173.31  50.26  21.41  651.77  649.96  0.0 
 5.0  4.0  177.83  177.96  50.49  101.4  650.65  660.49  0.0 
 6.0  3.0  187.79  172.24  50.86  14.06  663.75  657.58  0.0 
 1.0  4.0  189.0  205.89  48.82  6.77  661.57  661.07  0.0 
 2.0  3.0  198.85  193.26  49.11  8.96  657.88  658.56  0.0 
 3.0  2.0  199.58  195.63  50.31  7.69  658.53  655.84  0.0 
 4.0  3.0  190.34  205.93  49.7  3.18  654.9  655.89  0.0 
 5.0  1.0  195.68  208.12  49.72  9.67  667.25  668.09  0.9044 
 6.0  4.0  184.79  203.18  47.69  5.1  656.56  656.31  0.0 
 1.0  3.0  180.02  196.86  49.8  32.1  653.32  658.36  0.0 
 2.0  1.0  194.47  180.97  48.33  7.15  658.29  661.57  0.0 
 3.0  1.0  196.13  181.79  48.82  3.7  653.26  655.06  0.0 
 4.0  4.0  178.76  199.01  49.26  4.14  656.2  660.57  0.0 
 5.0  3.0  180.43  196.28  49.33  10.02  656.78  654.41  0.0 
 6.0  1.0  180.31  196.45  48.28  54.55  650.52  647.67  0.0 
 1.0  3.0  187.44  173.03  48.83  8.39  657.07  658.05  0.6982 
 2.0  1.0  185.61  198.8  49.46  10.87  658.04  657.92  0.7077 
 3.0  1.0  188.33  199.03  49.87  9.87  658.04  657.02  0.0632 
 4.0  4.0  195.79  185.55  49.86  13.82  653.52  653.98  0.0 
 5.0  3.0  185.58  171.53  48.47  11.69  656.33  658.3  0.0 
 6.0  1.0  186.86  172.09  48.23  16.01  655.91  653.1  0.0 
 1.0  3.0  187.17  200.33  49.02  5.24  656.44  657.24  0.0 
 2.0  1.0  177.53  176.57  47.77  10.79  651.26  649.06  0.0 
 3.0  1.0  185.99  169.99  48.53  8.76  654.92  656.85  0.0 
 4.0  4.0  168.82  189.41  48.6  12.66  657.47  659.91  0.0 
 5.0  3.0  188.02  192.53  48.92  9.36  655.85  655.9  0.0 
 6.0  1.0  179.56  199.69  49.0  4.14  652.67  651.12  0.0 
 1.0  2.0  168.08  191.3  48.99  12.31  658.37  659.01  0.0 
 2.0  4.0  195.29  190.27  50.96  23.16  660.36  661.02  0.0 
 3.0  3.0  188.12  165.53  49.16  4.85  659.58  659.93  0.0 
 4.0  1.0  178.73  197.0  50.28  208.52  649.2  648.69  0.0 
 5.0  4.0  165.96  195.46  48.64  3.95  660.51  660.62  0.0 
 6.0  3.0  182.78  197.12  49.68  6.59  658.06  655.21  0.0 
 1.0  2.0  186.83  188.38  48.52  9.61  657.72  655.42  0.0 
 2.0  4.0  185.34  192.87  49.2  14.37  657.72  654.71  0.0 
 3.0  3.0  188.69  189.1  48.14  14.08  657.13  652.47  0.0 
 4.0  1.0  194.4  189.48  49.78  5.42  667.61  663.99  0.0 
 5.0  4.0  184.19  166.9  49.02  9.51  654.75  657.16  0.0 
 6.0  3.0  189.09  184.52  50.62  633.09  654.69  653.75  0.0 
 1.0  4.0  194.46  186.89  49.57  8.22  654.68  653.24  0.0 
 2.0  3.0  184.81  197.15  50.19  8.72  659.71  657.03  0.0 
 3.0  2.0  150.74  195.14  49.06  8.3  655.72  656.04  0.0 
 4.0  3.0  185.73  165.9  49.2  24.75  658.42  654.49  0.0 
 5.0  1.0  187.14  175.74  49.89  15.73  667.47  669.86  0.0 
 6.0  4.0  194.75  185.1  49.18  4.77  655.65  653.57  0.0 
 1.0  4.0  186.01  196.67  48.7  12.21  652.63  652.64  0.0 
 2.0  3.0  192.59  188.63  49.36  9.73  653.79  652.87  0.0 
 3.0  2.0  202.19  193.83  53.76  285.35  657.3  657.88  0.0 
 4.0  3.0  193.19  202.2  49.47  98.83  654.07  653.4  0.0 
 5.0  1.0  191.46  200.57  51.82  10.9  666.65  662.87  0.0 
 6.0  4.0  186.76  199.46  49.2  5.05  659.32  654.99  0.0 
 1.0  1.0  190.55  178.82  49.84  12.03  658.44  659.14  0.0763 
 2.0  2.0  182.19  189.26  52.95  142.41  651.77  649.49  0.0 
 3.0  4.0  185.34  190.3  49.46  11.76  659.02  660.48  0.0 
 4.0  2.0  174.59  175.13  48.57  5.72  653.3  657.05  0.8798 
 5.0  2.0  181.32  183.23  48.49  12.73  657.03  656.2  0.7915 
 6.0  2.0  182.95  180.28  48.99  9.75  656.96  654.14  0.0 
 1.0  3.0  183.09  190.41  49.8  9.26  659.72  656.04  0.0 
 2.0  1.0  189.85  192.88  47.08  159.74  663.16  657.76  0.0 
 3.0  1.0  183.9  163.12  48.4  30.74  659.26  655.09  0.5681 
 4.0  4.0  172.77  178.53  48.66  28.86  658.24  656.21  0.0 
 5.0  3.0  187.93  193.52  50.3  42.41  655.58  658.02  0.0 
 6.0  1.0  184.27  191.17  48.75  5.63  655.25  651.21  0.0 
 1.0  1.0  182.88  174.18  48.07  8.03  660.63  656.22  0.0 
 2.0  2.0  177.36  183.48  48.4  7.06  656.05  653.22  0.0 
 3.0  4.0  171.24  185.23  48.15  5.36  656.21  656.03  0.0 
 4.0  2.0  185.59  192.6  49.58  6.85  658.18  656.7  0.0 
 5.0  2.0  188.7  189.79  49.06  4.73  653.61  656.28  0.0 
 6.0  2.0  194.57  191.4  49.7  8.0  661.55  661.46  0.0 
 1.0  1.0  191.51  187.63  52.63  374.66  660.58  655.35  0.0 
 2.0  2.0  183.29  196.13  49.95  81.81  654.6  652.32  0.0 
 3.0  4.0  186.56  187.7  51.85  16.98  660.25  657.46  0.0 
 4.0  2.0  186.65  190.23  49.56  8.03  660.68  660.31  0.3396 
 5.0  2.0  204.41  183.8  48.3  14.59  656.41  656.82  0.0 
 6.0  2.0  181.99  171.73  48.98  2.94  660.66  660.57  0.5515 
 1.0  3.0  191.62  201.24  50.02  4.58  661.36  658.11  0.0 
 2.0  1.0  197.36  186.67  48.84  8.21  658.89  655.02  0.0 
 3.0  1.0  198.08  192.75  48.83  9.15  660.58  656.71  0.0 
 4.0  4.0  185.17  194.66  48.71  9.72  654.4  653.54  0.0 
 5.0  3.0  195.89  203.38  49.33  6.72  659.71  661.83  0.0 
 6.0  1.0  194.03  202.01  49.78  80.55  655.92  651.99  0.0 
 1.0  1.0  190.01  171.74  48.65  9.32  657.03  655.65  0.0 
 2.0  2.0  177.42  182.01  48.74  5.36  660.24  655.87  0.0 
 3.0  4.0  171.37  187.85  48.81  11.11  655.82  655.88  0.0 
 4.0  2.0  197.76  189.86  49.99  5.62  657.99  656.02  0.0 
 5.0  2.0  191.61  191.66  49.31  6.63  657.3  657.98  0.0 
 6.0  2.0  194.17  186.84  49.61  8.35  655.69  651.46  0.0 
 1.0  2.0  185.0  187.57  49.15  3.71  652.03  651.09  0.0 
 2.0  4.0  167.77  188.87  50.04  95.35  664.44  660.15  0.0 
 3.0  3.0  185.58  202.22  49.42  8.75  658.44  657.98  0.4166 
 4.0  1.0  166.33  175.96  48.4  7.03  648.57  650.47  0.0 
 5.0  4.0  193.66  191.14  49.38  8.69  657.58  658.18  0.0 
 6.0  3.0  186.36  170.82  48.57  25.95  660.61  655.62  0.0 
 1.0  1.0  193.03  186.07  48.83  10.82  654.13  654.55  0.0 
 2.0  2.0  177.3  183.03  49.04  7.78  655.22  650.44  0.0 
 3.0  4.0  179.01  187.4  48.79  8.59  654.54  657.81  0.0 
 4.0  2.0  192.23  193.66  51.35  48.3  655.12  655.38  0.0 
 5.0  2.0  187.86  187.08  50.56  11.58  654.0  656.72  0.0 
 6.0  2.0  192.17  189.82  51.5  16.26  662.12  655.45  0.0 
 1.0  1.0  186.41  201.09  49.85  6.91  660.92  657.93  0.0 
 2.0  2.0  196.7  182.42  49.05  8.67  652.0  649.56  0.0 
 3.0  4.0  202.12  189.52  49.49  5.23  656.96  661.13  0.0 
 4.0  2.0  164.17  196.21  48.92  13.38  654.14  661.12  0.0 
 5.0  2.0  168.4  187.59  48.64  8.02  659.99  654.94  0.0 
 6.0  2.0  166.97  186.39  48.72  6.6  657.23  650.54  0.0 
 1.0  3.0  193.02  197.5  50.37  13.69  659.54  657.15  0.0 
 2.0  1.0  183.79  169.54  48.47  15.62  659.75  658.63  0.0 
 3.0  1.0  185.83  176.06  48.68  7.51  655.24  651.62  0.0 
 4.0  4.0  187.59  192.02  48.44  7.52  659.36  660.17  0.0 
 5.0  3.0  185.81  199.39  49.11  7.17  656.38  653.74  0.3629 
 6.0  1.0  180.91  190.79  49.13  6.15  651.87  647.06  0.0 
 1.0  3.0  195.5  194.09  51.99  38.62  661.45  656.88  0.0 
 2.0  1.0  192.79  181.71  48.62  14.83  660.35  653.52  0.0 
 3.0  1.0  190.45  184.61  48.85  11.09  658.09  661.19  0.0 
 4.0  4.0  198.44  197.11  49.46  11.79  657.21  666.88  0.0 
 5.0  3.0  191.92  194.57  51.98  101.73  658.9  654.73  0.0 
 6.0  1.0  187.82  192.0  50.13  13.5  658.57  646.3  0.0 
 1.0  3.0  190.37  173.3  48.76  14.44  664.99  663.14  0.0 
 2.0  1.0  191.74  198.47  49.39  19.65  655.11  658.58  0.0 
 3.0  1.0  191.85  197.41  50.07  7.84  657.7  650.42  0.0 
 4.0  4.0  197.56  187.56  50.15  5.42  655.9  658.37  0.0641 
 5.0  3.0  187.8  170.28  48.15  5.76  657.97  659.76  0.0 
 6.0  1.0  184.23  173.61  48.2  16.95  654.79  651.9  0.0 
 1.0  1.0  189.32  195.97  51.45  8.49  659.21  657.56  0.0 
 2.0  2.0  196.54  183.9  49.94  8.07  657.8  653.0  0.6009 
 3.0  4.0  194.17  191.29  51.34  33.17  655.97  658.26  0.0 
 4.0  2.0  175.23  200.58  49.24  10.84  651.6  658.27  0.0 
 5.0  2.0  170.38  193.46  49.12  8.54  656.67  656.6  0.0 
 6.0  2.0  171.12  190.52  49.66  153.45  656.71  649.79  0.0 
 1.0  2.0  185.57  184.29  48.91  3.99  656.56  653.81  0.0 
 2.0  4.0  178.92  199.11  50.79  19.48  657.86  655.0  0.0 
 3.0  3.0  177.75  186.67  49.05  10.42  654.88  653.05  0.0 
 4.0  1.0  193.2  183.63  52.26  17.67  665.78  661.24  0.0 
 5.0  4.0  203.04  189.25  48.46  8.28  656.01  655.91  0.0 
 6.0  3.0  195.02  173.81  54.45  182.88  655.95  652.6  0.0 
 1.0  1.0  181.71  188.41  48.83  40.91  649.73  653.41  0.5316 
 2.0  2.0  192.75  183.37  49.38  7.63  658.28  658.4  0.0 
 3.0  4.0  184.87  184.57  49.25  16.1  653.15  664.24  0.0 
 4.0  2.0  176.97  191.4  52.99  19.75  653.43  657.13  0.0 
 5.0  2.0  177.8  192.49  51.88  27.57  659.79  656.24  0.9188 
 6.0  2.0  181.24  190.68  51.24  13.06  656.57  651.19  0.0 
 1.0  2.0  182.2  192.21  53.6  283.34  658.62  657.28  0.0 
 2.0  4.0  180.52  187.26  48.93  9.41  654.87  654.22  0.0 
 3.0  3.0  185.43  187.96  49.55  6.37  656.08  656.74  0.0 
 4.0  1.0  184.95  185.63  48.3  7.7  651.16  653.41  0.0 
 5.0  4.0  184.57  194.96  49.61  11.41  656.49  656.01  0.0 
 6.0  3.0  183.05  184.28  48.8  9.28  660.06  657.58  0.0 
 1.0  1.0  191.0  199.05  50.37  9.05  659.77  659.57  0.0 
 2.0  2.0  190.4  189.68  50.46  8.8  654.39  653.96  0.0 
 3.0  4.0  199.28  195.48  51.24  185.61  661.82  657.82  0.0 
 4.0  2.0  171.44  186.4  48.91  12.29  656.1  655.37  0.0 
 5.0  2.0  178.75  183.26  48.56  5.22  659.16  658.87  0.1017 
 6.0  2.0  163.99  193.25  48.94  4.96  659.93  657.41  0.0 
 1.0  4.0  196.04  194.28  50.01  15.46  659.57  659.86  0.0 
 2.0  3.0  198.89  195.33  50.17  7.62  661.28  660.98  0.0 
 3.0  2.0  180.23  197.63  48.3  7.19  655.9  656.0  0.0 
 4.0  3.0  190.99  190.77  49.08  9.93  659.96  660.14  0.0 
 5.0  1.0  191.71  199.46  49.06  13.7  669.94  672.81  0.0 
 6.0  4.0  195.54  193.84  49.33  5.43  656.23  654.97  0.0 
 1.0  3.0  187.25  190.41  49.65  43.3  656.61  654.45  0.0 
 2.0  1.0  182.66  156.53  46.69  84.34  654.67  653.87  0.0 
 3.0  1.0  185.62  171.48  48.5  4.58  658.12  658.19  0.0 
 1.0  1.0  185.59  196.14  49.6  10.62  654.98  656.31  0.0 
 2.0  2.0  200.06  189.22  49.29  11.33  653.78  655.14  0.0 
 3.0  4.0  200.27  188.71  49.74  10.84  657.05  653.73  0.0 
 4.0  2.0  185.2  195.63  48.61  8.9  656.83  658.16  0.9151 
 5.0  2.0  178.33  192.98  48.48  18.14  659.28  657.23  0.0 
 6.0  2.0  184.4  196.78  49.29  4.54  660.5  661.78  0.0 
 1.0  3.0  181.19  179.49  50.34  340.11  660.88  659.91  0.0 
 2.0  1.0  185.49  197.17  49.86  10.56  662.14  658.19  0.3142 
 3.0  1.0  185.96  188.5  50.17  25.24  658.97  660.63  0.0 
 4.0  4.0  192.16  186.84  50.23  7.15  658.34  657.14  0.3856 
 5.0  3.0  187.17  176.7  48.55  6.92  662.43  660.38  0.0 
 6.0  1.0  172.44  176.12  48.07  6.07  654.94  652.12  0.0 
 1.0  2.0  184.98  192.68  49.6  8.99  654.35  652.8  0.0 
 2.0  4.0  189.7  191.79  49.85  11.67  656.83  656.0  0.0 
 3.0  3.0  192.36  185.28  49.22  7.01  654.87  652.57  0.0 
 4.0  1.0  174.02  194.2  50.16  12.65  647.67  648.2  0.0 
 5.0  4.0  176.24  193.61  49.04  5.62  653.72  653.71  0.0 
 6.0  3.0  187.29  185.09  49.74  9.79  652.95  652.89  0.0 
 1.0  2.0  167.76  187.55  48.02  9.42  652.58  651.03  0.0 
 2.0  4.0  193.98  191.34  49.25  3.56  658.58  658.73  0.0 
 3.0  3.0  188.04  184.17  48.34  6.89  655.46  654.72  0.0 
 4.0  1.0  190.8  200.31  49.59  13.04  667.32  666.89  0.0 
 5.0  4.0  168.79  190.49  48.23  9.87  655.69  655.13  0.0 
 6.0  3.0  191.56  194.68  49.33  7.21  655.04  653.69  0.0 
 1.0  2.0  182.14  186.53  49.11  10.45  652.72  655.11  0.0 
 2.0  4.0  177.09  190.1  48.75  7.76  650.77  654.26  0.0 
 3.0  3.0  188.6  188.33  50.74  69.29  656.59  654.31  0.0 
 4.0  1.0  179.23  182.02  48.78  13.4  645.76  646.56  0.0 
 5.0  4.0  183.54  191.33  49.25  7.08  655.8  655.66  0.0 
 6.0  3.0  190.37  190.5  49.24  9.49  656.86  656.51  0.0 
 1.0  4.0  173.72  186.41  49.1  5.12  661.86  657.96  0.0 
 2.0  3.0  177.49  174.5  47.95  19.05  653.56  649.42  0.1474 
 3.0  2.0  192.3  190.96  49.68  32.42  656.83  660.87  0.0 
 4.0  3.0  186.79  193.56  49.61  8.41  656.43  656.64  0.0 
 5.0  1.0  191.74  192.47  49.96  4.99  666.26  666.98  0.0 
 6.0  4.0  159.03  196.01  48.4  6.43  660.08  656.49  0.0 
 1.0  2.0  175.31  188.65  48.3  7.67  655.76  655.97  0.0 
 2.0  4.0  198.02  198.06  49.59  6.47  660.15  660.07  0.0 
 3.0  3.0  200.62  175.73  49.3  13.81  655.75  657.11  0.0 
 4.0  1.0  183.45  205.46  49.83  5.18  652.72  655.09  0.0 
 5.0  4.0  185.11  195.28  48.62  4.05  659.16  655.87  0.0254 
 6.0  3.0  193.36  202.9  48.41  98.69  658.03  657.28  0.0 
 1.0  1.0  187.17  194.25  49.64  8.51  656.5  660.56  0.0 
 2.0  2.0  189.85  194.87  48.56  19.03  657.34  659.87  0.0 
 3.0  4.0  208.33  195.68  48.61  10.61  657.67  655.31  0.0 
 4.0  2.0  192.55  202.44  53.22  24.2  656.04  659.25  0.0 
 5.0  2.0  193.47  196.47  49.13  67.62  661.36  657.49  0.0 
 6.0  2.0  192.51  201.55  52.43  40.69  659.96  656.05  0.0 
 1.0  1.0  191.2  187.02  48.81  9.16  648.02  654.66  0.0 
 2.0  2.0  171.55  187.12  48.24  16.41  648.96  647.24  0.0 
 3.0  4.0  176.26  192.27  48.99  8.33  651.56  652.01  0.0 
 4.0  2.0  184.49  192.45  52.32  173.25  651.08  653.25  0.0 
 5.0  2.0  189.47  186.41  50.25  12.96  651.53  649.43  0.0 
 6.0  2.0  192.57  193.13  49.82  57.04  658.12  655.26  0.0 
 1.0  4.0  196.4  200.18  49.8  19.89  660.89  657.77  0.1435 
 2.0  3.0  201.33  203.25  50.76  12.95  658.34  655.84  0.9476 
 3.0  2.0  190.78  207.72  48.81  3.61  658.26  653.67  0.0 
 4.0  3.0  196.9  195.93  48.93  8.07  657.47  652.42  0.0 
 5.0  1.0  210.78  211.89  49.39  4.64  668.41  671.13  0.969 
 6.0  4.0  203.02  202.94  49.78  14.6  658.29  659.37  0.5683 
 1.0  4.0  184.09  188.04  48.62  8.84  655.01  655.37  0.0 
 2.0  3.0  186.1  188.89  51.1  311.91  659.36  659.72  0.0 
 3.0  2.0  183.66  193.53  49.52  6.6  655.38  653.92  0.0 
 1.0  4.0  199.19  195.88  49.91  9.3  658.7  656.67  0.0 
 2.0  3.0  193.19  200.17  49.51  10.61  662.31  660.96  0.0 
 3.0  2.0  181.87  197.74  48.59  10.31  653.31  654.46  0.0 
 4.0  3.0  192.74  192.36  49.43  16.94  657.27  659.12  0.0 
 5.0  1.0  202.61  197.78  50.54  100.26  669.25  669.26  0.0 
 6.0  4.0  195.26  197.66  49.31  7.0  656.52  652.64  0.0 
 1.0  2.0  190.93  188.21  49.06  11.23  655.09  654.18  0.0 
 2.0  4.0  170.08  191.81  48.18  7.15  658.84  658.41  0.0 
 3.0  3.0  183.5  191.93  49.87  16.57  656.17  653.11  0.1001 
 1.0  3.0  179.97  196.1  49.85  5.34  655.52  654.53  0.0 
 2.0  1.0  185.11  167.71  48.54  9.13  653.99  653.32  0.0 
 3.0  1.0  183.16  171.62  49.1  15.2  659.34  656.72  0.0 
 4.0  4.0  163.39  185.73  48.67  6.41  656.8  655.85  0.0 
 5.0  3.0  182.46  197.5  49.25  7.5  656.36  657.37  0.0 
 6.0  1.0  183.21  194.36  49.24  11.1  655.31  655.2  0.0 
 1.0  1.0  187.13  164.9  48.9  4.73  659.89  663.78  0.0 
 2.0  2.0  181.03  182.02  48.59  5.03  653.12  655.13  0.0 
 3.0  4.0  178.21  173.5  48.82  8.2  658.44  655.71  0.0 
 4.0  2.0  198.58  187.44  51.17  41.6  655.35  656.53  0.0 
 5.0  2.0  197.08  190.08  49.73  27.41  659.86  654.42  0.0 
 6.0  2.0  189.09  190.26  50.84  30.32  659.95  658.73  0.0 
 1.0  1.0  186.35  194.03  49.55  4.2  659.61  658.76  0.0 
 2.0  2.0  192.92  186.56  49.43  14.05  659.64  659.94  0.0 
 3.0  4.0  193.52  187.63  49.0  6.57  659.25  656.3  0.0 
 4.0  2.0  165.94  188.25  48.98  10.33  656.16  656.99  0.0 
 5.0  2.0  168.08  186.11  48.66  6.81  659.45  660.96  0.0 
 6.0  2.0  168.17  188.44  48.65  18.67  659.16  654.54  0.0 
 1.0  2.0  200.66  189.98  50.14  8.08  656.78  657.61  0.0 
 2.0  4.0  160.47  195.4  48.71  7.44  657.55  655.94  0.0 
 3.0  3.0  199.3  195.55  50.33  12.87  659.1  658.35  0.0 
 4.0  1.0  189.82  167.44  48.17  9.76  649.12  652.06  0.0 
 5.0  4.0  204.7  199.9  49.72  8.08  660.09  658.61  0.0 
 6.0  3.0  181.3  188.4  49.58  219.2  660.46  658.28  0.0 
 1.0  1.0  178.95  168.87  48.09  15.75  658.27  651.84  0.0 
 2.0  2.0  166.43  180.54  48.01  24.25  652.45  650.49  0.0 
 3.0  4.0  166.75  179.99  48.99  5.54  659.28  654.12  0.0 
 4.0  2.0  177.08  184.09  52.02  113.6  658.05  655.31  0.0 
 5.0  2.0  174.87  179.7  50.77  10.61  655.95  653.98  0.0 
 6.0  2.0  175.67  180.17  51.17  12.79  657.43  658.87  0.4637 
 1.0  2.0  181.99  192.2  48.91  7.52  654.13  659.87  0.7221 
 2.0  4.0  186.2  193.96  51.29  7.98  655.45  655.64  0.7101 
 3.0  3.0  182.61  191.84  48.81  17.59  657.64  656.36  0.7775 
 4.0  1.0  188.58  185.08  49.3  321.78  645.42  650.18  0.5512 
 5.0  4.0  187.69  172.89  48.81  8.08  660.13  655.84  0.621 
 6.0  3.0  192.45  185.25  50.97  14.08  658.82  655.4  0.8596 
 1.0  3.0  173.51  175.22  48.56  12.13  654.64  657.43  0.2325 
 2.0  1.0  182.92  190.97  49.65  5.9  658.07  653.67  0.0 
 3.0  1.0  180.02  192.3  49.67  8.63  654.42  658.73  0.0 
 4.0  4.0  187.99  182.19  50.35  7.57  653.09  652.94  0.0 
 5.0  3.0  175.34  176.6  48.58  12.68  655.57  660.6  0.0 
 6.0  1.0  183.33  175.42  48.27  11.29  656.91  648.05  0.0 
 1.0  2.0  199.61  183.46  48.9  12.15  653.79  650.81  0.0 
 2.0  4.0  193.27  201.34  50.81  4.52  658.22  653.13  0.0 
 3.0  3.0  194.05  198.57  49.31  126.31  652.14  656.54  0.0 
 4.0  1.0  203.54  183.73  52.59  20.07  663.52  664.34  0.0 
 5.0  4.0  188.66  197.52  48.48  11.58  652.28  656.94  0.0 
 6.0  3.0  204.0  191.19  50.39  22.31  655.2  647.54  0.0 
 1.0  3.0  202.52  195.56  49.19  11.91  657.98  653.62  0.0 
 2.0  1.0  202.45  201.91  49.81  9.91  656.92  651.14  0.0 
 3.0  1.0  197.63  201.45  50.48  33.03  658.59  655.92  0.0 
 4.0  4.0  201.13  200.43  50.03  21.38  657.52  656.71  0.0 
 5.0  3.0  203.21  203.97  48.65  12.99  656.87  658.82  0.0 
 6.0  1.0  202.66  197.63  48.44  9.38  653.62  654.84  0.0 
 1.0  4.0  181.02  177.2  48.81  8.1  657.48  662.84  0.2879 
 2.0  3.0  188.25  176.34  48.58  9.33  655.17  656.29  0.0 
 3.0  2.0  195.72  201.03  49.83  5.67  660.95  661.14  0.0 
 4.0  3.0  191.82  182.02  51.04  10.81  654.39  661.36  0.0 
 5.0  1.0  193.49  204.59  50.1  21.86  672.23  668.46  0.0 
 6.0  4.0  183.45  197.15  48.53  7.48  660.89  657.56  0.0 
 1.0  4.0  189.67  195.47  50.11  8.47  657.4  657.32  0.0 
 2.0  3.0  187.5  204.82  49.94  10.26  660.13  659.18  0.0 
 3.0  2.0  183.93  194.69  48.76  6.36  657.75  655.64  0.0 
 4.0  3.0  177.08  182.59  49.03  8.05  657.38  656.0  0.0 
 5.0  1.0  177.85  176.39  49.28  32.45  669.16  669.03  0.1623 
 6.0  4.0  196.74  199.96  49.64  7.68  653.86  654.56  0.0 
 1.0  1.0  177.3  181.61  49.07  21.04  661.29  656.18  0.0 
 2.0  2.0  180.42  179.5  49.25  13.86  657.04  656.12  0.0 
 3.0  4.0  174.27  184.88  49.76  45.97  659.2  655.6  0.0 
 4.0  2.0  182.11  187.95  52.25  6.84  660.12  656.43  0.0 
 5.0  2.0  186.65  186.28  53.06  248.06  657.56  660.59  0.0 
 6.0  2.0  184.72  185.29  49.69  94.01  658.34  659.03  0.0 
 1.0  2.0  201.7  189.69  49.61  3.96  655.88  655.63  0.0 
 2.0  4.0  179.77  188.75  49.74  107.1  654.61  650.03  0.0 
 3.0  3.0  189.59  187.2  49.91  4.74  653.41  656.18  0.6743 
 4.0  1.0  190.28  186.26  50.92  18.21  646.93  648.94  0.0 
 5.0  4.0  183.95  192.99  49.49  7.59  651.1  656.98  0.8089 
 6.0  3.0  187.33  187.32  49.28  6.34  664.48  656.25  0.7491 
 1.0  1.0  196.68  189.27  47.98  43.83  660.26  660.79  0.0 
 2.0  2.0  187.57  197.09  48.71  10.53  658.17  656.6  0.0 
 3.0  4.0  189.34  195.42  48.42  7.75  658.63  658.22  0.0 
 4.0  2.0  199.73  197.73  50.08  16.75  657.92  652.68  0.0 
 5.0  2.0  202.24  191.93  49.77  14.33  659.37  662.61  0.0 
 6.0  2.0  198.68  192.63  49.71  4.74  659.26  657.65  0.0 
 1.0  4.0  165.37  187.04  49.3  23.65  660.77  658.32  0.0 
 2.0  3.0  184.51  171.38  49.01  10.6  658.67  655.04  0.0 
 3.0  2.0  190.27  195.8  49.62  9.55  658.27  662.1  0.0 
 4.0  3.0  187.28  200.45  49.95  12.09  658.37  660.6  0.0 
 5.0  1.0  193.34  201.52  50.07  18.99  668.44  666.93  0.0 
 6.0  4.0  169.97  190.22  48.09  7.85  657.66  652.76  0.0 
 1.0  2.0  196.77  188.35  49.35  2.39  654.25  651.25  0.0 
 2.0  4.0  166.24  191.14  48.47  15.9  660.01  657.88  0.0 
 3.0  3.0  179.73  204.61  49.83  11.57  653.55  655.41  0.0 
 4.0  1.0  190.92  183.66  48.97  18.01  667.47  670.24  0.0 
 5.0  4.0  195.32  190.64  49.1  6.4  655.89  656.14  0.0 
 6.0  3.0  189.29  160.5  48.69  12.6  655.86  652.8  0.0 
 1.0  1.0  188.77  196.56  50.07  4.58  655.43  656.83  0.0 
 2.0  2.0  197.91  185.72  50.07  6.32  656.59  654.16  0.3662 
 3.0  4.0  195.57  187.29  49.64  15.84  659.5  657.09  0.1132 
 4.0  2.0  167.88  189.87  49.49  6.75  659.17  658.91  0.0 
 5.0  2.0  159.29  187.59  49.4  18.91  657.32  660.11  0.0 
 6.0  2.0  163.39  182.09  49.49  20.59  661.48  657.65  0.0 
 1.0  1.0  192.89  202.04  49.95  4.91  658.51  657.36  0.0 
 2.0  2.0  198.43  190.63  49.65  5.53  655.52  652.61  0.0 
 3.0  4.0  202.09  188.4  49.83  8.87  657.81  657.7  0.0 
 4.0  2.0  183.53  197.77  48.87  11.66  656.74  656.06  0.0 
 5.0  2.0  188.95  195.3  48.19  4.96  659.21  658.46  0.0 
 6.0  2.0  180.86  195.07  49.03  6.63  661.1  656.03  0.0 
 1.0  1.0  188.63  193.97  49.17  17.72  655.43  655.97  0.0 
 2.0  2.0  187.52  194.73  51.28  227.42  659.48  660.11  0.0 
 3.0  4.0  190.05  190.19  48.94  22.07  653.97  655.76  0.0 
 4.0  2.0  185.82  197.61  50.09  27.7  653.1  654.89  0.0 
 5.0  2.0  199.04  193.31  49.52  9.57  659.4  658.4  0.0 
 6.0  2.0  193.43  193.62  50.06  9.55  656.97  650.98  0.0 
 1.0  2.0  180.3  191.1  48.3  22.6  657.71  654.05  0.6106 
 2.0  4.0  183.05  189.41  49.36  9.12  653.42  653.83  0.0 
 3.0  3.0  154.26  181.52  48.69  17.55  657.77  652.67  0.7772 
 4.0  1.0  181.11  186.11  49.95  60.71  649.06  646.8  0.4596 
 5.0  4.0  179.3  198.06  48.5  7.2  655.19  654.52  0.0 
 6.0  3.0  183.27  185.71  49.19  5.04  657.04  655.0  0.1863 
 1.0  1.0  168.52  191.29  49.52  101.06  661.19  660.4  0.0 
 2.0  2.0  172.27  190.31  48.51  19.77  654.83  654.18  0.0 
 3.0  4.0  180.96  186.53  49.06  7.16  656.84  654.26  0.0 
 4.0  2.0  198.33  202.74  51.84  119.68  655.62  658.8  0.0 
 5.0  2.0  199.81  190.21  49.37  114.0  655.65  654.94  0.0 
 6.0  2.0  195.43  193.95  50.85  8.63  661.29  658.24  0.0 
 1.0  1.0  191.24  205.34  49.46  4.23  658.88  661.04  0.0 
 2.0  2.0  210.95  192.93  49.17  8.23  664.17  655.37  0.0578 
 3.0  4.0  207.9  192.57  49.62  7.41  657.16  658.83  0.7542 
 4.0  2.0  182.15  202.29  48.92  8.12  655.55  655.48  0.0 
 5.0  2.0  186.24  198.05  48.13  8.33  657.71  657.35  0.0 
 6.0  2.0  186.14  200.38  48.94  7.93  658.15  654.64  0.0 
 1.0  4.0  185.46  199.32  48.91  12.13  655.15  657.18  0.0 
 2.0  3.0  199.57  189.68  48.76  6.76  660.19  657.3  0.0803 
 3.0  2.0  202.69  202.15  49.67  9.31  655.64  658.12  0.0 
 4.0  3.0  190.49  205.97  50.4  9.49  655.5  657.26  0.0 
 5.0  1.0  197.52  206.61  49.94  9.82  667.85  665.56  0.0 
 6.0  4.0  195.98  206.72  48.09  5.1  657.85  654.25  0.0 
 1.0  4.0  188.31  190.1  49.4  8.91  657.86  657.58  0.0 
 2.0  3.0  190.95  193.77  49.85  16.94  661.2  659.46  0.0 
 3.0  2.0  144.19  189.44  48.6  2.81  654.59  652.8  0.0 
 4.0  3.0  180.24  176.53  49.28  3.46  656.13  657.07  0.0 
 5.0  1.0  183.53  183.43  49.69  10.27  670.25  672.25  0.0 
 6.0  4.0  196.09  188.83  49.22  4.68  652.64  652.56  0.0 
 1.0  4.0  173.27  192.61  48.32  7.69  656.98  655.04  0.0 
 2.0  3.0  182.62  179.61  48.07  11.36  653.61  650.97  0.0 
 3.0  2.0  179.04  191.43  49.45  7.08  656.9  656.92  0.0 
 4.0  3.0  188.34  198.52  49.43  4.99  658.95  656.11  0.0 
 5.0  1.0  192.06  198.88  50.18  8.43  665.85  668.84  0.0 
 6.0  4.0  170.61  178.81  47.69  14.22  661.42  659.61  0.0 
 1.0  3.0  200.39  188.59  50.07  20.93  656.74  658.39  0.0 
 2.0  1.0  198.61  184.96  47.63  7.52  654.13  649.15  0.0 
 3.0  1.0  196.63  194.55  48.48  7.23  654.92  659.9  0.0 
 4.0  4.0  203.94  191.25  48.89  6.53  655.8  654.88  0.0 
 5.0  3.0  193.98  200.94  49.38  10.57  656.81  658.73  0.0 
 6.0  1.0  243.73  178.52  61.16  460637.45  652.55  649.62  0.0 
 1.0  2.0  172.57  197.35  48.75  20.28  655.92  658.02  0.7665 
 2.0  4.0  195.82  194.19  46.46  84.28  660.39  661.9  0.7053 
 3.0  3.0  179.39  183.34  48.81  14.23  654.83  654.29  0.4451 
 4.0  1.0  175.75  195.77  51.6  13.81  648.96  654.94  0.0 
 5.0  4.0  171.88  200.3  48.47  9.97  658.56  657.07  0.0 
 6.0  3.0  184.76  194.12  49.56  11.44  655.14  651.55  0.0 
 1.0  2.0  229.75  229.14  85.65  620857.91  656.64  657.16  0.0 
 2.0  4.0  181.09  191.43  48.58  30.82  659.01  653.69  0.2054 
 3.0  3.0  189.74  188.46  52.11  8.14  654.77  654.46  0.0 
 4.0  1.0  177.74  191.3  48.56  56.33  646.42  648.03  0.0 
 5.0  4.0  180.46  203.64  50.75  20.33  653.63  658.35  0.0 
 6.0  3.0  186.46  178.15  49.32  8.09  662.26  652.97  0.0 
 1.0  1.0  178.27  178.35  48.54  13.04  658.15  657.39  0.0 
 2.0  2.0  170.94  183.52  48.36  11.44  653.77  651.81  0.3569 
 3.0  4.0  168.71  187.32  48.93  9.5  659.88  657.88  0.0 
 4.0  2.0  189.76  195.78  49.8  8.09  657.39  656.9  0.0 
 5.0  2.0  191.47  187.75  49.11  2.77  655.48  652.54  0.0 
 6.0  2.0  195.42  191.34  50.27  9.05  663.33  660.98  0.0 
 1.0  4.0  204.97  195.26  49.29  8.15  663.4  659.92  0.0 
 2.0  3.0  190.92  201.73  49.4  10.09  659.56  653.91  0.0 
 3.0  2.0  182.91  202.99  48.64  10.42  660.78  660.82  0.0 
 4.0  3.0  198.44  190.64  48.79  7.36  659.41  657.12  0.0 
 5.0  1.0  202.53  195.49  49.05  11.65  670.46  672.77  0.0 
 6.0  4.0  202.09  195.52  48.82  14.24  659.43  656.17  0.4797 
 1.0  1.0  187.55  194.2  49.27  5.56  656.49  658.4  0.0 
 2.0  2.0  200.55  189.78  49.4  11.77  656.42  658.84  0.0 
 3.0  4.0  197.35  193.79  49.18  9.82  657.28  656.73  0.0 
 4.0  2.0  180.83  191.07  48.7  9.82  655.54  657.44  0.0 
 5.0  2.0  177.48  200.72  48.34  13.52  658.96  656.96  0.0 
 6.0  2.0  194.74  195.65  48.67  8.93  657.71  658.3  0.0 
 1.0  2.0  171.19  179.91  48.6  4.75  655.49  655.81  0.0 
 2.0  4.0  185.01  193.04  49.47  9.2  660.59  658.98  0.4411 
 3.0  3.0  178.8  176.35  48.77  6.36  656.11  658.92  0.0 
 4.0  1.0  191.85  187.26  49.9  12.68  668.53  666.41  0.0 
 5.0  4.0  171.8  187.93  48.31  12.89  658.83  661.99  0.0 
 6.0  3.0  186.52  190.02  49.65  5.05  656.08  655.04  0.0 
 1.0  1.0  184.66  195.04  49.56  10.37  659.49  658.74  0.0 
 2.0  2.0  198.93  180.12  49.6  7.77  656.37  654.26  0.1062 
 3.0  4.0  193.85  185.22  49.79  6.54  657.47  657.77  0.3532 
 4.0  2.0  167.98  193.1  49.09  9.76  658.41  662.77  0.0 
 5.0  2.0  158.44  192.21  48.38  46.75  656.99  659.16  0.3861 
 6.0  2.0  164.7  189.63  49.31  8.05  661.3  656.9  0.0 
 1.0  1.0  193.18  204.59  49.46  11.71  658.18  658.64  0.0 
 2.0  2.0  192.67  193.02  48.69  13.86  653.85  647.94  0.0 
 3.0  4.0  188.68  190.51  49.05  15.62  653.21  658.93  0.0 
 4.0  2.0  192.72  199.0  51.98  36.52  653.94  654.33  0.0 
 5.0  2.0  193.39  193.41  50.73  11.57  653.85  656.83  0.0 
 6.0  2.0  193.71  194.92  51.22  14.97  660.56  653.55  0.0 
 1.0  3.0  199.8  191.35  49.06  10.07  656.34  656.72  0.0579 
 2.0  1.0  190.16  206.77  49.38  10.26  660.67  660.36  0.0 
 3.0  1.0  197.16  202.92  49.66  8.25  655.9  657.21  0.0 
 4.0  4.0  201.93  191.9  49.64  3.7  654.16  657.12  0.0 
 5.0  3.0  196.33  186.05  48.17  13.07  658.68  658.9  0.0 
 6.0  1.0  201.11  195.43  48.08  6.41  656.06  651.6  0.0 
 1.0  4.0  198.39  192.43  49.63  8.44  657.1  654.53  0.0 
 2.0  3.0  193.18  199.16  50.08  18.37  659.35  655.55  0.0 
 3.0  2.0  178.73  199.1  48.57  7.26  654.15  657.22  0.0 
 4.0  3.0  198.12  187.35  48.79  9.61  656.98  657.34  0.0 
 5.0  1.0  197.37  194.95  48.94  11.4  669.56  674.41  0.0 
 6.0  4.0  197.58  194.12  49.45  3.22  660.18  657.36  0.0 
 1.0  2.0  181.1  188.57  49.24  4.49  659.71  658.78  0.0 
 2.0  4.0  193.17  190.0  48.94  9.79  653.32  654.16  0.0 
 3.0  3.0  184.73  164.46  49.49  12.07  658.78  659.91  0.0 
 4.0  3.0  183.04  172.72  49.92  10.42  658.8  657.15  0.0 
 5.0  1.0  189.42  187.79  49.53  7.63  669.26  669.35  0.0 
 6.0  4.0  192.78  192.99  49.74  14.38  662.09  658.22  0.0 
 1.0  4.0  194.85  192.91  50.13  8.18  658.95  656.31  0.0 
 2.0  3.0  194.1  198.8  50.09  10.54  659.5  658.76  0.0 
 3.0  2.0  180.41  199.56  48.62  5.48  659.25  659.72  0.0 
 4.0  3.0  187.72  187.46  49.42  52.72  653.85  655.39  0.0 
 5.0  1.0  198.16  203.91  49.43  7.02  675.64  669.62  0.0 
 6.0  4.0  195.02  194.41  49.41  9.27  658.37  654.8  0.0 
 1.0  3.0  195.8  189.11  48.71  6.65  656.28  656.37  0.0 
 2.0  1.0  190.51  204.85  49.17  5.63  660.06  658.2  0.0 
 3.0  1.0  191.03  205.44  49.2  24.34  655.24  656.04  0.0 
 4.0  4.0  206.47  195.5  50.93  276.19  658.16  658.19  0.0 
 5.0  3.0  198.23  186.5  48.41  8.08  657.29  657.03  0.0 
 6.0  1.0  198.73  185.87  47.85  8.41  654.05  649.91  0.0 
 1.0  4.0  181.61  197.28  48.63  16.48  650.35  652.94  0.0 
 2.0  3.0  186.56  199.48  49.42  12.04  658.71  659.88  0.0 
 3.0  2.0  194.08  206.16  51.54  8.42  654.51  655.02  0.0811 
 4.0  3.0  199.85  203.87  52.42  382.7  657.18  659.24  0.0 
 5.0  1.0  207.98  203.75  52.12  24.62  672.4  672.98  0.0 
 6.0  4.0  163.77  182.76  32.07  239512.73  655.18  652.48  0.0 
 1.0  1.0  189.91  200.93  49.82  4.67  656.38  655.63  0.0 
 2.0  2.0  199.89  194.77  49.59  4.59  655.59  656.36  0.1096 
 3.0  4.0  201.03  189.44  49.42  13.19  657.76  655.74  0.0 
 4.0  2.0  182.85  199.63  48.93  6.47  659.34  658.05  0.0 
 5.0  2.0  185.26  195.68  48.38  6.85  657.76  656.06  0.0458 
 6.0  2.0  190.92  195.97  48.71  12.51  662.35  658.13  0.0 
 1.0  3.0  194.32  188.77  48.7  4.81  659.03  656.33  0.0 
 2.0  1.0  190.69  191.72  49.66  10.26  652.59  648.34  0.0 
 3.0  1.0  194.93  197.62  50.75  10.86  655.37  656.2  0.7625 
 4.0  4.0  197.56  194.87  49.66  9.08  654.45  650.76  0.0 
 5.0  3.0  189.64  194.7  48.31  2.11  653.94  658.1  0.9129 
 6.0  1.0  196.22  188.88  48.07  20.6  652.41  650.52  0.7617 
 1.0  2.0  168.82  183.76  48.67  7.49  660.74  655.09  0.0 
 2.0  4.0  199.32  197.16  49.92  23.44  664.73  658.08  0.0 
 3.0  3.0  178.1  172.25  49.03  18.69  655.63  657.72  0.0 
 4.0  1.0  184.92  193.19  50.3  13.77  653.42  652.79  0.0 
 5.0  4.0  177.28  196.34  48.95  28.84  659.84  661.37  0.0 
 6.0  3.0  185.58  195.89  50.0  11.55  655.7  654.45  0.0 
 1.0  4.0  195.76  194.97  49.74  20.69  656.36  656.25  0.1641 
 2.0  3.0  191.2  200.86  49.64  11.68  659.13  657.17  0.0483 
 3.0  2.0  180.71  201.04  48.52  17.57  657.06  654.19  0.0 
 4.0  3.0  196.76  193.48  49.64  18.92  655.78  654.84  0.0494 
 5.0  1.0  200.41  195.92  52.08  462.55  669.43  676.6  0.0674 
 6.0  4.0  196.71  195.97  49.9  6.82  659.77  654.3  0.0 
 1.0  2.0  183.29  190.53  49.07  6.76  656.3  654.45  0.0 
 2.0  4.0  179.61  186.18  49.09  39.31  652.85  646.28  0.0 
 3.0  3.0  185.4  182.87  49.3  8.71  654.16  660.2  0.0 
 4.0  1.0  180.9  183.85  52.33  23.68  647.18  648.4  0.0 
 5.0  4.0  172.8  191.99  48.99  6.78  650.85  657.51  0.0 
 6.0  3.0  182.27  188.96  55.01  298.21  659.2  656.25  0.0 
 1.0  2.0  166.35  188.58  48.56  16.95  661.05  660.88  0.0 
 2.0  4.0  184.32  191.83  49.23  10.61  660.01  657.77  0.0 
 3.0  3.0  183.3  171.74  48.75  6.28  659.64  659.23  0.0 
 4.0  4.0  195.76  186.75  49.74  4.35  658.23  658.96  0.0 
 5.0  3.0  184.34  175.6  48.32  6.76  658.66  659.05  0.0 
 6.0  1.0  185.45  169.98  48.0  7.61  656.16  652.76  0.0 
 1.0  4.0  199.92  192.14  49.62  7.62  654.75  653.75  0.6572 
 2.0  3.0  192.02  204.08  49.23  4.78  658.72  659.51  0.0 
 3.0  2.0  179.69  202.13  48.7  9.81  657.24  656.28  0.0 
 4.0  3.0  199.17  192.49  48.41  7.52  658.42  656.55  0.0 
 5.0  1.0  203.55  201.34  49.91  38.31  670.32  678.46  0.0 
 6.0  4.0  201.19  193.99  48.72  5.43  656.28  656.18  0.6469 
 1.0  1.0  183.23  196.46  49.17  10.55  651.45  648.89  0.0392 
 2.0  2.0  203.11  198.41  49.42  8.73  659.97  658.09  0.0 
 3.0  4.0  202.12  187.51  49.23  5.1  654.26  655.35  0.0 
 4.0  2.0  183.55  199.76  48.87  7.54  659.26  658.68  0.0 
 5.0  2.0  199.36  201.08  48.14  7.98  658.05  661.14  0.0 
 6.0  2.0  183.04  194.44  48.33  8.96  655.62  652.08  0.0 
 1.0  2.0  196.35  187.05  49.23  7.75  657.96  656.46  0.0 
 2.0  4.0  170.15  184.68  47.75  18.49  655.43  651.41  0.0 
 3.0  3.0  185.03  197.98  48.79  9.17  659.58  658.41  0.0824 
 4.0  1.0  184.86  171.17  48.22  11.47  652.5  647.05  0.0 
 5.0  4.0  193.86  195.64  49.56  14.21  655.77  659.51  0.1538 
 6.0  3.0  187.56  167.74  48.45  8.9  658.68  657.51  0.6563 
 1.0  2.0  198.2  195.85  49.88  9.65  659.16  657.81  0.0 
 2.0  4.0  195.37  200.99  48.53  10.34  655.0  653.48  0.0 
 3.0  3.0  194.4  199.04  50.2  15.29  658.03  659.5  0.0 
 4.0  1.0  189.36  191.81  48.76  10.42  648.93  652.63  0.0 
 5.0  4.0  199.37  201.84  50.83  90.5  659.4  655.08  0.0 
 6.0  3.0  197.3  191.1  48.96  5.57  659.27  657.27  0.0 
 1.0  1.0  188.4  199.08  50.24  74.15  661.89  658.95  0.0 
 2.0  2.0  194.56  185.63  50.45  375.68  661.13  659.92  0.0 
 3.0  4.0  194.48  184.59  49.36  4.81  655.7  653.81  0.0 
 4.0  2.0  164.42  189.17  48.71  11.39  656.51  658.79  0.0 
 5.0  2.0  166.93  186.8  48.16  11.83  661.23  661.06  0.0217 
 6.0  2.0  171.72  176.47  48.47  6.73  658.79  654.18  0.0 
 1.0  1.0  186.07  198.15  49.57  6.99  657.61  656.43  0.2719 
 2.0  2.0  198.81  184.95  49.49  8.89  653.9  655.6  0.0 
 3.0  4.0  197.69  186.54  50.01  3.61  658.26  656.28  0.0 
 4.0  2.0  162.44  190.62  48.73  8.71  655.4  654.98  0.0 
 5.0  2.0  166.05  191.71  48.63  11.3  657.41  655.66  0.0 
 6.0  2.0  167.21  188.63  49.17  3.35  656.88  657.84  0.0 
 1.0  4.0  170.65  201.4  48.73  2.88  657.85  657.19  0.2003 
 2.0  3.0  198.76  197.11  48.33  6.62  654.51  655.14  0.0636 
 3.0  2.0  198.61  196.81  49.45  5.1  658.43  657.63  0.0832 
 4.0  3.0  185.63  204.25  49.66  11.21  657.84  659.02  0.0 
 5.0  1.0  203.78  207.8  50.05  5.62  670.5  668.96  0.0 
 6.0  4.0  184.19  204.65  48.31  28.48  661.52  660.55  0.0 
 1.0  4.0  153.21  189.79  48.41  17.56  658.27  656.72  0.496 
 2.0  3.0  179.89  188.3  49.08  8.95  656.68  651.66  0.0 
 3.0  2.0  179.44  196.2  49.84  7.14  655.76  661.04  0.5316 
 4.0  3.0  186.03  189.85  50.51  12.01  654.5  649.52  0.0 
 5.0  1.0  192.02  193.79  51.19  18.02  668.43  677.2  0.5917 
 6.0  4.0  188.47  187.92  47.91  15.48  660.18  655.39  0.0 
 1.0  4.0  172.78  194.49  48.91  11.95  662.62  654.09  0.0 
 2.0  3.0  193.39  181.04  48.9  14.6  658.73  653.5  0.0 
 3.0  2.0  188.68  193.13  50.22  52.27  657.78  658.26  0.0 
 4.0  3.0  182.95  196.99  49.63  19.35  658.51  655.0  0.0 
 5.0  1.0  186.11  200.72  50.43  7.21  666.21  667.1  0.0 
 6.0  4.0  176.16  199.28  47.9  18.33  655.29  656.97  0.0 
 1.0  4.0  195.2  198.96  49.7  69.28  653.66  650.84  0.0 
 2.0  3.0  200.87  195.81  51.31  9.59  658.93  659.3  0.0 
 3.0  2.0  172.3  204.46  48.77  6.9  656.1  655.54  0.0 
 4.0  3.0  190.9  198.1  49.86  115.64  657.84  657.75  0.0 
 5.0  1.0  198.75  208.65  49.64  36.34  671.98  672.6  0.0 
 6.0  4.0  198.6  195.74  49.4  51.99  655.03  655.13  0.077 
 1.0  3.0  191.57  191.57  48.45  9.07  655.56  655.57  0.0 
 2.0  1.0  189.68  200.7  49.81  4.88  658.13  655.53  0.0601 
 3.0  1.0  192.2  201.21  49.63  8.4  657.67  658.18  0.0 
 4.0  4.0  198.22  193.94  50.11  14.2  659.88  658.9  0.0 
 5.0  3.0  192.94  188.37  48.28  4.74  658.47  659.24  0.0 
 6.0  1.0  194.89  190.57  48.1  8.08  654.96  653.25  0.0 
 1.0  4.0  197.7  198.55  50.75  359.71  656.33  657.66  0.0 
 2.0  3.0  188.79  197.82  49.07  8.02  651.6  652.3  0.0 
 3.0  2.0  183.76  202.31  48.54  8.92  657.02  658.17  0.0 
 4.0  3.0  193.13  196.2  49.1  6.61  651.7  658.84  0.0 
 5.0  1.0  202.17  193.45  48.81  11.62  669.83  667.23  0.0 
 6.0  4.0  198.1  199.68  48.72  4.54  660.65  655.0  0.0 
 1.0  2.0  201.05  192.17  49.49  3.72  657.72  656.72  0.045 
 2.0  4.0  180.77  200.01  48.58  20.64  658.85  657.59  0.0 
 3.0  3.0  197.28  198.44  49.52  20.21  658.96  653.39  0.0 
 4.0  1.0  192.97  185.93  48.71  8.66  654.08  654.85  0.0 
 5.0  4.0  199.27  195.34  49.52  9.93  659.41  657.64  0.0 
 6.0  3.0  198.91  195.62  48.51  12.11  655.79  655.82  0.0 
 1.0  1.0  186.97  196.51  49.37  11.76  654.94  654.57  0.0 
 2.0  2.0  199.09  188.5  49.24  4.4  656.58  658.24  0.0 
 3.0  4.0  189.6  192.21  49.84  73.16  655.12  657.15  0.0 
 4.0  2.0  165.7  190.02  48.6  5.41  653.49  657.73  0.0 
 5.0  2.0  163.62  188.02  48.27  13.98  654.72  653.14  0.0 
 6.0  2.0  171.34  184.01  49.05  7.63  659.57  654.4  0.0 
 1.0  3.0  192.17  200.37  49.16  11.62  659.4  658.59  0.0 
 2.0  1.0  188.71  170.29  47.45  19.11  654.74  653.49  0.0 
 3.0  1.0  190.7  173.42  48.5  7.04  659.18  656.66  0.0 
 4.0  4.0  185.77  192.91  48.52  5.74  658.42  658.57  0.0 
 5.0  3.0  186.21  198.6  48.93  7.15  654.12  655.51  0.0 
 6.0  1.0  183.93  199.93  48.83  6.89  653.87  651.48  0.6843 
 1.0  4.0  177.29  184.94  48.28  24.71  656.8  655.14  0.0 
 2.0  3.0  181.78  192.02  48.35  10.99  659.14  655.68  0.0 
 3.0  2.0  177.26  195.86  49.31  10.83  658.05  658.09  0.0 
 1.0  1.0  190.12  198.28  50.0  11.88  653.86  654.87  0.0 
 2.0  2.0  201.71  187.73  49.01  5.06  656.68  652.23  0.0 
 3.0  4.0  201.99  193.55  50.8  112.75  656.53  655.95  0.0 
 4.0  2.0  187.58  197.55  48.95  7.64  654.83  658.12  0.0 
 5.0  2.0  180.79  194.75  48.23  23.88  658.28  657.76  0.0 
 6.0  2.0  185.87  192.41  48.8  7.25  656.32  654.87  0.0 
 1.0  2.0  185.68  200.45  48.81  11.61  655.58  656.53  0.0 
 2.0  4.0  203.27  197.44  49.63  8.34  664.81  661.27  0.0 
 3.0  3.0  200.52  200.0  48.41  6.57  658.97  657.0  0.0 
 4.0  1.0  197.48  206.42  49.74  4.96  668.82  667.79  0.0 
 5.0  4.0  176.78  206.45  48.71  10.0  658.02  657.09  0.5314 
 6.0  3.0  197.47  200.18  49.59  16.41  655.46  656.64  0.0 
 1.0  3.0  177.22  196.75  49.87  10.16  650.28  652.14  0.0 
 2.0  1.0  200.81  184.06  48.49  11.3  652.88  653.38  0.0 
 3.0  1.0  201.17  191.73  50.99  141.51  655.85  654.48  0.0 
 4.0  4.0  176.33  194.6  48.97  11.93  654.88  657.65  0.0 
 5.0  3.0  183.82  198.76  49.16  5.2  658.13  654.0  0.0 
 6.0  1.0  187.71  198.45  49.63  26.55  654.31  652.28  0.0 
 1.0  1.0  186.85  173.79  48.43  9.17  660.09  657.37  0.0 
 2.0  2.0  175.57  183.28  48.47  9.12  657.71  654.79  0.0 
 3.0  4.0  177.8  186.53  48.62  3.97  658.43  657.8  0.0 
 4.0  2.0  193.53  191.99  50.13  19.55  657.82  658.7  0.0 
 5.0  2.0  192.78  189.26  48.6  5.28  656.86  659.94  0.5289 
 6.0  2.0  191.77  191.74  49.5  4.82  662.25  660.26  0.3197 
 1.0  2.0  166.0  191.74  48.57  10.23  657.22  654.96  0.0 
 2.0  4.0  196.47  190.57  50.81  5.04  655.93  654.54  0.3545 
 3.0  3.0  191.22  166.62  48.31  7.01  657.1  653.19  0.0 
 4.0  1.0  184.19  197.07  49.86  6.47  652.41  649.27  0.0963 
 5.0  4.0  167.79  191.93  48.6  9.32  658.18  661.49  0.0 
 6.0  3.0  184.74  197.78  49.53  7.07  653.5  652.48  0.0 
 1.0  4.0  163.06  190.91  47.8  85.2  658.83  657.18  0.0 
 2.0  3.0  177.87  172.16  48.52  7.34  658.75  652.55  0.0 
 3.0  2.0  184.49  192.2  51.37  22.26  653.53  658.49  0.0 
 4.0  3.0  181.23  195.92  51.99  34.31  654.37  653.39  0.0 
 5.0  1.0  188.1  197.87  52.05  42.42  668.44  672.68  0.0 
 6.0  4.0  171.5  182.88  48.41  47.06  660.21  652.43  0.0 
 1.0  1.0  183.17  188.24  49.73  15.74  659.24  655.86  0.0 
 2.0  2.0  190.04  188.4  49.64  101.81  655.8  650.71  0.0 
 3.0  4.0  190.53  189.15  49.95  15.3  653.76  658.02  0.0 
 4.0  2.0  174.36  184.82  49.04  10.21  656.94  655.52  0.0 
 5.0  2.0  150.66  184.66  50.48  215.28  652.82  655.47  0.429 
 6.0  2.0  178.86  183.01  48.94  11.24  662.18  658.31  0.0 
 1.0  3.0  187.9  172.95  48.92  25.08  661.91  661.09  0.0 
 2.0  1.0  180.99  195.16  49.59  6.73  657.07  653.66  0.1337 
 3.0  1.0  187.36  202.83  49.69  10.82  661.23  662.76  0.0 
 4.0  4.0  199.23  184.14  49.66  4.78  656.18  654.52  0.0 
 5.0  3.0  190.28  172.51  48.25  5.73  659.43  665.19  0.0 
 6.0  1.0  190.82  181.49  48.48  10.24  659.02  658.97  0.0 
 1.0  4.0  192.98  193.27  49.03  9.23  656.69  653.99  0.0 
 2.0  3.0  186.92  194.46  48.41  11.8  659.18  652.15  0.0 
 3.0  2.0  191.43  205.49  49.71  57.65  655.75  660.55  0.0 
 4.0  3.0  194.32  204.0  54.86  160.47  656.32  654.63  0.0 
 5.0  1.0  201.06  196.98  50.73  17.04  665.99  673.08  0.9392 
 6.0  4.0  193.3  199.7  48.47  6.08  659.12  651.09  0.5493 
 1.0  2.0  196.82  195.27  50.11  7.3  660.42  655.32  0.0 
 2.0  4.0  177.9  189.06  49.1  9.23  664.34  660.58  0.0 
 3.0  3.0  188.51  199.89  50.83  9.94  657.26  658.12  0.0 
 4.0  1.0  185.13  182.35  49.78  11.06  666.57  665.96  0.0 
 5.0  4.0  197.34  198.03  50.25  8.62  656.01  658.68  0.0 
 6.0  3.0  190.75  179.07  48.82  14.89  657.1  656.35  0.0 
 1.0  2.0  165.71  185.46  49.34  4.23  650.31  648.92  0.0 
 2.0  4.0  184.45  189.99  50.84  4.44  654.55  650.26  0.0 
 3.0  3.0  184.64  182.01  49.07  6.33  652.97  655.54  0.0 
 4.0  1.0  181.87  192.85  53.36  17.91  648.04  655.55  0.0 
 5.0  4.0  180.93  179.13  48.9  8.81  653.26  650.51  0.0 
 6.0  3.0  186.24  187.36  51.98  8.63  660.09  650.91  0.0 
 1.0  2.0  184.84  200.56  48.8  10.73  660.5  655.45  0.0 
 2.0  4.0  197.95  195.27  50.06  12.03  655.56  656.51  0.0 
 3.0  3.0  197.71  184.75  48.74  6.34  658.56  651.87  0.0 
 4.0  1.0  186.57  201.67  49.82  8.62  648.34  649.64  0.0 
 5.0  4.0  178.43  201.32  48.67  7.99  655.05  655.01  0.0 
 6.0  3.0  192.12  200.94  49.62  5.55  660.36  660.13  0.0 
 1.0  3.0  188.24  190.32  49.2  8.17  655.27  658.65  0.0 
 2.0  1.0  183.8  190.26  47.94  11.9  653.42  657.1  0.0 
 3.0  1.0  190.99  198.88  48.03  7.4  656.18  656.68  0.0 
 4.0  4.0  181.77  184.02  49.43  92.9  652.76  658.75  0.0 
 5.0  3.0  190.78  190.64  49.02  7.44  659.5  657.24  0.0 
 6.0  1.0  191.51  189.37  48.96  6.83  650.77  647.55  0.0 
 1.0  1.0  182.81  181.58  49.24  11.36  657.65  656.41  0.0 
 2.0  2.0  185.5  183.66  48.94  11.86  657.47  655.34  0.0 
 3.0  4.0  181.85  176.35  48.48  10.27  656.66  654.56  0.0 
 4.0  2.0  178.02  189.94  52.51  189.42  655.29  653.41  0.0 
 5.0  2.0  185.94  193.21  50.34  98.45  657.45  666.0  0.0 
 6.0  2.0  186.8  188.49  49.35  4.22  660.54  657.4  0.0 
 1.0  4.0  187.78  190.87  49.36  9.01  653.66  652.82  0.0 
 2.0  3.0  179.04  192.01  49.27  8.0  653.31  649.12  0.0 
 3.0  2.0  154.99  195.82  48.53  6.5  654.15  658.13  0.5191 
 4.0  3.0  193.32  187.28  49.64  150.29  654.89  653.29  0.0631 
 5.0  1.0  191.07  174.45  48.86  11.24  662.05  665.48  0.6551 
 6.0  4.0  187.93  178.42  48.86  10.47  660.68  655.37  0.1016 
 1.0  2.0  192.24  186.75  50.13  7.35  660.33  657.76  0.0 
 2.0  4.0  180.11  196.57  50.04  15.35  658.39  653.24  0.0 
 3.0  3.0  182.85  161.62  50.93  93.98  657.66  656.77  0.0 
 4.0  1.0  185.02  177.89  49.32  13.65  649.81  650.39  0.0 
 5.0  4.0  193.94  194.71  50.08  12.35  655.7  655.61  0.0 
 6.0  3.0  138.4  175.46  49.1  19.36  659.52  656.93  0.0 
 1.0  4.0  183.28  186.93  49.59  54.97  656.0  649.17  0.0 
 2.0  3.0  190.98  191.44  49.93  12.09  655.78  651.88  0.4284 
 3.0  2.0  179.46  191.71  48.51  11.0  658.82  654.31  0.0 
 4.0  3.0  93.75  183.77  49.75  8.89  655.7  652.16  0.0 
 5.0  1.0  193.51  201.81  49.3  19.38  666.98  668.4  0.0 
 6.0  4.0  184.76  192.97  48.53  17.37  654.18  654.84  0.0 
 1.0  4.0  198.71  191.05  50.04  16.66  659.01  657.62  0.0 
 2.0  3.0  193.77  203.62  50.1  16.19  661.97  658.73  0.0 
 3.0  2.0  182.22  206.06  48.44  4.84  658.5  659.89  0.0 
 4.0  3.0  199.36  188.43  49.25  7.24  660.44  658.64  0.0 
 5.0  1.0  201.65  195.33  49.15  9.7  669.94  671.24  0.0 
 6.0  4.0  197.11  198.17  51.28  243.31  656.23  655.85  0.0 
 1.0  2.0  178.12  193.11  48.64  19.07  648.95  651.96  0.1071 
 2.0  4.0  188.81  191.36  49.93  9.86  651.46  652.8  0.0 
 3.0  3.0  191.85  194.45  48.74  6.96  654.05  654.77  0.0 
 4.0  1.0  184.4  190.01  53.7  173.33  646.97  648.09  0.747 
 5.0  4.0  181.24  196.71  48.87  6.93  657.17  655.98  0.0 
 6.0  3.0  194.18  191.65  51.84  13.77  658.17  656.41  0.0 
 1.0  2.0  188.04  187.31  49.8  8.12  656.46  653.68  0.0 
 2.0  4.0  177.29  177.96  48.6  10.52  658.33  655.16  0.0 
 3.0  3.0  183.65  187.22  49.67  4.33  657.47  659.81  0.0 
 4.0  1.0  147.79  180.04  48.97  14.16  651.42  652.37  0.0 
 5.0  4.0  180.34  190.82  49.42  7.89  661.84  659.94  0.0 
 6.0  3.0  182.41  180.41  48.71  25.23  659.69  658.32  0.0 
 1.0  3.0  184.09  190.54  49.11  5.76  653.44  654.57  0.0 
 2.0  1.0  189.21  191.77  50.15  10.56  651.78  653.79  0.0 
 3.0  1.0  190.45  193.7  52.07  14.27  653.89  656.35  0.0 
 4.0  4.0  183.65  189.6  52.99  8.44  651.76  657.03  0.0 
 5.0  3.0  188.05  187.82  48.73  9.94  657.51  656.15  0.0 
 6.0  1.0  192.87  188.0  47.89  8.65  652.46  648.17  0.0 
 1.0  2.0  196.88  189.69  49.47  7.67  658.74  658.87  0.0707 
 2.0  4.0  168.86  186.52  48.75  11.5  660.59  658.64  0.0 
 3.0  3.0  188.46  195.06  49.71  7.33  655.88  656.75  0.0 
 4.0  1.0  181.01  170.03  48.53  7.51  646.53  647.67  0.0 
 5.0  4.0  194.88  194.4  49.28  9.43  659.54  659.78  0.0 
 6.0  3.0  182.36  169.88  49.06  4.62  660.39  657.21  0.4952 
 1.0  1.0  167.25  188.04  49.56  32.35  657.08  658.69  0.5074 
 2.0  2.0  187.88  170.7  50.52  6.76  654.48  656.81  0.4246 
 3.0  4.0  185.15  178.14  53.77  83.03  657.98  659.99  0.0 
 4.0  2.0  152.67  187.66  49.03  7.0  655.42  656.84  0.2115 
 5.0  2.0  164.82  166.18  44.29  508.48  658.64  656.85  0.0 
 6.0  2.0  163.2  184.02  49.31  14.41  663.01  661.69  0.9578 
 1.0  3.0  170.6  185.82  49.01  9.46  661.35  662.38  0.6196 
 2.0  1.0  190.41  180.56  50.59  15.88  657.01  655.27  0.9015 
 3.0  1.0  190.82  177.3  51.6  15.59  659.12  659.45  0.0 
 4.0  4.0  171.32  189.6  52.09  25.62  654.25  656.68  0.0 
 5.0  3.0  174.79  184.8  50.35  164.24  659.18  658.72  0.0 
 6.0  1.0  163.71  187.85  48.48  6.74  655.72  651.74  0.0 
 1.0  4.0  181.96  186.59  48.74  6.51  653.7  651.9  0.1545 
 2.0  3.0  177.25  176.59  49.51  9.08  653.63  655.48  0.8792 
 3.0  2.0  177.33  192.65  48.57  34.08  654.28  656.17  0.3801 
 1.0  2.0  193.5  192.53  50.53  59.55  656.81  651.27  0.0 
 2.0  4.0  161.14  199.78  49.2  9.74  660.86  660.29  0.0 
 3.0  3.0  188.02  195.63  51.74  85.66  654.24  653.19  0.0 
 4.0  1.0  185.68  178.11  48.51  5.93  649.0  646.65  0.0 
 5.0  4.0  188.52  200.51  53.31  504.07  657.62  658.6  0.0 
 6.0  3.0  190.3  177.69  47.05  176.59  651.65  651.27  0.0 
 1.0  3.0  184.84  165.57  48.46  9.52  652.21  652.13  0.0 
 2.0  1.0  181.33  200.16  49.17  13.21  653.92  654.61  0.0 
 3.0  1.0  188.67  198.0  49.83  9.5  656.69  655.46  0.0 
 4.0  4.0  -53.55  51.86  72.97  673284.81  657.85  658.67  0.0 
 5.0  3.0  183.37  161.3  48.4  9.34  655.63  655.32  0.0 
 6.0  1.0  174.7  185.03  48.17  11.45  655.13  655.28  0.0 
 1.0  1.0  189.82  174.86  48.89  6.58  661.39  659.21  0.0 
 2.0  2.0  178.33  151.63  49.02  9.75  655.78  655.12  0.0 
 3.0  4.0  180.75  179.18  48.93  13.93  659.24  659.84  0.0 
 4.0  2.0  195.42  198.97  50.55  18.34  658.25  655.1  0.0 
 5.0  2.0  188.58  195.3  50.22  5.12  660.26  662.72  0.6798 
 6.0  2.0  187.46  193.65  51.09  14.38  659.08  654.28  0.5094 
 1.0  1.0  186.3  198.52  49.63  13.03  658.39  658.79  0.0 
 2.0  2.0  197.32  192.28  49.77  12.23  656.43  655.34  0.0 
 3.0  4.0  198.62  191.85  49.73  8.39  658.92  662.81  0.0 
 4.0  2.0  164.72  193.1  48.72  9.4  656.84  657.6  0.0 
 5.0  2.0  159.84  182.57  48.47  8.25  658.23  658.45  0.0 
 6.0  2.0  167.67  190.68  48.84  11.56  660.51  656.13  0.0 
 1.0  2.0  186.45  191.98  50.48  43.63  658.16  658.91  0.0 
 2.0  4.0  181.23  190.75  48.95  29.39  658.66  656.52  0.0 
 3.0  3.0  193.43  189.15  50.03  10.13  653.91  656.6  0.0 
 1.0  4.0  189.57  202.52  49.71  4.65  655.4  657.23  0.0 
 2.0  3.0  190.87  194.51  49.36  15.19  655.34  658.26  0.0 
 3.0  2.0  192.27  204.48  52.4  38.49  655.23  652.1  0.0 
 4.0  3.0  199.35  205.86  52.06  16.1  653.67  661.69  0.0 
 5.0  1.0  201.67  203.79  50.5  20.47  666.85  666.74  0.0 
 6.0  4.0  207.9  197.65  49.55  59.19  660.45  654.22  0.0 
 1.0  2.0  194.12  189.63  49.31  6.91  657.33  660.91  0.0 
 2.0  4.0  158.43  188.97  47.73  11.0  658.12  655.42  0.0 
 3.0  3.0  186.19  194.92  49.87  5.28  656.69  656.95  0.0 
 4.0  1.0  177.42  177.94  48.53  7.92  649.36  653.04  0.0 
 5.0  4.0  195.07  190.38  49.35  13.01  659.07  657.29  0.0 
 6.0  3.0  186.21  169.72  48.48  11.17  661.18  658.11  0.0 
 1.0  3.0  186.18  191.45  48.24  8.4  657.94  658.13  0.5567 
 2.0  1.0  183.61  187.64  48.51  28.0  654.35  655.68  0.0 
 3.0  1.0  187.24  192.33  49.61  5.05  657.47  653.35  0.3487 
 1.0  2.0  182.08  159.45  49.55  10.84  654.16  654.92  0.0 
 2.0  4.0  200.0  196.44  50.6  7.08  658.45  659.21  0.0 
 3.0  3.0  146.0  189.23  49.19  10.58  655.22  653.15  0.0 
 4.0  1.0  196.82  200.95  51.97  20.0  651.16  653.62  0.0 
 5.0  4.0  180.77  205.49  48.92  6.43  657.51  656.72  0.0 
 6.0  3.0  192.42  200.45  49.91  8.18  655.12  652.22  0.0 
 1.0  4.0  186.79  188.72  49.44  5.83  655.13  655.3  0.0 
 2.0  3.0  183.05  197.29  49.57  8.39  657.01  655.74  0.3012 
 3.0  2.0  162.34  193.58  48.9  8.95  659.88  657.91  0.0971 
 4.0  3.0  177.89  172.15  48.67  6.77  655.41  656.56  0.0 
 5.0  1.0  188.82  169.28  49.74  9.22  665.77  666.03  0.0 
 6.0  4.0  197.8  194.08  48.98  6.0  660.86  659.83  0.0 
 1.0  1.0  180.42  173.17  48.42  3.38  655.57  653.4  0.0 
 2.0  2.0  169.29  187.0  48.74  6.37  659.7  655.25  0.0 
 3.0  4.0  170.46  180.31  48.48  4.59  655.44  655.6  0.0 
 4.0  2.0  192.09  193.77  50.05  2.2  659.07  656.24  0.0 
 5.0  2.0  200.47  187.48  49.62  15.1  658.99  661.89  0.0 
 6.0  2.0  192.3  189.48  49.27  6.22  660.15  656.22  0.0 
 1.0  4.0  195.6  206.6  50.94  71.08  655.91  653.26  0.0 
 2.0  3.0  191.72  200.9  54.25  450.73  658.69  656.61  0.0 
 3.0  2.0  183.75  195.56  48.31  26.68  652.98  658.18  0.0 
 4.0  3.0  196.93  197.6  49.4  8.42  655.78  653.35  0.0 
 5.0  1.0  193.66  194.76  49.18  27.02  666.41  670.0  0.0 
 6.0  4.0  192.01  200.15  50.13  5.12  657.18  652.99  0.0 
 1.0  1.0  188.54  181.51  48.98  11.63  658.38  652.8  0.0 
 2.0  2.0  181.57  191.89  49.31  27.65  652.47  648.95  0.0 
 3.0  4.0  176.17  187.4  48.8  13.27  654.61  657.08  0.0 
 4.0  2.0  189.78  192.24  51.58  16.95  657.21  648.91  0.0 
 5.0  2.0  187.27  188.58  50.99  32.98  652.97  657.59  0.0 
 6.0  2.0  189.87  190.02  52.23  65.56  658.77  658.86  0.0 
 1.0  1.0  186.34  177.59  48.9  5.97  659.17  653.75  0.0 
 2.0  2.0  193.86  190.71  51.43  30.29  655.87  653.87  0.0 
 3.0  4.0  180.26  186.49  48.71  10.63  657.89  657.73  0.0 
 4.0  2.0  185.65  191.09  51.41  26.23  657.94  656.41  0.0 
 5.0  2.0  191.45  196.44  52.37  24.82  657.82  657.6  0.0 
 6.0  2.0  189.33  187.94  51.53  21.04  657.96  656.92  0.0 
 1.0  2.0  174.16  189.2  48.49  15.02  659.37  660.16  0.0891 
 2.0  4.0  190.46  191.4  49.36  7.64  658.1  656.9  0.0 
 3.0  3.0  187.02  171.02  48.65  7.04  658.16  657.42  0.1342 
 1.0  3.0  186.99  194.98  49.62  6.59  656.57  655.98  0.1558 
 2.0  1.0  185.83  184.43  48.43  7.64  660.35  654.14  0.0 
 3.0  1.0  185.26  186.43  48.78  6.37  656.77  659.09  0.0 
 4.0  4.0  177.37  186.1  48.62  10.52  656.06  655.38  0.0 
 5.0  3.0  187.55  192.21  49.18  8.5  657.41  659.1  0.0 
 6.0  1.0  187.87  191.28  48.92  4.05  655.99  648.01  0.0 
 1.0  4.0  181.32  197.33  48.76  13.85  658.06  656.46  0.0 
 2.0  3.0  197.57  188.51  48.03  6.77  659.79  658.63  0.0 
 3.0  2.0  190.03  201.77  49.52  6.62  660.67  661.17  0.0 
 4.0  3.0  194.3  202.26  49.97  11.25  657.14  656.56  0.0 
 5.0  1.0  194.76  207.8  50.41  10.69  670.49  671.45  0.0 
 6.0  4.0  195.08  192.22  48.39  3.84  660.82  654.83  0.0 
 1.0  3.0  190.57  199.1  49.77  4.54  655.13  654.03  0.0 
 2.0  1.0  199.27  186.1  48.04  13.26  657.11  654.71  0.0 
 3.0  1.0  193.91  191.09  50.1  117.48  660.22  658.58  0.0 
 4.0  4.0  182.18  194.29  49.48  7.74  657.01  655.67  0.0 
 5.0  3.0  190.18  202.98  49.3  9.96  656.63  658.26  0.0 
 6.0  1.0  191.66  202.97  48.89  12.98  659.02  656.69  0.0 
 1.0  4.0  180.55  188.48  50.87  13.37  655.18  653.39  0.0 
 2.0  3.0  187.65  193.85  49.09  178.36  658.7  659.04  0.1952 
 3.0  2.0  180.82  177.78  50.01  6.55  654.82  655.07  0.0 
 4.0  3.0  179.99  190.29  50.27  33.23  655.05  658.47  0.0 
 5.0  1.0  195.85  187.35  51.59  61.87  671.63  669.76  0.8031 
 6.0  4.0  179.64  184.56  49.22  213.35  658.88  653.77  0.6229 
 1.0  3.0  180.95  194.44  50.24  7.0  651.07  649.64  0.0 
 2.0  1.0  193.74  181.15  48.59  11.26  656.63  652.81  0.256 
 3.0  1.0  190.36  177.04  48.87  11.28  650.46  653.31  0.0 
 4.0  4.0  177.27  192.81  48.87  22.34  654.69  652.94  0.0 
 5.0  3.0  179.3  191.79  49.85  20.46  652.72  655.92  0.0 
 6.0  1.0  176.85  193.7  48.84  5.26  650.14  645.47  0.0 
 1.0  2.0  167.44  186.57  49.19  5.53  658.76  655.79  0.0 
 2.0  4.0  196.31  189.64  51.72  244.24  661.78  655.79  0.0 
 3.0  3.0  181.31  177.38  48.39  9.67  657.76  659.7  0.0 
 4.0  1.0  179.39  192.34  50.54  26.23  650.11  648.58  0.0 
 5.0  4.0  163.68  193.12  48.46  3.5  657.4  659.51  0.0 
 6.0  3.0  189.1  194.94  49.77  16.22  663.46  660.35  0.0 
 1.0  2.0  193.06  189.88  49.93  9.32  658.52  656.34  0.0 
 2.0  4.0  166.92  183.03  48.66  23.11  654.69  651.63  0.0 
 3.0  3.0  190.96  191.05  49.32  4.0  656.84  655.63  0.0 
 4.0  1.0  181.71  168.75  48.65  18.53  651.11  648.46  0.0 
 5.0  4.0  196.6  205.67  49.55  9.34  661.08  670.84  0.0 
 6.0  3.0  179.03  172.24  48.82  11.58  659.73  655.77  0.0 
 1.0  1.0  188.09  175.53  48.57  18.99  659.68  658.28  0.0 
 2.0  2.0  174.78  190.45  48.85  31.45  659.8  656.59  0.0 
 3.0  4.0  165.82  189.56  50.43  48.85  659.52  667.48  0.0 
 4.0  2.0  194.94  191.4  49.93  8.3  657.07  656.05  0.0 
 5.0  2.0  191.11  183.03  49.49  10.58  656.88  656.08  0.0 
 6.0  2.0  198.93  183.66  50.37  6.7  660.99  657.55  0.0 
 1.0  4.0  158.56  181.34  48.88  10.76  655.81  656.29  0.1664 
 2.0  3.0  179.26  167.76  49.18  34.35  660.85  654.41  0.0 
 3.0  2.0  178.12  188.42  48.9  155.52  656.9  661.54  0.0 
 4.0  3.0  172.69  184.49  52.15  10.71  657.07  657.36  0.0 
 5.0  1.0  181.64  190.57  48.99  176.42  668.75  673.11  0.0 
 6.0  4.0  162.69  162.81  50.73  491.64  664.83  657.86  0.0 
 1.0  4.0  160.2  188.79  48.32  11.12  656.59  655.98  0.0608 
 2.0  3.0  184.52  170.17  48.8  5.7  657.43  656.53  0.0 
 3.0  2.0  195.95  197.2  49.47  8.89  658.64  659.23  0.06 
 4.0  3.0  184.39  199.19  49.98  4.9  655.53  658.26  0.0 
 5.0  1.0  191.83  200.22  50.22  6.09  669.98  668.97  0.0 
 6.0  4.0  173.92  193.3  47.75  11.66  655.22  653.79  0.0 
 1.0  1.0  197.4  203.66  49.46  8.23  654.62  655.46  0.0 
 2.0  2.0  207.02  189.42  49.09  3.99  655.38  654.2  0.0 
 3.0  4.0  202.47  192.8  48.9  40.22  656.92  656.06  0.0 
 4.0  2.0  198.08  207.74  48.92  6.14  656.68  658.76  0.0 
 5.0  2.0  184.67  197.61  48.94  13.18  657.73  658.24  0.7517 
 6.0  2.0  186.02  197.27  48.75  6.34  657.88  653.0  0.0 
 1.0  3.0  168.14  188.19  48.74  7.49  655.79  651.88  0.0 
 2.0  1.0  194.69  181.48  50.81  9.19  657.78  652.44  0.0 
 3.0  1.0  197.47  197.85  50.24  134.33  653.84  648.9  0.0 
 4.0  4.0  189.68  193.6  51.22  55.43  654.94  652.13  0.3156 
 5.0  3.0  165.07  189.12  48.4  23.63  653.38  656.0  0.9022 
 6.0  1.0  188.36  193.87  48.72  32.18  651.01  652.41  0.0 
 1.0  4.0  174.92  173.98  54.35  254.51  652.17  655.94  0.0 
 2.0  3.0  172.43  186.43  50.21  72.79  657.39  662.44  0.0 
 3.0  2.0  149.56  181.29  48.65  7.99  653.21  654.85  0.0 
 4.0  3.0  163.25  169.59  47.74  79.95  655.22  660.08  0.0 
 5.0  1.0  178.17  170.85  49.19  19.38  670.7  665.41  0.0 
 6.0  4.0  177.64  176.44  49.99  21.39  655.81  652.84  0.3257 
 1.0  2.0  170.16  188.76  48.9  9.23  657.35  658.43  0.0 
 2.0  4.0  194.71  195.09  50.0  5.54  657.68  657.62  0.1773 
 3.0  3.0  187.69  166.67  48.96  8.0  656.55  655.83  0.0 
 4.0  1.0  185.1  196.55  50.83  15.41  648.28  652.71  0.0 
 5.0  4.0  171.75  189.89  48.74  9.77  660.22  654.88  0.1081 
 6.0  3.0  188.79  195.09  50.32  9.68  660.61  656.82  0.0 
 1.0  2.0  176.63  180.68  48.82  6.69  657.11  657.66  0.0 
 2.0  4.0  186.39  194.62  49.26  29.48  653.89  649.54  0.0 
 3.0  3.0  190.36  181.69  48.77  11.58  657.31  656.84  0.0 
 4.0  1.0  188.69  198.59  51.57  15.23  653.44  651.05  0.0 
 5.0  4.0  178.38  176.56  48.36  12.39  656.56  661.02  0.0 
 6.0  3.0  191.5  203.23  50.96  19.38  660.03  660.38  0.0 
 1.0  4.0  185.75  191.81  48.55  14.21  660.74  658.32  0.0 
 2.0  3.0  184.78  178.92  48.34  14.45  658.71  653.2  0.0 
 3.0  2.0  172.6  192.88  50.19  24.0  654.43  659.96  0.0 
 4.0  3.0  186.57  187.96  50.16  6.34  653.89  651.48  0.0 
 5.0  1.0  186.66  198.42  48.64  976.52  665.86  669.94  0.0 
 6.0  4.0  179.08  162.58  48.14  9.57  657.23  652.66  0.0 
 1.0  2.0  190.82  185.54  49.85  83.5  656.02  657.31  0.0 
 2.0  4.0  158.74  192.87  47.8  20.82  655.89  656.29  0.5369 
 3.0  3.0  187.87  197.36  50.17  6.63  656.69  657.18  0.0 
 4.0  1.0  178.43  170.83  49.18  14.75  652.04  656.64  0.0 
 5.0  4.0  194.13  186.4  49.44  8.22  658.36  654.49  0.7585 
 6.0  3.0  174.27  172.15  48.84  17.52  661.67  656.96  0.3209 
 1.0  4.0  200.5  200.83  50.4  9.0  657.95  655.13  0.0 
 2.0  3.0  193.16  199.61  48.39  18.42  655.85  654.03  0.0 
 3.0  2.0  185.13  197.97  48.54  14.67  658.34  656.23  0.0 
 4.0  3.0  202.83  204.23  49.03  8.37  659.69  659.87  0.0 
 5.0  1.0  197.33  193.74  49.87  11.47  667.09  668.16  0.0 
 6.0  4.0  195.94  198.11  48.71  5.59  659.51  655.87  0.0 
 1.0  1.0  190.8  200.0  50.45  12.08  654.15  656.31  0.0 
 2.0  2.0  200.15  190.55  50.53  13.81  658.13  657.05  0.0 
 3.0  4.0  199.03  188.82  50.03  17.96  656.21  656.25  0.0 
 4.0  2.0  188.99  202.08  50.39  50.6  656.76  656.83  0.0 
 5.0  2.0  183.02  198.15  49.23  4.23  658.77  661.24  0.0 
 6.0  2.0  185.8  195.98  48.95  9.33  657.9  652.7  0.0 
 1.0  3.0  202.46  189.56  48.49  12.33  661.44  660.01  0.0 
 2.0  1.0  192.43  200.6  49.63  11.31  658.95  657.32  0.0 
 3.0  1.0  192.3  201.79  50.21  9.49  656.15  658.3  0.5337 
 4.0  4.0  199.05  190.53  50.26  10.9  654.78  655.86  0.6699 
 5.0  3.0  195.82  187.74  48.43  6.6  658.01  656.28  0.0 
 6.0  1.0  193.89  189.23  48.39  6.28  652.46  648.71  0.0 
 1.0  4.0  180.66  183.57  48.24  11.5  653.25  649.14  0.0 
 2.0  3.0  149.93  196.64  48.4  8.98  655.6  652.53  0.0 
 3.0  2.0  181.72  195.72  52.32  18.04  656.56  652.71  0.0 
 4.0  3.0  187.63  191.16  49.44  34.41  657.86  656.3  0.0 
 5.0  1.0  196.21  195.14  50.78  18.51  666.32  668.25  0.0 
 6.0  4.0  185.65  191.65  47.89  9.58  659.47  658.18  0.0 
 1.0  1.0  188.8  195.06  49.37  11.83  663.89  663.31  0.0 
 2.0  2.0  197.15  187.97  49.92  7.69  658.29  656.91  0.0 
 3.0  4.0  194.68  190.41  49.48  7.33  659.73  659.12  0.0 
 4.0  2.0  170.39  190.45  48.97  7.83  656.7  658.67  0.0 
 5.0  2.0  162.93  189.3  48.52  8.37  660.13  662.72  0.0 
 6.0  2.0  172.93  183.27  49.11  8.24  662.2  659.72  0.0 
 1.0  1.0  188.13  194.42  50.05  13.4  658.31  657.82  0.0 
 2.0  2.0  196.38  188.7  50.06  3.38  657.31  654.92  0.0 
 3.0  4.0  194.48  187.6  49.58  6.37  657.75  657.52  0.0 
 4.0  2.0  166.89  185.6  49.3  6.26  655.76  660.1  0.6612 
 5.0  2.0  166.09  185.09  48.92  9.63  661.28  661.39  0.6056 
 6.0  2.0  157.22  185.78  49.12  9.49  659.96  656.28  0.4837 
 1.0  4.0  182.47  198.89  48.88  8.1  656.86  655.52  0.0 
 2.0  3.0  199.2  192.36  48.67  9.21  662.6  662.3  0.0 
 3.0  2.0  190.9  197.4  50.04  24.31  658.98  656.31  0.0 
 4.0  3.0  193.72  203.78  50.06  8.95  658.68  658.36  0.0 
 5.0  1.0  195.3  208.04  50.37  8.58  671.19  672.77  0.0 
 6.0  4.0  187.85  193.52  48.6  9.25  657.34  654.68  0.0 
 1.0  1.0  192.63  198.06  49.35  6.63  653.38  651.83  0.0 
 2.0  2.0  201.98  198.48  47.41  279.76  655.19  653.29  0.0 
 3.0  4.0  196.76  193.26  49.79  12.59  656.33  655.41  0.0 
 4.0  2.0  191.56  198.83  49.84  103.47  657.85  656.08  0.0 
 5.0  2.0  204.18  203.06  48.27  12.13  654.65  654.57  0.0 
 6.0  2.0  187.82  195.57  49.3  6.47  660.37  660.28  0.0 
 1.0  1.0  197.21  190.3  48.85  2.44  653.89  656.28  0.0486 
 2.0  2.0  186.26  197.22  48.66  5.57  653.19  652.72  0.0 
 3.0  4.0  192.68  202.84  48.77  3.58  654.88  657.54  0.0934 
 4.0  2.0  199.98  196.09  49.6  6.26  654.17  652.99  0.0 
 5.0  2.0  201.8  191.82  49.06  11.31  655.52  655.25  0.4395 
 6.0  2.0  203.91  197.36  49.35  18.5  658.21  653.75  0.0 
 1.0  4.0  189.37  200.65  49.17  5.42  654.99  650.41  0.0 
 2.0  3.0  193.15  193.16  48.55  5.49  660.12  657.15  0.0 
 3.0  2.0  191.26  199.01  49.99  12.19  656.19  660.47  0.0 
 4.0  3.0  191.74  202.08  50.83  39.13  655.05  655.11  0.0 
 5.0  1.0  196.43  196.4  50.25  13.54  665.16  666.98  0.0 
 6.0  4.0  184.5  193.21  48.02  12.58  656.99  649.5  0.0 
 1.0  3.0  181.6  173.6  49.35  5.42  657.34  658.92  0.0 
 2.0  1.0  187.39  192.93  49.53  10.95  656.18  656.76  0.0 
 3.0  1.0  187.28  196.83  49.93  70.05  659.41  652.78  0.0 
 4.0  4.0  193.48  184.02  50.53  8.87  654.15  658.36  0.0 
 5.0  3.0  187.71  180.12  48.24  14.56  656.59  656.93  0.0 
 6.0  1.0  174.21  167.67  48.22  15.66  651.29  646.96  0.0 
 1.0  3.0  185.05  197.72  52.58  52.39  653.71  651.99  0.0 
 2.0  1.0  184.81  178.34  48.54  11.69  658.01  655.61  0.0 
 3.0  1.0  184.49  175.29  49.18  11.17  655.06  654.47  0.0 
 4.0  4.0  165.35  192.85  49.91  9.39  658.19  658.52  0.6933 
 5.0  3.0  189.98  197.88  49.47  5.45  657.58  657.56  0.0 
 6.0  1.0  187.5  200.07  49.06  9.87  656.59  655.32  0.4441 
 1.0  2.0  193.94  181.36  48.32  133.7  658.27  657.35  0.0 
 2.0  4.0  159.85  187.07  48.74  8.89  658.46  651.27  0.0 
 3.0  3.0  171.83  180.99  50.64  8.83  655.63  658.95  0.145 
 4.0  1.0  181.1  176.74  48.46  10.29  648.2  647.59  0.0 
 5.0  4.0  185.64  176.96  50.5  10.04  653.89  657.34  0.0 
 6.0  3.0  178.0  170.7  48.48  10.0  662.14  657.7  0.0 
 1.0  2.0  164.12  184.04  49.23  7.13  653.73  656.85  0.0 
 2.0  4.0  176.78  182.06  51.64  150.04  651.63  653.79  0.0 
 3.0  3.0  180.26  174.96  48.73  8.52  656.51  653.71  0.0 
 1.0  2.0  169.46  185.82  48.45  9.54  659.6  655.05  0.0 
 2.0  4.0  199.05  188.17  49.68  6.73  662.88  661.44  0.0 
 3.0  3.0  183.64  174.97  48.41  7.99  656.3  656.58  0.0 
 4.0  1.0  178.98  192.69  49.8  15.5  650.79  652.54  0.0 
 5.0  4.0  161.48  195.48  48.39  16.72  662.54  660.33  0.0 
 6.0  3.0  182.9  191.31  49.32  7.66  652.75  650.75  0.0 
 1.0  1.0  185.06  194.56  49.18  6.03  654.58  656.63  0.1254 
 2.0  2.0  193.84  187.66  49.82  198.87  655.89  655.86  0.0519 
 3.0  4.0  192.41  190.7  49.45  4.1  656.79  657.51  0.0 
 4.0  2.0  161.71  190.58  49.22  38.52  656.85  665.28  0.0 
 5.0  2.0  169.84  178.54  48.58  22.8  659.4  652.71  0.0 
 6.0  2.0  168.91  180.99  49.24  4.24  660.02  655.43  0.0 
