 1  4  178.88  192.05  49.78  10.53  652.22  649.06  0.0 
 2  3  192.29  195.56  50.48  32.29  661.8  659.1  0.0 
 3  2  186.01  176.09  48.99  7.51  657.21  654.58  0.0 
 4  3  182.58  186.84  49.31  40.17  658.1  660.42  0.0 
 5  1  192.13  198.43  49.53  22.76  670.76  672.15  0.0 
 6  4  185.43  193.64  49.27  9.32  652.64  653.5  0.0 
 1  4  187.98  193.46  49.55  3.71  654.57  657.54  14.0 
 2  3  185.86  193.42  49.3  2.65  654.72  656.45  18.0 
 3  2  187.2  186.19  48.53  6.54  657.25  655.57  0.0 
 4  3  184.84  185.45  48.71  5.81  655.08  660.1  0.0 
 5  1  192.0  189.32  49.02  13.29  669.77  664.93  0.0 
 6  4  190.92  196.79  49.22  3.6  659.36  657.32  0.0 
 1  4  187.66  194.98  49.72  2.32  662.2  657.58  0.0 
 2  3  196.15  192.87  49.41  11.41  654.74  652.19  0.0 
 3  2  185.27  183.75  48.37  8.61  661.68  656.58  0.0 
 4  3  185.42  184.94  48.76  5.91  659.21  653.79  0.0 
 5  1  196.79  205.61  49.41  7.53  667.8  667.42  0.0 
 6  4  188.19  196.0  49.14  11.7  658.38  661.24  0.0 
 1  1  192.24  188.36  49.02  8.32  659.86  654.01  0.0 
 2  2  194.03  192.32  49.0  6.66  658.23  657.49  0.0 
 3  4  195.23  187.49  48.93  7.89  655.16  655.58  0.0 
 4  2  190.69  197.9  49.59  8.09  657.98  654.06  0.0 
 5  2  191.27  195.37  49.39  24.28  658.37  659.13  0.0 
 6  2  184.45  198.2  49.97  19.82  654.61  652.68  0.0 
 1  1  186.25  187.79  49.39  7.34  656.57  655.96  0.0 
 2  2  187.09  177.91  49.09  3.49  658.18  653.5  0.0 
 3  4  191.82  185.64  49.58  4.25  656.24  658.64  0.0 
 4  2  195.22  194.58  50.38  18.27  655.8  657.71  0.0 
 5  2  182.07  193.27  49.56  22.98  654.36  657.82  0.0 
 6  2  179.01  198.17  50.61  13.74  660.81  652.71  0.0 
 1  2  180.03  195.49  50.28  19.05  653.82  656.83  0.0 
 2  4  185.69  188.12  49.01  7.44  652.17  653.95  0.0 
 3  3  194.56  192.54  51.3  18.44  655.76  654.89  60.0 
 4  1  189.97  180.89  49.24  5.24  645.67  651.95  0.0 
 5  4  191.88  189.75  50.47  56.41  655.39  654.22  0.0 
 6  3  196.32  192.09  49.72  7.15  659.91  657.16  206.0 
 1  4  188.12  198.08  50.22  23.62  654.46  657.7  0.0 
 2  3  189.01  196.76  49.05  4.21  655.18  655.88  99.0 
 3  2  190.57  178.03  48.9  5.73  657.66  655.45  0.0 
 4  3  190.58  179.09  48.98  8.01  653.34  656.36  0.0 
 5  1  198.41  187.1  49.65  6.64  667.52  666.03  0.0 
 6  4  188.77  196.34  49.23  23.62  656.31  655.91  0.0 
 1  1  191.97  194.24  50.9  13.64  655.52  652.8  0.0 
 2  2  194.55  194.21  50.53  7.01  656.79  655.69  0.0 
 3  4  192.96  192.19  51.74  22.2  656.17  652.49  0.0 
 4  2  194.67  188.06  49.76  6.05  654.17  653.43  0.0 
 5  2  191.96  195.83  49.09  7.25  656.53  656.65  0.0 
 6  2  184.59  190.37  49.19  8.11  654.13  652.26  0.0 
 1  3  182.44  195.46  49.54  10.11  656.7  652.1  0.0 
 2  1  198.17  194.86  49.08  5.48  663.96  660.25  92.0 
 3  1  187.72  184.1  48.33  10.93  659.05  653.81  155.0 
 4  4  192.23  176.39  48.79  9.86  659.71  658.84  0.0 
 5  3  195.14  194.31  49.14  10.6  658.4  657.26  0.0 
 6  1  186.63  192.64  48.55  16.05  648.5  651.4  0.0 
 1  2  185.5  195.74  51.08  326.27  651.55  655.05  0.0 
 2  4  186.94  185.38  49.51  6.75  652.62  653.76  0.0 
 3  3  191.3  194.73  50.04  8.56  655.72  655.59  0.0 
 4  1  194.31  180.31  49.58  7.67  646.93  649.81  0.0 
 5  4  189.29  195.77  49.98  19.68  655.21  654.74  0.0 
 6  3  194.25  187.1  48.77  17.5  658.04  658.0  0.0 
 1  3  187.87  193.99  49.68  2.31  659.92  657.16  0.0 
 2  1  182.45  183.77  48.86  6.54  654.32  653.31  0.0 
 3  1  186.49  184.38  49.0  10.23  660.84  654.72  22.0 
 4  4  184.12  182.07  49.13  13.01  658.51  656.99  24.0 
 5  3  188.23  191.97  49.3  7.3  656.17  655.48  0.0 
 6  1  187.45  191.17  48.58  9.37  655.09  653.01  0.0 
 1  2  185.73  197.12  49.45  6.62  658.31  658.16  0.0 
 2  4  188.13  186.88  48.46  6.89  663.28  660.38  0.0 
 3  3  182.64  194.04  49.33  8.18  655.7  658.4  0.0 
 4  1  187.11  181.52  48.64  13.4  653.54  652.91  0.0 
 5  4  189.53  194.23  49.4  5.24  658.75  663.8  57.0 
 6  3  188.0  177.25  48.58  2.23  659.21  650.24  0.0 
 1  4  190.37  195.37  48.67  7.13  657.9  656.56  0.0 
 2  3  184.84  182.85  48.79  5.0  660.07  654.24  0.0 
 3  2  187.89  194.44  49.56  5.69  656.18  658.65  0.0 
 4  3  191.89  197.0  49.8  6.9  656.89  658.6  0.0 
 5  1  192.38  197.9  49.72  9.43  667.31  670.29  0.0 
 6  4  185.3  183.99  48.42  6.63  659.85  653.54  0.0 
 1  2  188.38  194.65  49.29  5.49  655.2  658.83  0.0 
 2  4  187.27  185.29  48.4  11.11  651.99  653.8  0.0 
 3  3  196.3  196.48  49.44  12.81  656.74  656.63  0.0 
 4  1  184.48  184.23  48.83  8.12  648.49  655.11  0.0 
 5  4  187.84  195.7  49.07  14.76  658.12  652.94  0.0 
 6  3  196.63  192.8  48.66  3.38  660.3  659.75  3.0 
 1  3  184.62  185.12  48.99  6.79  658.22  660.93  0.0 
 2  1  187.58  191.43  49.56  5.1  659.14  658.73  0.0 
 3  1  191.34  195.81  49.1  20.06  658.87  658.02  0.0 
 4  4  184.39  190.92  49.97  10.51  656.37  656.54  0.0 
 5  3  187.09  182.62  48.78  8.11  659.9  661.68  0.0 
 6  1  195.36  193.98  47.87  6.34  658.37  655.03  0.0 
 1  2  191.58  178.27  49.35  6.15  655.9  655.82  0.0 
 2  4  186.37  195.13  49.44  19.82  654.99  657.52  0.0 
 3  3  191.9  183.49  49.07  6.67  653.0  657.89  0.0 
 4  1  183.45  195.07  50.16  53.03  645.81  652.36  0.0 
 5  4  185.27  178.27  48.78  9.31  656.91  654.15  0.0 
 6  3  190.78  191.13  50.08  22.97  657.14  651.48  0.0 
 1  1  184.27  195.07  49.46  9.67  652.6  653.37  0.0 
 2  2  187.25  195.95  49.78  9.14  662.38  656.49  0.0 
 3  4  185.1  193.64  49.76  11.86  653.65  658.36  35.0 
 4  2  194.53  186.83  49.61  4.26  658.22  660.78  0.0 
 5  2  188.6  186.89  48.81  8.61  655.51  659.81  10.0 
 6  2  182.72  186.67  49.33  6.01  655.74  650.38  0.0 
 1  2  182.74  183.98  48.61  12.04  655.17  658.43  0.0 
 2  4  186.89  191.04  49.59  10.38  653.88  656.11  37.0 
 3  3  184.13  186.29  48.61  10.68  658.41  658.04  0.0 
 4  1  183.25  191.83  49.3  5.59  647.49  652.72  0.0 
 5  4  185.23  186.48  48.53  7.1  661.95  657.62  34.0 
 6  3  188.8  190.18  49.67  8.34  661.36  658.93  0.0 
 1  4  183.01  183.96  48.91  7.92  663.24  658.54  49.0 
 2  3  185.22  180.32  48.73  12.71  655.42  655.14  32.0 
 3  2  185.22  193.87  49.84  5.43  661.92  658.09  0.0 
 4  3  182.08  192.4  50.2  6.52  655.48  654.86  0.0 
 5  1  192.07  198.07  49.96  13.49  669.57  671.65  0.0 
 6  4  185.62  185.89  48.86  6.98  661.53  659.69  0.0 
 1  1  189.0  196.79  49.77  13.13  658.23  660.07  0.0 
 2  2  185.26  195.62  49.24  4.73  663.82  657.57  0.0 
 3  4  186.49  195.24  50.0  6.23  657.48  662.38  0.0 
 4  2  192.82  183.56  49.63  9.62  658.35  658.41  0.0 
 5  2  186.3  176.8  48.97  16.88  659.44  663.42  354.0 
 6  2  180.61  189.08  49.35  9.55  661.23  650.06  0.0 
 1  3  186.99  184.43  48.59  8.3  660.6  656.88  115.0 
 2  1  186.77  195.4  49.4  9.11  656.2  657.2  110.0 
 3  1  188.75  195.03  49.47  7.79  661.39  655.58  99.0 
 4  4  185.55  193.95  49.59  7.73  659.63  656.6  0.0 
 5  3  189.08  184.47  48.68  8.23  656.35  657.36  0.0 
 6  1  186.61  183.7  48.11  7.87  651.42  656.38  0.0 
 1  3  192.53  194.47  49.8  10.09  653.22  655.07  0.0 
 2  1  188.42  185.27  48.22  4.79  653.59  649.86  149.0 
 3  1  188.32  186.1  48.99  5.81  652.54  657.36  0.0 
 4  4  189.07  192.72  49.42  12.19  654.56  653.94  0.0 
 5  3  186.26  192.91  49.22  5.05  650.7  656.54  0.0 
 6  1  185.5  194.02  48.81  7.56  652.38  648.32  0.0 
 1  2  192.63  195.12  49.93  12.41  656.4  657.13  0.0 
 2  4  194.38  181.06  48.81  13.54  657.09  653.35  0.0 
 3  3  189.15  196.19  49.87  4.77  654.01  655.69  0.0 
 4  1  189.55  192.7  48.63  8.89  647.81  648.1  0.0 
 5  4  185.92  197.58  49.7  9.77  654.3  657.64  0.0 
 6  3  193.22  181.3  49.14  9.28  657.18  652.26  0.0 
 1  2  185.63  183.53  48.66  11.78  661.05  656.32  0.0 
 2  4  189.0  194.86  49.38  8.83  660.8  659.69  0.0 
 3  3  187.23  182.54  48.59  16.29  662.61  656.27  5.0 
 4  1  183.43  191.49  49.03  10.55  657.04  652.25  0.0 
 5  4  189.73  186.18  48.57  6.21  660.72  660.73  0.0 
 6  3  184.93  191.18  49.09  5.95  656.55  658.09  0.0 
 1  1  189.26  193.33  49.64  5.57  649.67  650.32  0.0 
 2  2  188.68  195.5  50.02  17.84  657.12  654.49  0.0 
 3  4  184.97  193.57  49.8  9.32  650.15  655.36  0.0 
 4  2  192.89  199.79  49.27  10.95  657.43  655.97  27.0 
 5  2  193.69  187.19  49.6  307.93  653.96  658.11  180.0 
 6  2  183.87  185.14  49.91  7.28  653.58  649.19  0.0 
 1  4  185.44  193.1  49.63  7.29  653.58  655.51  0.0 
 2  3  185.27  194.94  49.62  9.01  655.36  657.48  0.0 
 3  2  193.08  194.7  48.74  6.67  658.58  658.4  0.0 
 4  3  188.27  186.08  49.23  7.38  656.7  659.12  0.0 
 5  1  193.3  187.59  49.52  10.64  668.83  667.22  38.0 
 6  4  195.13  198.78  49.27  3.98  660.6  658.32  101.0 
 1  2  185.79  195.16  49.92  5.22  657.97  654.9  0.0 
 2  4  200.86  187.52  48.82  11.73  652.49  650.69  0.0 
 3  3  187.21  193.45  49.5  5.94  656.8  653.9  0.0 
 4  1  182.69  184.47  49.36  5.26  649.28  645.86  0.0 
 5  4  193.09  198.7  49.52  48.68  654.61  654.71  0.0 
 6  3  197.05  180.08  49.52  8.51  656.38  656.82  0.0 
 1  2  188.13  195.08  49.35  3.41  656.88  656.56  153.0 
 2  4  187.83  187.7  48.69  11.41  665.32  658.21  29.0 
 3  3  187.11  193.55  49.31  14.81  655.47  658.68  0.0 
 4  1  186.44  182.07  48.7  8.31  651.64  650.52  0.0 
 5  4  189.73  195.48  49.01  8.47  657.99  660.98  0.0 
 6  3  186.3  179.15  48.51  12.41  656.84  650.05  0.0 
 1  2  183.7  191.87  49.48  4.86  654.39  659.56  95.0 
 2  4  187.77  185.17  48.44  7.52  654.93  658.73  0.0 
 3  3  191.0  195.5  49.39  8.24  655.42  656.26  0.0 
 4  1  175.0  170.85  48.21  5.86  646.37  648.92  0.0 
 5  4  189.27  195.47  49.14  9.74  659.22  653.53  0.0 
 6  3  193.97  186.97  48.88  5.94  657.57  655.19  0.0 
 1  2  192.49  188.27  49.22  6.78  657.19  652.14  0.0 
 2  4  188.27  195.03  49.93  9.19  651.99  651.79  0.0 
 3  3  195.64  182.77  49.31  7.0  656.45  653.6  0.0 
 4  1  185.39  193.26  49.91  6.38  651.05  646.48  0.0 
 5  4  194.94  191.97  49.06  9.5  653.96  654.68  0.0 
 6  3  187.93  194.55  50.19  5.94  657.87  660.61  0.0 
 1  3  187.11  184.13  49.29  11.18  659.74  655.45  55.0 
 2  1  187.23  193.43  49.65  6.72  656.84  655.74  0.0 
 3  1  187.45  192.86  49.3  9.78  660.79  656.21  0.0 
 4  4  186.65  191.52  50.0  16.62  658.1  656.96  0.0 
 5  3  190.87  182.24  48.48  6.64  657.48  658.06  0.0 
 6  1  186.83  183.89  47.94  5.62  654.62  652.55  87.0 
 1  3  184.77  193.53  49.72  4.33  652.8  654.92  0.0 
 2  1  191.84  186.72  49.07  6.84  654.32  655.43  0.0 
 3  1  196.04  181.95  49.13  8.87  654.27  652.62  0.0 
 4  4  189.87  185.72  49.76  11.32  651.55  656.28  0.0 
 5  3  188.7  191.89  49.82  9.12  655.44  653.27  0.0 
 6  1  185.22  195.1  49.6  6.33  653.92  652.01  0.0 
 1  4  185.58  194.13  49.84  8.59  654.37  656.47  0.0 
 2  3  187.84  195.25  49.02  10.15  655.07  657.0  0.0 
 3  2  187.41  183.67  48.73  2.66  656.65  655.17  0.0 
 4  3  184.05  183.32  48.85  5.81  654.92  658.78  0.0 
 5  1  193.02  190.29  49.35  5.84  671.76  670.82  0.0 
 6  4  188.74  195.3  48.93  4.26  657.26  656.36  0.0 
 1  3  185.67  184.93  48.79  7.48  655.63  660.16  115.0 
 2  1  185.41  193.25  50.03  7.2  656.17  657.84  75.0 
 3  1  198.37  196.96  49.16  10.2  656.07  657.54  37.0 
 4  4  186.94  192.71  49.77  3.04  655.55  661.23  0.0 
 5  3  188.01  180.91  48.74  5.79  658.12  655.74  182.0 
 6  1  195.14  198.16  48.42  7.79  654.25  651.61  0.0 
 1  1  186.5  185.52  48.96  5.86  657.11  659.41  12.0 
 2  2  183.91  182.13  50.24  368.64  655.83  655.94  0.0 
 3  4  187.33  186.21  48.36  9.19  657.33  659.62  0.0 
 4  2  189.12  193.5  49.7  10.93  656.65  660.32  0.0 
 5  2  186.29  194.15  48.77  8.61  659.52  657.81  0.0 
 6  2  180.07  194.85  50.48  297.74  658.62  655.83  0.0 
 1  4  185.49  193.96  50.16  11.92  654.64  654.79  0.0 
 2  3  187.93  190.81  49.42  11.44  660.17  651.36  0.0 
 3  2  186.91  182.76  49.31  8.07  654.62  659.16  0.0 
 4  3  188.41  187.9  49.59  9.61  655.31  656.19  0.0 
 5  1  192.11  191.9  49.77  10.18  665.27  672.05  0.0 
 6  4  185.31  194.99  49.88  101.61  661.22  654.52  0.0 
 1  4  177.16  191.5  51.38  10.91  656.57  652.03  0.0 
 2  3  183.45  192.54  50.5  12.03  656.21  655.16  0.0 
 3  2  183.48  168.05  49.07  8.07  655.59  652.06  0.0 
 4  3  189.53  183.78  49.43  6.49  656.35  654.9  0.0 
 5  1  196.42  188.7  49.98  9.96  666.93  666.8  0.0 
 6  4  175.33  189.59  49.21  15.49  654.1  655.14  0.0 
 1  1  195.51  197.88  48.74  15.7  657.47  658.55  0.0 
 2  2  191.27  182.94  48.29  13.1  660.95  655.6  0.0 
 3  4  187.56  185.36  49.24  14.49  657.39  658.77  0.0 
 4  2  194.3  197.01  50.81  28.64  658.98  658.23  32.0 
 5  2  184.35  194.76  49.34  33.11  656.2  660.87  0.0 
 6  2  180.68  197.96  49.91  9.94  660.82  655.1  0.0 
 1  1  185.67  181.18  49.32  8.31  660.69  655.22  84.0 
 2  2  189.88  193.9  48.1  6.04  659.09  658.83  0.0 
 3  4  185.54  183.74  49.02  24.33  663.09  656.67  0.0 
 4  2  186.53  194.75  49.89  8.34  659.93  657.72  0.0 
 5  2  188.24  194.83  49.08  10.96  657.51  656.85  0.0 
 6  2  180.77  196.61  49.24  4.79  657.81  659.49  193.0 
 1  2  185.84  179.75  48.91  4.37  655.26  656.35  11.0 
 2  4  187.28  193.92  49.24  8.98  658.11  656.96  78.0 
 3  3  190.45  194.1  48.45  5.5  656.55  655.78  13.0 
 4  1  182.06  192.09  49.25  11.77  648.09  650.97  0.0 
 5  4  188.21  186.97  48.42  9.24  657.8  656.38  0.0 
 6  3  194.94  194.01  49.15  11.84  656.45  655.14  0.0 
 1  1  185.14  192.51  49.75  9.73  655.89  654.99  0.0 
 2  2  185.21  194.81  49.95  5.65  656.99  653.28  0.0 
 3  4  185.9  195.28  49.82  7.91  654.84  657.67  0.0 
 4  2  193.07  182.72  49.52  8.78  655.14  656.71  0.0 
 5  2  189.74  181.28  49.27  6.92  654.25  659.08  0.0 
 6  2  182.03  183.32  49.38  10.37  660.56  653.64  0.0 
 1  3  189.42  185.34  49.24  12.45  655.19  656.5  0.0 
 2  1  186.28  195.99  50.98  8.9  656.88  653.41  0.0 
 3  1  185.22  193.93  50.35  17.52  654.43  656.98  0.0 
 4  4  186.19  191.91  52.16  9.9  654.84  655.63  0.0 
 5  3  189.76  184.6  49.31  17.23  654.64  659.02  0.0 
 6  1  189.06  182.03  48.72  54.31  653.95  645.09  0.0 
 1  2  193.76  203.13  48.65  11.68  656.36  654.41  0.0 
 2  4  185.22  194.64  49.9  10.64  658.78  653.32  0.0 
 3  3  185.93  183.2  48.48  8.05  656.74  659.26  0.0 
 4  1  194.19  194.31  50.04  10.75  650.3  647.94  0.0 
 5  4  188.56  186.1  48.46  6.25  654.85  660.05  0.0 
 6  3  189.37  188.59  49.48  11.13  660.45  653.35  0.0 
 1  2  189.29  182.87  49.52  14.03  656.63  658.73  0.0 
 2  4  189.4  195.38  49.48  26.13  656.88  658.48  88.0 
 3  3  186.97  183.69  49.35  10.54  658.03  662.15  107.0 
 4  1  185.73  192.08  51.13  9.96  653.48  655.85  0.0 
 5  4  192.56  185.56  49.01  7.93  660.68  656.36  0.0 
 6  3  190.69  195.23  49.29  71.66  657.39  657.51  0.0 
 1  4  189.58  185.68  49.55  5.29  658.51  652.98  0.0 
 2  3  191.91  185.92  49.98  8.76  658.43  656.47  0.0 
 3  2  187.5  196.67  51.72  41.18  661.14  656.44  0.0 
 4  3  185.48  196.12  51.73  69.14  658.59  656.15  52.0 
 5  1  195.82  200.64  51.08  20.65  670.0  669.66  52.0 
 6  4  189.0  183.19  49.7  5.41  657.05  657.11  227.0 
 1  4  188.07  185.42  48.94  6.12  655.95  654.42  97.0 
 2  3  187.49  184.04  48.3  12.65  659.14  653.47  30.0 
 3  2  187.51  194.96  49.25  6.06  654.67  657.43  0.0 
 4  3  188.83  196.42  49.72  11.47  658.89  655.58  0.0 
 5  1  194.88  197.89  49.76  10.36  664.57  669.07  97.0 
 6  4  189.36  183.98  48.12  6.34  659.93  651.3  110.0 
 1  3  190.43  193.95  49.72  9.07  654.64  653.15  0.0 
 2  1  189.81  185.02  49.1  4.54  656.56  652.05  0.0 
 3  1  187.14  186.92  49.04  7.16  652.09  658.1  0.0 
 4  4  189.4  187.97  49.49  19.76  653.94  654.0  0.0 
 5  3  187.22  194.22  49.42  4.9  652.1  656.36  0.0 
 6  1  186.77  194.05  48.92  10.78  653.2  649.25  87.0 
 1  2  187.96  195.52  49.72  6.52  657.22  656.22  0.0 
 2  4  185.68  186.68  48.35  6.29  660.58  652.58  0.0 
 3  3  185.27  193.52  49.45  15.93  655.42  658.81  0.0 
 4  1  186.09  181.33  48.43  8.98  650.96  651.25  0.0 
 5  4  189.43  195.12  49.02  7.86  657.01  660.85  0.0 
 6  3  189.28  177.94  48.43  11.97  662.76  653.95  0.0 
 1  3  185.86  185.44  48.71  7.08  657.09  660.69  65.0 
 2  1  186.81  192.49  49.33  6.62  657.37  658.93  0.0 
 3  1  190.5  193.92  49.53  9.08  658.22  657.44  0.0 
 4  4  185.07  192.05  49.62  5.59  656.19  657.06  0.0 
 5  3  187.92  182.24  48.27  4.53  660.04  657.86  0.0 
 6  1  189.79  191.16  47.91  13.78  657.21  653.87  0.0 
 1  4  182.2  185.73  48.84  6.57  657.53  653.33  106.0 
 2  3  183.56  181.7  50.19  101.19  655.77  652.03  0.0 
 3  2  180.29  194.61  49.71  14.15  660.54  657.39  0.0 
 4  3  180.52  193.22  50.12  5.97  656.62  656.11  0.0 
 5  1  189.34  198.28  50.78  20.1  669.03  667.52  0.0 
 6  4  189.12  175.04  49.02  16.21  657.56  655.42  230.0 
 1  3  191.61  194.4  49.69  5.82  656.73  656.24  0.0 
 2  1  186.89  182.89  49.08  6.54  660.01  655.24  0.0 
 3  1  186.4  185.13  48.62  17.8  655.08  658.15  0.0 
 4  4  189.3  196.02  50.1  309.18  657.12  656.52  0.0 
 5  3  186.82  194.99  49.11  5.88  655.36  658.76  0.0 
 6  1  184.44  192.33  48.53  5.49  652.65  645.53  0.0 
 1  2  192.06  194.65  49.78  16.76  658.59  656.13  0.0 
 2  4  186.7  184.62  48.8  9.6  660.1  654.5  0.0 
 3  3  187.13  193.83  49.63  5.21  657.63  659.42  0.0 
 4  1  186.0  192.75  49.79  11.47  652.53  653.03  0.0 
 5  4  188.46  194.27  49.65  8.86  656.52  661.43  0.0 
 6  3  188.63  179.18  49.13  9.5  660.16  655.01  0.0 
 1  1  188.06  176.94  49.1  9.6  657.39  655.18  0.0 
 2  2  184.07  181.2  48.54  14.69  661.71  653.65  0.0 
 3  4  183.54  176.62  48.99  15.03  656.67  660.1  0.0 
 4  2  185.51  194.46  50.19  8.32  655.99  656.81  0.0 
 5  2  180.74  191.21  50.13  20.69  656.85  659.56  0.0 
 6  2  177.66  195.64  50.13  9.05  664.6  656.25  0.0 
 1  3  187.81  194.87  49.75  7.29  657.34  657.64  0.0 
 2  1  191.0  185.12  49.01  8.15  659.96  654.24  0.0 
 3  1  190.92  188.89  49.01  8.23  656.34  661.61  0.0 
 4  4  187.92  185.28  49.11  10.88  656.79  658.21  0.0 
 5  3  186.49  193.3  49.32  5.82  656.38  659.1  0.0 
 6  1  186.2  193.33  49.43  182.84  653.88  646.38  0.0 
 1  1  185.33  193.28  49.59  7.76  658.63  654.44  0.0 
 2  2  191.34  192.84  49.26  6.15  657.16  656.27  0.0 
 3  4  185.75  194.27  49.18  11.25  659.04  653.66  0.0 
 4  2  188.77  182.95  48.95  5.61  659.67  653.57  0.0 
 5  2  183.07  187.97  48.58  5.3  656.0  657.22  0.0 
 6  2  180.03  187.92  48.49  8.52  658.43  658.36  55.0 
 1  4  186.93  187.51  48.53  5.77  656.05  657.02  0.0 
 2  3  189.1  186.45  48.58  13.52  656.94  656.96  0.0 
 3  2  188.18  195.07  49.81  10.9  656.33  657.9  0.0 
 4  3  187.23  197.27  49.62  6.87  654.43  658.49  0.0 
 5  1  194.06  199.32  49.78  7.97  667.81  665.06  0.0 
 6  4  190.22  187.45  48.16  8.46  658.99  656.21  206.0 
 1  3  185.24  189.67  47.97  18.72  659.43  657.95  0.0 
 2  1  184.74  192.32  49.54  5.0  659.34  653.81  0.0 
 3  1  186.02  192.85  49.07  9.89  657.93  662.02  0.0 
 4  4  190.57  192.72  49.84  4.92  657.17  656.45  0.0 
 5  3  184.67  181.2  48.44  13.23  656.14  662.72  0.0 
 6  1  185.96  182.15  47.77  11.22  657.05  651.67  0.0 
 1  1  180.95  188.82  50.62  732.53  654.05  653.52  0.0 
 2  2  185.25  188.17  49.63  5.15  655.94  649.82  0.0 
 3  4  185.46  193.65  49.7  9.7  651.36  655.69  216.0 
 4  2  189.36  184.32  49.35  8.89  653.17  652.62  0.0 
 5  2  183.63  180.55  49.1  10.69  652.39  657.31  0.0 
 6  2  188.28  184.14  49.73  6.94  655.72  650.9  0.0 
 1  1  188.41  180.46  48.63  8.61  651.39  656.19  0.0 
 2  2  189.85  178.91  49.19  5.82  652.34  654.5  0.0 
 3  4  195.12  184.22  48.49  12.31  655.61  656.54  0.0 
 4  2  187.02  195.69  50.8  22.72  653.63  657.82  0.0 
 5  2  181.5  194.19  50.27  14.1  659.14  651.52  0.0 
 6  2  183.92  198.18  51.22  36.67  655.39  653.6  0.0 
 1  1  190.74  191.8  51.28  12.55  654.18  656.76  0.0 
 2  2  188.31  189.74  49.39  28.36  658.79  653.43  0.0 
 3  4  190.08  189.84  52.1  19.74  652.62  654.96  0.0 
 4  2  187.93  188.04  49.2  17.09  657.42  654.16  0.0 
 5  2  184.42  186.79  48.84  7.18  653.52  656.91  0.0 
 6  2  189.8  189.12  49.91  7.89  658.24  653.62  0.0 
 1  2  193.14  186.9  49.32  4.67  655.95  652.95  0.0 
 2  4  186.96  199.18  47.31  39.51  654.79  654.73  0.0 
 3  3  188.36  185.0  48.82  9.9  655.3  653.05  0.0 
 4  1  184.26  190.52  49.95  5.28  646.61  644.09  0.0 
 5  4  206.38  186.83  49.06  6.02  654.25  654.16  0.0 
 6  3  186.85  189.88  49.84  7.3  654.45  655.32  0.0 
 1  1  188.76  188.43  49.23  7.1  654.84  655.94  0.0 
 2  2  188.78  185.65  48.42  11.78  653.38  656.03  0.0 
 3  4  188.8  183.72  48.99  17.1  653.11  652.47  0.0 
 4  2  187.07  193.95  50.13  9.34  653.25  655.66  0.0 
 5  2  183.47  194.93  49.56  11.31  655.38  654.13  0.0 
 6  2  178.65  196.63  49.88  6.0  656.59  653.99  0.0 
 1  4  182.49  176.9  48.99  14.16  656.39  650.96  0.0 
 2  3  180.01  178.79  48.7  74.9  656.5  651.8  0.0 
 3  2  187.3  191.86  49.44  2.81  656.25  656.46  0.0 
 4  3  179.44  194.6  50.3  4.94  654.48  653.29  0.0 
 5  1  189.04  200.88  50.33  11.01  666.17  671.94  0.0 
 6  4  178.49  177.12  47.93  7.57  659.3  655.19  0.0 
 1  3  187.44  179.41  49.15  5.4  659.31  653.8  0.0 
 2  1  186.31  195.3  49.61  18.44  658.01  655.15  0.0 
 3  1  187.36  195.15  49.8  8.46  658.54  658.13  0.0 
 4  4  182.62  194.46  50.68  11.38  659.67  656.97  0.0 
 5  3  190.52  186.19  49.19  6.4  656.25  657.92  194.0 
 6  1  189.27  186.45  48.61  17.27  655.42  656.05  0.0 
 1  4  184.75  195.56  49.68  9.97  654.51  656.98  0.0 
 2  3  187.65  196.28  50.73  167.46  657.8  657.06  0.0 
 3  2  189.67  193.15  49.0  11.06  657.53  656.3  0.0 
 4  3  188.68  188.27  49.32  4.36  654.12  661.12  0.0 
 5  1  196.24  195.46  49.87  4.92  672.93  670.95  0.0 
 6  4  193.2  195.36  49.5  10.86  658.1  654.51  0.0 
 1  3  184.04  193.83  49.88  35.32  656.11  657.46  0.0 
 2  1  183.02  187.14  48.54  3.88  657.71  657.98  0.0 
 3  1  192.24  193.72  48.43  6.27  658.41  659.03  0.0 
 4  4  184.12  181.38  48.71  14.51  656.61  659.21  0.0 
 5  3  187.52  192.62  49.39  6.01  658.81  657.78  113.0 
 6  1  193.71  196.59  48.78  9.24  655.3  653.0  0.0 
 1  1  186.18  193.92  49.41  5.53  658.73  656.34  0.0 
 2  2  186.33  192.67  49.46  8.4  658.05  654.11  0.0 
 3  4  187.72  193.68  49.23  13.54  654.32  659.65  0.0 
 4  2  189.85  181.19  48.76  6.98  656.73  658.61  0.0 
 5  2  186.69  183.3  48.14  7.56  656.29  658.84  0.0 
 6  2  178.36  187.28  48.81  10.19  660.78  655.53  0.0 
 1  3  188.16  195.37  49.5  9.94  657.26  656.6  0.0 
 2  1  187.14  184.02  48.82  17.5  661.13  655.02  183.0 
 3  1  187.71  185.44  48.8  10.84  657.72  658.66  271.0 
 4  4  185.41  184.46  48.45  4.53  657.01  658.11  0.0 
 5  3  187.49  193.57  49.22  6.09  656.08  659.47  49.0 
 6  1  184.86  193.8  48.97  7.82  656.64  650.16  158.0 
 1  3  185.56  183.14  48.36  12.05  655.87  659.66  94.0 
 2  1  185.79  192.9  49.47  7.12  656.1  657.24  99.0 
 3  1  188.14  194.74  49.58  5.13  657.13  656.81  100.0 
 4  4  187.29  193.03  49.91  6.47  657.06  662.03  0.0 
 5  3  188.14  180.37  48.37  10.23  661.3  656.98  12.0 
 6  1  187.94  184.59  48.59  113.13  653.42  650.58  0.0 
 1  2  197.43  188.55  48.84  9.95  654.65  655.77  0.0 
 2  4  194.72  204.59  48.98  14.31  655.42  658.35  0.0 
 3  3  204.42  199.77  48.68  4.94  656.18  655.98  0.0 
 4  1  188.2  201.68  49.4  9.5  648.7  649.73  0.0 
 5  4  200.46  191.15  48.63  9.59  658.2  658.31  0.0 
 6  3  198.23  203.29  50.39  16.35  658.96  654.18  0.0 
 1  1  184.37  182.13  48.39  7.01  657.37  657.41  34.0 
 2  2  185.14  183.24  48.65  9.33  661.62  656.98  37.0 
 3  4  181.92  182.19  48.58  12.0  657.76  660.28  0.0 
 4  2  189.16  194.14  50.24  8.77  657.18  657.53  0.0 
 5  2  182.84  193.1  49.24  5.82  656.98  661.01  0.0 
 6  2  179.92  197.04  49.37  8.09  663.25  654.48  0.0 
 1  3  185.74  193.75  49.66  4.99  655.84  657.97  0.0 
 2  1  182.3  183.08  49.15  9.75  658.93  657.57  0.0 
 3  1  193.04  192.79  48.55  7.62  657.39  656.64  0.0 
 4  4  185.06  181.3  48.89  8.5  654.58  657.7  0.0 
 5  3  185.34  190.91  49.18  9.14  657.21  654.96  0.0 
 6  1  193.33  195.79  49.06  6.15  654.48  653.26  0.0 
 1  2  185.3  196.3  49.6  8.96  657.0  659.42  0.0 
 2  4  190.88  183.45  48.63  10.46  655.37  661.28  86.0 
 3  3  190.61  195.89  49.89  3.65  656.0  657.09  0.0 
 4  1  194.24  181.9  49.6  6.02  661.78  665.02  0.0 
 5  4  187.44  196.34  49.59  5.23  660.0  657.74  0.0 
 6  3  191.69  189.43  48.71  10.88  659.95  655.58  0.0 
 1  4  186.42  183.63  48.33  10.13  658.11  659.24  0.0 
 2  3  182.51  182.62  48.69  15.18  654.75  656.1  0.0 
 3  2  188.87  193.52  49.72  7.51  657.35  657.6  0.0 
 4  3  184.1  194.9  49.77  4.2  654.88  660.64  0.0 
 5  1  193.18  197.07  49.95  17.76  673.16  667.06  0.0 
 6  4  184.33  186.41  47.92  5.03  659.11  654.48  0.0 
 1  3  188.3  184.39  48.58  26.29  656.25  657.84  84.0 
 2  1  185.32  193.63  49.79  8.34  655.18  657.38  100.0 
 3  1  193.96  195.12  49.33  9.0  656.37  657.5  0.0 
 4  4  187.06  193.07  49.23  10.91  654.2  661.29  0.0 
 5  3  186.31  183.21  48.52  9.54  659.18  658.25  0.0 
 6  1  192.41  190.67  47.86  12.23  653.28  647.32  0.0 
 1  2  190.3  178.68  48.94  6.67  657.56  653.87  0.0 
 2  4  187.92  197.42  50.39  5.97  655.14  654.41  0.0 
 3  3  191.68  178.58  48.81  8.98  657.0  653.22  0.0 
 4  1  185.41  192.62  51.97  65.46  652.94  650.85  0.0 
 5  4  198.52  189.68  48.5  12.21  655.03  655.45  0.0 
 6  3  185.42  191.77  51.12  19.44  654.03  653.67  0.0 
 1  3  186.8  194.83  49.84  5.57  652.76  655.01  0.0 
 2  1  190.11  184.27  48.87  9.22  654.7  656.58  28.0 
 3  1  192.81  186.48  49.0  6.74  653.09  654.16  0.0 
 4  4  189.91  186.19  49.29  8.66  654.92  653.52  0.0 
 5  3  186.66  188.97  49.53  8.97  655.79  655.38  0.0 
 6  1  187.43  192.02  49.12  28.45  651.71  648.86  0.0 
 1  4  185.15  190.25  50.25  5.32  653.45  654.14  0.0 
 2  3  184.85  187.6  49.63  9.58  656.29  653.73  0.0 
 3  2  186.89  186.03  48.93  5.9  654.43  655.11  0.0 
 4  3  184.3  185.58  49.79  6.97  652.1  653.3  0.0 
 5  1  186.97  189.02  49.8  7.34  666.87  663.95  0.0 
 6  4  189.29  189.1  49.55  59.9  657.89  652.31  0.0 
 1  4  184.96  191.91  49.2  7.44  657.45  658.71  0.0 
 2  3  185.64  193.56  49.36  8.06  654.46  655.98  0.0 
 3  2  192.48  194.91  48.9  5.11  659.25  655.9  0.0 
 4  3  177.95  181.18  48.88  10.23  656.12  658.8  0.0 
 5  1  191.25  190.9  49.62  4.6  671.27  668.97  0.0 
 6  4  191.54  197.86  49.13  4.02  659.06  655.36  0.0 
 1  1  185.33  192.32  49.33  3.93  656.61  658.69  0.0 
 2  2  184.91  193.53  49.15  8.3  659.65  659.75  0.0 
 3  4  183.85  194.74  49.25  9.18  657.16  656.39  0.0 
 4  2  184.86  182.7  49.19  9.68  654.79  657.95  0.0 
 5  2  179.28  182.25  48.38  11.75  659.58  659.91  0.0 
 6  2  182.71  185.13  48.77  11.38  659.69  659.17  0.0 
 1  4  185.29  195.55  49.36  13.01  657.61  659.23  0.0 
 2  3  186.58  193.74  49.61  5.71  657.4  657.82  116.0 
 3  2  197.0  201.73  48.74  9.39  658.24  659.92  0.0 
 4  3  185.0  184.7  48.99  5.95  655.94  658.09  0.0 
 5  1  194.61  188.23  49.61  4.04  672.39  671.3  0.0 
 6  4  199.07  197.95  49.44  8.43  657.84  654.82  0.0 
 1  3  186.28  191.93  50.39  11.63  652.65  655.58  0.0 
 2  1  190.44  188.47  49.6  8.64  652.35  653.41  0.0 
 3  1  197.25  186.42  48.92  9.07  655.21  656.41  0.0 
 4  4  189.86  183.48  49.55  5.53  653.4  655.19  0.0 
 5  3  190.18  193.38  49.29  8.64  655.48  654.34  0.0 
 6  1  188.44  194.77  49.11  11.55  652.03  648.95  0.0 
 1  3  186.84  184.54  48.77  8.11  656.91  655.92  39.0 
 2  1  185.78  196.06  49.93  7.06  658.34  657.17  40.0 
 3  1  187.92  195.24  49.42  4.89  657.93  659.08  0.0 
 4  3  188.07  195.54  49.78  5.78  657.19  659.14  0.0 
 5  1  196.43  201.47  49.64  27.3  668.72  671.03  0.0 
 6  4  187.77  184.51  48.48  8.52  658.8  658.53  0.0 
 1  3  191.42  184.05  49.56  8.38  651.0  654.07  0.0 
 2  1  187.12  194.67  49.95  5.73  653.02  655.02  0.0 
 3  1  186.36  194.79  50.27  8.41  653.61  653.61  0.0 
 4  4  182.92  192.06  50.51  11.45  651.4  657.24  0.0 
 5  3  195.61  182.85  48.74  16.64  654.27  651.84  0.0 
 6  1  192.69  187.2  48.45  10.42  654.82  651.15  0.0 
 1  2  186.35  182.52  48.83  5.05  655.69  658.62  0.0 
 2  4  186.67  193.93  49.17  7.88  659.52  657.33  0.0 
 3  3  190.4  193.97  48.86  7.84  654.84  653.45  0.0 
 4  1  183.14  191.92  49.76  7.34  645.37  652.88  0.0 
 5  4  186.89  185.3  48.15  9.43  660.77  653.79  0.0 
 6  3  194.46  191.71  49.48  15.4  657.51  654.08  0.0 
 1  2  183.48  194.84  49.68  7.56  661.13  657.66  0.0 
 2  4  184.53  183.08  49.02  6.67  659.38  657.06  62.0 
 3  3  185.3  193.27  49.24  6.97  659.6  653.22  0.0 
 4  1  184.97  178.95  48.58  9.57  653.88  648.74  0.0 
 5  4  187.76  195.56  49.27  4.85  658.01  659.98  0.0 
 6  3  183.1  179.76  49.24  7.12  656.69  655.12  0.0 
 1  2  192.61  194.82  49.51  7.04  657.21  656.82  0.0 
 2  4  199.51  181.38  49.06  6.53  659.2  656.35  0.0 
 3  3  184.73  194.24  49.22  4.43  654.1  659.31  0.0 
 4  1  189.89  189.39  49.03  10.58  651.62  652.56  0.0 
 5  4  187.45  200.35  50.44  88.28  657.0  661.4  0.0 
 6  3  187.45  177.07  49.0  8.64  662.48  653.77  0.0 
 1  4  190.28  195.08  49.62  7.69  657.53  657.43  0.0 
 2  3  185.47  194.48  49.07  11.43  662.26  654.28  0.0 
 3  2  188.73  180.4  48.75  4.37  656.5  662.04  0.0 
 4  3  187.35  198.45  48.93  7.09  656.55  658.25  0.0 
 5  1  193.84  186.53  49.37  7.32  665.07  672.06  21.0 
 6  4  184.35  197.86  48.92  4.42  661.14  654.1  0.0 
 1  2  185.3  195.78  49.71  7.09  656.98  654.01  0.0 
 2  4  190.41  185.11  48.83  4.42  656.84  654.85  0.0 
 3  3  187.88  192.94  49.58  8.14  656.08  653.88  72.0 
 4  1  195.67  183.2  49.67  19.81  663.42  659.25  0.0 
 5  4  187.93  197.72  49.5  13.11  656.6  657.21  83.0 
 6  3  187.99  182.26  48.78  8.69  655.89  656.39  0.0 
 1  3  189.39  184.48  48.45  11.69  661.14  653.71  0.0 
 2  1  186.5  193.16  49.56  6.0  656.52  654.88  0.0 
 3  1  184.71  193.75  49.08  6.36  658.54  655.37  0.0 
 4  4  185.85  192.77  49.81  4.2  659.61  654.13  0.0 
 5  3  187.9  187.07  48.34  4.13  657.14  658.18  0.0 
 6  1  185.98  181.95  48.26  5.39  653.19  655.5  0.0 
 1  1  186.93  193.03  49.41  4.03  659.14  654.43  0.0 
 2  2  188.7  192.82  49.54  7.31  658.31  657.54  0.0 
 3  4  184.44  195.64  49.03  8.08  659.52  654.69  0.0 
 4  2  187.53  181.16  48.93  14.38  659.13  655.66  0.0 
 5  2  185.81  183.81  48.18  12.06  657.0  657.49  0.0 
 6  2  183.74  184.74  49.09  4.23  657.42  660.21  0.0 
 1  2  186.98  186.7  49.58  4.98  659.32  653.75  0.0 
 2  4  188.21  194.65  49.68  11.73  656.92  655.58  0.0 
 3  3  183.96  185.3  49.41  7.88  658.93  653.35  0.0 
 4  1  181.5  190.9  50.37  12.45  653.67  652.92  11.0 
 5  4  188.3  186.14  49.04  9.9  656.64  656.57  26.0 
 6  3  190.64  192.63  49.99  8.37  655.93  658.0  0.0 
 1  2  194.18  186.62  48.86  5.49  653.94  654.79  0.0 
 2  4  188.52  193.03  49.89  6.33  655.11  656.38  0.0 
 3  3  193.75  187.68  49.56  92.16  656.03  656.08  0.0 
 4  1  182.7  189.89  51.19  18.11  644.52  649.35  0.0 
 5  4  188.43  188.46  48.97  4.97  656.7  653.95  0.0 
 6  3  190.31  188.54  49.81  18.38  657.76  651.9  0.0 
 1  2  190.85  195.11  49.26  3.93  657.39  657.17  0.0 
 2  4  185.71  193.62  49.52  5.54  661.16  654.88  0.0 
 3  3  182.8  180.67  48.93  8.77  655.24  655.35  0.0 
 4  1  191.41  193.66  49.95  7.95  652.33  653.39  0.0 
 5  4  185.69  183.61  48.18  13.18  655.11  659.11  19.0 
 6  3  185.66  189.26  49.17  10.79  658.3  655.75  0.0 
 1  3  188.98  190.52  50.78  11.26  655.04  652.51  0.0 
 2  1  189.57  184.9  49.03  7.28  654.44  655.0  0.0 
 3  1  195.52  184.93  48.97  9.03  655.36  651.98  0.0 
 4  4  190.31  189.72  49.53  7.93  654.67  652.54  0.0 
 5  3  190.5  192.56  49.85  12.1  655.76  654.85  0.0 
 6  1  183.89  190.67  50.11  36.19  649.87  648.9  0.0 
 1  3  186.4  185.52  48.87  4.75  655.93  659.16  0.0 
 2  1  186.98  194.93  49.41  10.97  656.55  661.3  0.0 
 3  1  187.42  194.3  49.17  10.0  656.72  656.64  0.0 
 4  4  184.53  194.11  49.77  5.23  655.58  656.08  0.0 
 5  3  185.14  183.68  48.93  10.84  659.12  658.77  0.0 
 6  1  184.87  187.02  48.15  9.82  655.88  656.76  0.0 
 1  3  188.01  194.19  49.88  11.49  658.8  659.04  0.0 
 2  1  181.46  184.9  48.65  4.06  656.34  655.95  0.0 
 3  1  183.92  185.64  48.93  7.97  657.22  660.99  0.0 
 4  4  181.74  180.09  48.98  9.04  655.29  658.98  0.0 
 5  3  189.17  192.1  49.33  5.5  659.81  656.55  0.0 
 6  1  188.3  192.24  48.9  7.47  655.85  652.02  0.0 
 1  4  184.48  182.61  48.94  4.43  659.57  658.75  0.0 
 2  3  175.55  181.56  48.52  8.75  658.66  656.15  0.0 
 3  2  185.4  190.94  49.51  6.35  657.43  657.57  0.0 
 4  3  184.91  196.12  49.8  3.98  657.57  660.69  0.0 
 5  1  189.53  197.62  50.09  14.9  669.28  674.09  0.0 
 6  4  182.01  184.57  48.07  9.27  665.13  653.1  26.0 
 1  3  185.38  193.02  49.23  5.54  658.65  654.46  0.0 
 2  1  186.41  184.38  48.57  14.52  654.9  654.97  0.0 
 3  1  185.66  185.11  48.67  4.6  658.88  653.76  0.0 
 4  4  183.91  182.59  48.74  8.0  655.89  650.59  0.0 
 5  3  188.28  195.94  49.26  5.74  657.51  661.22  0.0 
 6  1  185.76  193.81  48.48  4.26  648.96  653.04  0.0 
 1  4  187.28  195.36  49.68  5.29  660.97  655.66  0.0 
 2  3  187.04  191.59  49.4  9.51  660.21  652.97  32.0 
 3  2  185.8  181.81  48.63  10.47  655.58  661.59  0.0 
 4  3  186.18  186.35  48.87  13.74  657.21  654.68  0.0 
 5  1  188.64  186.98  49.31  9.12  665.78  670.9  0.0 
 6  4  187.43  194.01  49.19  5.76  660.98  656.43  0.0 
 1  3  189.51  186.36  49.15  7.03  657.26  659.22  0.0 
 2  1  187.44  193.92  49.31  7.56  655.88  657.15  148.0 
 3  1  186.89  195.05  49.89  6.03  658.57  659.57  0.0 
 4  4  188.34  192.44  49.86  4.89  656.57  663.01  0.0 
 5  3  185.5  181.27  48.66  5.63  660.17  655.1  0.0 
 6  1  186.4  183.38  48.02  13.23  653.73  648.57  0.0 
 1  4  191.77  188.11  49.5  11.21  657.95  657.65  0.0 
 2  3  191.18  187.86  49.69  8.16  657.37  655.15  0.0 
 3  2  185.82  192.44  49.86  11.41  651.05  650.64  0.0 
 4  3  183.89  196.56  50.33  5.36  653.31  655.42  0.0 
 5  1  194.19  197.9  50.57  18.66  664.22  668.79  0.0 
 6  4  190.32  186.03  49.03  4.09  658.76  653.42  0.0 
 1  3  186.37  184.84  48.89  9.82  657.46  660.23  0.0 
 2  1  186.73  195.42  49.28  10.71  656.47  661.55  0.0 
 3  1  186.86  195.01  49.57  6.94  655.61  655.36  0.0 
 4  4  183.79  190.19  49.97  2.31  654.21  659.88  0.0 
 5  3  184.1  181.63  48.27  9.48  657.86  653.79  0.0 
 6  1  188.34  184.01  48.16  9.75  654.37  651.09  0.0 
 1  2  191.38  198.09  48.62  4.48  657.72  656.51  0.0 
 2  4  185.97  194.14  49.18  16.31  656.85  652.44  0.0 
 3  3  192.08  184.37  49.31  2.61  656.64  656.5  0.0 
 4  1  189.14  191.87  50.99  16.32  649.6  653.11  0.0 
 5  4  189.49  186.37  48.82  7.25  656.23  657.26  0.0 
 6  3  189.39  192.21  49.83  13.05  659.72  655.27  0.0 
 1  2  186.39  193.23  49.66  5.6  659.22  656.21  30.0 
 2  4  192.14  192.88  48.54  11.5  658.5  657.94  0.0 
 3  3  186.85  193.91  49.4  7.35  658.93  652.81  0.0 
 4  1  193.37  181.91  49.02  9.16  665.89  664.26  24.0 
 5  4  195.3  198.13  48.92  8.93  657.16  657.7  0.0 
 6  3  186.11  179.42  48.65  4.9  657.68  655.71  0.0 
 1  4  184.78  193.64  49.85  16.1  654.15  657.84  0.0 
 2  3  185.65  193.92  50.38  4.11  654.44  655.22  0.0 
 3  2  190.87  193.23  48.75  7.58  654.16  656.69  0.0 
 4  4  191.17  183.89  49.09  14.85  653.8  657.74  14.0 
 5  3  185.84  193.78  49.32  20.8  657.66  654.2  0.0 
 6  1  189.79  193.33  48.91  7.0  652.9  648.23  246.0 
 1  3  192.34  194.98  48.8  4.92  655.57  656.59  0.0 
 2  1  188.14  193.49  49.69  4.65  659.5  654.65  0.0 
 3  1  187.47  194.79  49.18  4.94  654.94  659.68  0.0 
 4  4  192.65  197.12  49.81  8.5  655.67  656.93  0.0 
 5  3  187.44  185.23  48.52  5.52  655.43  660.73  0.0 
 6  1  187.69  182.25  47.9  6.32  651.74  647.71  0.0 
 1  1  184.49  195.11  49.9  7.4  657.36  660.18  0.0 
 2  2  184.61  194.86  49.96  6.68  656.6  662.36  0.0 
 3  4  191.53  196.44  50.39  17.62  659.58  658.02  0.0 
 4  2  192.9  179.76  50.01  14.63  656.21  665.7  0.0 
 5  2  183.62  182.5  48.7  5.79  662.66  654.43  0.0 
 6  2  190.0  197.35  49.19  20.54  660.13  658.61  0.0 
 1  2  187.87  195.41  49.39  4.84  655.64  654.75  0.0 
 2  4  191.77  184.51  48.63  9.41  656.71  653.36  0.0 
 3  3  188.58  195.76  49.85  3.4  653.23  652.81  0.0 
 4  1  188.78  186.28  49.13  10.58  646.22  646.22  0.0 
 5  4  190.28  195.89  49.37  19.51  653.88  656.57  0.0 
 6  3  192.8  184.61  48.72  11.3  657.44  652.38  0.0 
 1  4  189.57  196.06  49.37  4.71  656.65  658.52  25.0 
 2  3  187.64  195.59  49.41  7.02  657.29  658.77  0.0 
 3  2  192.51  197.45  48.81  2.16  657.17  656.47  0.0 
 4  3  189.07  186.52  49.0  11.19  656.5  658.21  0.0 
 5  1  191.45  188.59  49.6  6.93  670.41  668.34  0.0 
 6  4  194.51  197.66  48.78  4.54  661.31  655.84  32.0 
 1  2  186.15  194.9  49.38  5.81  658.3  659.25  20.0 
 2  4  186.17  181.56  48.93  8.53  655.46  658.54  121.0 
 3  3  186.94  193.62  50.21  16.14  660.24  657.34  0.0 
 4  1  180.12  183.71  48.6  5.54  648.52  653.63  32.0 
 5  4  189.56  194.7  48.99  11.14  659.93  658.32  106.0 
 6  3  184.62  179.67  48.29  16.49  658.99  656.41  0.0 
 1  4  191.65  191.48  48.8  16.71  658.29  657.84  60.0 
 2  3  185.97  181.43  49.12  15.4  662.13  652.56  46.0 
 3  2  184.39  193.61  49.85  6.53  655.65  659.42  0.0 
 4  3  188.83  197.2  49.7  8.0  657.5  658.89  0.0 
 5  1  189.26  197.19  50.2  14.68  666.45  671.6  0.0 
 6  4  186.1  186.41  48.25  14.07  663.45  655.71  0.0 
 1  4  193.88  194.36  48.96  13.99  657.84  659.26  0.0 
 2  3  187.79  181.47  48.44  6.69  661.86  654.95  102.0 
 3  2  185.93  194.46  49.92  3.65  657.03  659.56  0.0 
 4  3  191.14  199.16  49.64  11.44  656.97  658.2  0.0 
 5  1  191.8  200.29  50.12  4.32  670.84  673.72  0.0 
 6  4  189.63  186.9  48.6  12.81  662.66  655.65  231.0 
 1  1  185.77  181.27  48.67  11.93  651.05  659.09  0.0 
 2  2  185.25  184.61  48.94  6.78  657.31  656.6  0.0 
 3  4  186.89  192.21  48.79  4.09  654.46  655.64  0.0 
 4  2  185.28  194.14  49.39  6.65  652.82  654.85  0.0 
 5  2  186.91  193.93  49.18  32.25  657.62  659.2  0.0 
 6  2  185.35  198.92  49.49  7.12  660.01  654.24  0.0 
 1  3  188.62  184.72  48.44  4.94  656.91  659.13  0.0 
 2  1  185.4  193.09  49.69  6.4  656.87  658.17  0.0 
 3  1  193.86  197.31  49.8  4.81  660.2  664.33  0.0 
 4  4  185.02  195.75  49.62  8.32  656.82  659.29  12.0 
 5  3  187.33  179.04  48.54  8.75  661.59  659.41  40.0 
 6  1  190.88  193.92  47.88  7.49  652.38  649.63  0.0 
 1  1  189.43  194.36  49.4  4.35  655.96  658.8  0.0 
 2  2  184.36  194.03  49.08  4.14  654.93  658.85  0.0 
 3  4  193.25  198.01  49.24  12.61  655.57  654.3  0.0 
 4  2  185.87  186.23  48.77  6.82  654.82  662.73  0.0 
 5  2  185.58  174.13  48.51  13.26  657.52  652.98  195.0 
 6  2  193.02  199.94  49.18  5.85  658.33  655.02  0.0 
 1  2  185.8  195.84  50.09  9.18  655.76  656.83  0.0 
 2  4  186.16  180.84  49.18  5.56  654.47  655.78  0.0 
 3  3  187.13  192.53  50.24  7.79  655.48  652.21  0.0 
 4  1  190.53  180.83  48.49  8.64  644.12  645.72  0.0 
 5  4  187.1  191.49  49.68  13.04  657.21  655.37  0.0 
 6  3  189.77  182.87  49.24  5.37  657.41  654.15  0.0 
 1  1  193.17  197.91  49.74  4.48  659.22  657.87  11.0 
 2  2  187.11  192.32  49.3  7.36  660.08  654.11  0.0 
 3  4  183.8  194.2  49.98  7.11  656.13  659.17  0.0 
 4  2  193.91  191.19  49.17  6.74  656.81  658.61  0.0 
 5  2  180.14  183.53  48.33  5.12  656.87  657.41  0.0 
 6  2  180.04  185.64  49.06  7.48  664.07  653.9  0.0 
 1  2  184.3  194.61  50.91  30.91  652.17  656.75  0.0 
 2  4  190.48  176.51  48.82  26.02  654.73  656.6  111.0 
 3  3  190.48  191.96  52.24  25.4  653.27  654.28  0.0 
 4  1  186.52  180.66  49.3  18.55  647.31  654.8  178.0 
 5  4  190.8  196.28  49.64  53.52  658.55  652.74  0.0 
 6  3  189.75  185.46  49.07  7.42  656.67  652.94  0.0 
 1  1  186.83  189.11  50.1  29.76  653.02  658.31  26.0 
 2  2  183.99  194.19  50.04  17.47  654.57  656.52  0.0 
 3  4  192.54  189.63  51.12  37.6  653.21  655.78  0.0 
 4  2  188.02  178.65  49.3  6.0  653.84  658.17  0.0 
 5  2  171.67  175.08  48.83  8.68  657.18  655.05  0.0 
 6  2  191.35  198.03  48.95  4.89  658.69  655.87  0.0 
 1  2  188.38  187.34  48.83  7.02  657.11  654.76  0.0 
 2  4  190.33  195.42  49.95  8.43  657.54  654.87  0.0 
 3  3  195.18  184.88  49.06  12.95  657.94  654.68  0.0 
 4  1  191.71  194.35  49.93  5.55  666.35  660.55  0.0 
 5  4  196.1  191.1  49.05  8.97  657.29  657.01  0.0 
 6  3  182.49  191.45  49.87  7.29  654.76  657.6  9.0 
 1  3  188.43  187.84  48.94  14.48  654.6  660.74  0.0 
 2  1  184.29  195.11  49.73  9.03  656.96  659.8  162.0 
 3  1  187.15  195.41  49.72  4.98  657.72  655.82  0.0 
 4  4  183.61  193.43  50.17  11.15  653.82  660.4  0.0 
 5  3  188.41  178.78  48.55  13.38  659.66  655.79  0.0 
 6  1  193.29  185.53  48.42  26.97  654.37  651.15  0.0 
 1  2  186.93  184.33  48.57  9.48  657.33  658.96  0.0 
 2  4  186.94  193.23  49.29  10.87  656.57  659.16  55.0 
 3  3  187.71  186.03  48.52  3.88  658.65  657.45  0.0 
 4  1  184.16  190.44  50.03  7.18  650.49  652.64  0.0 
 5  4  186.81  183.97  48.59  6.62  661.52  656.87  0.0 
 6  3  187.8  190.49  49.42  8.26  658.32  655.4  0.0 
 1  1  184.89  194.2  49.62  5.98  659.38  655.43  0.0 
 2  2  190.43  195.15  49.5  31.14  657.78  656.67  70.0 
 3  4  185.33  194.03  49.54  4.68  658.04  654.5  0.0 
 4  2  189.69  184.72  48.67  6.42  659.8  655.98  0.0 
 5  2  187.08  195.47  48.21  13.37  659.31  659.03  0.0 
 6  2  181.66  185.44  49.03  11.3  659.58  660.72  0.0 
 1  4  192.78  195.55  49.99  5.94  661.23  659.44  27.0 
 2  3  187.98  195.8  49.55  12.6  657.15  656.53  0.0 
 3  2  191.15  187.6  48.93  4.15  660.71  659.39  0.0 
 4  3  189.94  189.23  49.12  12.78  660.04  657.32  0.0 
 5  1  197.56  191.82  50.25  8.45  670.57  672.05  0.0 
 6  4  189.89  196.73  49.56  8.74  660.32  660.3  0.0 
 1  4  186.06  194.7  49.77  6.04  655.92  652.87  0.0 
 2  3  190.95  194.21  50.42  8.36  656.1  653.44  0.0 
 3  2  190.36  184.14  49.15  11.93  655.27  652.52  0.0 
 4  3  192.77  181.3  49.59  7.05  655.17  652.41  0.0 
 5  1  200.44  199.57  49.78  18.16  667.69  667.79  0.0 
 6  4  187.59  195.48  49.56  4.73  656.48  655.45  0.0 
 1  2  186.35  193.88  49.47  9.05  655.7  657.61  0.0 
 2  4  184.81  181.82  48.62  13.37  655.43  656.01  0.0 
 3  3  194.21  196.16  49.64  8.38  655.26  655.23  0.0 
 4  1  184.21  183.19  48.72  7.17  647.92  652.28  0.0 
 5  4  190.13  195.85  49.39  9.81  659.55  657.76  0.0 
 6  3  192.32  194.2  48.55  14.25  657.97  658.16  0.0 
 1  3  187.23  191.53  48.75  16.79  658.76  658.3  0.0 
 2  1  188.37  194.37  49.27  6.49  662.65  654.88  0.0 
 3  1  186.48  195.08  49.63  13.51  658.76  659.94  0.0 
 4  4  186.51  194.12  49.92  4.29  658.21  656.35  0.0 
 5  3  190.67  182.88  48.25  7.37  657.98  660.85  0.0 
 6  1  187.48  184.59  48.21  14.47  659.4  654.49  0.0 
 1  3  185.34  193.55  49.54  6.36  655.19  659.13  0.0 
 2  1  183.52  178.47  49.01  10.34  657.28  655.92  0.0 
 3  1  188.01  190.9  48.81  5.65  657.4  660.6  0.0 
 4  4  182.25  180.44  49.11  10.8  656.28  661.25  0.0 
 5  3  188.51  192.59  48.85  10.43  662.09  658.5  0.0 
 6  1  191.3  193.46  48.96  6.55  656.42  651.82  0.0 
 1  3  185.52  194.89  49.67  2.79  656.79  660.08  0.0 
 2  1  183.46  183.43  49.32  11.29  657.41  657.89  178.0 
 3  1  191.68  195.94  48.88  7.92  657.78  660.71  0.0 
 4  4  187.98  185.49  49.48  9.53  656.57  659.43  13.0 
 5  3  186.14  192.6  49.58  11.47  659.4  655.94  0.0 
 6  1  193.39  193.02  49.52  9.73  654.71  650.77  0.0 
 1  3  186.33  195.1  49.25  5.11  654.18  659.01  0.0 
 2  1  186.45  184.95  48.77  4.45  654.25  657.18  0.0 
 3  1  189.41  193.72  48.61  4.56  656.75  655.29  0.0 
 4  4  188.19  183.75  48.62  9.58  653.75  658.84  0.0 
 5  3  187.5  193.91  49.26  6.24  657.58  656.02  0.0 
 6  1  191.74  194.51  48.7  4.6  650.86  648.53  0.0 
 1  3  188.21  191.18  48.57  10.4  654.28  654.6  18.0 
 2  1  187.02  194.37  48.9  14.53  657.01  651.64  266.0 
 3  1  186.84  193.6  49.53  5.47  653.59  654.7  0.0 
 4  4  190.83  191.4  50.2  10.08  654.97  657.14  0.0 
 5  3  191.98  185.74  48.3  9.58  653.52  654.42  0.0 
 6  1  188.77  187.06  48.39  11.93  656.42  648.12  0.0 
 1  2  186.67  194.87  49.72  8.19  657.99  657.37  0.0 
 2  4  184.47  186.2  49.28  7.92  660.08  654.51  0.0 
 3  3  186.05  195.79  50.03  4.68  653.51  658.68  0.0 
 4  1  182.43  181.87  48.99  19.75  647.46  648.18  0.0 
 5  4  192.82  195.41  49.07  15.13  654.44  662.36  0.0 
 6  3  186.97  180.67  49.35  7.01  660.17  654.04  0.0 
 1  4  191.05  186.66  49.3  5.39  652.93  654.93  0.0 
 2  3  194.35  192.92  49.13  8.41  653.93  655.26  0.0 
 3  2  189.81  191.41  51.47  25.31  652.47  654.55  0.0 
 4  3  187.01  191.98  51.15  9.94  652.66  653.1  0.0 
 5  1  196.05  196.26  51.48  11.05  667.0  664.68  0.0 
 6  4  189.37  195.7  49.35  7.0  657.08  652.29  60.0 
 1  4  189.56  190.95  50.91  14.54  656.12  653.11  0.0 
 2  3  188.61  192.18  51.46  8.85  654.88  653.44  45.0 
 3  2  193.64  188.87  49.18  13.21  655.59  653.23  82.0 
 4  3  189.03  195.9  49.91  3.85  655.28  655.71  0.0 
 5  1  194.29  190.92  50.03  5.55  667.07  666.07  0.0 
 6  4  190.42  192.66  50.04  10.5  654.27  653.98  0.0 
 1  2  193.8  184.87  48.9  10.17  657.12  659.88  0.0 
 2  4  189.68  194.72  49.67  8.26  658.38  656.32  0.0 
 3  3  190.5  191.53  49.29  6.82  655.86  656.93  0.0 
 4  1  182.22  194.99  49.87  7.78  647.47  653.14  0.0 
 5  4  189.08  187.66  48.48  5.17  658.65  657.56  0.0 
 6  3  191.07  193.33  49.48  6.41  657.27  656.33  0.0 
 1  4  185.96  193.71  49.49  9.88  657.53  657.6  47.0 
 2  3  187.68  192.59  49.38  7.32  660.46  654.02  0.0 
 3  2  185.37  184.9  49.06  16.92  657.55  660.95  0.0 
 4  3  180.41  186.36  48.85  8.89  657.02  656.7  23.0 
 5  1  190.13  190.04  49.54  9.87  668.66  675.24  0.0 
 6  4  188.22  195.27  49.23  4.77  661.74  655.02  0.0 
 1  1  186.48  185.23  48.45  9.29  655.18  658.3  0.0 
 2  2  186.53  182.45  48.68  13.41  654.73  656.14  0.0 
 3  4  188.32  184.7  48.68  2.16  656.71  655.31  0.0 
 4  2  187.52  195.43  49.7  9.28  655.06  657.25  0.0 
 5  2  185.6  194.41  48.8  8.09  658.92  655.61  0.0 
 6  2  186.87  195.69  49.85  14.05  658.14  657.58  0.0 
 1  2  183.6  183.62  48.9  6.07  657.18  659.32  19.0 
 2  4  183.03  196.17  50.24  7.73  657.9  657.74  0.0 
 3  3  190.75  196.91  48.72  5.85  658.52  658.59  0.0 
 4  1  182.39  193.94  49.5  8.66  649.51  655.6  0.0 
 5  4  191.27  183.43  48.53  4.8  659.55  654.91  0.0 
 6  3  189.15  190.74  49.92  19.56  657.28  654.87  0.0 
 1  1  186.67  186.33  49.07  10.66  662.63  655.18  0.0 
 2  2  185.98  184.51  48.6  10.17  659.24  655.43  0.0 
 3  4  182.94  182.79  48.83  6.14  660.97  655.17  0.0 
 4  2  188.34  193.1  49.52  5.39  659.47  653.43  0.0 
 5  2  188.07  194.8  49.21  4.69  659.52  662.72  0.0 
 6  2  182.78  193.94  49.73  3.04  657.39  660.83  0.0 
 1  3  190.08  194.16  49.68  7.29  660.09  658.74  0.0 
 2  1  184.84  183.51  48.77  9.17  657.45  654.14  0.0 
 3  1  185.15  186.38  48.67  7.06  655.43  659.9  0.0 
 4  4  188.25  182.51  48.91  6.48  657.4  657.33  0.0 
 5  3  187.31  194.3  49.1  5.19  655.68  659.3  0.0 
 6  1  187.78  191.55  48.67  5.59  655.53  648.6  0.0 
 1  1  187.3  189.21  48.85  2.69  657.07  656.11  0.0 
 2  2  188.23  185.87  48.61  8.28  658.32  654.07  0.0 
 3  4  185.29  184.11  48.51  12.61  656.17  655.3  0.0 
 4  2  189.13  196.02  49.59  7.12  656.31  653.26  0.0 
 5  2  185.88  195.82  49.2  11.56  654.12  658.03  125.0 
 6  2  180.92  196.37  49.74  16.5  660.96  652.63  0.0 
 1  2  187.77  184.6  49.06  5.54  656.09  657.03  0.0 
 2  4  187.08  193.49  49.3  4.63  654.92  654.44  0.0 
 3  3  193.08  197.86  48.67  8.34  656.71  659.62  0.0 
 4  1  185.69  192.75  49.22  9.58  650.4  653.0  0.0 
 5  4  186.84  185.85  48.64  8.27  658.76  656.74  0.0 
 6  3  196.44  193.37  49.53  11.44  658.29  655.39  0.0 
 1  3  188.5  194.21  49.03  8.72  658.29  654.59  33.0 
 2  1  194.45  186.19  48.92  7.88  656.82  654.87  0.0 
 3  1  189.41  183.81  49.04  7.91  657.26  652.46  0.0 
 4  4  183.52  190.15  49.02  11.6  657.23  652.72  0.0 
 5  3  190.77  195.05  49.25  9.74  656.33  655.34  0.0 
 6  1  186.47  195.92  48.91  5.75  654.46  657.52  0.0 
 1  2  186.5  182.65  48.69  8.15  662.6  657.43  0.0 
 2  4  188.58  195.65  49.29  6.15  657.94  655.45  38.0 
 3  3  185.52  182.01  48.85  12.65  661.51  656.03  0.0 
 4  1  188.21  193.89  49.71  6.4  666.69  661.51  0.0 
 5  4  193.21  195.86  48.36  7.63  660.08  661.97  0.0 
 6  3  186.0  189.3  49.53  2.98  656.88  657.26  0.0 
 1  3  198.56  201.52  48.79  3.01  659.37  655.58  0.0 
 2  1  187.42  192.05  49.54  9.58  660.01  652.38  0.0 
 3  1  180.9  196.56  49.02  15.7  656.16  659.46  0.0 
 4  4  198.35  195.35  50.13  5.54  656.69  658.7  0.0 
 5  3  184.6  181.93  48.51  4.67  657.0  661.44  0.0 
 6  1  192.15  179.4  48.17  9.86  654.98  650.78  67.0 
 1  4  186.92  180.51  48.9  6.08  656.46  654.85  0.0 
 2  3  186.99  181.05  49.05  11.73  655.92  654.7  33.0 
 3  2  185.57  195.05  49.01  6.69  658.05  655.95  0.0 
 4  3  186.88  195.41  49.85  5.84  657.66  654.88  0.0 
 5  1  191.17  198.55  50.12  6.95  668.63  669.28  88.0 
 6  4  189.58  184.18  48.25  10.27  655.04  657.27  0.0 
 1  1  191.86  194.74  49.59  6.0  657.09  658.6  0.0 
 2  2  186.36  184.74  49.16  5.68  660.5  653.64  19.0 
 3  4  191.9  185.49  49.46  6.94  656.27  660.67  0.0 
 4  2  195.51  194.65  50.33  8.6  657.33  664.12  0.0 
 5  2  184.64  192.96  49.25  6.46  657.73  657.7  0.0 
 6  2  180.95  197.6  50.07  16.71  662.5  650.67  0.0 
