cube1cam1_11   1   1  223.17  204.59  50.29  7.1  695.36  696.09  0  676.19 677.4
cube1cam1_12   1   2  224.59  220.83  50.07  9.97  697.42  695.48  0  678.9 677.3
cube1cam1_13   1   3  201.26  224.65  50.08  11.02  694.79  698.43  0.2146  676.57 684.74
cube1cam1_14   1   4  204.01  203.06  50.06  11.78  697.03  695.31  0.089  678.26 686.95
cube1cam2_11   2   1  218.13  199.87  48.52  9.52  677.56  677.01  0  658.89 657.02
cube1cam2_12   2   2  220.37  214.99  48.86  10.64  680.01  675.52  0  661.46 656.14
cube1cam2_13   2   3  196.16  217.95  48.84  14.08  678.24  678.53  0  659.78 658.88
cube1cam2_14   2   4  198.28  197.62  48.58  16.56  680.2  676.52  0.0607  663.2 665.13
cube1cam3_11   3   1  216.14  195.95  49.64  7.16  675.04  677.84  0  656.64 657.86
cube1cam3_12   3   2  217.7  219.85  50.52  191.8  677.39  676.64  0  658.41 662.25
cube1cam3_13   3   3  195.81  220.66  49.46  7.16  675.77  676.94  0  657.76 657.56
cube1cam3_14   3   4  197.69  194.02  50.43  216.74  677.79  676.06  0  658.53 656.07
cube1cam1_21   1   1  212.8  185.37  50.4  14.88  696.4  691.96  0  678.75 673.63
cube1cam1_22   1   2  205.1  212.07  50.56  15.58  692.72  696.15  0  673.69 675.83
cube1cam1_23   1   3  193.15  204.04  50.47  4.0  696.96  693.86  0  678.7 674.85
cube1cam1_24   1   4  184.49  194.33  50.24  3.38  693.48  696.8  0  677.12 677.66
cube1cam2_21   2   1  210.73  181.2  48.31  9.47  680.34  673.89  0  661.88 654.4
cube1cam2_22   2   2  202.28  205.13  49.01  4.77  676.89  679.2  0  657.84 658.08
cube1cam2_23   2   3  187.11  198.3  49.41  7.51  679.72  673.19  0  660.12 655.11
cube1cam2_24   2   4  179.64  189.22  48.47  9.62  675.68  677.96  0  658.11 659.7
cube1cam3_21   3   1  205.62  177.44  49.59  14.59  677.21  673.88  0  659.2 655.02
cube1cam3_22   3   2  198.11  209.77  49.63  7.42  673.82  676.96  0  656.53 658.3
cube1cam3_23   3   3  188.79  201.27  49.67  9.2  677.93  674.29  0  658.49 653.48
cube1cam3_24   3   4  180.3  184.89  49.76  6.97  674.23  677.95  0  655.29 656.9
cube1cam1_31   1   1  215.2  187.45  50.45  9.32  693.13  695.17  0  675.71 676.25
cube1cam1_32   1   2  206.95  211.91  50.6  16.19  695.35  692.45  0  678.47 673.9
cube1cam1_33   1   3  193.69  206.11  50.18  9.35  692.62  694.89  0  675.16 676.91
cube1cam1_34   1   4  187.29  194.91  50.0  6.12  695.88  693.83  0  677.19 674.55
cube1cam2_31   2   1  211.63  185.55  48.62  6.35  677.62  678.9  0  658.66 658.98
cube1cam2_32   2   2  205.44  205.21  48.74  7.83  680.95  673.97  0  662.19 662.74
cube1cam2_33   2   3  187.03  199.82  48.81  10.65  675.95  677.39  0  658.11 657.97
cube1cam2_34   2   4  181.91  190.39  48.48  5.61  678.85  675.31  0  660.48 656.46
cube1cam3_31   3   1  206.46  179.06  49.24  6.91  673.24  676.24  0  656.64 658.17
cube1cam3_32   3   2  200.42  211.3  49.19  10.05  677.98  674.23  0  658.11 656.56
cube1cam3_33   3   3  190.61  204.63  49.56  11.02  676.41  677.21  0  657.92 658.68
cube1cam3_34   3   4  184.55  183.49  49.24  3.91  677.8  672.58  0  661.19 657.1
cube1cam1_41   1   1  223.37  201.11  52.1  18.13  695.59  693.75  0  676.49 674.61
cube1cam1_42   1   2  221.42  221.81  51.9  12.86  694.88  694.84  0  676.05 676.33
cube1cam1_43   1   3  202.22  220.91  51.9  23.06  694.81  694.29  0.0794  675.64 701.81
cube1cam1_44   1   4  200.86  202.75  52.39  35.44  694.73  694.54  0  675.61 675.39
cube1cam2_41   2   1  219.78  197.08  49.3  7.55  678.04  675.12  0  658.3 658.24
cube1cam2_42   2   2  216.9  215.59  50.27  47.92  677.15  676.11  0  660.16 657.19
cube1cam2_43   2   3  196.55  214.39  50.46  39.47  677.6  675.55  0.1898  657.86 661.68
cube1cam2_44   2   4  195.7  199.01  49.64  8.24  677.41  676.69  0  660.64 656.64
cube1cam3_41   3   1  215.65  193.67  51.69  26.32  676.14  675.36  0  657.22 655.94
cube1cam3_42   3   2  214.44  219.07  51.61  64.96  676.07  675.57  0  656.43 656.73
cube1cam3_43   3   3  198.6  216.63  52.01  54.19  675.62  674.7  0  656.98 654.61
cube1cam3_44   3   4  196.65  194.9  51.58  32.14  675.74  676.89  0  656.85 657.47
cube1cam1_51   1   1  214.32  196.06  51.26  9.52  698.27  692.87  0.0541  678.94 695.98
cube1cam1_52   1   2  216.57  213.65  51.68  8.73  693.82  698.15  0.0468  676.15 688.54
cube1cam1_53   1   3  193.18  216.59  51.49  5.4  698.8  695.0  0  681.84 675.26
cube1cam1_54   1   4  195.87  193.71  51.67  11.95  693.73  697.21  0  675.96 678.93
cube1cam2_51   2   1  209.83  192.79  48.97  13.19  680.69  674.47  0  661.88 661.35
cube1cam2_52   2   2  214.11  206.5  49.03  11.52  679.28  679.18  0  663.89 663.09
cube1cam2_53   2   3  188.31  209.3  49.59  14.61  681.11  675.43  0  666.82 656.93
cube1cam2_54   2   4  190.98  190.8  49.55  9.38  679.01  681.06  0  659.04 662.34
cube1cam3_51   3   1  207.58  188.13  50.93  5.46  679.39  675.16  0  661.64 655.45
cube1cam3_52   3   2  210.24  211.15  50.72  6.66  676.36  679.84  0  657.08 659.32
cube1cam3_53   3   3  189.13  214.52  50.75  6.81  679.27  674.76  0  660.6 657.24
cube1cam3_54   3   4  191.79  186.21  50.86  5.02  675.64  679.65  0  657.87 661.11
cube1cam1_61   1   1  214.01  197.63  51.31  2.87  693.45  697.34  0  676.06 679.12
cube1cam1_62   1   2  217.24  212.75  51.18  8.95  698.1  694.35  0  681.9 678.61
cube1cam1_63   1   3  191.82  216.13  51.74  5.48  693.95  696.26  0  675.18 677.14
cube1cam1_64   1   4  196.89  193.09  51.31  2.87  698.53  693.84  0  679.4 674.81
cube1cam2_61   2   1  209.41  193.47  48.94  9.46  676.47  678.57  0  657.97 665.7
cube1cam2_62   2   2  213.89  205.66  49.59  4.59  681.18  675.41  0  665.63 657.49
cube1cam2_63   2   3  188.1  208.98  49.49  9.27  678.57  679.7  0  661.36 660.17
cube1cam2_64   2   4  191.53  188.63  49.19  10.84  680.41  674.23  0  662.39 655.0
cube1cam3_61   3   1  206.18  188.93  50.65  7.14  675.45  678.5  0  657.03 658.27
cube1cam3_62   3   2  209.85  208.85  50.56  9.55  678.81  674.8  0  660.13 655.2
cube1cam3_63   3   3  188.62  213.86  50.33  3.98  675.54  678.07  0  657.17 662.72
cube1cam3_64   3   4  192.84  185.02  50.32  7.7  679.12  675.92  0  661.23 658.45
cube2cam1_11   1   1  214.01  197.47  50.83  6.83  697.43  693.22  0  677.68 673.02
cube2cam1_12   1   2  217.64  212.07  51.17  9.78  692.79  696.39  0  677.85 680.5
cube2cam1_13   1   3  193.17  216.65  51.28  5.15  696.29  693.37  0  677.58 680.19
cube2cam1_14   1   4  196.86  193.26  51.5  9.72  693.08  695.83  0  673.35 675.84
cube2cam2_11   2   1  209.59  193.46  49.3  10.56  679.04  674.25  0.2441  660.29 664.94
cube2cam2_12   2   2  213.22  205.9  49.74  11.42  675.9  676.92  0  660.39 658.56
cube2cam2_13   2   3  187.52  210.58  49.41  8.62  679.69  674.8  0  659.76 659.09
cube2cam2_14   2   4  190.9  189.79  49.36  7.97  675.79  678.85  0  666.23 658.24
cube2cam3_11   3   1  207.56  189.21  51.07  9.03  677.59  674.0  0  658.19 655.91
cube2cam3_12   3   2  210.47  210.29  50.95  9.03  674.09  677.3  0  655.4 657.25
cube2cam3_13   3   3  188.45  213.88  50.75  5.27  677.4  673.52  0  658.22 653.61
cube2cam3_14   3   4  193.06  184.87  50.91  6.49  674.51  677.07  0  655.42 656.91
cube2cam1_21   1   1  212.49  198.49  51.4  4.38  691.18  694.38  0  671.52 675.69
cube2cam1_22   1   2  217.74  210.36  51.6  3.41  694.3  690.45  0  675.91 671.63
cube2cam1_23   1   3  191.6  217.39  51.51  4.23  691.48  694.79  0  672.01 674.7
cube2cam1_24   1   4  198.04  191.69  51.07  4.78  694.44  690.84  0  676.9 671.43
cube2cam2_21   2   1  209.16  193.87  49.21  9.19  674.74  676.79  0  655.59 657.39
cube2cam2_22   2   2  214.17  204.14  49.21  9.19  677.82  671.88  0  657.68 654.29
cube2cam2_23   2   3  186.88  211.88  49.62  7.2  675.33  677.61  0  654.49 661.76
cube2cam2_24   2   4  192.85  188.76  49.18  19.63  678.9  672.4  0  661.53 653.46
cube2cam3_21   3   1  205.06  189.63  50.59  5.57  672.15  675.52  0  652.71 657.59
cube2cam3_22   3   2  211.02  208.94  50.53  4.25  675.78  673.04  0  657.86 652.24
cube2cam3_23   3   3  187.44  213.75  50.5  5.16  672.52  674.84  0  652.52 655.75
cube2cam3_24   3   4  193.98  182.88  50.01  8.37  675.99  671.25  0  657.36 652.84
cube2cam1_31   1   1  221.75  199.26  51.45  5.41  700.23  693.65  0.1804  686.98 674.74
cube2cam1_32   1   2  219.29  219.6  51.3  3.18  693.84  694.59  0.0303  674.21 717.74
cube2cam1_33   1   3  200.24  218.26  50.75  11.72  695.4  693.72  0.1077  683.82 692.88
cube2cam1_34   1   4  198.63  199.94  51.31  2.87  693.36  693.41  0  673.94 678.86
cube2cam2_31   2   1  215.53  195.32  49.21  9.48  676.28  674.26  0  665.32 657.11
cube2cam2_32   2   2  215.01  213.48  49.58  5.61  676.3  677.98  0.3209  670.69 678.85
cube2cam2_33   2   3  193.7  212.73  49.74  9.17  676.08  675.04  0.0739  673.3 669.79
cube2cam2_34   2   4  193.53  195.65  49.53  3.28  676.67  675.72  0.056  684.28 655.92
cube2cam3_31   3   1  212.75  191.74  51.1  5.46  674.7  675.3  0.2689  663.54 655.75
cube2cam3_32   3   2  212.38  217.08  50.53  5.31  674.64  674.84  0  655.14 656.56
cube2cam3_33   3   3  194.89  215.48  50.36  6.99  674.99  674.07  0  654.79 655.42
cube2cam3_34   3   4  194.93  192.53  50.45  2.68  674.92  675.62  0  656.62 670.99
cube2cam1_41   1   1  214.41  187.62  51.07  5.28  691.98  695.96  0  676.26 683.52
cube2cam1_42   1   2  208.24  212.96  50.83  3.94  696.74  691.49  0.1431  683.08 687.28
cube2cam1_43   1   3  193.79  206.22  50.84  10.3  691.67  695.37  0.0637  674.67 684.66
cube2cam1_44   1   4  186.59  196.38  50.66  4.42  696.01  693.87  0.2507  681.69 694.63
cube2cam2_41   2   1  211.29  184.21  48.79  11.51  675.67  678.54  0.1019  675.57 676.12
cube2cam2_42   2   2  203.92  206.19  48.89  13.02  679.48  672.75  0.2438  667.07 662.79
cube2cam2_43   2   3  187.62  201.5  49.57  11.85  674.92  678.46  0  666.33 665.91
cube2cam2_44   2   4  181.35  190.33  48.82  8.13  678.84  673.62  0.4074  660.77 671.14
cube2cam3_41   3   1  206.86  179.04  49.56  2.65  672.53  676.05  0  655.39 657.47
cube2cam3_42   3   2  200.01  210.97  49.82  5.25  676.85  673.3  0  657.36 657.28
cube2cam3_43   3   3  189.47  204.15  49.71  11.36  673.84  676.82  0  654.04 663.32
cube2cam3_44   3   4  184.06  185.71  49.69  8.04  678.11  672.93  0  662.18 658.1
cube2cam1_51   1   1  217.11  202.48  50.51  4.16  694.64  696.21  0.3624  675.8 684.5
cube2cam1_52   1   2  221.03  216.06  51.12  5.18  694.95  695.94  0  676.39 675.99
cube2cam1_53   1   3  196.64  220.72  50.17  6.27  695.59  695.62  0  675.66 676.1
cube2cam1_54   1   4  200.75  197.78  50.0  8.7  695.58  695.41  0.1479  683.36 677.56
cube2cam2_51   2   1  212.84  198.81  48.61  11.01  677.33  678.75  0  658.89 663.28
cube2cam2_52   2   2  217.0  211.04  48.91  3.86  678.24  677.33  0  667.15 658.59
cube2cam2_53   2   3  191.19  215.91  49.26  14.41  677.68  678.07  0  658.38 658.07
cube2cam2_54   2   4  195.41  193.13  48.4  14.18  678.54  677.13  0  659.89 655.65
cube2cam3_51   3   1  210.56  193.65  49.69  7.51  675.87  676.49  0  655.86 664.31
cube2cam3_52   3   2  214.37  212.49  49.59  7.66  675.98  675.27  0  657.07 657.39
cube2cam3_53   3   3  190.87  216.49  49.6  9.12  676.25  674.92  0  656.81 660.67
cube2cam3_54   3   4  194.96  188.77  49.54  13.39  675.95  675.38  0.0626  663.24 656.42
cube2cam1_61   1   1  212.36  185.23  50.33  5.65  697.94  693.19  0.1237  684.48 696.33
cube2cam1_62   1   2  204.78  211.97  50.47  10.94  693.27  697.94  0.169  674.07 690.61
cube2cam1_63   1   3  191.4  203.83  50.59  7.38  696.88  692.4  0  678.85 674.83
cube2cam1_64   1   4  184.62  192.47  49.78  5.24  693.7  698.28  0.1238  685.49 684.32
cube2cam2_61   2   1  208.03  181.24  48.36  11.68  679.88  673.87  0.0934  667.75 692.01
cube2cam2_62   2   2  204.97  205.11  48.74  12.08  680.62  680.01  0.0978  700.09 667.0
cube2cam2_63   2   3  186.81  198.01  49.37  10.56  680.39  674.26  0  671.47 654.65
cube2cam2_64   2   4  178.53  188.43  48.45  7.65  675.1  679.03  0.0674  656.74 668.24
cube2cam3_61   3   1  206.8  176.91  49.66  7.31  678.76  673.04  0  661.43 656.46
cube2cam3_62   3   2  197.56  208.4  49.71  9.73  673.92  677.66  0  655.92 662.85
cube2cam3_63   3   3  186.75  201.65  49.45  8.46  678.06  673.27  0  665.76 657.7
cube2cam3_64   3   4  180.66  184.53  49.63  4.96  673.95  678.21  0  657.11 662.51
cube3cam1_11   1   1  217.03  183.45  51.29  9.25  693.3  695.16  0  673.75 677.5
cube3cam1_12   1   2  203.79  214.45  50.99  12.26  695.5  690.63  0  677.49 672.98
cube3cam1_13   1   3  194.72  201.16  51.21  12.41  692.02  693.67  0  672.8 675.93
cube3cam1_14   1   4  182.89  195.59  51.31  10.48  695.26  690.92  0  677.9 672.61
cube3cam2_11   2   1  214.24  179.34  48.65  7.27  675.87  675.69  0  657.36 660.95
cube3cam2_12   2   2  202.28  208.35  49.31  7.66  680.21  673.25  0  662.8 652.41
cube3cam2_13   2   3  188.51  195.02  49.73  14.82  675.47  673.25  0  657.46 655.59
cube3cam2_14   2   4  177.13  189.67  49.12  7.44  677.15  670.69  0  658.76 653.74
cube3cam3_11   3   1  206.93  174.08  51.03  11.95  672.29  673.79  0  653.26 654.95
cube3cam3_12   3   2  195.43  213.12  50.3  18.84  674.75  673.96  0  657.49 655.03
cube3cam3_13   3   3  191.99  201.42  51.01  10.53  673.69  677.33  0  655.58 658.41
cube3cam3_14   3   4  178.77  186.54  50.94  18.38  677.01  672.72  0  659.03 656.51
cube3cam1_21   1   1  216.23  185.87  51.13  7.48  693.94  692.08  0  676.43 672.95
cube3cam1_22   1   2  206.63  213.73  51.22  6.86  692.83  693.0  0  673.96 673.93
cube3cam1_23   1   3  193.79  205.61  51.23  6.08  694.01  692.04  0  676.36 672.17
cube3cam1_24   1   4  185.73  193.95  51.22  6.61  692.69  691.43  0  674.22 673.49
cube3cam2_21   2   1  213.01  181.54  48.92  8.69  677.42  672.57  0  660.46 653.17
cube3cam2_22   2   2  204.19  207.18  49.36  6.08  676.51  674.36  0  659.44 655.46
cube3cam2_23   2   3  188.59  199.64  49.81  12.4  677.18  672.93  0  658.82 653.13
cube3cam2_24   2   4  181.01  190.47  49.25  11.33  676.38  674.28  0  657.7 656.52
cube3cam3_21   3   1  207.15  177.96  50.81  11.65  674.53  674.21  0  655.78 652.97
cube3cam3_22   3   2  199.55  212.55  50.48  4.82  674.48  675.0  0  656.01 656.08
cube3cam3_23   3   3  191.69  204.23  50.51  5.66  676.5  673.72  0  657.3 655.34
cube3cam3_24   3   4  181.81  186.54  51.49  23.27  672.95  674.9  0  654.08 654.44
cube3cam1_31   1   1  218.53  185.67  51.15  5.21  693.5  692.3  0.075  675.64 678.78
cube3cam1_32   1   2  207.06  217.02  51.01  9.31  694.64  692.92  0  676.27 673.34
cube3cam1_33   1   3  196.72  204.41  51.09  3.74  693.98  692.23  0  679.67 674.12
cube3cam1_34   1   4  185.58  199.58  50.53  11.08  694.24  694.75  0.0274  678.46 688.7
cube3cam2_31   2   1  216.03  181.2  48.65  5.3  677.41  672.52  0  659.01 655.61
cube3cam2_32   2   2  203.77  210.73  49.41  5.28  678.47  675.86  0  665.76 656.42
cube3cam2_33   2   3  192.99  198.84  49.7  12.12  679.2  675.05  0  660.57 657.74
cube3cam2_34   2   4  178.52  193.65  48.69  6.1  675.78  674.92  0.0502  659.81 669.45
cube3cam3_31   3   1  210.89  177.13  49.78  14.14  676.02  674.07  0  657.25 654.89
cube3cam3_32   3   2  197.45  215.53  50.12  6.36  674.07  675.16  0  658.63 662.8
cube3cam3_33   3   3  192.94  204.84  50.02  5.91  674.95  676.27  0  657.25 658.25
cube3cam3_34   3   4  181.88  190.24  49.98  10.94  674.85  677.23  0  658.48 658.84
cube3cam1_41   1   1  212.41  197.91  52.02  6.95  699.18  692.97  0  681.2 674.66
cube3cam1_42   1   2  218.53  210.08  52.03  6.61  692.17  696.92  0  674.2 678.32
cube3cam1_43   1   3  189.7  216.82  52.06  8.09  696.94  691.71  0  680.07 677.29
cube3cam1_44   1   4  197.28  190.7  51.43  6.0  693.34  695.9  0  674.7 678.06
cube3cam2_41   2   1  208.96  193.54  49.62  6.83  680.75  671.93  0  662.17 653.35
cube3cam2_42   2   2  215.46  203.88  50.01  8.33  677.14  677.93  0  657.34 659.26
cube3cam2_43   2   3  184.99  211.56  50.28  15.97  679.99  674.06  0  660.05 655.04
cube3cam2_44   2   4  191.79  188.39  49.31  4.66  677.13  678.63  0  659.07 659.46
cube3cam3_41   3   1  203.41  189.59  51.47  14.45  677.96  674.17  0  659.94 655.11
cube3cam3_42   3   2  210.26  209.29  51.49  10.8  674.0  678.28  0  655.54 658.94
cube3cam3_43   3   3  186.65  214.16  51.83  23.81  677.98  673.86  0  660.0 653.81
cube3cam3_44   3   4  193.8  181.67  51.73  11.3  673.52  677.46  0  656.56 658.16
cube3cam1_51   1   1  212.03  199.51  51.68  4.23  692.01  695.22  0  674.31 676.55
cube3cam1_52   1   2  220.34  211.28  51.36  6.15  696.79  692.66  0  679.16 674.7
cube3cam1_53   1   3  191.29  219.53  51.36  9.2  693.97  696.98  0  674.97 678.22
cube3cam1_54   1   4  199.41  192.16  51.25  3.31  697.38  691.83  0  679.61 673.25
cube3cam2_51   2   1  210.76  195.26  49.26  5.39  675.35  676.72  0  658.62 659.33
cube3cam2_52   2   2  215.92  203.06  49.92  9.57  678.94  671.72  0  660.17 654.0
cube3cam2_53   2   3  185.35  213.7  50.07  7.25  676.52  678.77  0  658.01 661.55
cube3cam2_54   2   4  193.44  188.12  49.41  7.78  680.92  672.28  0  662.43 653.76
cube3cam3_51   3   1  204.82  192.22  51.1  7.43  674.1  679.91  0  656.31 660.43
cube3cam3_52   3   2  212.76  209.68  50.65  5.64  678.24  672.2  0  660.84 654.2
cube3cam3_53   3   3  190.19  215.97  50.71  4.8  674.24  675.99  0  656.62 657.41
cube3cam3_54   3   4  195.78  183.61  51.22  6.61  677.29  675.09  0  658.73 655.47
cube3cam1_61   1   1  216.96  198.24  51.45  10.44  693.93  696.0  0  675.94 679.78
cube3cam1_62   1   2  218.75  215.55  51.76  7.29  695.88  693.49  0  679.84 673.57
cube3cam1_63   1   3  196.64  216.1  51.48  10.63  694.42  693.36  0.1387  674.98 687.21
cube3cam1_64   1   4  197.05  196.93  51.51  6.48  696.91  693.59  0  677.84 674.87
cube3cam2_61   2   1  214.67  194.3  49.12  11.71  678.47  676.78  0  659.13 660.28
cube3cam2_62   2   2  214.15  208.34  49.62  10.58  678.92  673.28  0  663.03 654.63
cube3cam2_63   2   3  190.47  209.69  49.78  10.49  677.3  676.05  0  657.48 658.62
cube3cam2_64   2   4  191.52  193.15  49.22  10.77  679.01  675.68  0  660.42 655.39
cube3cam3_61   3   1  209.91  188.75  51.19  10.26  676.06  676.37  0  656.16 657.92
cube3cam3_62   3   2  209.56  214.45  50.93  12.17  677.0  675.99  0  660.1 657.02
cube3cam3_63   3   3  192.85  214.61  50.86  7.51  675.92  677.15  0  656.52 661.27
cube3cam3_64   3   4  193.9  187.25  50.92  6.92  676.32  673.63  0  661.01 655.31
cube4cam1_11   1   1  216.49  199.32  51.39  9.49  693.01  697.19  0  675.91 678.6
cube4cam1_12   1   2  219.5  214.94  51.73  9.54  696.87  693.01  0.1795  678.23 682.17
cube4cam1_13   1   3  195.33  218.34  51.63  8.49  694.73  697.09  0  682.75 680.2
cube4cam1_14   1   4  199.25  196.11  51.69  15.23  697.27  693.63  0  678.37 683.88
cube4cam2_11   2   1  212.77  194.72  48.62  13.92  676.58  677.79  0  657.91 659.24
cube4cam2_12   2   2  215.77  208.15  49.08  12.43  680.11  674.31  0.1655  663.61 665.27
cube4cam2_13   2   3  189.43  212.37  49.8  15.55  676.04  679.16  0  664.95 658.24
cube4cam2_14   2   4  193.02  192.1  48.79  22.03  679.17  675.77  0  662.53 655.65
cube4cam3_11   3   1  207.98  190.68  51.06  13.16  674.94  677.89  0  657.1 659.88
cube4cam3_12   3   2  211.57  212.61  50.97  16.43  678.0  675.89  0  660.47 655.37
cube4cam3_13   3   3  191.77  214.57  51.06  9.28  675.09  678.4  0  659.87 659.59
cube4cam3_14   3   4  194.4  187.6  51.08  7.73  677.83  675.52  0  659.86 664.06
cube4cam1_21   1   1  219.43  201.18  52.53  11.94  694.21  693.52  0.0614  687.14 675.17
cube4cam1_22   1   2  222.02  218.58  52.73  10.17  694.45  694.51  0.0551  675.7 686.4
cube4cam1_23   1   3  198.62  220.33  52.75  7.86  694.78  694.39  0  677.4 676.11
cube4cam1_24   1   4  200.87  200.58  52.68  21.96  693.82  695.28  0  675.68 676.64
cube4cam2_21   2   1  215.47  195.82  50.62  11.71  677.84  674.54  0.0425  665.38 658.39
cube4cam2_22   2   2  216.94  211.51  50.45  17.57  677.47  675.88  0.0591  658.06 665.33
cube4cam2_23   2   3  193.48  214.09  50.8  13.54  678.17  676.45  0  671.09 659.93
cube4cam2_24   2   4  194.86  195.61  50.3  16.7  677.22  677.39  0.0956  660.98 666.39
cube4cam3_21   3   1  213.35  193.45  52.29  6.44  676.67  675.55  0.1083  663.37 657.05
cube4cam3_22   3   2  214.22  216.08  52.22  9.86  675.95  676.0  0  658.74 656.18
cube4cam3_23   3   3  194.64  217.25  52.39  8.0  676.0  675.01  0  656.0 656.01
cube4cam3_24   3   4  197.03  191.99  52.71  12.62  675.96  676.43  0  655.49 670.1
cube4cam1_31   1   1  214.5  198.65  51.65  6.33  695.88  692.24  0  679.77 673.57
cube4cam1_32   1   2  219.16  213.51  52.05  7.04  691.65  695.1  0  673.15 677.22
cube4cam1_33   1   3  193.7  217.76  51.83  9.67  695.51  691.8  0.0756  681.23 685.16
cube4cam1_34   1   4  198.82  195.28  50.95  5.04  693.0  696.33  0  673.68 678.99
cube4cam2_31   2   1  210.89  194.5  48.67  9.76  677.93  672.72  0  662.19 655.78
cube4cam2_32   2   2  215.54  207.53  49.38  11.28  675.1  676.99  0  658.2 660.15
cube4cam2_33   2   3  188.3  212.02  49.97  9.34  679.52  673.31  0  660.8 655.02
cube4cam2_34   2   4  194.01  191.84  48.9  17.48  676.3  678.68  0  671.26 665.43
cube4cam3_31   3   1  206.96  189.66  51.59  24.38  676.93  672.31  0  660.46 655.37
cube4cam3_32   3   2  212.1  211.62  51.6  5.56  673.59  676.12  0  656.15 657.79
cube4cam3_33   3   3  189.51  215.64  51.36  4.57  675.98  673.25  0  661.96 656.35
cube4cam3_34   3   4  194.12  187.07  51.43  5.47  673.42  677.94  0  656.44 658.42
cube4cam1_41   1   1  217.96  189.77  51.01  5.64  694.53  691.52  0  675.57 671.15
cube4cam1_42   1   2  210.31  217.47  50.84  6.54  692.49  694.67  0  672.59 674.72
cube4cam1_43   1   3  197.4  208.47  51.23  5.75  694.75  691.24  0  675.67 674.1
cube4cam1_44   1   4  189.21  197.67  51.12  4.68  691.8  694.15  0  673.36 674.72
cube4cam2_41   2   1  214.16  186.52  48.72  4.88  677.92  672.94  0  659.63 655.94
cube4cam2_42   2   2  206.98  211.44  48.93  9.98  676.51  678.05  0  658.15 658.66
cube4cam2_43   2   3  191.7  204.58  49.58  9.94  677.96  674.39  0  659.71 655.49
cube4cam2_44   2   4  183.9  193.6  48.8  8.23  675.07  676.13  0  656.0 656.97
cube4cam3_41   3   1  211.03  181.53  50.24  6.78  676.14  672.98  0  656.44 653.28
cube4cam3_42   3   2  202.36  214.13  49.86  7.16  672.83  675.84  0  653.9 656.55
cube4cam3_43   3   3  193.75  206.88  49.92  6.67  675.79  672.46  0  658.77 653.68
cube4cam3_44   3   4  185.75  189.48  50.26  10.43  673.85  674.81  0  654.15 656.79
cube4cam1_51   1   1  217.47  185.4  50.59  5.84  693.3  696.06  0  674.96 677.05
cube4cam1_52   1   2  204.9  215.84  50.41  12.08  696.2  693.74  0  678.43 674.8
cube4cam1_53   1   3  196.3  203.92  50.06  10.47  693.44  696.42  0  674.91 678.86
cube4cam1_54   1   4  185.6  197.03  50.03  11.64  696.53  694.04  0.0726  680.25 685.67
cube4cam2_51   2   1  213.45  182.92  48.35  8.84  677.06  677.98  0  661.06 658.95
cube4cam2_52   2   2  202.24  209.42  49.09  9.05  678.93  674.68  0  660.52 656.29
cube4cam2_53   2   3  191.27  198.02  49.0  11.51  677.18  676.77  0  658.13 657.93
cube4cam2_54   2   4  180.22  193.24  48.26  14.26  679.93  674.16  0  661.22 657.42
cube4cam3_51   3   1  209.72  177.8  49.52  8.25  673.99  677.89  0  656.02 659.02
cube4cam3_52   3   2  199.48  214.21  49.56  6.9  677.99  674.98  0  659.08 659.08
cube4cam3_53   3   3  192.29  201.83  49.93  11.67  674.9  676.88  0  656.79 659.19
cube4cam3_54   3   4  180.13  187.71  49.74  7.78  675.94  673.96  0  657.38 656.42
cube4cam1_61   1   1  225.04  195.27  51.09  4.99  693.55  694.54  0  674.89 674.47
cube4cam1_62   1   2  214.78  223.21  50.99  7.14  693.36  693.24  0  675.13 674.19
cube4cam1_63   1   3  203.9  213.94  50.44  5.54  693.77  694.48  0  674.64 675.72
cube4cam1_64   1   4  194.22  204.94  50.59  3.94  694.04  694.08  0  675.27 676.16
cube4cam2_61   2   1  220.27  191.16  48.57  14.91  676.66  675.94  0  664.12 656.04
cube4cam2_62   2   2  211.7  217.41  49.12  12.5  678.07  675.39  0  657.99 655.42
cube4cam2_63   2   3  198.66  208.91  49.7  14.62  676.45  675.12  0  658.15 656.83
cube4cam2_64   2   4  190.44  198.86  48.63  10.36  677.9  675.06  0  657.89 658.91
cube4cam3_61   3   1  218.14  187.0  50.38  8.3  673.66  675.37  0  655.82 659.77
cube4cam3_62   3   2  209.16  221.27  50.16  8.71  675.78  674.06  0  656.41 662.15
cube4cam3_63   3   3  198.65  211.9  49.5  9.02  675.17  675.27  0  656.0 656.61
cube4cam3_64   3   4  189.62  196.49  50.15  6.63  675.99  674.05  0  655.03 655.06
cube5cam1_11   1   1  213.15  197.37  50.18  8.4  693.26  696.03  0  674.83 679.52
cube5cam1_12   1   2  217.49  211.18  51.09  4.74  697.1  693.05  0  679.09 674.38
cube5cam1_13   1   3  192.61  216.63  50.58  7.23  693.65  696.2  0  675.13 676.99
cube5cam1_14   1   4  196.94  193.57  50.57  4.03  696.98  693.08  0  678.76 673.54
cube5cam2_11   2   1  210.02  195.13  49.13  5.2  676.17  678.6  0  658.89 666.04
cube5cam2_12   2   2  213.96  204.85  48.94  8.08  678.99  673.83  0  663.57 654.47
cube5cam2_13   2   3  186.49  211.36  49.39  4.1  676.83  679.05  0  658.36 661.63
cube5cam2_14   2   4  191.54  188.52  49.06  11.98  678.98  672.92  0  660.01 654.95
cube5cam3_11   3   1  205.56  189.03  50.45  4.36  673.04  677.08  0  655.38 657.79
cube5cam3_12   3   2  209.5  209.79  50.62  5.75  676.33  673.83  0  658.9 655.08
cube5cam3_13   3   3  187.58  213.81  50.37  6.23  673.99  675.76  0  657.56 660.55
cube5cam3_14   3   4  192.71  183.53  50.59  3.19  676.99  670.0  0  659.94 654.04
cube5cam1_21   1   1  213.62  198.04  51.35  6.41  693.84  693.24  0  675.16 674.53
cube5cam1_22   1   2  218.97  213.06  50.83  5.61  694.99  694.32  0  676.55 675.03
cube5cam1_23   1   3  193.76  218.4  50.57  7.28  695.23  695.68  0  675.61 677.54
cube5cam1_24   1   4  198.13  194.4  50.18  7.4  694.41  694.53  0  675.21 676.36
cube5cam2_21   2   1  211.01  194.58  48.96  8.79  678.18  675.91  0  658.76 655.83
cube5cam2_22   2   2  214.82  206.84  49.14  4.22  677.06  676.47  0  657.94 656.57
cube5cam2_23   2   3  187.46  212.48  49.35  9.11  677.14  675.88  0  658.14 660.14
cube5cam2_24   2   4  192.57  189.38  49.18  8.94  677.09  675.93  0  660.68 655.38
cube5cam3_21   3   1  207.81  189.78  50.33  9.02  674.47  675.06  0  656.89 658.07
cube5cam3_22   3   2  212.22  210.21  50.26  8.03  674.99  675.54  0  657.15 655.76
cube5cam3_23   3   3  187.14  215.09  50.33  5.98  674.68  674.09  0  656.63 654.74
cube5cam3_24   3   4  192.81  185.63  50.18  5.5  675.09  675.06  0  655.61 654.8
cube5cam1_31   1   1  214.36  196.83  51.36  6.77  697.5  692.32  0  678.34 673.2
cube5cam1_32   1   2  217.76  213.56  50.64  9.18  694.16  697.13  0  673.9 677.65
cube5cam1_33   1   3  193.79  216.54  50.52  7.77  697.24  693.97  0  678.48 674.64
cube5cam1_34   1   4  196.6  192.81  50.45  4.0  693.84  696.28  0  674.73 677.57
cube5cam2_31   2   1  210.15  193.1  48.81  7.06  679.82  673.88  0  660.18 655.25
cube5cam2_32   2   2  213.39  205.6  49.21  12.01  676.28  679.16  0  657.13 658.6
cube5cam2_33   2   3  187.87  209.06  49.31  17.05  679.91  673.67  0  661.19 655.31
cube5cam2_34   2   4  191.46  189.52  49.21  7.0  676.31  678.26  0  657.33 658.65
cube5cam3_31   3   1  207.69  188.31  51.01  8.17  678.08  673.71  0  660.35 654.35
cube5cam3_32   3   2  210.73  210.55  51.0  13.78  674.89  678.17  0  655.98 658.25
cube5cam3_33   3   3  189.53  213.31  50.11  8.66  678.62  674.05  0  659.04 654.64
cube5cam3_34   3   4  192.93  185.13  50.67  10.73  674.49  677.21  0  654.59 658.35
cube5cam1_41   1   1  214.01  186.2  49.92  6.67  696.77  693.08  0.3705  684.31 673.43
cube5cam1_42   1   2  206.46  213.23  50.36  3.83  694.3  697.47  0.3906  675.58 685.29
cube5cam1_43   1   3  192.73  205.32  50.18  7.5  696.88  693.57  0.0411  683.36 683.93
cube5cam1_44   1   4  185.98  195.41  49.83  5.61  694.31  697.57  0  676.13 684.45
cube5cam2_41   2   1  210.76  182.68  48.23  6.11  680.34  675.07  0.4876  668.26 656.87
cube5cam2_42   2   2  203.41  205.99  48.73  11.79  676.63  677.91  0  658.6 663.25
cube5cam2_43   2   3  186.81  199.48  48.83  7.17  679.96  675.61  0  665.87 659.11
cube5cam2_44   2   4  180.08  191.7  48.58  4.38  677.25  679.04  0  658.08 668.62
cube5cam3_41   3   1  207.5  177.34  48.82  10.41  678.99  674.15  0  664.58 655.4
cube5cam3_42   3   2  198.14  210.67  49.25  7.81  674.4  676.94  0.5656  655.61 665.47
cube5cam3_43   3   3  189.03  203.02  49.25  4.17  678.01  673.88  0  666.59 655.59
cube5cam3_44   3   4  181.43  185.41  48.96  12.28  674.48  677.98  0  658.47 662.34
cube5cam1_51   1   1  213.17  189.19  50.18  12.02  692.16  695.58  0  676.39 679.89
cube5cam1_52   1   2  207.52  211.33  50.39  3.61  694.67  691.5  0  680.92 673.83
cube5cam1_53   1   3  192.0  206.89  50.18  7.65  692.08  693.64  0  673.95 680.35
cube5cam1_54   1   4  187.65  194.26  50.07  7.84  695.12  692.64  0  680.48 672.92
cube5cam2_51   2   1  210.61  185.53  48.07  8.76  676.06  677.71  0  656.81 662.19
cube5cam2_52   2   2  205.42  205.17  48.87  5.78  679.34  673.55  0  662.45 655.15
cube5cam2_53   2   3  186.8  201.7  48.89  11.59  675.99  677.6  0  657.36 665.52
cube5cam2_54   2   4  182.2  189.68  48.41  10.14  678.76  673.99  0.3838  664.75 654.95
cube5cam3_51   3   1  205.9  179.18  49.05  10.23  673.38  674.94  0  654.42 661.49
cube5cam3_52   3   2  200.47  210.34  48.92  9.67  676.04  673.29  0  661.7 653.95
cube5cam3_53   3   3  188.84  204.48  49.18  8.62  674.51  677.06  0  654.94 660.66
cube5cam3_54   3   4  183.63  183.87  49.1  8.01  676.87  672.94  0  662.29 653.27
cube5cam1_61   1   1  212.88  187.29  50.62  6.5  694.34  693.73  0  675.83 675.77
cube5cam1_62   1   2  206.68  212.47  50.33  10.86  695.0  695.32  0  676.05 676.12
cube5cam1_63   1   3  192.06  205.37  50.72  10.38  693.33  693.56  0  675.99 674.86
cube5cam1_64   1   4  186.93  193.07  49.98  6.69  694.46  693.28  0  675.79 674.97
cube5cam2_61   2   1  209.02  184.07  48.74  5.02  676.4  676.36  0  657.63 655.72
cube5cam2_62   2   2  203.62  206.0  48.81  8.77  677.93  676.16  0  659.06 656.3
cube5cam2_63   2   3  187.8  199.48  49.19  9.85  678.65  674.96  0  659.72 655.4
cube5cam2_64   2   4  181.24  188.86  48.32  10.16  677.35  675.23  0  658.22 656.81
cube5cam3_61   3   1  205.85  178.13  49.54  9.36  674.89  674.52  0  657.7 653.99
cube5cam3_62   3   2  199.98  209.14  49.56  4.19  675.62  673.98  0  655.84 655.35
cube5cam3_63   3   3  188.52  203.2  49.56  5.65  675.67  675.2  0  656.61 653.83
cube5cam3_64   3   4  182.61  185.62  49.65  7.09  674.98  675.84  0  656.18 656.02
cube6cam1_11   1   1  213.78  189.25  49.63  12.77  694.93  696.26  0  675.95 676.35
cube6cam1_12   1   2  209.06  213.06  49.92  6.67  695.61  695.37  0  676.1 676.72
cube6cam1_13   1   3  193.34  207.67  50.07  12.07  695.53  696.36  0  676.21 677.29
cube6cam1_14   1   4  188.19  193.79  49.69  7.33  695.75  695.23  0  676.91 676.25
cube6cam2_11   2   1  210.31  184.88  48.27  9.53  677.84  676.16  0  659.13 656.82
cube6cam2_12   2   2  204.72  205.82  48.79  17.51  678.28  675.44  0  659.62 655.93
cube6cam2_13   2   3  187.77  201.32  49.05  18.7  677.74  676.53  0  659.22 657.05
cube6cam2_14   2   4  182.61  189.31  48.33  4.72  677.54  675.19  0  659.21 657.72
cube6cam3_11   3   1  207.43  180.4  49.6  11.04  675.72  675.59  0  657.64 656.15
cube6cam3_12   3   2  201.42  210.04  49.64  10.2  676.77  675.99  0  657.22 656.8
cube6cam3_13   3   3  188.33  204.68  49.64  18.11  676.06  675.09  0  657.95 656.98
cube6cam3_14   3   4  183.91  185.74  49.42  4.14  675.89  675.77  0  657.31 655.6
cube6cam1_21   1   1  212.43  184.88  50.74  7.74  698.37  693.61  0  681.46 674.52
cube6cam1_22   1   2  204.59  210.5  50.56  5.12  692.83  696.45  0  674.76 681.59
cube6cam1_23   1   3  191.84  202.51  50.32  13.91  697.32  691.71  0  680.94 673.81
cube6cam1_24   1   4  182.99  192.32  50.47  3.38  693.23  697.71  0.0418  674.96 684.08
cube6cam2_21   2   1  208.6  181.77  48.59  11.82  681.16  675.15  0  664.01 655.33
cube6cam2_22   2   2  200.76  204.44  48.69  7.85  676.4  678.5  0  658.1 659.64
cube6cam2_23   2   3  186.65  196.79  49.06  11.98  681.17  673.84  0  664.92 655.95
cube6cam2_24   2   4  178.39  188.37  48.46  6.0  676.15  678.89  0.0373  656.91 673.85
cube6cam3_21   3   1  205.77  175.01  49.56  8.19  678.75  673.16  0  662.95 653.74
cube6cam3_22   3   2  196.56  208.15  49.47  7.62  673.43  677.79  0  655.26 660.09
cube6cam3_23   3   3  186.82  201.56  49.59  8.14  678.79  673.83  0  660.66 656.8
cube6cam3_24   3   4  180.33  184.11  49.59  6.14  674.24  677.84  0  655.4 660.66
cube6cam1_31   1   1  213.3  187.01  50.04  13.52  692.95  696.46  0  673.33 676.7
cube6cam1_32   1   2  206.47  212.34  50.1  8.17  696.78  692.89  0  682.72 673.29
cube6cam1_33   1   3  192.72  206.61  50.01  9.98  693.19  697.92  0  673.54 683.83
cube6cam1_34   1   4  186.2  193.41  50.16  7.41  696.86  692.5  0  677.63 672.9
cube6cam2_31   2   1  209.04  183.15  48.45  16.01  674.96  676.7  0  657.15 657.07
cube6cam2_32   2   2  202.61  205.72  48.58  8.29  679.15  674.13  0  660.0 655.03
cube6cam2_33   2   3  187.61  200.96  49.15  10.28  676.77  680.72  0  656.96 665.05
cube6cam2_34   2   4  181.17  189.37  48.32  6.11  681.32  674.56  0  665.72 654.68
cube6cam3_31   3   1  206.08  178.64  49.4  8.75  673.65  678.43  0  655.1 660.6
cube6cam3_32   3   2  200.28  209.28  49.74  5.78  678.16  673.29  0  658.16 653.74
cube6cam3_33   3   3  187.82  203.08  49.35  11.44  674.0  677.22  0  655.12 658.17
cube6cam3_34   3   4  182.74  185.42  49.55  6.63  678.83  673.39  0  660.04 654.73
cube6cam1_41   1   1  215.46  229.87  51.45  3.42  692.87  724.97  0  673.06 704.82
cube6cam1_42   1   2  218.2  213.67  51.43  3.3  694.06  692.85  0  675.57 672.92
cube6cam1_43   1   3  195.37  216.4  50.74  4.74  693.61  693.31  0  674.24 674.63
cube6cam1_44   1   4  196.63  195.81  51.15  6.96  694.17  692.64  0  675.53 673.54
cube6cam2_41   2   1  212.41  194.36  49.11  9.97  676.43  676.35  0.1533  657.99 667.43
cube6cam2_42   2   2  213.58  208.34  49.19  9.31  676.36  675.04  0  658.75 655.97
cube6cam2_43   2   3  189.2  210.66  49.54  10.4  676.24  675.57  0  657.68 656.0
cube6cam2_44   2   4  191.53  191.58  49.06  17.51  676.95  675.02  0  657.53 655.85
cube6cam3_41   3   1  209.4  188.35  50.8  7.38  673.9  674.99  0  653.92 653.8
cube6cam3_42   3   2  211.26  211.53  50.27  13.61  676.02  673.84  0  655.29 653.84
cube6cam3_43   3   3  189.6  213.15  50.9  13.85  673.72  673.06  0  654.28 652.56
cube6cam3_44   3   4  192.71  188.42  50.47  4.5  673.93  675.02  0  657.0 654.44
cube6cam1_51   1   1  212.01  196.33  51.27  8.32  695.81  692.09  0  678.04 676.09
cube6cam1_52   1   2  216.24  211.74  51.07  7.03  692.48  696.28  0  673.69 676.88
cube6cam1_53   1   3  191.19  214.72  51.41  3.34  696.29  691.54  0  678.98 673.71
cube6cam1_54   1   4  195.29  193.45  51.0  6.76  692.23  696.12  0  676.31 677.02
cube6cam2_51   2   1  209.23  192.17  49.19  4.27  679.37  673.76  0  659.74 657.07
cube6cam2_52   2   2  213.05  205.57  49.5  3.03  675.73  678.29  0  659.33 658.95
cube6cam2_53   2   3  186.64  208.12  49.63  5.15  678.96  672.93  0  661.27 653.99
cube6cam2_54   2   4  190.3  188.17  49.15  7.91  675.61  677.12  0  658.79 658.04
cube6cam3_51   3   1  206.89  187.44  50.44  11.06  678.96  673.06  0  659.11 654.15
cube6cam3_52   3   2  209.57  209.23  50.45  4.11  673.93  677.58  0  655.51 657.34
cube6cam3_53   3   3  187.05  213.25  50.31  2.65  677.36  673.24  0  657.69 656.34
cube6cam3_54   3   4  190.69  184.6  50.57  6.39  673.0  678.0  0  655.02 660.02
cube6cam1_61   1   1  212.12  196.19  51.33  5.04  693.17  695.4  0.0583  681.96 692.02
cube6cam1_62   1   2  215.95  210.59  51.63  5.2  694.33  692.1  0.1352  675.63 682.24
cube6cam1_63   1   3  191.62  215.57  51.4  5.63  693.04  694.91  0  675.34 675.71
cube6cam1_64   1   4  195.19  191.96  50.98  7.36  695.17  692.78  0  676.31 675.4
cube6cam2_61   2   1  209.11  193.12  48.9  10.24  677.5  677.52  0.0302  658.49 664.58
cube6cam2_62   2   2  212.82  203.78  49.38  5.03  678.8  674.56  0.0899  664.73 669.15
cube6cam2_63   2   3  185.87  210.11  49.64  8.34  676.98  677.67  0  664.37 658.09
cube6cam2_64   2   4  189.93  188.15  49.18  6.13  678.56  674.23  0  659.61 655.24
cube6cam3_61   3   1  203.84  188.89  50.47  10.19  673.06  676.28  0  656.05 657.83
cube6cam3_62   3   2  208.61  208.53  50.18  7.4  675.74  674.19  0  657.77 654.94
cube6cam3_63   3   3  186.79  212.5  50.36  12.82  673.89  676.34  0  654.52 656.39
cube6cam3_64   3   4  192.09  182.82  50.33  7.15  677.36  673.17  0  657.73 657.32
cube7cam1_11   1   1  217.92  195.48  49.98  11.33  693.71  693.08  0  674.74 675.93
cube7cam1_12   1   2  214.98  216.87  50.45  5.61  692.66  692.89  0  675.45 672.76
cube7cam1_13   1   3  197.96  215.01  50.07  11.97  692.96  693.63  0  674.08 674.18
cube7cam1_14   1   4  194.91  198.96  49.89  5.57  693.15  693.64  0.0386  673.66 703.36
cube7cam2_11   2   1  214.02  191.11  48.5  7.39  676.13  675.21  0  656.51 655.78
cube7cam2_12   2   2  210.92  211.25  48.73  6.53  675.56  674.62  0  658.23 656.09
cube7cam2_13   2   3  191.86  209.86  49.18  6.62  676.53  675.56  0.0462  657.04 668.96
cube7cam2_14   2   4  189.9  194.21  48.35  4.14  676.07  675.73  0  660.23 658.06
cube7cam3_11   3   1  211.56  186.95  49.3  10.04  673.96  672.95  0  655.21 658.12
cube7cam3_12   3   2  208.83  213.92  49.23  2.61  673.57  673.9  0  655.06 655.77
cube7cam3_13   3   3  192.11  211.23  49.42  7.73  674.15  674.11  0  654.79 656.61
cube7cam3_14   3   4  189.76  189.98  49.14  6.64  674.03  673.25  0  655.1 654.66
cube7cam1_21   1   1  216.18  189.98  49.77  7.81  695.98  691.58  0.114  708.21 671.86
cube7cam1_22   1   2  209.22  216.11  49.98  9.69  690.99  696.03  0.0698  683.84 684.39
cube7cam1_23   1   3  197.0  208.45  49.92  6.67  696.39  691.78  0.1661  690.67 679.06
cube7cam1_24   1   4  188.82  197.11  49.74  5.54  691.68  696.13  0.1889  672.25 684.89
cube7cam2_21   2   1  213.07  184.68  48.49  4.58  678.69  672.53  0  666.27 654.19
cube7cam2_22   2   2  205.74  209.3  48.94  7.77  674.01  677.88  0.1459  655.3 666.63
cube7cam2_23   2   3  190.83  201.44  49.38  10.63  678.6  672.24  0  662.95 652.91
cube7cam2_24   2   4  183.64  193.21  48.39  12.43  674.65  678.43  0.2458  655.71 666.82
cube7cam3_21   3   1  209.7  180.98  49.35  7.11  676.65  670.94  0  658.97 651.12
cube7cam3_22   3   2  202.32  212.23  49.38  5.26  672.77  675.73  0  652.95 664.41
cube7cam3_23   3   3  191.25  206.4  49.64  7.84  676.51  672.58  0  660.52 651.95
cube7cam3_24   3   4  184.62  188.87  49.45  9.46  672.53  675.99  0  653.27 658.35
cube7cam1_31   1   1  213.41  190.21  50.35  12.98  690.22  696.52  0  671.17 678.02
cube7cam1_32   1   2  209.32  212.31  50.66  10.48  695.59  690.56  0  680.57 670.94
cube7cam1_33   1   3  192.14  208.19  50.53  4.25  689.99  695.26  0  671.49 678.6
cube7cam1_34   1   4  189.35  193.93  50.46  11.31  695.12  690.3  0  676.39 669.82
cube7cam2_31   2   1  210.38  186.82  48.67  8.01  674.87  680.1  0  655.86 660.17
cube7cam2_32   2   2  205.54  206.07  48.95  4.84  679.53  672.15  0  660.47 652.98
cube7cam2_33   2   3  187.35  202.65  49.21  11.7  674.23  676.76  0.1066  663.96 662.63
cube7cam2_34   2   4  184.08  189.04  48.44  6.52  677.4  670.95  0  660.44 654.6
cube7cam3_31   3   1  206.8  182.0  49.32  10.0  672.28  675.45  0  653.79 656.36
cube7cam3_32   3   2  202.78  209.5  49.14  8.86  676.97  670.81  0  657.14 651.35
cube7cam3_33   3   3  188.43  205.37  49.77  5.81  670.93  676.15  0  650.86 658.11
cube7cam3_34   3   4  185.27  184.98  49.18  8.25  676.29  670.74  0  658.66 652.92
cube7cam1_41   1   1  217.45  199.57  51.26  9.89  693.39  692.48  0.0453  692.63 671.66
cube7cam1_42   1   2  219.18  216.29  51.18  4.6  693.1  693.12  0.0582  673.44 699.17
cube7cam1_43   1   3  197.16  219.2  51.33  6.73  692.97  693.5  0  672.99 674.58
cube7cam1_44   1   4  198.92  197.88  51.45  3.0  692.6  692.5  0  673.05 672.76
cube7cam2_41   2   1  213.37  195.75  49.01  13.25  675.68  674.07  0  657.03 654.62
cube7cam2_42   2   2  215.74  210.33  49.46  5.31  675.71  674.14  0.056  656.42 679.97
cube7cam2_43   2   3  192.01  215.18  49.4  8.89  675.54  676.9  0.0741  658.89 668.2
cube7cam2_44   2   4  194.45  193.55  49.09  7.39  676.17  674.29  0  656.16 655.21
cube7cam3_41   3   1  211.63  191.66  50.67  8.82  674.71  674.18  0  654.34 659.92
cube7cam3_42   3   2  212.72  213.73  50.01  11.23  673.35  674.47  0  654.65 654.9
cube7cam3_43   3   3  191.83  215.0  50.25  13.4  674.1  672.87  0  653.13 652.52
cube7cam3_44   3   4  194.47  189.2  50.53  7.0  673.65  673.73  0  655.14 653.55
cube7cam1_51   1   1  214.27  197.77  51.24  5.73  694.9  691.32  0  678.27 672.79
cube7cam1_52   1   2  218.46  213.55  51.07  3.78  692.66  695.3  0  674.52 676.67
cube7cam1_53   1   3  194.41  216.85  51.07  7.5  695.16  691.22  0  677.17 673.04
cube7cam1_54   1   4  197.73  194.69  51.23  4.62  692.89  695.11  0  673.1 681.15
cube7cam2_51   2   1  211.5  193.79  48.8  6.65  679.08  673.92  0  661.2 654.23
cube7cam2_52   2   2  214.58  207.5  49.14  7.93  675.46  676.52  0  656.27 657.91
cube7cam2_53   2   3  188.24  210.63  49.33  12.69  677.93  674.03  0  659.18 654.37
cube7cam2_54   2   4  192.22  190.41  48.91  7.42  675.94  676.43  0  656.39 658.1
cube7cam3_51   3   1  207.93  189.3  50.43  7.05  675.57  673.1  0  655.93 654.15
cube7cam3_52   3   2  210.65  210.92  50.3  9.52  673.34  676.43  0  654.5 656.1
cube7cam3_53   3   3  188.48  213.97  50.33  5.98  675.76  672.48  0  658.5 653.86
cube7cam3_54   3   4  192.96  185.98  49.97  8.84  673.5  675.56  0  655.86 656.83
cube7cam1_61   1   1  215.36  199.56  51.04  7.63  692.6  695.41  0.0468  672.18 704.38
cube7cam1_62   1   2  218.88  213.95  51.55  5.29  695.3  692.17  0.0855  683.5 671.85
cube7cam1_63   1   3  194.06  218.78  50.95  5.28  691.91  695.69  0.1212  671.75 685.92
cube7cam1_64   1   4  199.05  195.53  50.71  7.4  695.37  692.36  0  677.12 673.04
cube7cam2_61   2   1  211.22  194.84  48.6  3.68  674.86  677.98  0  654.59 660.73
cube7cam2_62   2   2  214.95  207.1  49.26  3.42  678.67  673.64  0  662.79 652.61
cube7cam2_63   2   3  189.59  213.3  49.58  8.89  675.99  679.04  0.0278  656.07 669.07
cube7cam2_64   2   4  193.55  191.47  49.1  9.11  678.54  673.72  0  660.41 653.78
cube7cam3_61   3   1  209.82  191.65  49.92  7.32  673.8  677.01  0  654.2 658.08
cube7cam3_62   3   2  213.29  210.62  50.33  4.23  676.49  671.85  0  657.86 653.44
cube7cam3_63   3   3  189.4  214.86  50.14  4.43  672.55  676.27  0  653.99 658.21
cube7cam3_64   3   4  194.34  186.71  50.1  10.54  676.41  672.87  0  659.93 653.58
cube8cam1_11   1   1  215.85  188.03  50.0  7.13  695.3  697.1  0.0576  675.21 697.39
cube8cam1_12   1   2  205.91  213.87  50.75  7.82  695.04  693.88  0  676.44 674.95
cube8cam1_13   1   3  194.04  204.83  50.32  7.36  694.2  694.36  0  674.98 677.47
cube8cam1_14   1   4  184.55  194.92  50.39  1.46  694.68  693.73  0  679.76 673.85
cube8cam2_11   2   1  212.69  182.31  48.69  5.78  678.39  677.04  0  659.44 662.15
cube8cam2_12   2   2  202.77  206.68  48.7  7.26  679.03  675.06  0.0952  684.89 657.86
cube8cam2_13   2   3  188.58  200.14  49.25  6.4  677.57  678.21  0  659.05 659.15
cube8cam2_14   2   4  180.07  191.71  48.82  5.94  678.26  675.96  0  660.33 656.01
cube8cam3_11   3   1  209.4  177.61  49.71  10.16  675.71  675.72  0  656.97 658.09
cube8cam3_12   3   2  197.76  211.38  49.71  5.11  674.82  673.79  0  656.86 654.34
cube8cam3_13   3   3  188.43  201.53  49.71  10.16  674.13  676.0  0  654.84 668.9
cube8cam3_14   3   4  182.03  186.47  49.33  15.05  676.98  674.65  0  658.54 656.75
cube8cam1_21   1   1  215.02  188.49  50.32  11.91  697.12  695.0  0  678.13 677.86
cube8cam1_22   1   2  208.29  212.9  50.99  7.14  694.88  695.38  0  677.41 676.53
cube8cam1_23   1   3  192.73  206.93  50.98  4.84  695.01  694.11  0  677.8 676.61
cube8cam1_24   1   4  187.87  193.33  51.27  7.29  695.4  695.08  0.055  677.38 693.29
cube8cam2_21   2   1  210.1  185.06  48.77  13.71  678.72  676.14  0.0626  667.41 664.83
cube8cam2_22   2   2  204.29  205.8  49.4  7.2  678.29  677.25  0  660.26 659.12
cube8cam2_23   2   3  187.32  201.21  49.68  6.71  678.85  675.15  0  659.88 657.72
cube8cam2_24   2   4  182.63  190.43  49.07  13.37  678.02  678.12  0  664.11 659.36
cube8cam3_21   3   1  206.71  179.19  49.98  9.98  676.0  673.76  0  657.48 654.95
cube8cam3_22   3   2  201.34  210.09  50.14  8.76  675.31  675.8  0  656.65 658.97
cube8cam3_23   3   3  187.79  204.99  49.98  8.08  677.58  676.34  0  659.49 657.9
cube8cam3_24   3   4  183.63  185.55  49.77  6.31  676.57  675.65  0  658.16 656.61
cube8cam1_31   1   1  212.7  183.88  50.25  7.73  696.44  692.67  0  677.1 674.12
cube8cam1_32   1   2  204.62  211.32  50.33  5.98  693.91  696.49  0  675.08 677.86
cube8cam1_33   1   3  191.88  203.73  49.92  9.07  695.98  693.05  0  677.03 677.03
cube8cam1_34   1   4  183.15  193.27  49.8  5.56  693.11  695.54  0.0926  674.95 687.2
cube8cam2_31   2   1  209.51  181.47  48.41  6.74  680.94  674.73  0  662.54 656.93
cube8cam2_32   2   2  200.66  204.0  48.89  8.21  676.4  676.08  0.0633  656.83 676.84
cube8cam2_33   2   3  185.93  196.62  49.33  14.26  678.06  674.19  0  666.93 654.98
cube8cam2_34   2   4  178.65  188.96  48.77  10.96  676.12  678.04  0  657.48 658.05
cube8cam3_31   3   1  205.7  175.33  49.46  7.69  676.2  673.8  0  656.42 653.71
cube8cam3_32   3   2  197.18  209.03  49.33  11.37  673.87  676.6  0  656.74 659.89
cube8cam3_33   3   3  186.8  201.13  49.51  3.56  677.74  673.8  0  658.23 654.96
cube8cam3_34   3   4  178.83  183.79  49.41  8.16  673.17  676.04  0  654.19 656.19
cube8cam1_41   1   1  213.24  198.09  50.94  9.37  697.03  693.62  0.0857  680.76 692.51
cube8cam1_42   1   2  218.59  212.68  51.1  4.21  694.52  697.37  0.1595  675.13 688.73
cube8cam1_43   1   3  192.18  218.14  51.01  3.89  697.42  694.91  0  677.39 675.71
cube8cam1_44   1   4  198.23  193.39  50.95  6.03  695.13  697.37  0.1987  676.57 691.8
cube8cam2_41   2   1  209.93  195.46  48.8  6.72  680.97  675.48  0.0189  666.29 671.61
cube8cam2_42   2   2  214.05  205.41  49.48  5.43  676.97  679.07  0.0444  657.46 677.44
cube8cam2_43   2   3  187.79  209.66  49.71  8.36  680.35  675.36  0  667.95 656.95
cube8cam2_44   2   4  191.63  189.01  49.09  4.25  677.36  677.39  0  659.16 660.74
cube8cam3_41   3   1  206.68  190.02  50.27  12.7  678.19  675.19  0  659.65 654.65
cube8cam3_42   3   2  210.38  209.27  50.55  10.32  674.55  677.26  0  655.03 659.46
cube8cam3_43   3   3  186.75  215.26  50.55  14.05  677.85  674.92  0  660.08 654.86
cube8cam3_44   3   4  192.92  185.84  50.97  7.98  674.41  678.3  0  655.88 661.17
cube8cam1_51   1   1  212.03  197.16  51.26  7.88  693.79  695.62  0.0433  674.42 687.89
cube8cam1_52   1   2  217.96  209.79  51.46  8.12  696.23  692.51  0  679.03 673.8
cube8cam1_53   1   3  190.7  215.64  51.23  8.59  693.61  694.77  0  676.99 677.71
cube8cam1_54   1   4  197.67  192.13  51.4  2.13  696.67  692.95  0.1194  678.77 690.13
cube8cam2_51   2   1  209.12  195.51  49.16  3.81  678.0  680.67  0.0432  664.31 671.8
cube8cam2_52   2   2  213.77  202.94  49.26  10.41  679.32  673.92  0.034  685.21 656.36
cube8cam2_53   2   3  184.8  210.81  49.51  2.86  676.01  676.59  0.061  659.39 672.18
cube8cam2_54   2   4  192.12  188.78  49.16  7.35  678.81  674.46  0.0468  667.37 665.79
cube8cam3_51   3   1  204.69  188.58  50.68  5.13  675.02  675.9  0  657.0 663.0
cube8cam3_52   3   2  210.83  208.36  50.56  15.08  676.68  673.33  0  658.07 656.58
cube8cam3_53   3   3  185.49  214.32  50.74  7.49  674.75  677.62  0  655.98 667.48
cube8cam3_54   3   4  192.75  182.5  50.92  5.95  677.9  673.59  0  659.24 656.0
cube8cam1_61   1   1  211.05  197.97  51.4  14.07  693.7  693.14  0.0774  690.15 675.83
cube8cam1_62   1   2  217.94  210.55  50.96  28.12  693.91  693.47  0.0684  678.68 687.43
cube8cam1_63   1   3  190.25  217.85  50.93  22.51  693.87  693.65  0  675.64 674.51
cube8cam1_64   1   4  198.22  191.05  51.26  20.05  695.23  692.94  0  676.14 674.95
cube8cam2_61   2   1  208.49  194.24  49.18  8.93  677.05  674.73  0  658.24 656.74
cube8cam2_62   2   2  214.54  204.12  49.57  10.21  677.0  675.65  0.0726  657.19 675.62
cube8cam2_63   2   3  184.99  211.58  49.49  40.05  676.47  676.31  0  657.63 657.27
cube8cam2_64   2   4  193.64  187.9  49.21  8.85  679.62  675.89  0  660.39 657.13
cube8cam3_61   3   1  205.33  189.57  51.0  10.11  674.88  674.88  0  656.51 655.64
cube8cam3_62   3   2  211.27  208.93  50.58  15.23  676.09  674.93  0  656.32 656.71
cube8cam3_63   3   3  184.76  214.51  50.89  7.4  673.7  673.55  0  655.62 654.81
cube8cam3_64   3   4  192.81  181.97  50.17  21.15  675.37  674.15  0  656.61 654.58
cube9cam1_11   1   1  217.33  189.87  50.35  15.65  693.2  687.39  0  674.71 668.7
cube9cam1_12   1   2  210.17  216.77  50.68  13.78  688.27  693.28  0  668.44 674.39
cube9cam1_13   1   3  196.93  208.78  50.62  9.46  692.58  687.59  0  674.27 667.53
cube9cam1_14   1   4  189.09  197.64  50.6  8.05  688.0  693.27  0  669.18 673.62
cube9cam2_11   2   1  213.83  186.61  48.42  11.38  676.41  671.19  0  657.37 651.19
cube9cam2_12   2   2  206.44  211.99  48.94  13.63  672.19  676.76  0  652.36 656.08
cube9cam2_13   2   3  191.52  203.56  48.98  11.54  675.89  670.23  0  658.14 650.68
cube9cam2_14   2   4  184.3  193.79  48.84  7.25  671.8  675.27  0  652.05 655.18
cube9cam3_11   3   1  211.73  181.72  49.94  7.6  674.54  668.43  0  655.98 649.45
cube9cam3_12   3   2  202.37  214.47  49.56  8.15  668.85  673.8  0  649.02 656.4
cube9cam3_13   3   3  191.68  207.04  49.61  13.17  674.55  669.36  0  655.34 649.63
cube9cam3_14   3   4  184.85  189.47  49.52  18.48  670.03  673.71  0  650.36 654.38
cube9cam1_21   1   1  217.55  187.26  50.44  9.5  689.18  693.02  0  669.8 674.04
cube9cam1_22   1   2  208.37  215.97  50.32  9.04  694.21  689.38  0  673.88 669.45
cube9cam1_23   1   3  197.32  207.79  49.95  9.89  689.8  693.54  0  670.62 673.0
cube9cam1_24   1   4  186.74  197.53  49.75  10.71  692.99  688.97  0  675.1 669.75
cube9cam2_21   2   1  213.79  183.87  48.55  7.11  672.31  676.45  0  654.61 658.04
cube9cam2_22   2   2  204.11  209.73  48.95  5.96  676.51  671.43  0  658.06 650.94
cube9cam2_23   2   3  191.32  202.6  48.98  9.24  673.73  677.45  0  654.83 657.54
cube9cam2_24   2   4  181.93  194.16  48.66  4.94  676.47  672.16  0  658.09 651.08
cube9cam3_21   3   1  210.2  180.34  49.62  6.33  670.09  675.36  0  650.69 656.58
cube9cam3_22   3   2  200.15  213.84  49.68  6.28  673.91  670.38  0  657.75 650.09
cube9cam3_23   3   3  192.22  203.52  49.68  3.71  669.82  673.42  0  651.35 654.98
cube9cam3_24   3   4  182.82  189.19  49.52  4.02  673.89  671.18  0  655.82 650.74
cube9cam1_31   1   1  222.09  192.48  50.28  32.87  691.08  691.79  0  672.11 671.85
cube9cam1_32   1   2  211.91  221.23  50.32  27.91  691.08  691.46  0  671.81 671.09
cube9cam1_33   1   3  201.56  211.93  50.2  32.41  691.14  692.32  0  675.59 672.32
cube9cam1_34   1   4  192.18  201.91  50.07  21.25  691.73  691.42  0  671.21 675.43
cube9cam2_31   2   1  217.89  187.48  48.31  23.5  674.11  673.29  0  656.28 653.85
cube9cam2_32   2   2  207.73  215.28  48.77  23.67  673.93  673.19  0  654.39 653.33
cube9cam2_33   2   3  196.23  205.15  49.07  20.87  674.27  675.61  0  654.97 656.3
cube9cam2_34   2   4  186.14  197.47  48.46  15.45  674.6  673.28  0.145  655.88 658.38
cube9cam3_31   3   1  215.53  184.51  49.53  21.74  671.93  673.09  0  653.14 652.1
cube9cam3_32   3   2  206.19  217.2  49.4  21.0  672.91  671.08  0  653.21 654.74
cube9cam3_33   3   3  196.17  208.2  49.4  16.0  671.62  672.09  0  652.73 652.14
cube9cam3_34   3   4  186.83  194.7  49.46  8.66  671.99  673.04  0  652.97 652.01
cube9cam1_41   1   1  213.91  197.73  51.95  7.01  689.58  692.92  0  673.26 673.61
cube9cam1_42   1   2  216.88  212.29  51.98  9.77  692.24  687.96  0  674.32 669.11
cube9cam1_43   1   3  193.13  216.63  52.1  6.05  688.77  692.71  0  669.16 673.33
cube9cam1_44   1   4  197.28  193.39  52.01  5.65  693.19  688.54  0  674.9 668.72
cube9cam2_41   2   1  210.52  193.6  49.47  10.96  673.0  676.06  0  653.97 658.09
cube9cam2_42   2   2  213.16  206.57  49.62  6.7  676.33  671.06  0  657.98 653.15
cube9cam2_43   2   3  188.43  210.64  49.8  9.13  673.23  676.07  0  653.15 656.57
cube9cam2_44   2   4  191.37  189.42  49.31  10.38  676.2  671.26  0  656.85 652.11
cube9cam3_41   3   1  207.37  190.6  51.51  9.13  670.64  674.54  0  651.84 655.67
cube9cam3_42   3   2  212.61  209.97  51.6  6.71  674.26  670.24  0  655.54 650.33
cube9cam3_43   3   3  188.26  213.49  51.38  8.73  670.38  673.08  0  651.5 654.77
cube9cam3_44   3   4  192.14  185.93  51.32  11.14  674.79  670.17  0  655.71 651.65
cube9cam1_51   1   1  215.83  198.15  51.99  5.84  691.39  690.69  0  671.89 670.41
cube9cam1_52   1   2  217.38  213.99  52.08  10.17  690.5  691.37  0  670.95 671.74
cube9cam1_53   1   3  194.03  218.2  51.67  5.88  690.81  691.58  0  672.75 672.56
cube9cam1_54   1   4  197.35  194.56  52.16  6.48  690.3  691.11  0  673.57 671.84
cube9cam2_51   2   1  211.62  194.23  49.71  7.36  674.9  674.38  0  656.1 653.66
cube9cam2_52   2   2  213.89  209.88  49.68  5.03  674.18  674.59  0  653.69 653.79
cube9cam2_53   2   3  189.71  212.41  49.97  11.49  674.33  673.31  0  654.55 651.87
cube9cam2_54   2   4  192.49  191.43  49.85  7.9  673.64  674.28  0  656.5 654.88
cube9cam3_51   3   1  208.9  190.35  51.91  8.34  672.12  672.41  0  652.27 654.88
cube9cam3_52   3   2  211.42  211.49  51.37  6.22  671.22  673.06  0  651.98 654.02
cube9cam3_53   3   3  189.62  213.65  51.44  7.47  673.03  672.98  0  652.9 652.94
cube9cam3_54   3   4  191.59  187.75  51.7  8.19  671.99  673.03  0  652.0 651.98
cube9cam1_61   1   1  214.23  194.63  51.22  10.65  692.31  690.55  0  671.95 669.82
cube9cam1_62   1   2  215.11  212.57  51.35  6.86  689.73  691.57  0  670.63 671.94
cube9cam1_63   1   3  192.79  213.48  52.23  6.32  691.06  688.8  0  671.76 669.4
cube9cam1_64   1   4  193.95  194.38  51.25  8.47  689.9  691.8  0  670.63 670.88
cube9cam2_61   2   1  210.47  190.73  49.37  5.95  675.1  671.78  0  672.15 652.26
cube9cam2_62   2   2  211.62  207.1  50.01  5.59  673.13  673.92  0  653.94 653.84
cube9cam2_63   2   3  187.91  208.11  49.71  9.16  675.43  671.97  0  655.48 653.52
cube9cam2_64   2   4  188.6  190.03  49.25  5.76  671.99  674.45  0  652.72 654.42
cube9cam3_61   3   1  207.81  187.53  51.69  11.32  672.75  670.87  0  653.19 651.51
cube9cam3_62   3   2  208.46  209.99  51.95  8.11  671.49  672.29  0  651.95 657.36
cube9cam3_63   3   3  188.19  211.39  51.92  9.52  673.1  670.97  0  652.12 651.49
cube9cam3_64   3   4  190.31  185.92  51.64  7.51  671.02  673.02  0  651.74 653.23
cube10cam1_11   1   1  215.25  197.65  51.0  10.38  693.37  693.56  0  674.29 674.03
cube10cam1_12   1   2  217.57  213.56  51.19  12.76  693.62  692.91  0  674.32 672.78
cube10cam1_13   1   3  193.86  216.85  51.33  4.22  692.54  693.18  0  672.62 673.4
cube10cam1_14   1   4  196.82  195.4  50.82  16.1  693.0  693.72  0  674.81 673.77
cube10cam2_11   2   1  211.26  193.84  48.76  9.85  676.1  675.74  0  656.88 656.02
cube10cam2_12   2   2  214.32  208.44  49.64  13.76  677.04  675.87  0  658.0 654.2
cube10cam2_13   2   3  189.07  210.11  49.35  5.09  675.92  675.41  0  657.35 655.08
cube10cam2_14   2   4  191.0  190.51  49.26  12.81  676.4  674.66  0  657.61 655.52
cube10cam3_11   3   1  208.04  187.93  51.67  5.85  674.23  673.8  0  654.28 656.13
cube10cam3_12   3   2  210.71  211.18  51.29  13.11  673.35  673.7  0  656.21 654.89
cube10cam3_13   3   3  188.08  214.94  51.69  5.26  674.29  674.49  0  655.49 655.9
cube10cam3_14   3   4  191.19  186.14  51.91  8.11  672.97  673.54  0  654.03 655.94
cube10cam1_21   1   1  214.1  196.79  51.99  8.09  696.05  692.01  0  677.65 672.28
cube10cam1_22   1   2  217.77  213.47  52.04  6.77  692.84  695.58  0  673.59 675.32
cube10cam1_23   1   3  193.41  215.75  52.04  6.44  695.49  691.41  0  680.18 673.31
cube10cam1_24   1   4  196.09  194.3  51.74  8.64  692.82  695.7  0  672.73 676.02
cube10cam2_21   2   1  209.67  193.63  48.67  10.55  678.6  673.26  0  663.94 654.27
cube10cam2_22   2   2  213.84  205.4  49.75  7.35  676.69  677.46  0  656.57 658.26
cube10cam2_23   2   3  186.9  209.95  49.77  6.39  678.46  673.66  0  658.57 655.77
cube10cam2_24   2   4  191.33  188.73  49.43  8.36  675.93  677.08  0  655.98 658.8
cube10cam3_21   3   1  207.9  188.49  51.54  10.61  676.83  672.86  0  659.45 652.94
cube10cam3_22   3   2  210.25  210.8  51.5  7.32  673.99  677.01  0  659.42 660.83
cube10cam3_23   3   3  188.97  213.89  51.68  3.73  676.39  673.47  0  658.24 654.53
cube10cam3_24   3   4  190.99  186.46  51.64  3.59  673.09  676.26  0  653.82 656.33
cube10cam1_31   1   1  212.69  198.19  51.9  13.29  692.36  694.69  0  673.44 674.34
cube10cam1_32   1   2  219.52  211.97  51.12  6.28  696.15  693.39  0  679.49 675.44
cube10cam1_33   1   3  192.62  218.21  51.27  5.38  694.02  695.02  0  673.99 676.98
cube10cam1_34   1   4  198.64  193.02  51.1  6.71  696.3  693.29  0  676.98 673.51
cube10cam2_31   2   1  209.66  196.24  48.4  20.5  677.57  677.26  0  659.52 658.44
cube10cam2_32   2   2  214.52  203.61  49.72  6.69  678.12  674.79  0  658.73 656.89
cube10cam2_33   2   3  186.42  210.89  49.84  9.51  676.57  677.12  0  660.31 660.08
cube10cam2_34   2   4  193.5  189.46  49.43  8.33  679.57  674.11  0  662.35 654.39
cube10cam3_31   3   1  206.25  190.83  51.62  16.98  674.97  678.08  0  655.97 660.99
cube10cam3_32   3   2  212.72  209.28  51.26  10.48  676.45  673.96  0  658.11 652.92
cube10cam3_33   3   3  187.5  214.89  51.57  21.84  673.85  675.89  0  655.14 655.14
cube10cam3_34   3   4  193.63  184.33  51.64  6.46  676.13  673.65  0  658.59 655.07
cube10cam1_41   1   1  214.57  189.8  50.08  7.7  693.91  693.36  0  673.51 673.88
cube10cam1_42   1   2  209.04  214.11  50.23  9.56  693.08  694.67  0  674.99 674.48
cube10cam1_43   1   3  193.78  208.65  49.71  6.36  693.37  693.18  0  674.82 674.76
cube10cam1_44   1   4  189.21  194.71  49.6  6.64  693.19  693.2  0  674.73 672.74
cube10cam2_41   2   1  210.71  187.57  47.83  12.64  677.5  675.7  0  657.87 657.07
cube10cam2_42   2   2  206.6  208.03  48.81  10.2  677.01  675.66  0  657.55 658.49
cube10cam2_43   2   3  188.18  201.97  48.74  7.33  676.96  675.94  0  657.63 656.92
cube10cam2_44   2   4  184.46  190.24  47.97  6.29  676.22  675.24  0  659.31 655.49
cube10cam3_41   3   1  207.93  181.02  49.16  9.84  673.86  674.0  0  654.69 659.8
cube10cam3_42   3   2  202.54  210.26  49.36  14.98  674.02  674.79  0  656.15 655.3
cube10cam3_43   3   3  189.89  205.57  49.53  11.94  675.9  673.96  0  656.26 655.6
cube10cam3_44   3   4  183.82  185.94  49.19  10.2  674.0  674.0  0  656.0 655.01
cube10cam1_51   1   1  218.75  186.7  50.23  10.72  694.99  693.03  0  675.89 673.61
cube10cam1_52   1   2  206.53  216.73  50.85  5.0  693.04  694.58  0  675.95 676.36
cube10cam1_53   1   3  197.53  205.52  50.92  11.54  695.3  692.1  0  675.89 672.97
cube10cam1_54   1   4  186.46  198.12  50.41  8.03  693.7  695.44  0  674.67 675.67
cube10cam2_51   2   1  214.64  183.84  48.89  7.09  678.33  673.79  0  660.06 654.15
cube10cam2_52   2   2  203.51  211.27  48.99  9.06  675.94  676.73  0  657.42 656.9
cube10cam2_53   2   3  191.81  199.16  49.2  15.79  678.09  672.94  0  659.24 656.08
cube10cam2_54   2   4  181.46  194.78  48.71  7.34  676.15  678.11  0  657.98 659.12
cube10cam3_51   3   1  211.09  176.88  49.92  15.79  675.88  672.85  0  657.32 654.52
cube10cam3_52   3   2  198.98  213.49  50.07  17.29  673.81  676.15  0  656.06 656.07
cube10cam3_53   3   3  193.41  203.43  50.53  13.33  678.06  673.93  0  657.18 654.04
cube10cam3_54   3   4  181.96  190.08  50.21  8.48  674.35  676.54  0  655.29 657.27
cube10cam1_61   1   1  219.43  192.15  49.86  8.25  693.67  696.07  0  674.8 676.99
cube10cam1_62   1   2  213.21  218.17  50.06  8.22  696.98  694.46  0  677.99 674.28
cube10cam1_63   1   3  197.56  211.51  50.41  3.52  692.46  695.97  0  673.88 676.84
cube10cam1_64   1   4  191.15  198.68  50.12  9.38  696.2  691.8  0  677.88 674.66
cube10cam2_61   2   1  214.88  189.27  48.79  6.26  675.51  677.43  0  657.88 657.13
cube10cam2_62   2   2  208.26  211.9  48.89  6.21  678.94  674.84  0  659.92 655.82
cube10cam2_63   2   3  192.55  206.65  49.67  14.58  675.32  678.28  0  656.94 659.49
cube10cam2_64   2   4  186.61  194.27  48.56  10.0  679.2  673.2  0  660.12 654.81
cube10cam3_61   3   1  211.59  184.09  50.42  11.91  672.43  676.57  0  653.6 657.56
cube10cam3_62   3   2  205.81  214.82  50.3  7.81  677.17  672.26  0  658.31 654.9
cube10cam3_63   3   3  193.7  208.8  50.18  13.65  674.13  676.46  0  655.08 657.56
cube10cam3_64   3   4  186.93  189.74  50.1  14.86  676.34  672.83  0  658.39 654.49
cube11cam1_11   1   1  216.27  189.04  51.07  7.36  690.59  693.76  0  672.87 673.71
cube11cam1_12   1   2  208.84  215.38  51.3  5.24  693.67  690.53  0  675.83 671.69
cube11cam1_13   1   3  196.72  207.61  50.18  9.65  692.15  693.61  0  673.14 674.36
cube11cam1_14   1   4  188.23  196.85  50.45  6.75  694.28  691.65  0  675.36 672.61
cube11cam2_11   2   1  213.9  184.78  48.34  11.55  675.28  675.18  0  657.54 656.15
cube11cam2_12   2   2  206.24  209.09  49.24  3.77  677.42  671.85  0  658.85 652.94
cube11cam2_13   2   3  189.92  202.13  49.55  12.11  674.88  675.82  0  656.38 656.67
cube11cam2_14   2   4  182.6  192.93  48.89  9.59  678.01  674.04  0  657.04 654.05
cube11cam3_11   3   1  210.55  180.67  50.38  10.81  672.08  676.05  0  652.13 656.07
cube11cam3_12   3   2  202.03  213.92  49.94  5.0  675.64  672.66  0  656.03 655.06
cube11cam3_13   3   3  191.65  206.43  49.91  6.91  672.57  674.99  0  655.91 656.46
cube11cam3_14   3   4  183.57  188.47  50.19  9.9  674.69  672.7  0  655.51 654.3
cube11cam1_21   1   1  214.7  187.54  50.35  11.73  692.62  689.88  0  673.52 671.3
cube11cam1_22   1   2  207.43  212.95  50.01  11.39  689.42  691.77  0  671.03 673.43
cube11cam1_23   1   3  193.61  207.22  50.16  9.07  692.43  690.93  0  674.91 671.17
cube11cam1_24   1   4  187.64  195.14  49.95  10.27  690.53  692.78  0  672.35 677.62
cube11cam2_21   2   1  211.24  184.79  48.41  20.96  675.64  672.39  0  657.03 656.53
cube11cam2_22   2   2  205.31  207.25  48.55  14.17  674.95  675.57  0  656.55 654.6
cube11cam2_23   2   3  187.88  201.89  48.97  7.14  675.72  671.82  0  657.27 652.89
cube11cam2_24   2   4  182.4  190.03  48.3  16.91  673.53  673.86  0  655.48 656.65
cube11cam3_21   3   1  207.29  180.41  49.4  14.75  673.65  671.84  0  656.42 652.24
cube11cam3_22   3   2  201.52  212.09  49.74  12.21  671.9  674.28  0  654.74 654.94
cube11cam3_23   3   3  189.73  204.6  49.5  7.53  673.94  672.08  0  654.19 652.29
cube11cam3_24   3   4  183.62  185.8  49.54  11.26  671.98  673.99  0  653.68 653.68
cube11cam1_31   1   1  219.16  186.62  50.13  10.87  695.03  691.99  0  677.0 672.01
cube11cam1_32   1   2  206.53  217.63  49.96  16.91  692.77  694.94  0  673.99 675.82
cube11cam1_33   1   3  197.51  205.23  50.03  17.47  695.43  691.57  0  676.7 672.96
cube11cam1_34   1   4  185.22  199.64  50.27  22.62  691.0  695.39  0  671.77 675.24
cube11cam2_31   2   1  215.53  183.91  48.49  11.39  679.0  674.04  0  658.03 655.06
cube11cam2_32   2   2  202.94  211.94  48.8  13.5  674.33  676.68  0  657.75 657.88
cube11cam2_33   2   3  191.92  198.89  49.38  27.87  677.71  671.87  0  659.64 652.37
cube11cam2_34   2   4  179.07  193.85  48.72  15.77  674.82  676.41  0  663.27 657.21
cube11cam3_31   3   1  212.27  177.18  50.2  7.86  676.05  671.84  0  657.96 652.66
cube11cam3_32   3   2  200.21  215.69  49.48  7.81  671.97  676.55  0  653.71 657.28
cube11cam3_33   3   3  193.67  203.35  50.09  11.33  675.59  672.08  0  656.49 653.69
cube11cam3_34   3   4  182.49  191.7  49.57  9.23  673.08  677.01  0  653.13 658.14
cube11cam1_41   1   1  214.13  197.39  51.8  5.28  696.56  689.44  0  677.19 671.71
cube11cam1_42   1   2  218.39  213.27  51.78  8.99  690.8  696.88  0  672.54 677.66
cube11cam1_43   1   3  192.72  215.78  51.25  7.22  696.64  690.19  0.1181  678.39 679.25
cube11cam1_44   1   4  196.15  192.81  52.13  8.36  689.4  694.64  0  671.06 680.08
cube11cam2_41   2   1  209.33  192.91  49.24  5.02  679.01  670.44  0  675.27 653.29
cube11cam2_42   2   2  215.39  207.15  49.59  14.02  674.95  680.09  0  655.95 659.1
cube11cam2_43   2   3  187.4  210.1  49.89  11.41  679.57  672.86  0  660.72 653.1
cube11cam2_44   2   4  191.11  189.11  49.34  12.24  673.56  678.22  0  655.91 658.94
cube11cam3_41   3   1  206.32  187.62  51.64  5.1  676.3  670.72  0  657.79 652.85
cube11cam3_42   3   2  209.63  210.29  51.4  8.88  671.51  677.81  0  652.48 657.83
cube11cam3_43   3   3  188.63  214.42  51.72  11.17  676.34  671.65  0  656.51 652.87
cube11cam3_44   3   4  193.57  185.55  51.72  8.65  672.05  677.99  0  653.44 658.4
cube11cam1_51   1   1  211.48  197.68  51.73  5.41  691.1  693.75  0  672.42 675.12
cube11cam1_52   1   2  219.05  210.44  51.58  7.38  695.43  690.62  0  676.79 671.77
cube11cam1_53   1   3  191.08  217.17  51.78  5.22  691.71  694.68  0.114  674.7 681.09
cube11cam1_54   1   4  197.67  191.96  51.99  8.09  694.91  689.65  0  676.93 670.73
cube11cam2_51   2   1  209.4  194.16  49.47  6.72  674.06  676.11  0  656.77 657.28
cube11cam2_52   2   2  215.2  203.67  49.77  7.06  678.64  672.18  0  661.68 653.43
cube11cam2_53   2   3  186.12  211.59  49.83  4.23  676.17  676.46  0  654.64 658.07
cube11cam2_54   2   4  192.57  187.65  50.04  7.37  678.9  671.6  0  659.36 652.82
cube11cam3_51   3   1  205.46  190.18  51.33  2.98  674.79  676.83  0  654.82 658.0
cube11cam3_52   3   2  210.17  208.76  51.44  9.6  675.05  671.0  0  656.53 651.87
cube11cam3_53   3   3  186.0  215.91  51.08  9.64  669.96  675.95  0  651.42 657.5
cube11cam3_54   3   4  193.91  183.96  51.64  9.96  677.04  673.04  0  658.45 652.72
cube11cam1_61   1   1  213.65  197.43  51.52  8.07  692.91  691.47  0  674.52 673.8
cube11cam1_62   1   2  217.1  213.52  51.7  7.69  691.11  693.42  0  672.46 672.72
cube11cam1_63   1   3  192.63  217.81  51.38  6.3  693.87  691.74  0  675.1 672.68
cube11cam1_64   1   4  196.48  193.82  50.92  5.42  691.83  693.65  0  674.12 674.53
cube11cam2_61   2   1  209.42  193.6  48.97  8.55  676.44  673.71  0  657.37 653.8
cube11cam2_62   2   2  214.05  206.49  49.31  4.41  675.2  675.64  0  655.87 656.08
cube11cam2_63   2   3  188.67  211.62  49.63  5.15  677.84  675.15  0  658.37 654.67
cube11cam2_64   2   4  192.14  188.28  49.42  11.14  675.02  674.43  0  656.49 654.44
cube11cam3_61   3   1  207.87  189.68  51.13  4.77  676.02  673.29  0  656.22 653.31
cube11cam3_62   3   2  211.23  209.96  51.28  9.21  672.97  673.97  0  654.26 654.61
cube11cam3_63   3   3  187.59  214.31  51.28  5.86  673.23  672.89  0  654.64 652.49
cube11cam3_64   3   4  191.58  186.09  51.29  7.42  671.9  674.99  0  652.84 655.4
cube12cam1_11   1   1  221.7  193.87  50.19  8.96  689.58  691.03  0  671.63 672.93
cube12cam1_12   1   2  213.86  221.37  51.1  7.37  690.39  690.44  0  672.07 670.63
cube12cam1_13   1   3  199.77  212.82  51.08  4.38  688.53  690.05  0  670.72 669.96
cube12cam1_14   1   4  192.67  202.54  50.07  7.84  691.26  689.81  0  672.48 672.79
cube12cam2_11   2   1  218.44  189.3  48.86  8.37  673.48  672.21  0  671.71 653.06
cube12cam2_12   2   2  209.51  216.06  49.18  10.25  673.0  672.31  0  654.82 652.39
cube12cam2_13   2   3  195.21  207.21  49.54  5.36  673.26  673.96  0  654.22 653.67
cube12cam2_14   2   4  188.49  197.71  48.75  11.66  674.78  673.15  0.0864  654.69 663.63
cube12cam3_11   3   1  215.47  185.62  49.99  9.86  671.93  672.16  0  652.1 652.27
cube12cam3_12   3   2  207.44  219.5  50.16  6.82  672.0  672.03  0  651.96 668.97
cube12cam3_13   3   3  196.47  210.31  50.25  5.82  670.98  671.96  0  651.4 650.75
cube12cam3_14   3   4  188.99  193.12  49.89  8.07  671.8  671.07  0  652.45 651.51
cube12cam1_21   1   1  220.32  184.2  51.08  6.72  691.06  688.49  0  672.48 669.05
cube12cam1_22   1   2  205.53  219.37  50.74  6.74  688.95  691.0  0  671.01 670.76
cube12cam1_23   1   3  199.05  203.29  50.88  5.18  690.82  688.38  0  672.85 670.88
cube12cam1_24   1   4  184.57  200.24  49.92  6.05  689.2  691.32  0  672.12 672.71
cube12cam2_21   2   1  216.37  181.85  48.51  7.86  674.86  671.74  0  675.67 650.89
cube12cam2_22   2   2  202.02  213.2  48.93  7.98  673.38  674.33  0  655.95 656.57
cube12cam2_23   2   3  193.96  197.78  49.18  15.79  674.77  670.63  0  656.18 652.65
cube12cam2_24   2   4  178.54  196.67  48.78  10.19  672.58  674.82  0  657.59 657.7
cube12cam3_21   3   1  213.36  176.03  49.86  10.75  671.94  669.99  0  654.26 653.75
cube12cam3_22   3   2  197.71  217.16  49.86  6.41  670.34  673.94  0  652.68 660.61
cube12cam3_23   3   3  195.47  202.11  49.48  8.81  672.86  670.62  0  653.95 650.87
cube12cam3_24   3   4  180.57  192.17  50.11  9.91  670.29  671.6  0  650.38 654.11
cube12cam1_31   1   1  220.57  189.09  50.68  5.98  689.32  691.7  0  670.62 675.05
cube12cam1_32   1   2  209.51  218.86  50.88  5.18  692.68  689.74  0.2637  680.37 669.96
cube12cam1_33   1   3  200.04  208.74  50.83  5.33  690.71  693.34  0  671.77 674.54
cube12cam1_34   1   4  188.61  201.31  50.53  4.81  693.99  690.74  0  676.04 671.7
cube12cam2_31   2   1  217.61  185.83  48.73  10.28  674.98  675.02  0  654.01 656.02
cube12cam2_32   2   2  205.83  212.0  49.15  6.16  674.84  670.9  0  658.24 652.5
cube12cam2_33   2   3  193.25  204.25  49.88  10.4  673.72  675.19  0  654.59 659.96
cube12cam2_34   2   4  183.51  196.31  49.31  11.51  676.3  672.26  0  657.62 652.06
cube12cam3_31   3   1  214.07  181.11  50.13  17.21  671.59  673.32  0  651.92 655.05
cube12cam3_32   3   2  202.37  217.1  49.83  6.86  674.19  671.84  0  656.05 652.97
cube12cam3_33   3   3  193.61  205.61  50.29  16.78  670.77  673.26  0  652.29 656.39
cube12cam3_34   3   4  185.49  192.18  50.23  16.01  674.9  671.26  0  656.24 652.47
cube12cam1_41   1   1  216.0  199.69  51.85  6.03  691.36  691.38  0  672.44 673.02
cube12cam1_42   1   2  218.96  213.88  51.82  8.03  691.05  690.13  0  672.57 672.28
cube12cam1_43   1   3  194.71  218.67  52.05  8.99  690.68  691.14  0  672.62 672.54
cube12cam1_44   1   4  199.02  195.22  51.7  5.07  691.46  690.38  0  672.79 671.53
cube12cam2_41   2   1  212.45  194.45  49.55  5.09  674.33  672.18  0  656.62 654.6
cube12cam2_42   2   2  215.51  208.24  49.65  10.34  675.22  673.05  0  655.95 654.46
cube12cam2_43   2   3  188.37  211.18  49.89  7.57  673.5  671.62  0  656.82 654.28
cube12cam2_44   2   4  192.62  191.53  49.66  7.81  673.73  673.64  0.0641  657.45 674.75
cube12cam3_41   3   1  208.57  190.05  51.37  6.79  671.9  671.9  0  652.93 653.34
cube12cam3_42   3   2  213.18  213.31  51.36  7.15  672.99  673.01  0  654.97 654.02
cube12cam3_43   3   3  190.44  215.5  51.16  7.18  672.0  672.0  0  652.0 654.0
cube12cam3_44   3   4  192.36  187.38  51.17  10.24  671.05  672.0  0  653.09 652.98
cube12cam1_51   1   1  213.19  196.23  52.16  7.98  690.54  688.58  0  671.67 669.8
cube12cam1_52   1   2  216.14  212.51  52.02  9.03  688.88  690.14  0  670.17 671.02
cube12cam1_53   1   3  192.9  216.44  51.36  12.06  690.37  689.65  0  671.6 669.11
cube12cam1_54   1   4  195.17  194.05  51.73  5.41  688.69  691.05  0  669.58 670.47
cube12cam2_51   2   1  210.2  194.02  49.77  5.81  674.81  672.31  0  654.91 651.47
cube12cam2_52   2   2  213.29  207.56  49.65  4.09  672.69  673.45  0  655.61 656.13
cube12cam2_53   2   3  187.96  210.81  50.17  10.05  675.22  672.52  0  657.03 653.21
cube12cam2_54   2   4  190.63  189.82  49.62  4.33  673.56  673.45  0  653.94 653.08
cube12cam3_51   3   1  207.14  187.8  51.29  6.67  671.94  670.37  0  652.56 650.65
cube12cam3_52   3   2  209.47  209.46  51.27  3.71  670.92  671.97  0  651.3 652.1
cube12cam3_53   3   3  188.28  212.64  51.43  13.97  671.94  670.24  0  652.12 652.21
cube12cam3_54   3   4  191.51  184.49  51.2  6.61  670.12  672.04  0  650.36 655.96
cube12cam1_61   1   1  213.51  197.3  51.76  4.54  689.87  691.35  0  670.36 673.76
cube12cam1_62   1   2  218.11  212.17  51.84  5.8  692.21  689.9  0  674.17 670.91
cube12cam1_63   1   3  191.58  216.8  51.81  6.13  689.44  690.96  0  670.96 673.18
cube12cam1_64   1   4  197.01  192.74  51.44  10.84  692.62  689.58  0  673.89 670.76
cube12cam2_61   2   1  208.62  193.72  49.48  8.34  673.16  674.54  0  655.11 655.73
cube12cam2_62   2   2  214.6  206.86  49.74  5.54  676.15  673.72  0  658.25 654.48
cube12cam2_63   2   3  186.73  211.37  49.83  4.73  673.76  674.83  0  654.91 655.64
cube12cam2_64   2   4  191.82  188.79  49.42  6.26  675.28  671.99  0  659.09 654.13
cube12cam3_61   3   1  205.76  189.17  51.07  5.28  671.23  673.06  0  650.39 654.27
cube12cam3_62   3   2  210.26  208.44  51.3  11.05  672.04  671.02  0  654.05 652.13
cube12cam3_63   3   3  187.64  214.24  51.44  3.47  671.19  673.87  0  653.34 656.0
cube12cam3_64   3   4  192.6  184.52  51.29  7.36  673.28  671.66  0  656.07 653.43
cube13cam1_11   1   1  220.83  190.85  50.45  11.18  691.57  694.05  0  672.16 675.35
cube13cam1_12   1   2  211.23  220.32  50.74  4.22  693.84  691.43  0  675.75 671.29
cube13cam1_13   1   3  199.97  210.06  50.35  8.65  691.64  694.11  0  672.12 674.91
cube13cam1_14   1   4  191.23  201.53  50.62  6.71  698.13  694.58  0  678.47 676.4
cube13cam2_11   2   1  217.06  187.53  48.45  14.01  675.04  675.53  0  655.78 655.91
cube13cam2_12   2   2  207.2  213.85  48.93  6.23  677.02  672.52  0  658.85 653.07
cube13cam2_13   2   3  193.9  204.14  49.37  7.2  674.19  675.7  0  655.12 657.84
cube13cam2_14   2   4  185.05  195.77  48.84  5.42  677.1  672.39  0  658.01 652.5
cube13cam3_11   3   1  213.62  182.57  50.36  7.49  672.02  675.0  0  652.03 656.01
cube13cam3_12   3   2  204.77  217.42  50.27  6.81  676.03  671.02  0  656.07 652.02
cube13cam3_13   3   3  194.99  207.48  50.2  9.2  670.72  674.09  0  653.21 656.2
cube13cam3_14   3   4  185.34  192.48  49.98  9.58  674.11  672.62  0  655.93 652.94
cube13cam1_21   1   1  219.49  187.6  50.74  4.47  691.71  690.64  0  673.36 670.22
cube13cam1_22   1   2  207.06  219.15  51.12  5.93  690.11  692.06  0  671.15 671.55
cube13cam1_23   1   3  198.6  207.09  50.68  6.85  691.63  690.63  0  672.83 670.45
cube13cam1_24   1   4  187.41  199.56  51.09  10.15  690.22  691.36  0.0515  670.98 678.59
cube13cam2_21   2   1  215.81  183.31  48.62  10.4  675.21  672.02  0  655.68 652.71
cube13cam2_22   2   2  204.38  213.15  49.44  4.12  674.06  675.11  0  654.96 656.11
cube13cam2_23   2   3  193.4  201.2  49.49  8.86  675.66  672.07  0  656.01 651.02
cube13cam2_24   2   4  182.08  195.01  48.97  13.07  674.01  673.87  0  653.53 656.98
cube13cam3_21   3   1  213.0  179.74  50.61  13.67  672.14  671.35  0  654.11 652.26
cube13cam3_22   3   2  200.29  215.27  50.12  14.0  670.85  672.99  0  651.41 651.89
cube13cam3_23   3   3  194.57  204.33  50.18  6.12  674.09  671.96  0  652.85 652.8
cube13cam3_24   3   4  183.54  191.33  50.38  7.01  672.68  672.97  0  652.63 653.44
cube13cam1_31   1   1  216.5  187.55  51.39  2.2  693.82  689.53  0  672.7 669.33
cube13cam1_32   1   2  207.28  215.0  50.68  4.35  689.31  692.14  0  671.25 673.54
cube13cam1_33   1   3  195.06  207.0  50.53  7.0  692.65  690.71  0  674.66 670.81
cube13cam1_34   1   4  186.96  195.93  50.47  6.0  690.99  693.35  0  670.9 674.06
cube13cam2_31   2   1  212.85  184.17  48.85  4.98  675.97  671.31  0  658.11 653.1
cube13cam2_32   2   2  204.31  209.17  48.93  9.98  673.39  675.02  0  654.38 656.57
cube13cam2_33   2   3  190.43  200.35  49.25  9.56  676.67  671.82  0  657.08 652.16
cube13cam2_34   2   4  181.83  191.88  48.97  15.78  674.02  675.01  0  654.2 656.75
cube13cam3_31   3   1  208.2  178.88  50.01  9.73  674.12  671.69  0  656.32 652.19
cube13cam3_32   3   2  201.42  211.41  50.0  9.62  671.4  673.07  0  653.38 655.85
cube13cam3_33   3   3  189.65  204.53  50.31  8.52  672.09  670.52  0  653.24 652.1
cube13cam3_34   3   4  182.98  187.55  49.94  8.52  671.2  674.94  0  652.91 655.22
cube13cam1_41   1   1  214.74  197.67  52.22  7.36  692.98  690.36  0  674.97 670.26
cube13cam1_42   1   2  218.49  213.46  52.3  7.21  690.51  692.95  0  671.14 674.46
cube13cam1_43   1   3  194.23  218.55  51.64  7.6  694.06  690.79  0  675.33 671.87
cube13cam1_44   1   4  197.87  193.96  51.48  9.13  689.97  694.05  0  671.15 674.82
cube13cam2_41   2   1  211.42  194.78  49.68  5.71  677.25  671.29  0  658.17 652.67
cube13cam2_42   2   2  215.37  207.35  49.74  5.54  674.07  675.95  0  660.1 655.29
cube13cam2_43   2   3  188.06  211.83  50.25  7.07  676.77  671.92  0  657.22 654.54
cube13cam2_44   2   4  192.67  190.91  49.8  6.93  673.37  676.9  0  654.37 657.49
cube13cam3_41   3   1  208.12  190.75  52.14  8.3  674.78  671.99  0  656.1 652.84
cube13cam3_42   3   2  211.87  211.02  51.75  6.62  671.52  675.73  0  653.0 656.98
cube13cam3_43   3   3  188.73  214.22  52.3  13.3  675.03  670.94  0  656.09 652.01
cube13cam3_44   3   4  193.22  186.15  52.5  11.13  670.56  674.5  0  652.74 654.54
cube13cam1_51   1   1  213.15  193.99  51.96  8.09  690.28  692.69  0  673.05 672.18
cube13cam1_52   1   2  214.17  211.81  52.44  11.39  693.11  690.7  0  676.27 675.07
cube13cam1_53   1   3  191.94  213.21  52.01  6.43  690.02  693.02  0  676.02 673.0
cube13cam1_54   1   4  193.88  192.84  51.82  5.7  693.31  690.5  0.1133  675.49 677.94
cube13cam2_51   2   1  209.48  190.35  49.48  6.56  674.01  676.05  0  663.22 656.56
cube13cam2_52   2   2  210.83  205.69  49.65  7.09  677.27  672.7  0  657.79 656.13
cube13cam2_53   2   3  187.14  207.53  49.73  10.85  674.7  676.15  0  656.53 657.73
cube13cam2_54   2   4  187.07  188.55  49.61  3.34  676.4  670.96  0.2655  658.11 657.82
cube13cam3_51   3   1  205.95  186.8  51.67  9.62  671.52  674.72  0  654.8 655.56
cube13cam3_52   3   2  207.4  208.58  51.73  7.73  675.11  672.15  0  657.07 655.33
cube13cam3_53   3   3  187.7  211.48  51.46  11.11  672.14  675.72  0  654.03 656.1
cube13cam3_54   3   4  189.37  183.78  51.53  4.86  674.21  671.43  0  656.55 654.63
cube13cam1_61   1   1  214.01  197.98  51.82  7.78  691.55  692.36  0  671.68 675.1
cube13cam1_62   1   2  218.91  213.43  51.76  9.29  694.14  691.88  0  674.86 671.51
cube13cam1_63   1   3  193.13  217.24  51.94  15.37  690.96  692.76  0  671.78 674.63
cube13cam1_64   1   4  197.89  194.65  51.7  6.19  695.13  691.42  0  676.06 671.31
cube13cam2_61   2   1  210.73  193.83  49.51  7.85  675.21  674.89  0  654.83 655.12
cube13cam2_62   2   2  214.32  207.79  49.77  7.31  677.0  673.44  0  656.88 653.0
cube13cam2_63   2   3  188.17  211.28  49.74  11.28  674.64  674.09  0  655.61 656.81
cube13cam2_64   2   4  192.27  190.19  49.46  6.73  677.51  673.87  0  659.51 654.36
cube13cam3_61   3   1  208.32  190.54  51.44  3.47  672.0  676.03  0  653.01 656.99
cube13cam3_62   3   2  211.44  210.63  51.44  8.34  674.03  672.32  0  656.12 653.83
cube13cam3_63   3   3  188.44  214.47  51.25  3.81  672.56  673.35  0  653.0 654.06
cube13cam3_64   3   4  192.13  185.59  50.92  6.92  673.08  672.31  0  655.21 653.66
cube14cam1_11   1   1  214.51  196.68  50.78  7.32  694.31  690.9  0  675.29 677.03
cube14cam1_12   1   2  217.25  212.97  51.07  4.78  690.51  694.17  0  672.63 674.2
cube14cam1_13   1   3  194.06  216.15  50.38  11.14  694.44  691.37  0  675.53 672.99
cube14cam1_14   1   4  196.78  194.18  51.18  4.35  690.83  693.91  0  676.3 674.26
cube14cam2_11   2   1  210.69  193.54  48.87  9.12  677.18  673.62  0.1199  658.21 659.81
cube14cam2_12   2   2  213.09  206.59  49.06  10.86  673.99  676.12  0  667.11 656.9
cube14cam2_13   2   3  187.8  210.69  49.56  9.65  677.14  673.35  0  657.86 653.17
cube14cam2_14   2   4  191.36  189.84  49.01  10.01  674.47  676.22  0  658.97 657.07
cube14cam3_11   3   1  207.85  188.49  50.24  6.13  675.45  671.42  0  655.47 656.66
cube14cam3_12   3   2  210.94  210.31  50.18  9.77  672.64  673.9  0  654.38 654.14
cube14cam3_13   3   3  187.6  212.44  50.39  3.58  673.48  670.61  0  654.6 652.67
cube14cam3_14   3   4  191.82  185.7  50.33  5.73  671.21  675.03  0  652.66 655.43
cube14cam1_21   1   1  214.71  196.64  51.44  10.67  690.75  694.94  0  673.67 677.98
cube14cam1_22   1   2  216.36  213.54  50.71  8.3  694.98  689.96  0.0724  678.39 686.03
cube14cam1_23   1   3  193.97  214.4  51.59  12.27  690.88  692.93  0  671.5 674.94
cube14cam1_24   1   4  195.85  195.52  51.16  4.92  694.8  691.24  0  677.93 671.12
cube14cam2_21   2   1  211.23  193.94  48.59  8.89  674.4  679.21  0  655.47 662.38
cube14cam2_22   2   2  212.9  206.52  49.09  5.71  678.32  671.61  0.0373  661.39 661.45
cube14cam2_23   2   3  188.04  209.53  49.42  6.26  673.49  676.48  0  658.29 656.97
cube14cam2_24   2   4  190.88  190.81  48.99  6.92  678.06  672.69  0  659.83 653.77
cube14cam3_21   3   1  208.38  186.94  51.72  45.04  671.0  675.01  0  654.0 658.01
cube14cam3_22   3   2  209.85  211.14  50.91  22.33  675.95  670.96  0  659.41 652.68
cube14cam3_23   3   3  189.68  212.25  51.02  39.6  670.5  675.46  0  652.69 659.07
cube14cam3_24   3   4  191.18  186.48  51.12  26.4  676.41  670.27  0  658.28 652.43
cube14cam1_31   1   1  214.31  197.64  50.52  11.76  692.99  692.65  0  673.2 674.11
cube14cam1_32   1   2  217.28  213.94  50.92  3.79  692.39  692.67  0  673.45 672.72
cube14cam1_33   1   3  193.94  216.51  51.33  5.04  692.61  691.96  0  678.41 671.54
cube14cam1_34   1   4  196.43  194.79  50.79  4.64  692.04  693.0  0.0283  673.24 715.47
cube14cam2_31   2   1  210.61  192.97  49.1  7.27  675.41  674.59  0.0521  688.17 654.81
cube14cam2_32   2   2  212.87  208.01  49.38  2.99  675.26  673.73  0  656.34 654.43
cube14cam2_33   2   3  189.16  209.86  49.56  13.27  675.54  674.59  0  655.6 655.54
cube14cam2_34   2   4  190.76  190.82  48.94  11.72  675.48  674.84  0  655.92 711.8
cube14cam3_31   3   1  208.3  189.07  50.36  12.64  673.47  673.26  0  653.93 654.07
cube14cam3_32   3   2  209.62  210.5  50.44  8.13  673.01  674.07  0  653.69 656.89
cube14cam3_33   3   3  188.48  213.89  50.42  12.16  673.1  673.95  0  653.98 653.77
cube14cam3_34   3   4  191.8  186.17  50.21  17.62  673.68  672.85  0  654.55 652.62
cube14cam1_41   1   1  213.96  188.66  50.22  3.37  692.34  696.18  0  675.57 679.85
cube14cam1_42   1   2  209.84  211.95  50.51  6.16  697.45  692.56  0.0269  678.46 682.72
cube14cam1_43   1   3  192.02  207.86  50.83  5.59  691.42  696.14  0  675.09 675.98
cube14cam1_44   1   4  187.76  193.28  50.83  5.69  696.16  691.44  0.1434  683.47 672.33
cube14cam2_41   2   1  209.84  185.88  48.59  4.83  675.02  678.51  0  656.44 660.56
cube14cam2_42   2   2  204.97  205.54  48.86  9.31  679.13  673.36  0.1155  663.69 666.25
cube14cam2_43   2   3  186.78  202.21  49.11  5.86  675.16  678.79  0  656.22 661.06
cube14cam2_44   2   4  183.07  189.65  48.68  6.4  679.08  673.09  0  661.01 657.94
cube14cam3_41   3   1  206.48  179.82  49.77  10.95  672.88  676.46  0  653.74 657.95
cube14cam3_42   3   2  202.56  208.52  49.63  5.15  677.18  671.96  0  659.79 654.03
cube14cam3_43   3   3  186.63  204.38  50.05  10.98  671.78  675.9  0  652.54 662.63
cube14cam3_44   3   4  183.51  184.81  49.75  6.89  675.88  672.14  0  657.61 653.42
cube14cam1_51   1   1  213.81  190.03  50.53  4.81  693.29  693.56  0  675.17 672.81
cube14cam1_52   1   2  209.49  213.51  50.18  7.35  692.53  693.91  0  676.32 675.13
cube14cam1_53   1   3  193.5  209.18  50.54  4.93  693.09  692.79  0.0587  674.63 679.75
cube14cam1_54   1   4  188.53  194.5  50.56  5.5  692.47  692.35  0  673.42 672.79
cube14cam2_51   2   1  210.11  185.56  48.59  5.08  676.4  674.61  0  657.32 655.83
cube14cam2_52   2   2  205.14  206.04  48.8  7.22  675.11  674.3  0  661.87 655.07
cube14cam2_53   2   3  188.36  202.28  49.08  11.3  677.01  674.63  0.1416  659.22 662.96
cube14cam2_54   2   4  184.01  190.14  48.53  4.75  676.15  675.19  0  670.1 654.98
cube14cam3_51   3   1  207.62  181.89  49.5  4.28  674.65  674.65  0  655.42 656.08
cube14cam3_52   3   2  203.28  210.38  49.81  4.92  673.68  673.92  0  655.15 654.46
cube14cam3_53   3   3  189.48  205.32  49.77  5.81  674.88  673.04  0  655.06 657.84
cube14cam3_54   3   4  184.04  186.12  49.39  9.22  674.0  674.05  0  652.97 654.35
cube14cam1_61   1   1  212.63  188.94  50.53  4.56  694.84  691.21  0  676.4 672.54
cube14cam1_62   1   2  209.23  211.59  50.86  3.77  691.57  695.21  0  673.05 675.01
cube14cam1_63   1   3  191.01  207.8  50.8  5.12  694.24  691.49  0.0039  681.79 670.83
cube14cam1_64   1   4  187.77  192.53  50.1  7.26  691.2  694.98  0.0549  672.91 684.24
cube14cam2_61   2   1  208.33  185.28  48.4  10.14  677.79  671.84  0  660.24 653.89
cube14cam2_62   2   2  205.08  204.95  48.83  10.67  674.9  676.23  0  656.66 660.13
cube14cam2_63   2   3  185.56  202.12  48.84  13.01  677.79  673.86  0.0293  673.38 655.11
cube14cam2_64   2   4  183.01  189.01  48.46  11.45  674.92  677.9  0.036  655.53 666.91
cube14cam3_61   3   1  205.03  181.1  49.74  7.67  675.26  671.86  0  655.85 652.1
cube14cam3_62   3   2  202.27  208.12  49.35  4.09  672.84  676.16  0  654.16 657.65
cube14cam3_63   3   3  186.78  205.26  49.74  7.99  676.12  671.96  0  655.97 653.16
cube14cam3_64   3   4  184.89  183.56  49.62  9.2  672.85  674.74  0  654.4 655.69
cube15cam1_11   1   1  215.81  188.33  49.58  11.86  694.48  695.92  0  675.42 676.69
cube15cam1_12   1   2  208.36  215.0  49.83  11.23  695.57  694.92  0  678.24 674.25
cube15cam1_13   1   3  194.44  207.48  49.48  5.59  694.6  695.88  0  675.49 675.66
cube15cam1_14   1   4  187.59  194.18  50.01  8.98  694.91  693.45  0  675.92 675.28
cube15cam2_11   2   1  210.59  184.63  48.01  11.93  676.89  676.39  0  661.22 656.67
cube15cam2_12   2   2  203.91  208.35  48.45  19.33  677.8  676.44  0  659.13 657.03
cube15cam2_13   2   3  189.83  200.91  49.01  37.47  678.13  676.55  0  658.2 657.48
cube15cam2_14   2   4  182.58  190.83  48.1  27.37  678.24  674.63  0.0481  659.05 665.89
cube15cam3_11   3   1  208.5  179.78  49.12  15.58  674.2  675.34  0  655.37 656.5
cube15cam3_12   3   2  200.62  210.09  49.33  14.17  674.92  674.02  0  656.39 661.47
cube15cam3_13   3   3  188.71  204.43  49.26  5.41  673.63  676.08  0  655.35 656.98
cube15cam3_14   3   4  182.51  186.65  49.48  8.39  674.98  675.01  0  656.14 654.0
cube15cam1_21   1   1  214.89  188.99  50.54  7.74  697.28  691.87  0.0545  679.2 690.3
cube15cam1_22   1   2  208.0  213.68  50.56  6.75  691.88  696.84  0  672.98 678.59
cube15cam1_23   1   3  193.6  206.89  50.43  9.16  697.82  690.56  0.0225  679.35 677.96
cube15cam1_24   1   4  187.76  194.75  49.85  7.49  692.01  697.7  0  674.26 679.57
cube15cam2_21   2   1  211.53  184.24  48.35  9.09  680.83  672.91  0  662.62 653.84
cube15cam2_22   2   2  205.13  206.89  48.81  10.99  675.14  679.73  0  658.05 659.69
cube15cam2_23   2   3  188.99  199.87  48.91  14.14  681.09  672.01  0  661.67 653.27
cube15cam2_24   2   4  183.19  191.25  48.19  11.9  675.43  679.74  0  659.41 662.34
cube15cam3_21   3   1  207.29  179.09  49.53  12.19  677.93  670.87  0  659.81 655.85
cube15cam3_22   3   2  201.15  211.19  49.33  6.51  672.57  677.49  0  653.65 659.62
cube15cam3_23   3   3  189.4  204.69  49.71  15.32  677.44  672.08  0  659.52 653.34
cube15cam3_24   3   4  183.37  185.91  49.44  5.65  671.7  677.06  0  654.74 658.53
cube15cam1_31   1   1  211.91  185.6  50.62  5.75  691.71  695.27  0  672.49 677.14
cube15cam1_32   1   2  206.37  209.83  50.72  7.88  696.74  691.25  0  678.19 672.25
cube15cam1_33   1   3  191.71  206.08  49.98  7.94  691.96  696.97  0  672.67 677.5
cube15cam1_34   1   4  185.35  191.89  50.51  7.66  696.33  691.24  0  677.99 671.34
cube15cam2_31   2   1  208.53  182.28  48.44  11.32  675.29  677.42  0  656.96 660.02
cube15cam2_32   2   2  202.43  205.44  48.69  5.85  679.91  674.1  0  661.89 655.01
cube15cam2_33   2   3  185.57  199.55  48.88  9.21  675.9  679.29  0  655.63 661.46
cube15cam2_34   2   4  181.3  188.05  47.99  15.42  680.86  673.84  0  661.76 654.59
cube15cam3_31   3   1  204.23  177.69  49.57  5.1  671.86  676.77  0  652.22 657.58
cube15cam3_32   3   2  199.48  208.21  49.26  5.41  677.25  672.16  0  659.58 653.7
cube15cam3_33   3   3  186.99  201.92  49.52  7.82  671.97  676.49  0  653.22 658.71
cube15cam3_34   3   4  181.65  182.7  49.57  10.98  677.65  671.26  0  657.98 651.05
cube15cam1_41   1   1  214.87  197.64  51.07  11.28  695.96  694.12  0.0533  677.58 684.94
cube15cam1_42   1   2  217.69  214.78  51.68  3.98  693.69  695.88  0  678.29 675.49
cube15cam1_43   1   3  193.92  217.99  51.19  3.51  695.59  694.98  0.0722  676.24 689.21
cube15cam1_44   1   4  197.26  194.64  51.5  6.34  694.51  694.3  0  675.16 675.26
cube15cam2_41   2   1  210.72  193.62  48.97  12.07  677.44  675.99  0.0358  658.13 667.25
cube15cam2_42   2   2  213.79  206.45  49.03  6.05  678.01  675.95  0  658.41 658.63
cube15cam2_43   2   3  188.59  212.17  50.02  18.77  678.51  675.86  0.1227  658.47 661.98
cube15cam2_44   2   4  192.1  190.47  49.15  11.66  676.95  676.38  0  658.57 656.67
cube15cam3_41   3   1  207.96  189.3  51.14  22.24  674.39  673.49  0  656.68 653.85
cube15cam3_42   3   2  210.81  210.13  50.79  9.16  673.24  673.85  0  655.21 654.26
cube15cam3_43   3   3  188.21  213.79  51.3  15.72  674.85  673.86  0  655.76 654.34
cube15cam3_44   3   4  191.6  186.58  50.93  11.51  675.06  676.04  0  654.99 658.12
cube15cam1_51   1   1  214.13  196.76  51.4  4.92  697.1  693.6  0  677.6 674.79
cube15cam1_52   1   2  217.73  214.08  50.92  2.79  693.99  697.91  0  673.83 678.74
cube15cam1_53   1   3  192.96  216.05  51.31  5.12  697.84  693.2  0  679.03 673.8
cube15cam1_54   1   4  195.89  193.69  50.98  7.33  693.32  696.99  0  674.79 681.45
cube15cam2_51   2   1  210.52  192.56  48.95  8.56  680.72  674.11  0  662.46 655.04
cube15cam2_52   2   2  213.63  205.8  49.3  8.8  678.0  680.69  0  657.83 660.23
cube15cam2_53   2   3  188.68  209.14  49.63  12.02  681.39  674.59  0  661.75 655.72
cube15cam2_54   2   4  191.5  189.58  48.81  7.79  677.16  678.47  0  658.13 662.92
cube15cam3_51   3   1  207.5  187.73  50.24  12.55  678.69  673.43  0  660.32 653.72
cube15cam3_52   3   2  210.99  210.4  50.39  1.46  674.2  677.69  0  654.54 658.9
cube15cam3_53   3   3  187.69  213.25  50.34  5.89  677.26  673.64  0  658.47 654.6
cube15cam3_54   3   4  191.16  186.04  50.04  6.37  674.78  677.89  0  654.21 658.42
cube15cam1_61   1   1  214.39  197.07  50.42  5.78  693.72  696.65  0  675.1 678.16
cube15cam1_62   1   2  216.7  212.42  51.43  8.0  696.75  693.01  0.0589  678.64 688.88
cube15cam1_63   1   3  192.75  215.38  51.3  3.18  692.99  696.62  0  674.37 678.44
cube15cam1_64   1   4  195.88  193.74  51.16  6.92  696.09  693.21  0  677.86 672.72
cube15cam2_61   2   1  210.27  193.73  49.01  5.7  676.97  678.63  0  656.12 661.73
cube15cam2_62   2   2  213.27  205.69  48.87  9.12  680.72  674.94  0  662.75 659.64
cube15cam2_63   2   3  187.47  209.26  49.52  6.9  675.99  678.53  0  659.42 658.96
cube15cam2_64   2   4  191.57  189.63  48.77  10.63  680.17  674.52  0  660.52 655.58
cube15cam3_61   3   1  207.12  187.64  50.59  2.94  673.31  676.51  0  654.1 657.47
cube15cam3_62   3   2  210.36  209.52  50.56  5.5  677.29  673.01  0  658.57 654.02
cube15cam3_63   3   3  188.6  213.02  50.51  4.36  674.98  676.82  0  654.9 657.86
cube15cam3_64   3   4  191.27  184.67  50.23  12.24  676.95  672.09  0  658.33 653.73
cube16cam1_11   1   1  215.82  184.58  50.54  7.86  689.49  691.15  0  670.63 674.21
cube16cam1_12   1   2  204.38  214.22  50.95  4.0  690.81  688.7  0  671.9 670.88
cube16cam1_13   1   3  194.68  204.15  50.48  7.94  689.2  690.91  0  671.03 671.02
cube16cam1_14   1   4  184.08  195.83  50.62  9.16  691.45  689.27  0  672.65 670.06
cube16cam2_11   2   1  212.28  181.03  48.54  10.85  673.08  674.19  0  654.18 657.23
cube16cam2_12   2   2  201.97  207.82  48.97  7.23  675.16  671.23  0  657.88 651.26
cube16cam2_13   2   3  188.59  198.14  49.17  4.83  672.3  672.8  0  654.34 653.19
cube16cam2_14   2   4  179.39  190.95  48.66  12.86  674.26  672.16  0  656.48 652.01
cube16cam3_11   3   1  207.66  176.6  49.71  7.79  669.21  670.96  0  650.85 651.51
cube16cam3_12   3   2  197.02  211.72  50.1  10.54  671.75  669.27  0  651.93 649.63
cube16cam3_13   3   3  190.27  201.41  50.27  5.28  669.93  671.13  0  650.2 654.75
cube16cam3_14   3   4  179.64  187.0  49.83  10.14  671.76  670.16  0  654.89 650.26
cube16cam1_21   1   1  226.77  192.25  50.86  5.26  690.15  691.47  0  672.04 671.65
cube16cam1_22   1   2  211.8  226.28  51.04  3.76  690.37  689.93  0  672.03 671.33
cube16cam1_23   1   3  205.87  211.0  50.59  8.03  690.95  690.97  0  671.72 671.44
cube16cam1_24   1   4  191.73  206.76  50.63  9.35  692.17  690.52  0  673.17 671.31
cube16cam2_21   2   1  222.43  187.35  48.14  11.83  673.12  673.41  0.0244  654.93 659.62
cube16cam2_22   2   2  209.01  219.89  49.09  6.83  674.52  673.15  0  657.49 653.05
cube16cam2_23   2   3  200.72  205.39  49.4  10.66  673.89  672.61  0  655.12 653.85
cube16cam2_24   2   4  185.7  201.17  48.9  7.15  674.78  672.39  0  655.56 652.67
cube16cam3_21   3   1  220.38  184.31  49.98  12.08  672.09  671.91  0  652.15 653.33
cube16cam3_22   3   2  205.86  222.05  50.15  7.29  672.11  670.24  0  651.66 650.42
cube16cam3_23   3   3  200.61  208.22  49.92  9.57  670.9  671.46  0  651.55 653.08
cube16cam3_24   3   4  185.63  199.49  49.97  12.72  670.95  672.05  0  652.0 652.03
cube16cam1_31   1   1  215.39  188.64  50.54  7.18  692.4  691.02  0  674.23 671.63
cube16cam1_32   1   2  210.55  214.7  50.86  6.01  691.0  694.05  0  671.17 674.16
cube16cam1_33   1   3  193.83  208.24  50.92  4.17  691.9  690.08  0  673.59 672.31
cube16cam1_34   1   4  187.88  194.41  50.8  4.12  689.79  691.99  0  672.13 673.29
cube16cam2_31   2   1  211.05  184.57  48.48  10.23  676.18  671.93  0  658.15 652.11
cube16cam2_32   2   2  205.29  208.19  49.33  4.63  673.88  676.32  0  654.16 655.5
cube16cam2_33   2   3  188.18  201.7  49.18  6.75  675.14  670.33  0  656.45 652.79
cube16cam2_34   2   4  182.51  190.66  48.76  5.2  673.8  675.47  0  654.18 655.42
cube16cam3_31   3   1  207.49  181.64  50.3  6.68  672.05  671.9  0  654.03 653.16
cube16cam3_32   3   2  201.76  212.38  49.83  5.73  672.08  674.17  0  653.77 656.02
cube16cam3_33   3   3  189.39  204.43  50.26  6.76  672.35  670.36  0  652.84 651.58
cube16cam3_34   3   4  183.84  186.76  49.83  5.61  670.99  673.0  0  650.98 652.96
cube16cam1_41   1   1  213.56  192.75  51.06  4.3  692.02  690.1  0.1091  697.09 670.14
cube16cam1_42   1   2  213.16  212.67  51.09  9.24  690.5  691.95  0.1822  671.2 688.13
cube16cam1_43   1   3  192.64  212.38  51.3  3.18  692.48  690.89  0  678.41 671.26
cube16cam1_44   1   4  192.54  192.95  51.0  5.16  690.97  692.01  0  670.96 673.0
cube16cam2_41   2   1  209.3  188.23  49.58  5.16  674.63  670.2  0.0741  661.77 650.74
cube16cam2_42   2   2  209.38  206.95  49.51  6.36  673.65  674.81  0.1831  652.9 669.96
cube16cam2_43   2   3  187.66  205.7  49.8  6.14  675.93  672.53  0  676.94 652.64
cube16cam2_44   2   4  186.49  189.05  49.35  7.09  674.22  674.93  0  654.35 654.95
cube16cam3_41   3   1  206.52  183.63  51.3  5.43  672.6  670.1  0.0653  674.96 650.88
cube16cam3_42   3   2  205.51  208.34  50.98  5.84  670.41  671.64  0  650.17 651.27
cube16cam3_43   3   3  188.0  209.88  50.74  4.99  671.67  670.03  0  653.08 649.51
cube16cam3_44   3   4  187.84  184.52  50.92  6.04  669.23  672.26  0  651.29 674.15
cube16cam1_51   1   1  213.31  193.56  51.64  4.22  691.12  690.98  0  672.72 672.74
cube16cam1_52   1   2  214.33  211.35  51.44  5.6  691.05  690.58  0  672.59 672.78
cube16cam1_53   1   3  192.06  213.16  51.44  3.6  690.84  691.94  0  672.43 672.83
cube16cam1_54   1   4  193.43  193.68  51.02  8.15  691.85  691.83  0  673.98 671.93
cube16cam2_51   2   1  209.31  189.77  49.51  5.49  674.59  673.42  0  654.62 653.46
cube16cam2_52   2   2  210.41  206.77  49.6  7.48  675.58  673.84  0  654.63 654.15
cube16cam2_53   2   3  186.58  207.74  50.02  6.11  674.38  674.19  0  656.09 656.77
cube16cam2_54   2   4  187.84  188.52  49.56  6.4  675.14  672.8  0  656.22 653.42
cube16cam3_51   3   1  205.8  185.53  51.14  6.89  670.15  672.25  0  652.11 653.6
cube16cam3_52   3   2  206.73  209.21  51.37  5.22  672.48  671.39  0  654.66 653.03
cube16cam3_53   3   3  188.38  210.26  50.76  10.04  672.08  671.84  0  653.38 652.05
cube16cam3_54   3   4  187.41  184.05  51.5  7.06  671.65  670.94  0  650.82 652.25
cube16cam1_61   1   1  218.55  198.87  51.29  18.7  691.53  690.42  0  671.54 670.6
cube16cam1_62   1   2  219.38  218.53  50.14  35.26  690.36  691.75  0  672.77 673.42
cube16cam1_63   1   3  198.21  219.1  50.0  31.55  691.91  690.88  0  674.07 672.44
cube16cam1_64   1   4  197.41  198.47  49.96  40.01  689.83  691.87  0  672.28 671.24
cube16cam2_61   2   1  213.76  193.99  46.76  30.44  675.34  672.73  0  655.09 655.58
cube16cam2_62   2   2  214.35  211.66  46.89  27.56  674.86  674.42  0  657.43 655.48
cube16cam2_63   2   3  192.56  211.34  48.29  93.55  673.91  672.54  0  657.04 654.26
cube16cam2_64   2   4  191.86  194.54  46.76  54.39  674.33  673.73  0  655.75 656.29
cube16cam3_61   3   1  210.38  190.22  52.67  28.5  670.82  670.53  0  653.58 651.53
cube16cam3_62   3   2  211.21  213.28  51.98  26.67  670.68  672.23  0  651.66 653.33
cube16cam3_63   3   3  192.21  215.49  51.84  21.39  672.08  671.95  0  652.82 652.61
cube16cam3_64   3   4  192.72  189.46  52.75  23.61  671.05  671.17  0  651.21 652.99
