   1     3  198.85  196.25  51.12  4.18  676.34  675.93  0   679.37 677.51
   2     1  192.57  196.07  49.74  13.46  658.49  654.75  0   661.52 655.61
   3     1  189.27  192.32  50.62  6.21  654.02  657.72  0   656.66 660.42
   4     4  195.72  191.87  52.15  11.76  662.08  663.55  0   663.8 667.17
   5     3  203.0  191.5  51.18  8.82  676.61  679.68  0   676.81 683.24
   6     1  200.74  191.64  50.33  9.15  676.53  669.45  0   681.55 669.56
   1     3  193.98  195.37  51.35  3.84  678.12  673.19  0.0902   684.17 698.7
   2     1  192.06  181.66  48.06  9.75  656.58  655.65  0   658.25 658.1
   3     1  188.4  176.61  49.04  8.99  659.48  653.41  0.035   662.34 667.46
   4     4  185.89  188.91  49.94  12.37  666.84  663.97  0   666.97 666.01
   5     3  194.55  200.35  51.64  5.96  678.84  679.78  0.103   684.43 679.5
   6     1  193.47  196.41  50.78  11.24  673.11  673.98  0.0735   685.33 673.68
    1    3  190.55  188.37  49.83  5.61  674.01  673.1  0   675.44 678.01
    2    1  190.02  191.79  49.71  6.73  664.15  657.03  0   664.99 657.95
    3    1  187.49  187.97  50.72  6.21  656.09  659.54  0   657.29 660.27
    4    4  194.28  192.58  51.19  11.17  665.92  665.95  0   665.86 667.29
    5    3  192.26  186.61  50.25  10.83  676.39  682.44  0   677.26 682.48
    6    1  195.29  185.82  49.31  6.79  677.42  668.83  0.0427   685.23 670.0
    1    4  196.51  191.56  52.07  13.38  669.09  670.41  0   671.01 674.31
    2    3  187.57  191.58  50.89  14.23  654.15  652.76  0   654.38 655.74
    3    2  187.81  196.13  49.93  15.82  655.07  655.05  0   657.55 656.48
    4    3  200.41  184.85  51.04  11.29  662.2  666.23  0   663.49 667.77
    5    1  197.28  191.34  51.28  8.13  677.08  674.9  0   677.51 676.1
    6    4  196.76  196.81  51.68  7.72  673.0  671.14  0   676.04 672.12
    1    3  200.44  186.09  51.1  4.46  673.61  671.77  0   673.89 672.83
    2    1  192.47  196.3  49.86  11.0  655.64  655.01  0   655.99 655.2
    3    1  189.58  190.7  51.0  5.03  655.61  650.86  0   657.45 651.69
    4    4  196.4  188.53  51.76  5.42  663.7  660.33  0   664.26 663.58
    5    3  200.73  193.31  51.22  8.65  676.19  676.05  0   676.88 676.01
    6    1  200.57  190.6  50.53  4.81  669.58  672.35  0   669.96 672.17
    1    4  198.24  198.85  50.42  5.78  672.06  671.16  0   671.17 669.97
    2    3  193.98  181.45  49.72  13.31  657.21  653.17  0.1053   667.19 653.56
    3    2  193.59  187.69  51.37  13.09  651.33  654.34  0   651.61 655.27
    4    3  196.85  195.2  52.08  14.93  665.59  663.11  0   665.93 664.6
    5    1  196.22  201.54  52.07  5.13  674.67  676.6  0   676.87 677.36
    6    4  182.28  200.04  50.36  10.06  672.19  665.6  0.3097   681.13 668.99
    1    3  191.6  194.17  52.61  54.22  672.0  675.03  0   672.02 675.04
    2    1  189.65  194.51  50.16  6.32  652.29  655.8  0   653.75 656.73
    3    1  193.82  184.78  49.77  3.31  654.47  651.19  0.1725   654.21 657.83
