cube11[462.06, 188.44, 49.05, 15.63, 666, 666, 0]
cube12[471.69, 473.06, 48.48, 24.42, 658, 660, 0]
cube13[185.06, 186.94, 50.63, 6.39, 660, 660, 0]
cube14[188.19, 190.62, 48.98, 10.07, 663, 667, 0]
cube15[201.56, 497.0, 48.17, 36.45, 663, 660, 0.04461305007587253]
cube16[468.25, 471.63, 55.61, 18.64, 660, 659, 0]
cube21[461.06, 197.56, 47.37, 32.56, 663, 675, 0.013448969331322273]
cube22[472.81, 468.44, 49.06, 10.58, 659, 660, 0.015197568389057751]
cube23[185.37, 186.31, 50.95, 5.28, 659, 659, 0]
cube11[462.12, 188.56, 49.02, 14.71, 666, 666, 0]
cube12[471.75, 473.19, 48.29, 19.41, 658, 660, 0]
cube13[185.25, 186.69, 50.53, 4.06, 660, 660, 0]
cube14[187.94, 190.25, 48.75, 11.13, 663, 667, 0]
cube15[201.56, 496.94, 48.21, 41.23, 663, 660, 0.04461305007587253]
cube16[468.37, 471.5, 55.76, 18.77, 660, 659, 0]
cube21[461.19, 197.56, 47.45, 30.17, 663, 675, 0.013448969331322273]
cube22[472.88, 468.31, 48.8, 9.38, 659, 660, 0.012917933130699088]
cube23[185.37, 186.31, 50.95, 5.28, 659, 659, 0]
cube24[185.81, 197.31, 43.59, 438.78, 667, 662, 0]
cube25[192.06, 463.44, 49.79, 9.23, 659, 658, 0]
cube11[462.12, 188.56, 49.02, 14.71, 666, 666, 0]
cube11[200.12, 463.19, 49.46, 2.16, 663, 662, 0]
cube12[481.81, 192.31, 48.99, 16.26, 660, 657, 0]
cube13[474.0, 194.94, 49.07, 15.47, 667, 672, 0]
cube14[190.37, 468.25, 50.95, 10.87, 667, 660, 0]
cube15[468.38, 191.69, 51.8, 37.49, 658, 658, 0]
cube16[471.06, 185.63, 50.52, 7.03, 660, 658, 0]
cube21[186.25, 194.19, 52.35, 50.1, 665, 665, 0]
cube22[187.06, 471.87, 49.34, 22.25, 660, 659, 0]
cube23[464.25, 473.5, 50.36, 5.93, 662, 665, 0]
cube24[471.12, 188.5, 50.52, 10.14, 664, 664, 0.24812593703148425]
cube25[471.63, 472.31, 49.45, 7.48, 658, 658, 0.07814871016691957]
cube26[162.25, 204.25, 49.91, 34.7, 663, 663, 0]
cube31[461.69, 189.75, 50.98, 27.55, 663, 661, 0]
cube32[457.63, 460.19, 53.24, 12.74, 682, 658, 0.015128488532743851]
cube33[200.69, 200.31, 51.13, 13.49, 664, 663, 0]
cube34[199.44, 205.37, 48.93, 10.68, 663, 663, 0]
cube35[194.63, 458.37, 52.1, 14.05, 661, 657, 0]
cube36[462.0, 463.69, 49.57, 5.23, 662, 663, 0]
cube41[188.12, 190.25, 48.58, 5.75, 663, 665, 0]
cube42[202.56, 497.44, 48.62, 29.54, 664, 660, 0.04552352048558422]
cube43[467.56, 471.44, 55.69, 32.36, 659, 659, 0]
cube44[186.87, 190.12, 48.83, 8.44, 662, 665, 0]
cube45[202.5, 497.69, 48.96, 42.56, 664, 660, 0.04982296408700051]
cube46[468.37, 470.5, 55.77, 22.6, 660, 658, 0]
cube51[187.0, 190.12, 48.83, 8.69, 662, 667, 0]
cube52[202.5, 497.69, 48.96, 42.56, 664, 660, 0.05209914011127972]
cube53[468.31, 470.56, 55.76, 22.89, 660, 658, 0]
cube54[187.06, 190.31, 48.66, 5.86, 662, 667, 0]
cube55[202.31, 497.87, 48.7, 40.65, 664, 660, 0.048378926038500504]
cube56[467.44, 470.44, 55.68, 18.34, 659, 658, 0]
cube61[186.94, 188.19, 48.72, 8.57, 662, 663, 0]
cube62[202.5, 497.69, 48.96, 42.56, 664, 660, 0.05108750632271118]
cube63[467.25, 470.5, 55.78, 23.84, 659, 658, 0]
cube64[187.94, 190.06, 48.73, 7.94, 663, 667, 0]
cube65[202.5, 497.5, 48.51, 28.69, 664, 660, 0.04779969650986343]
cube66[468.37, 470.5, 55.78, 24.59, 660, 658, 0]
cube71[188.0, 190.12, 48.83, 8.69, 663, 665, 0]
cube72[202.5, 497.5, 48.33, 30.61, 664, 660, 0.05083459787556904]
cube73[467.37, 471.5, 55.57, 20.27, 659, 659, 0]
cube74[188.19, 190.25, 48.52, 4.14, 663, 667, 0.10751879699248121]
cube75[202.31, 497.87, 48.7, 40.65, 664, 660, 0.04425897824987354]
cube76[467.37, 470.56, 55.75, 20.73, 659, 658, 0]
cube81[187.19, 190.25, 48.52, 4.14, 662, 667, 0]
cube82[202.44, 497.81, 49.05, 41.69, 664, 660, 0.04779969650986343]
cube83[468.31, 470.5, 55.71, 23.77, 660, 658, 0]
cube84[187.12, 189.25, 48.58, 5.75, 662, 666, 0]
cube85[202.5, 497.69, 48.96, 42.56, 664, 660, 0.04772727272727273]
cube86[467.44, 471.56, 55.69, 20.35, 659, 659, 0]
cube91[188.19, 190.31, 48.49, 5.71, 663, 667, 0]
cube92[202.44, 497.5, 48.48, 24.18, 664, 660, 0.04881133029843197]
cube93[467.25, 470.44, 55.92, 20.62, 659, 658, 0]
cube94[187.19, 190.31, 48.49, 5.71, 662, 667, 0]
cube95[202.5, 497.69, 48.96, 42.56, 664, 660, 0.05058168942842691]
cube96[468.25, 471.5, 55.78, 23.84, 660, 659, 0]
cube101[188.12, 190.25, 48.58, 5.75, 663, 667, 0]
cube102[202.44, 497.87, 49.1, 42.32, 664, 660, 0.05083459787556904]
cube103[468.0, 471.38, 55.78, 20.59, 660, 659, 0]
cube104[187.19, 190.25, 48.52, 4.14, 662, 667, 0]
cube105[202.31, 496.87, 48.7, 40.65, 664, 659, 0.05015197568389058]
cube106[468.44, 470.56, 55.69, 20.35, 660, 658, 0]



cube11[197.87, 483.56, 49.19, 21.71, 666, 666, 0]
cube21[176.94, 193.31, 48.58, 15.38, 664, 662, 0]
cube31[468.25, 177.44, 48.38, 14.84, 667, 664, 0]
cube41[484.0, 462.37, 48.94, 20.19, 665, 662, 0]
cube51[473.31, 186.19, 50.0, 7.12, 665, 664, 0]
cube61[200.25, 462.37, 48.9, 6.82, 664, 661, 0]
cube71[478.87, 470.06, 48.51, 8.78, 667, 669, 0.27136431784107945]
cube81[192.31, 194.44, 51.54, 37.72, 666, 664, 0]
cube91[468.25, 190.37, 51.48, 28.29, 666, 665, 0]
cube101[474.06, 469.56, 50.09, 5.73, 664, 661, 0]
cube111[195.0, 198.31, 49.08, 3.94, 662, 662, 0]
cube121[195.31, 476.5, 48.59, 7.04, 667, 665, 0.303848075962019]


cube11[197.87, 483.56, 49.19, 21.71, 666, 666, 0]
cube12[462.94, 479.25, 48.87, 17.39, 655, 658, 0]
cube13[190.94, 179.94, 48.64, 18.12, 661, 663, 0.1550680786686838]
cube21[176.94, 193.31, 48.58, 15.38, 664, 662, 0]
cube22[480.56, 191.44, 48.82, 18.41, 658, 655, 0]
cube23[177.31, 466.56, 48.03, 14.17, 661, 659, 0]
cube31[468.25, 177.44, 48.38, 14.84, 667, 664, 0]
cube32[191.06, 177.19, 48.73, 14.52, 655, 658, 0]
cube33[466.37, 481.44, 48.06, 19.71, 661, 663, 0]
cube41[484.0, 462.37, 48.94, 20.19, 665, 662, 0]
cube42[178.69, 463.19, 48.41, 16.74, 659, 655, 0]
cube43[479.87, 191.81, 48.47, 16.36, 661, 660, 0]



cube11[197.87, 483.56, 49.19, 21.71, 666, 666, 0]
cube21[176.94, 193.31, 48.58, 15.38, 664, 662, 0]
cube31[468.25, 177.44, 48.38, 14.84, 667, 664, 0]
cube41[484.0, 462.37, 48.94, 20.19, 665, 662, 0]

cube12[468.49528, 485.001  ,  49.45644,  17.59868, 662.86   , 665.896  ,
cube22[486.32672, 193.73728,  49.40584,  18.63092, 665.896  , 662.86   ,
cube32[193.35272, 179.31628,  49.31476,  14.69424, 662.86   , 665.896  ,
cube42[180.83428, 468.74828,  48.99092,  16.94088, 666.908  , 662.86   ,

cube13[1.91894700e+02, 1.80839700e+02, 4.88832000e+01, 1.82106000e+01,
       6.64305000e+02, 6.66315000e+02, 1.55843419e-01]
cube23[178.19655, 468.8928 ,  48.27015,  14.24085, 664.305  , 662.295  ,
         0.     ]
cube33[468.70185, 483.8472 ,  48.3003 ,  19.80855, 664.305  , 666.315  ,
         0.     ]
cube43[482.26935, 192.76905,  48.71235,  16.4418 , 664.305  , 663.3    ,
         0.     ] 
