cube1cam1    1    1   1   194.37   186.16   50.55   10.76   681.44   674.31   0  681.92  678.94
cube1cam2    2    2   2   184.93   187.25   48.91   14.67   657.97   654.68   0  662.28  656.61
cube1cam3    3    4   4   182.9   183.98   49.62   5.58   659.98   655.89   0  660.99  656.34
cube1cam4    4    2   2   193.03   193.5   50.56   7.5   665.59   664.89   0  670.21  665.34
cube1cam5    5    2   2   197.44   194.89   51.93   7.95   678.72   678.11   0  680.47  681.34
cube1cam6    6    2   2   198.42   191.42   51.56   3.44   672.08   673.0   0.0455  672.04  679.12
cube2cam1    1    4   4   183.89   193.76   50.51   11.36   676.54   668.31   0.0473  678.47  686.11
cube2cam2    2    3   3   187.38   190.48   49.98   6.69   654.32   652.14   0  657.31  653.81
cube2cam3    3    2   2   191.6   190.79   49.89   12.92   656.99   653.87   0  660.88  653.97
cube2cam4    4    3   3   189.18   196.24   50.3   9.95   667.04   662.75   0.0558  683.34  663.59
cube2cam5    5    1   1   196.38   201.28   51.81   10.75   672.44   677.67   0.0606  679.35  680.68
cube2cam6    6    4   4   186.85   190.4   49.89   10.07   673.02   670.32   0  674.6  672.13
cube3cam1    1    2   2   198.93   199.94   50.04   7.37   672.6   671.25   0  675.64  672.81
cube3cam2    2    4   4   193.6   191.27   50.12   13.37   662.73   657.83   0  662.53  659.94
cube3cam3    3    3   3   188.67   185.86   49.28   10.45   654.14   657.36   0  657.17  659.18
cube3cam4    4    1   1   199.26   196.19   50.74   8.41   666.58   665.78   0  666.65  666.65
cube3cam5    5    4   4   188.82   196.48   50.3   12.6   675.85   678.14   0  676.73  680.28
cube3cam6    6    3   3   193.09   195.43   51.14   9.14   672.41   666.15   0  673.28  668.02
cube4cam1    1    2   2   198.55   194.36   51.54   11.04   673.08   672.54   0  674.24  672.75
cube4cam2    2    4   4   182.35   188.91   48.6   8.85   658.85   651.51   0  660.21  652.44
cube4cam3    3    3   3   188.61   194.56   49.8   7.89   655.55   658.28   0  654.57  658.1
cube4cam4    4    1   1   192.4   183.37   49.51   9.49   665.86   668.97   0  666.12  670.28
cube4cam5    5    4   4   197.34   195.5   51.62   5.85   676.07   679.63   0  675.86  680.24
cube4cam6    6    3   3   192.77   182.18   51.0   5.53   678.34   669.54   0  677.67  669.29
cube5cam1    1    2   2   197.13   195.79   51.32   7.48   672.92   676.01   0  675.47  676.37
cube5cam2    2    4   4   180.73   189.49   48.9   6.82   656.13   656.6   0  657.75  658.75
cube5cam3    3    3   3   189.24   193.38   50.5   21.81   656.74   656.09   0  658.18  658.8
cube5cam4    4    1   1   190.54   184.8   49.71   6.79   663.95   668.17   0  665.37  668.01
cube5cam5    5    4   4   200.14   196.31   52.08   10.7   681.81   677.47   0  682.8  677.94
cube5cam6    6    3   3   193.52   183.78   50.47   11.38   674.08   670.42   0  674.18  675.48
cube6cam1    1    3   3   191.33   195.1   52.13   6.0   672.03   667.31   0.8237  679.56  668.14
cube6cam2    2    1   1   191.87   183.8   49.06   6.64   654.48   654.3   0  657.58  657.38
cube6cam3    3    1   1   185.5   175.94   49.66   10.25   655.0   650.0   0.3084  658.01  657.0
cube6cam4    4    4   4   184.67   194.33   50.3   11.6   662.94   660.69   0  663.65  662.82
cube6cam5    5    3   3   188.56   192.31   53.74   883.85   674.82   676.96   0  678.4  677.48
cube6cam6    6    1   1   196.91   186.89   52.65   303.67   668.88   665.73   0  671.48  672.68
cube7cam1    1    1   1   201.61   187.56   51.12   6.46   679.05   673.52   0  680.76  677.19
cube7cam2    2    2   2   190.84   189.64   49.65   8.59   657.19   653.87   0  659.37  657.13
cube7cam3    3    4   4   185.12   186.62   49.14   7.62   658.9   655.09   0  659.65  657.31
cube7cam4    4    2   2   196.13   194.88   51.28   9.52   667.88   664.88   0  668.58  664.58
cube7cam5    5    2   2   199.58   195.63   52.43   10.32   675.99   675.13   0  678.6  679.23
cube7cam6    6    2   2   200.25   193.25   51.92   16.32   672.67   671.14   0  674.42  672.58
cube8cam1    1    2   2   193.53   195.91   55.68   17.32   670.18   672.18   0  672.03  673.05
cube8cam2    2    4   4   184.3   189.21   49.39   13.42   650.58   651.97   0  652.37  653.99
cube8cam3    3    3   3   191.47   191.8   53.52   14.3   654.77   656.84   0  655.92  658.95
cube8cam4    4    1   1   194.91   185.95   50.17   26.38   662.18   667.05   0  663.08  667.71
cube8cam5    5    4   4   192.86   199.58   54.69   41.74   676.59   675.81   0  678.4  677.85
cube8cam6    6    3   3   193.13   187.25   51.1   18.15   674.02   671.14   0  676.31  671.86
cube9cam1    1    2   2   186.91   195.8   50.31   8.15   675.52   677.07   0  676.24  678.53
cube9cam2    2    4   4   191.34   189.04   49.65   5.59   660.91   653.67   0  662.71  657.65
cube9cam3    3    3   3   190.23   184.04   49.18   10.18   656.24   660.14   0  658.29  661.0
cube9cam4    4    1   1   192.01   194.63   50.24   10.88   665.0   665.49   0  664.29  666.11
cube9cam5    5    4   4   188.83   195.64   50.47   11.94   677.68   678.92   0  677.3  679.42
cube9cam6    6    3   3   192.87   194.85   51.67   8.37   676.27   669.9   0  677.18  670.86
cube10cam1    1    4   4   187.72   193.54   50.21   8.29   675.72   675.63   0  677.51  677.45
cube10cam2    2    3   3   188.6   180.13   49.4   28.56   654.49   656.7   0.3816  656.79  665.51
cube10cam3    3    2   2   192.05   194.46   49.94   6.82   655.97   653.42   0  656.85  654.28
cube10cam4    4    3   3   188.94   197.4   50.74   4.99   664.12   669.74   0.4958  666.64  676.45
cube10cam5    5    1   1   196.54   197.95   51.41   12.36   682.76   676.59   0  682.63  678.43
cube10cam6    6    4   4   193.51   198.41   50.76   7.49   673.35   671.01   0  674.62  672.09
cube11cam1    1    2   2   186.45   190.32   50.6   15.16   675.72   672.08   0  677.46  672.91
cube11cam2    2    4   4   191.78   191.46   50.02   11.27   661.8   659.11   0  662.3  660.7
cube11cam3    3    3   3   188.92   184.85   48.42   11.52   659.85   657.98   0  661.14  659.47
cube11cam4    4    1   1   190.59   192.54   51.12   7.18   668.53   665.06   0  669.61  665.4
cube11cam5    5    4   4   188.2   192.28   50.12   9.0   677.76   675.47   0  681.77  676.23
cube11cam6    6    3   3   191.75   193.1   51.43   5.55   672.1   671.73   0  671.58  671.43
cube12cam1    1    1   1   193.51   197.78   51.63   6.3   673.94   670.76   0  674.72  670.75
cube12cam2    2    2   2   194.96   191.9   49.92   9.17   654.76   654.16   0  653.63  654.56
cube12cam3    3    4   4   194.17   185.51   50.04   10.87   658.19   653.54   0  659.89  655.4
cube12cam4    4    2   2   185.62   193.45   50.05   7.54   668.9   665.02   0  669.89  666.91
cube12cam5    5    2   2   197.45   196.81   51.12   6.83   676.02   677.42   0  676.54  676.9
cube12cam6    6    2   2   188.31   194.07   50.59   6.19   672.41   674.54   0.0201  674.42  681.2
cube13cam1    1    4   4   199.08   193.12   51.82   6.79   676.29   674.52   0  678.25  676.3
cube13cam2    2    3   3   188.09   191.95   51.19   10.05   660.04   655.5   0  664.36  656.22
cube13cam3    3    2   2   185.4   192.54   50.04   8.47   653.74   657.3   0.2441  654.77  667.58
cube13cam4    4    3   3   197.46   189.01   50.53   5.25   667.08   668.15   0  668.18  668.66
cube13cam5    5    1   1   200.51   191.51   51.32   10.83   677.25   678.45   0  677.56  680.63
cube13cam6    6    4   4   198.88   192.94   51.72   11.42   676.75   668.51   0  676.42  669.92
cube14cam1    1    2   2   197.75   193.35   50.97   6.38   678.43   670.06   0.0597  680.98  692.06
cube14cam2    2    4   4   192.03   198.11   49.17   5.26   660.16   661.11   0  663.44  665.39
cube14cam3    3    3   3   185.91   195.98   50.95   7.28   658.67   652.69   0  662.34  657.68
cube14cam4    4    1   1   192.01   185.74   49.27   7.81   669.5   667.15   0  671.11  668.46
cube14cam5    5    4   4   199.09   201.96   51.96   6.82   677.33   679.3   0  679.74  679.91
cube14cam6    6    3   3   195.69   175.63   50.75   8.39   670.92   670.03   0  673.61  670.32
cube15cam1    1    4   4   195.94   194.73   51.87   6.15   674.86   676.13   0  675.33  681.11
cube15cam2    2    3   3   187.23   191.11   50.71   13.17   654.53   656.98   0  656.14  658.24
cube15cam3    3    2   2   201.53   197.11   49.31   5.17   655.67   654.81   0  657.3  655.98
cube15cam4    4    3   3   191.15   185.13   49.68   8.38   664.95   667.55   0  666.4  671.18
cube15cam5    5    1   1   195.45   190.21   50.74   4.99   678.29   674.89   0  680.94  675.0
cube15cam6    6    4   4   199.04   203.05   51.69   4.31   674.73   672.08   0  674.73  672.86
cube16cam1    1    2   2   184.21   186.01   50.1   10.42   675.13   677.08   0  677.07  677.03
cube16cam2    2    4   4   187.77   189.38   49.92   8.44   655.03   654.28   0.2067  665.86  655.38
cube16cam3    3    3   3   187.73   181.11   49.24   5.5   659.1   656.47   0  660.7  657.61
cube16cam4    4    1   1   189.6   192.92   50.7   9.87   667.63   672.57   0  667.57  673.72
cube16cam5    5    4   4   186.6   191.06   50.83   18.05   683.04   676.6   0  684.85  678.78
cube16cam6    6    3   3   193.52   193.0   51.98   9.86   676.71   673.47   0  682.96  674.27
cube17cam1    1    3   3   193.94   184.77   50.8   7.64   681.78   676.64   0.182  684.2  689.29
cube17cam2    2    1   1   195.86   194.9   49.63   8.46   657.29   656.45   0.1  660.93  663.27
cube17cam3    3    1   1   186.99   189.84   50.53   8.7   659.7   656.12   0  662.38  661.63
cube17cam4    4    4   4   195.06   187.96   50.92   5.54   666.58   664.93   0  668.72  666.35
cube17cam5    5    3   3   200.48   196.34   51.44   10.47   680.41   678.2   0  681.44  680.42
cube17cam6    6    1   1   196.09   188.6   50.92   6.79   673.31   675.46   0  676.55  677.37
cube18cam1    1    4   4   185.05   194.97   50.58   6.95   672.47   675.24   0.2317  672.79  684.84
cube18cam2    2    3   3   186.51   181.68   49.37   7.15   654.55   656.56   0.4568  655.15  664.03
cube18cam3    3    2   2   194.11   192.02   49.8   7.89   656.5   654.72   0  657.99  658.03
cube18cam4    4    3   3   189.96   195.8   50.38   12.56   664.67   667.03   0  666.92  670.94
cube18cam5    5    1   1   195.48   199.81   51.38   10.48   678.91   676.34   0.1545  686.49  679.74
cube18cam6    6    4   4   187.7   194.03   50.42   5.78   673.04   671.97   0.0566  675.71  707.32
cube19cam1    1    4   4   187.77   190.3   50.23   7.22   673.76   672.38   0  674.86  673.63
cube19cam2    2    3   3   185.67   180.98   49.68   6.28   663.98   657.8   0  664.06  661.34
cube19cam3    3    2   2   189.6   192.45   49.98   8.33   653.7   657.66   0  659.98  657.38
cube19cam4    4    3   3   191.71   197.05   51.13   7.14   666.87   669.77   0  668.04  672.38
cube19cam5    5    1   1   194.75   200.07   51.72   7.42   675.59   680.99   0  676.22  683.52
cube19cam6    6    4   4   186.67   189.85   50.07   9.85   676.94   666.78   0  678.59  667.75
cube20cam1    1    3   3   195.23   196.4   51.72   7.79   671.13   668.6   0  671.85  670.14
cube20cam2    2    1   1   197.81   183.93   49.53   7.4   651.02   652.67   0  654.03  658.87
cube20cam3    3    1   1   191.57   180.25   49.92   7.07   655.3   653.39   0  655.26  654.01
cube20cam4    4    4   4   190.37   194.15   50.92   5.79   664.63   663.42   0  666.25  664.27
cube20cam5    5    3   3   196.32   200.24   52.6   10.56   674.89   675.21   0  674.85  675.99
cube20cam6    6    1   1   195.58   194.93   51.92   14.7   670.85   669.82   0  677.48  671.26
cube21cam1    1    2   2   180.18   197.76   50.83   4.32   674.76   671.01   0  675.59  671.53
cube21cam2    2    4   4   192.82   189.3   50.74   14.31   654.53   654.37   0  655.94  655.89
cube21cam3    3    3   3   193.87   182.57   49.61   5.54   654.65   651.94   0  654.98  652.43
cube21cam4    4    1   1   190.6   198.73   50.98   28.69   664.44   662.88   0  664.65  664.15
cube21cam5    5    4   4   181.05   200.59   51.05   8.66   676.04   675.65   0  678.42  676.23
cube21cam6    6    3   3   194.14   196.1   53.62   41.31   670.1   670.05   0  671.48  675.84
cube22cam1    1    1   1   192.15   186.96   50.3   6.68   672.18   674.36   0.0608  678.95  675.57
cube22cam2    2    2   2   182.94   185.97   49.28   4.42   658.05   658.84   0  658.8  662.58
cube22cam3    3    4   4   191.56   190.08   49.33   9.92   653.93   653.63   0  656.55  654.93
cube22cam4    4    2   2   193.27   192.52   50.37   11.06   666.82   667.05   0  668.04  668.5
cube22cam5    5    2   2   199.52   194.41   51.93   9.45   679.83   676.79   0  679.96  676.29
cube22cam6    6    2   2   199.46   197.61   51.19   8.3   669.98   668.29   0  670.76  668.94
cube23cam1    1    3   3   193.96   197.24   51.81   8.52   678.93   675.79   0  680.07  676.37
cube23cam2    2    1   1   190.09   191.41   48.72   9.94   657.38   655.21   0  659.23  656.11
cube23cam3    3    1   1   188.17   180.04   49.13   7.88   660.15   656.97   0  660.6  658.66
cube23cam4    4    4   4   184.29   191.44   49.51   10.45   666.25   665.58   0  667.36  667.3
cube23cam5    5    3   3   196.15   197.56   51.98   7.76   678.04   680.22   0  678.85  682.24
cube23cam6    6    1   1   195.37   196.46   51.3   8.16   675.63   671.86   0  675.97  672.6
cube24cam1    1    4   4   188.81   194.62   50.54   4.93   671.94   675.77   0  673.24  675.2
cube24cam2    2    3   3   181.15   169.99   49.23   6.36   654.11   657.37   0  654.37  657.46
cube24cam3    3    2   2   192.84   194.85   49.95   11.64   656.78   654.88   0  657.58  655.27
cube24cam4    4    3   3   191.75   195.64   51.16   8.05   663.21   669.46   0  664.14  671.69
cube24cam5    5    1   1   190.81   196.25   52.27   10.51   679.1   672.98   0  684.39  676.7
cube24cam6    6    4   4   193.16   199.64   50.53   6.25   675.73   673.62   0.0606  675.31  686.89
cube25cam1    1    3   3   195.03   197.2   52.28   7.05   677.68   673.9   0  679.16  676.09
cube25cam2    2    1   1   195.87   187.69   49.37   4.58   655.31   655.81   0  660.13  658.16
cube25cam3    3    1   1   194.74   183.41   49.59   4.59   655.47   655.08   0  655.56  654.91
cube25cam4    4    4   4   187.88   189.04   50.39   4.11   663.15   661.51   0  664.06  663.55
cube25cam5    5    3   3   197.65   196.5   52.45   15.35   676.01   676.01   0  675.97  676.31
cube25cam6    6    1   1   197.05   196.49   52.08   30.54   671.26   672.43   0  672.72  673.4
cube26cam1    1    3   3   193.01   196.76   51.96   6.82   676.06   674.03   0.0451  685.11  676.25
cube26cam2    2    1   1   187.16   182.17   48.82   11.11   659.43   653.32   0  660.4  653.7
cube26cam3    3    1   1   187.26   181.31   49.36   8.83   655.43   659.65   0  657.16  663.99
cube26cam4    4    4   4   184.6   191.3   49.71   5.79   665.95   667.2   0  667.67  669.49
cube26cam5    5    3   3   193.81   197.0   51.6   15.34   674.39   678.34   0  674.25  680.09
cube26cam6    6    1   1   196.25   195.47   50.88   7.64   674.79   670.37   0  677.72  672.57
cube27cam1    1    3   3   194.78   192.11   51.35   4.09   671.83   670.76   0  672.11  675.91
cube27cam2    2    1   1   188.38   195.49   50.73   10.96   659.72   654.4   0  660.85  653.58
cube27cam3    3    1   1   188.42   190.75   51.75   39.61   651.7   659.21   0  653.68  660.16
cube27cam4    4    4   4   194.83   194.71   52.87   13.94   663.14   664.42   0  664.15  666.39
cube27cam5    5    3   3   195.84   184.33   51.32   8.79   673.61   678.39   0  676.22  683.71
cube27cam6    6    1   1   197.29   179.25   50.06   9.24   671.84   664.78   0  675.51  664.06
cube28cam1    1    3   3   196.85   195.97   50.35   4.84   675.9   673.97   0  675.89  674.07
cube28cam2    2    1   1   187.97   192.99   49.56   10.15   658.27   652.58   0  659.37  652.91
cube28cam3    3    1   1   187.27   189.33   50.18   8.77   654.67   658.2   0  655.98  660.73
cube28cam4    4    4   4   197.13   194.04   51.13   4.14   666.84   668.44   0  671.07  670.49
cube28cam5    5    3   3   194.05   184.81   50.67   7.76   677.06   680.18   0  678.3  681.29
cube28cam6    6    1   1   193.25   185.11   50.2   11.3   679.54   670.05   0  681.79  670.88
cube29cam1    1    3   3   196.29   199.2   52.02   9.03   675.91   674.07   0  676.46  674.56
cube29cam2    2    1   1   190.73   183.69   48.76   7.85   660.2   652.32   0  661.63  653.45
cube29cam3    3    1   1   188.84   178.65   48.81   15.02   652.53   655.99   0  655.17  660.86
cube29cam4    4    4   4   185.89   192.28   49.68   4.96   664.08   664.66   0  664.72  671.1
cube29cam5    5    3   3   195.8   199.57   51.56   3.44   673.24   678.61   0  675.03  682.47
cube29cam6    6    1   1   196.54   197.82   50.86   4.76   676.79   668.09   0  676.93  671.05
cube30cam1    1    3   3   192.4   198.24   51.81   6.69   675.08   672.45   0  675.06  673.49
cube30cam2    2    1   1   191.64   181.65   49.07   5.4   660.78   657.63   0  662.28  658.11
cube30cam3    3    1   1   191.95   183.17   49.33   14.13   656.14   661.19   0  656.73  662.97
cube30cam4    4    4   4   188.8   195.7   50.53   13.01   666.94   666.43   0  668.0  667.18
cube30cam5    5    3   3   192.43   199.96   52.55   14.41   675.42   683.16   0  678.11  684.31
cube30cam6    6    1   1   193.53   197.44   51.45   7.25   674.0   666.98   0  676.5  667.83
cube31cam1    1    4   4   198.26   194.67   51.11   8.09   681.81   675.75   0  683.14  679.56
cube31cam2    2    3   3   189.06   190.25   50.68   14.45   659.03   655.99   0.2576  675.56  659.61
cube31cam3    3    2   2   183.19   188.32   49.63   7.15   657.48   656.02   0.066  659.2  664.16
cube31cam4    4    3   3   190.15   183.22   49.77   6.31   666.83   664.33   0  667.48  665.41
cube31cam5    5    1   1   195.18   189.45   50.58   7.47   678.49   678.14   0  678.46  679.57
cube31cam6    6    4   4   196.79   192.23   51.16   6.55   676.32   673.08   0  679.84  673.99
cube32cam1    1    3   3   192.89   196.89   52.01   6.15   672.94   674.71   0.1382  672.72  681.39
cube32cam2    2    1   1   191.94   187.16   49.13   4.7   653.82   656.59   0  654.71  657.79
cube32cam3    3    1   1   191.51   181.44   49.9   8.73   656.74   654.89   0  657.65  655.02
cube32cam4    4    4   4   185.6   189.34   50.39   26.47   665.09   669.56   0  665.62  672.88
cube32cam5    5    3   3   195.3   194.02   52.28   7.8   678.54   674.2   0  683.78  675.24
cube32cam6    6    1   1   194.56   197.39   52.15   18.26   673.66   670.74   0  676.36  673.11
cube33cam1    1    1   1   195.86   189.19   50.64   11.68   676.64   677.44   0  677.57  678.89
cube33cam2    2    2   2   181.17   185.73   49.18   14.03   660.51   653.82   0  661.52  654.58
cube33cam3    3    4   4   181.78   188.82   49.27   8.46   656.33   660.85   0  657.98  661.76
cube33cam4    4    2   2   192.49   193.99   50.43   10.99   664.98   666.03   0  667.02  668.05
cube33cam5    5    2   2   198.1   194.68   51.82   11.28   676.61   680.18   0  676.95  681.31
cube33cam6    6    2   2   200.5   188.96   51.33   2.98   676.37   668.99   0  677.61  670.33
cube34cam1    1    3   3   195.75   189.0   50.73   6.49   675.49   670.95   0.0629  695.44  674.46
cube34cam2    2    1   1   193.25   193.33   48.95   24.91   655.72   653.09   0  661.09  654.69
cube34cam3    3    1   1   190.61   192.69   50.69   22.07   656.93   655.41   0  658.23  657.45
cube34cam4    4    4   4   197.85   191.66   50.84   11.75   668.07   663.6   0  669.76  665.34
cube34cam5    5    3   3   199.38   196.14   51.37   13.79   676.81   675.79   0  678.26  677.69
cube34cam6    6    1   1   203.53   190.98   50.59   16.03   672.36   671.78   0  674.91  674.96
cube35cam1    1    3   3   193.74   198.06   51.46   6.32   671.08   670.99   0  673.18  672.7
cube35cam2    2    1   1   194.46   188.75   49.46   7.7   659.53   654.53   0  662.55  656.76
cube35cam3    3    1   1   192.27   179.31   49.38   6.55   652.39   654.6   0  654.09  655.35
cube35cam4    4    4   4   189.57   195.88   50.43   10.8   664.01   663.52   0  664.0  665.01
cube35cam5    5    3   3   196.31   199.31   52.07   5.13   675.86   677.1   0  676.51  679.28
cube35cam6    6    1   1   195.03   197.39   51.48   8.66   669.51   664.42   0  671.26  664.76
cube36cam1    1    4   4   185.58   195.59   50.72   4.45   673.89   673.88   0.1166  673.7  684.39
cube36cam2    2    3   3   187.13   179.63   49.82   19.28   658.09   652.21   0  657.31  653.27
cube36cam3    3    2   2   189.24   192.47   50.55   161.23   655.83   660.12   0  657.97  662.13
cube36cam4    4    3   3   192.6   197.25   51.01   5.27   667.08   667.94   0  668.35  667.88
cube36cam5    5    1   1   195.1   197.54   52.67   89.16   675.94   678.67   0  676.68  679.83
cube36cam6    6    4   4   186.36   193.38   50.18   10.65   678.83   670.73   0  679.49  673.57
cube37cam1    1    3   3   190.8   186.98   50.24   11.55   675.78   674.79   0  675.54  674.97
cube37cam2    2    1   1   190.8   193.49   49.68   6.28   659.61   654.76   0  660.41  655.44
cube37cam3    3    1   1   188.32   190.48   49.83   5.61   655.17   659.22   0  656.17  663.55
cube37cam4    4    4   4   194.26   190.58   50.86   5.51   666.77   665.91   0  667.89  670.71
cube37cam5    5    3   3   191.73   188.06   51.08   6.11   675.3   682.58   0.5904  679.76  688.88
cube37cam6    6    1   1   194.55   186.85   50.68   6.35   678.01   670.2   0  679.9  670.43
cube38cam1    1    2   2   188.51   195.55   51.29   11.01   672.76   671.09   0  673.78  671.26
cube38cam2    2    4   4   191.78   189.52   50.9   11.69   659.51   652.88   0  660.26  652.37
cube38cam3    3    3   3   192.81   185.84   50.45   10.43   653.83   656.56   0  654.56  659.1
cube38cam4    4    1   1   191.76   192.93   52.78   19.71   664.44   663.5   0  666.93  664.93
cube38cam5    5    4   4   186.04   197.08   51.73   18.65   675.5   679.02   0  675.27  679.2
cube38cam6    6    3   3   192.85   196.54   54.48   31.06   672.27   666.1   0  672.01  667.71
cube39cam1    1    1   1   193.29   197.37   52.27   9.55   682.88   672.59   0  683.86  673.23
cube39cam2    2    2   2   194.77   190.5   51.13   33.18   657.49   656.69   0  658.39  657.72
cube39cam3    3    4   4   193.56   184.67   50.71   8.48   659.97   656.29   0  661.78  656.99
cube39cam4    4    2   2   182.16   194.52   50.04   8.99   669.12   665.29   0  673.04  667.42
cube39cam5    5    2   2   201.81   200.31   51.12   20.06   680.73   680.92   0  680.34  683.15
cube39cam6    6    2   2   186.23   193.63   51.72   7.42   673.84   676.78   0  676.82  678.34
cube40cam1    1    4   4   188.44   196.66   51.29   9.17   671.91   672.15   0  673.3  674.26
cube40cam2    2    3   3   191.08   181.96   50.47   9.63   655.08   650.31   0  655.09  651.23
cube40cam3    3    2   2   190.99   190.89   51.21   11.35   650.71   654.01   0  655.43  655.66
cube40cam4    4    3   3   191.21   196.78   51.49   13.2   662.84   665.08   0  662.25  665.52
cube40cam5    5    1   1   194.53   198.94   52.51   12.76   670.75   676.27   0  672.15  678.19
cube40cam6    6    4   4   189.16   195.61   51.11   5.34   676.44   669.46   0  676.81  670.24
cube41cam1    1    2   2   197.9   193.63   52.44   10.79   678.65   678.93   0.3442  681.22  686.77
cube41cam2    2    4   4   181.31   187.05   48.91   12.26   662.92   657.01   0.1637  663.26  666.16
cube41cam3    3    3   3   188.4   191.81   51.0   8.51   657.01   660.36   0  658.37  662.0
cube41cam4    4    1   1   190.63   179.61   49.63   5.15   666.12   667.2   0  666.9  669.03
cube41cam5    5    4   4   196.44   195.49   52.5   7.63   679.17   679.48   0  679.38  681.93
cube41cam6    6    3   3   189.44   183.42   51.34   12.87   677.04   672.01   0  678.06  672.01
cube42cam1    1    2   2   192.59   197.54   51.42   5.8   670.77   670.87   0  671.82  671.42
cube42cam2    2    4   4   188.23   187.05   50.53   6.95   656.31   651.85   0  656.61  652.87
cube42cam3    3    3   3   189.75   194.09   51.05   7.61   652.07   653.61   0  650.9  656.83
cube42cam4    4    1   1   195.11   192.61   51.55   4.41   666.13   665.12   0  667.44  667.35
cube42cam5    5    4   4   185.45   202.8   51.39   2.2   673.41   677.09   0  674.78  680.12
cube42cam6    6    3   3   204.29   182.47   51.42   13.62   674.78   665.75   0  676.05  666.71
cube43cam1    1    3   3   193.5   198.71   52.08   10.42   670.03   672.38   0  670.77  673.25
cube43cam2    2    1   1   193.21   184.12   49.62   7.2   656.63   659.08   0  658.82  660.11
cube43cam3    3    1   1   192.79   180.52   49.69   5.35   652.94   658.84   0  654.48  659.81
cube43cam4    4    4   4   186.17   195.78   50.23   14.39   661.38   666.11   0.4837  664.55  675.79
cube43cam5    5    3   3   193.39   191.38   52.39   14.94   675.7   674.96   0.4484  690.4  675.91
cube43cam6    6    1   1   195.29   195.28   52.28   37.32   669.88   667.17   0  670.44  667.8
cube44cam1    1    4   4   187.5   194.28   50.19   6.48   670.71   675.72   0  674.23  676.75
cube44cam2    2    3   3   185.75   179.53   49.09   5.77   653.02   656.07   0  652.96  656.4
cube44cam3    3    2   2   192.99   191.14   50.01   10.37   656.82   655.54   0  657.45  655.28
cube44cam4    4    3   3   192.49   195.11   50.72   7.66   665.67   665.8   0  666.32  670.49
cube44cam5    5    1   1   196.53   198.6   51.81   7.0   680.14   678.86   0  681.17  678.99
cube44cam6    6    4   4   187.41   195.07   50.24   9.93   674.7   670.53   0.1026  675.23  679.58
cube45cam1    1    4   4   197.22   193.26   51.64   5.96   673.33   676.87   0  674.33  677.4
cube45cam2    2    3   3   187.22   189.86   50.33   6.31   655.21   656.9   0  659.12  657.9
cube45cam3    3    2   2   185.5   192.73   49.56   8.19   656.89   659.31   0  656.88  659.64
cube45cam4    4    3   3   190.53   183.42   50.18   4.0   664.96   670.97   0  664.31  675.18
cube45cam5    5    1   1   195.0   189.44   50.57   16.64   680.65   675.59   0  680.57  675.43
cube45cam6    6    4   4   196.81   194.34   50.84   7.8   673.04   670.97   0.284  679.91  670.46
cube46cam1    1    2   2   191.12   196.84   51.57   11.77   670.9   668.7   0  671.33  670.26
cube46cam2    2    4   4   190.13   196.85   51.88   15.83   657.2   655.97   0  659.76  658.67
cube46cam3    3    3   3   189.98   188.14   49.65   9.34   653.33   650.92   0  653.94  652.86
cube46cam4    4    1   1   194.99   193.03   53.09   26.76   664.43   662.49   0  666.26  664.61
cube46cam5    5    4   4   200.2   199.02   51.35   9.86   676.0   676.5   0  676.93  678.91
cube46cam6    6    3   3   196.68   193.11   55.17   15.17   669.0   667.95   0  671.02  670.1
cube47cam1    1    2   2   198.2   194.41   51.49   3.9   677.99   672.7   0.2852  679.45  680.73
cube47cam2    2    4   4   196.6   197.82   48.92   8.53   656.7   655.14   0.0708  663.0  660.82
cube47cam3    3    3   3   185.83   194.07   49.95   12.04   658.83   654.38   0  661.49  655.45
cube47cam4    4    1   1   188.82   186.49   49.63   12.65   666.27   664.7   0  668.31  670.46
cube47cam5    5    4   4   202.49   202.64   52.08   8.92   677.04   675.53   0  677.78  675.5
cube47cam6    6    3   3   193.89   176.38   50.88   10.5   672.3   671.74   0.2549  678.7  672.12
cube48cam1    1    3   3   201.0   196.14   51.36   6.06   670.39   673.72   0  671.46  678.71
cube48cam2    2    1   1   191.69   190.37   51.28   11.4   651.22   652.33   0  653.93  653.31
cube48cam3    3    1   1   191.83   188.66   52.87   17.33   655.15   651.95   0  655.81  653.88
cube48cam4    4    4   4   193.68   192.56   52.98   12.09   660.24   663.25   0  660.92  664.53
cube48cam5    5    3   3   199.23   188.25   51.53   7.61   675.07   673.13   0  680.16  674.24
cube48cam6    6    1   1   196.74   198.81   51.12   9.28   671.78   671.2   0  673.46  672.33
cube49cam1    1    1   1   198.1   184.31   50.6   9.87   683.43   676.99   0  684.27  679.07
cube49cam2    2    2   2   197.25   190.32   48.87   5.12   659.03   656.11   0  660.07  656.16
cube49cam3    3    4   4   183.18   187.72   49.38   4.12   662.57   654.47   0  662.67  656.5
cube49cam4    4    2   2   195.36   190.11   50.39   3.58   665.7   663.64   0  666.55  664.72
cube49cam5    5    2   2   199.41   197.55   51.96   10.32   678.82   678.7   0  680.67  679.92
cube49cam6    6    2   2   199.35   187.95   51.28   12.25   671.25   675.02   0  673.79  674.32
cube50cam1    1    1   1   205.15   200.64   51.63   5.59   675.36   674.22   0  675.75  674.98
cube50cam2    2    2   2   196.17   181.61   49.68   11.41   659.24   653.14   0  662.24  656.33
cube50cam3    3    4   4   193.68   188.32   49.73   8.35   656.78   658.17   0  657.58  659.31
cube50cam4    4    2   2   203.22   201.15   49.83   6.86   666.62   667.36   0  667.57  669.37
cube50cam5    5    2   2   183.39   199.07   51.2   6.02   677.66   678.84   0  683.9  685.02
cube50cam6    6    2   2   187.68   187.75   50.83   5.59   677.62   669.62   0  678.93  671.26
cube51cam1    1    3   3   190.35   192.99   52.45   13.16   669.7   672.93   0  671.15  675.89
cube51cam2    2    1   1   197.9   183.89   49.26   11.78   656.58   656.52   0  659.16  657.46
cube51cam3    3    1   1   189.97   181.89   49.31   4.66   654.21   656.43   0  655.98  657.44
cube51cam4    4    4   4   181.9   189.37   50.8   5.38   662.36   665.42   0  665.25  668.42
cube51cam5    5    3   3   193.13   199.02   52.69   12.42   677.03   676.14   0  677.11  676.74
cube51cam6    6    1   1   194.93   195.11   51.97   7.29   669.92   666.82   0  670.1  668.33
cube52cam1    1    3   3   193.61   185.68   50.51   4.16   672.96   675.54   0.0683  674.21  688.03
cube52cam2    2    1   1   190.38   193.71   49.54   4.93   657.07   655.39   0  657.98  657.02
cube52cam3    3    1   1   188.74   191.43   50.2   7.39   658.16   658.71   0  660.91  658.85
cube52cam4    4    4   4   196.02   190.25   51.4   4.92   666.77   668.98   0  670.82  668.35
cube52cam5    5    3   3   194.32   188.34   50.76   12.31   679.18   675.82   0  680.21  678.47
cube52cam6    6    1   1   196.21   187.88   50.54   8.18   675.25   672.79   0  675.5  671.89
cube53cam1    1    3   3   192.49   196.63   51.56   7.09   681.13   675.05   0  681.54  676.45
cube53cam2    2    1   1   191.15   184.35   48.91   8.54   659.58   657.2   0  660.29  658.96
cube53cam3    3    1   1   188.92   177.37   49.14   12.66   662.12   656.29   0  664.78  658.06
cube53cam4    4    4   4   185.03   190.04   49.68   9.96   670.64   665.78   0  672.31  667.49
cube53cam5    5    3   3   197.0   198.28   52.08   8.92   680.28   679.79   0  681.26  681.87
cube53cam6    6    1   1   195.24   196.71   51.24   3.91   675.94   675.16   0  676.85  677.1
cube54cam1    1    1   1   193.86   197.81   51.6   3.41   676.85   674.32   0.4327  678.13  682.1
cube54cam2    2    2   2   196.21   192.26   50.72   7.61   661.13   658.56   0  660.97  660.2
cube54cam3    3    4   4   191.94   185.11   50.15   4.87   657.75   655.66   0  659.3  659.02
cube54cam4    4    2   2   184.7   193.67   49.48   10.81   668.89   666.22   0  669.56  670.39
cube54cam5    5    2   2   200.8   197.26   51.24   10.43   678.44   678.11   0  679.49  680.17
cube54cam6    6    2   2   185.66   190.5   50.83   10.15   673.15   672.46   0  676.43  675.65
cube55cam1    1    2   2   197.46   192.18   52.21   10.1   675.75   677.89   0  677.95  679.26
cube55cam2    2    4   4   179.84   189.17   49.18   11.63   656.28   657.18   0  657.74  659.2
cube55cam3    3    3   3   193.78   194.3   51.1   6.95   657.02   657.57   0  657.06  658.06
cube55cam4    4    1   1   189.98   184.59   49.68   7.21   663.02   670.69   0  663.74  672.07
cube55cam5    5    4   4   198.15   197.32   52.14   7.08   680.83   677.45   0  680.73  677.89
cube55cam6    6    3   3   194.53   196.78   52.08   6.67   675.53   670.99   0  676.49  671.11
cube56cam1    1    3   3   193.45   187.38   50.23   12.89   673.41   676.89   0.4099  676.16  684.62
cube56cam2    2    1   1   189.28   192.39   49.38   4.12   654.62   657.06   0  659.2  657.72
cube56cam3    3    1   1   198.16   192.61   50.47   4.0   655.79   657.39   0  658.28  661.18
cube56cam4    4    4   4   195.42   191.74   51.01   5.5   665.53   671.68   0.0786  678.93  675.92
cube56cam5    5    3   3   195.21   184.37   51.21   4.33   677.4   675.1   0.4148  687.45  675.89
cube56cam6    6    1   1   202.45   203.57   50.59   5.69   676.8   674.87   0  676.78  674.19
cube57cam1    1    1   1   196.51   199.29   51.25   13.97   682.2   677.69   0.4901  687.02  678.52
cube57cam2    2    2   2   194.43   189.79   49.79   9.73   658.17   658.2   0  659.86  659.67
cube57cam3    3    4   4   194.06   188.63   49.98   9.19   661.19   656.4   0.0564  674.0  655.7
cube57cam4    4    2   2   183.46   192.27   49.59   7.22   668.98   662.18   0  669.04  662.29
cube57cam5    5    2   2   190.5   194.4   51.34   7.38   679.84   676.94   0  680.46  677.19
cube57cam6    6    2   2   189.07   191.41   50.53   12.08   673.08   675.88   0  675.0  678.97
cube58cam1    1    3   3   194.22   186.99   50.12   7.37   674.68   673.72   0.0428  677.07  696.34
cube58cam2    2    1   1   188.7   192.24   49.51   5.49   656.8   651.09   0.4952  663.91  652.71
cube58cam3    3    1   1   186.72   190.71   50.18   6.77   653.87   656.56   0  656.17  662.21
cube58cam4    4    4   4   196.22   191.18   51.34   14.02   665.74   665.99   0  667.6  667.7
cube58cam5    5    3   3   195.08   189.4   51.03   4.8   678.57   681.05   0.7834  680.52  693.92
cube58cam6    6    1   1   196.97   185.53   50.74   4.99   676.96   669.47   0.5533  686.93  673.05
cube59cam1    1    3   3   196.01   199.31   51.82   3.54   673.22   673.53   0.0521  674.58  684.95
cube59cam2    2    1   1   194.17   183.37   49.27   10.71   665.66   655.49   0  667.79  657.09
cube59cam3    3    1   1   189.89   178.91   49.65   4.09   653.5   663.07   0  654.42  664.94
cube59cam4    4    4   4   195.33   193.84   49.6   7.81   665.53   667.07   0  665.87  669.55
cube59cam5    5    3   3   193.64   198.35   52.39   10.25   676.98   680.57   0  679.43  682.05
cube59cam6    6    1   1   192.82   197.74   51.8   7.8   674.04   668.27   0  679.41  669.63
cube60cam1    1    2   2   186.55   191.67   50.37   14.98   675.32   669.8   0  676.93  672.17
cube60cam2    2    4   4   191.79   193.33   49.7   4.28   654.3   653.64   0  654.45  654.35
cube60cam3    3    3   3   190.67   183.51   49.35   6.59   660.89   655.38   0.1618  672.63  655.32
cube60cam4    4    1   1   191.8   194.57   50.24   9.3   668.75   665.85   0  669.91  666.68
cube60cam5    5    4   4   198.31   198.25   51.1   7.46   676.57   677.24   0  678.25  677.86
cube60cam6    6    3   3   191.41   196.67   52.91   322.85   673.34   674.22   0  673.57  675.92
cube61cam1    1    4   4   187.5   192.65   50.74   5.24   678.99   676.05   0  679.91  679.84
cube61cam2    2    3   3   187.89   178.96   49.62   10.2   657.14   656.33   0.092  666.17  657.94
cube61cam3    3    2   2   190.07   190.86   49.71   5.11   658.82   655.11   0  660.5  656.34
cube61cam4    4    3   3   190.64   193.5   50.32   9.86   666.9   663.34   0  671.37  665.19
cube61cam5    5    1   1   195.93   199.25   52.01   7.15   678.31   679.04   0  678.75  679.73
cube61cam6    6    4   4   189.14   192.46   50.44   9.5   673.16   674.23   0  674.74  676.17
cube62cam1    1    4   4   186.85   192.58   50.51   7.47   673.7   671.74   0  673.72  671.9
cube62cam2    2    3   3   192.33   190.99   49.08   7.19   658.59   656.5   0.1539  674.19  660.35
cube62cam3    3    2   2   192.01   188.99   50.63   216.07   655.28   652.37   0  656.11  653.11
cube62cam4    4    3   3   190.73   195.78   50.8   8.88   665.76   664.87   0.2232  677.12  675.72
cube62cam5    5    1   1   203.32   202.45   51.76   5.42   677.7   677.32   0  677.06  676.81
cube62cam6    6    4   4   180.24   191.67   49.89   9.32   669.55   668.56   0  671.49  669.81
cube63cam1    1    2   2   185.14   193.08   50.86   7.51   675.1   678.95   0.0549  687.09  689.75
cube63cam2    2    4   4   190.7   192.27   50.09   5.79   657.27   659.95   0  657.88  661.69
cube63cam3    3    3   3   190.09   184.31   49.56   125.38   656.75   655.45   0  656.1  656.18
cube63cam4    4    1   1   189.51   191.86   50.56   7.73   662.62   665.74   0  664.07  667.29
cube63cam5    5    4   4   187.63   195.63   50.76   10.01   681.98   678.55   0  682.81  680.0
cube63cam6    6    3   3   193.5   196.29   51.75   8.75   674.87   673.05   0.0247  675.42  688.13
cube64cam1    1    4   4   198.12   193.81   51.22   8.53   674.39   675.8   0  676.12  676.22
cube64cam2    2    3   3   188.64   187.41   49.92   7.07   655.51   656.85   0  659.18  660.24
cube64cam3    3    2   2   180.27   189.01   49.52   8.07   655.78   658.49   0  658.97  662.66
cube64cam4    4    3   3   191.56   187.25   49.86   11.41   666.25   672.64   0  665.22  673.65
cube64cam5    5    1   1   192.13   188.25   51.93   16.32   678.1   675.05   0  683.24  675.34
cube64cam6    6    4   4   195.93   195.38   51.69   7.32   675.34   674.74   0  676.94  676.11
cube65cam1    1    3   3   191.07   197.76   52.38   9.23   674.64   675.51   0.0751  675.78  698.52
cube65cam2    2    1   1   196.9   179.41   49.46   11.73   654.12   653.71   0.058  681.37  664.57
cube65cam3    3    1   1   194.04   193.68   49.52   20.75   655.55   655.02   0.2232  656.79  683.45
cube65cam4    4    4   4   181.77   191.48   50.21   5.75   659.98   662.43   0  660.75  665.99
cube65cam5    5    3   3   193.34   197.47   52.59   15.51   675.4   673.21   0  676.3  675.06
cube65cam6    6    1   1   204.13   198.61   52.45   18.76   672.0   669.05   0  670.95  669.09
cube66cam1    1    4   4   187.03   198.51   50.83   4.43   672.94   675.98   0.2255  680.98  678.05
cube66cam2    2    3   3   192.0   183.66   49.96   12.56   656.24   658.79   0.7534  656.95  664.43
cube66cam3    3    2   2   190.8   192.27   50.98   6.58   656.12   656.12   0  660.27  656.35
cube66cam4    4    3   3   190.98   196.66   51.12   3.55   665.05   667.78   0  666.63  669.52
cube66cam5    5    1   1   195.57   200.0   52.59   13.88   679.64   676.71   0  682.01  676.87
cube66cam6    6    4   4   188.1   195.0   50.6   6.37   674.18   672.64   0  674.87  674.24
cube67cam1    1    3   3   191.27   197.32   52.59   7.88   680.96   675.2   0  683.99  678.09
cube67cam2    2    1   1   195.98   183.91   49.68   5.71   663.13   660.72   0  665.52  661.82
cube67cam3    3    1   1   189.1   173.19   49.71   20.25   660.47   656.5   0.9391  668.36  657.65
cube67cam4    4    4   4   189.16   190.22   50.23   13.22   671.29   665.66   0  672.17  668.28
cube67cam5    5    3   3   195.18   199.64   52.44   9.57   677.55   682.0   0  678.6  684.05
cube67cam6    6    1   1   193.17   197.69   50.9   7.44   671.66   671.68   0  676.75  673.03
cube68cam1    1    2   2   186.78   192.06   50.19   10.96   674.56   675.13   0  675.81  676.44
cube68cam2    2    4   4   188.68   188.41   49.74   5.54   657.88   652.73   0  658.09  653.18
cube68cam3    3    3   3   184.65   183.82   49.24   8.91   658.03   658.7   0  657.08  658.96
cube68cam4    4    1   1   189.87   196.1   50.43   13.05   668.07   669.61   0  666.96  671.77
cube68cam5    5    4   4   187.17   191.52   51.13   5.61   675.88   678.76   0  676.96  679.09
cube68cam6    6    3   3   192.01   192.7   51.18   9.74   680.28   672.44   0.6205  682.27  677.95
cube69cam1    1    4   4   189.88   199.5   50.66   6.19   669.99   672.34   0.2846  671.48  682.11
cube69cam2    2    3   3   190.27   183.34   50.34   7.81   653.57   656.0   0  653.83  655.2
cube69cam3    3    2   2   193.14   193.92   51.08   11.02   654.07   652.95   0  654.16  656.63
cube69cam4    4    3   3   192.4   196.8   51.3   3.18   660.96   662.83   0  661.07  668.06
cube69cam5    5    1   1   194.67   200.37   52.19   10.99   676.53   672.89   0.443  685.51  675.4
cube69cam6    6    4   4   200.94   198.54   51.17   6.53   671.95   669.51   0  672.92  670.63
cube70cam1    1    4   4   198.4   199.35   50.48   4.44   673.98   672.04   0  674.83  674.87
cube70cam2    2    3   3   190.62   177.21   49.41   8.22   659.97   652.29   0  660.21  657.46
cube70cam3    3    2   2   192.19   192.37   49.83   5.61   656.63   658.88   0.2351  656.07  664.93
cube70cam4    4    3   3   197.73   199.16   51.12   7.93   666.36   664.39   0  667.22  665.59
cube70cam5    5    1   1   194.83   200.09   52.03   5.4   675.59   683.37   0  676.48  684.22
cube70cam6    6    4   4   188.22   192.95   49.86   7.16   674.85   666.5   0  676.88  667.12
cube71cam1    1    2   2   189.25   193.62   51.6   6.3   679.03   673.24   0  679.21  674.25
cube71cam2    2    4   4   191.72   194.56   50.3   6.68   657.35   654.98   0  659.26  655.56
cube71cam3    3    3   3   194.89   186.65   50.0   6.77   661.78   655.66   0  662.8  658.06
cube71cam4    4    1   1   192.08   191.81   51.1   4.68   669.51   663.73   0  671.36  666.35
cube71cam5    5    4   4   199.76   201.79   51.71   9.28   679.61   679.05   0  680.29  679.13
cube71cam6    6    3   3   193.09   194.45   52.08   8.8   672.12   674.01   0  673.35  675.44
cube72cam1    1    3   3   196.5   198.4   51.81   7.02   675.82   674.94   0  677.49  676.67
cube72cam2    2    1   1   188.25   182.03   49.03   4.8   657.89   653.56   0  660.96  654.29
cube72cam3    3    1   1   185.23   175.3   49.47   5.21   657.05   657.26   0  658.42  660.01
cube72cam4    4    4   4   192.91   193.07   50.06   7.37   668.91   667.75   0  670.75  667.89
cube72cam5    5    3   3   193.34   195.48   51.84   8.19   674.36   679.12   0  676.21  682.07
cube72cam6    6    1   1   195.11   196.92   51.38   11.19   680.66   672.93   0  681.17  673.56
cube73cam1    1    4   4   198.2   197.07   52.09   8.51   676.89   681.63   0  679.09  682.8
cube73cam2    2    3   3   190.19   193.58   51.21   4.2   657.34   660.59   0.3092  668.26  662.87
cube73cam3    3    2   2   185.12   195.42   50.03   11.38   661.45   658.11   0  662.81  661.67
cube73cam4    4    3   3   194.85   190.58   50.34   6.73   665.61   669.08   0  665.94  670.53
cube73cam5    5    1   1   199.23   193.37   50.93   12.08   680.26   679.41   0.2277  686.12  683.93
cube73cam6    6    4   4   197.87   193.98   51.87   7.15   677.01   671.38   0  680.01  672.68
cube74cam1    1    2   2   198.18   192.21   52.28   9.05   673.11   670.0   0  674.55  671.24
cube74cam2    2    4   4   181.35   191.2   49.19   10.32   653.38   651.91   0  655.5  654.03
cube74cam3    3    3   3   188.88   194.91   50.46   15.88   656.0   652.75   0  657.05  653.15
cube74cam4    4    1   1   193.34   185.83   49.63   9.46   665.03   662.7   0  666.1  665.32
cube74cam5    5    4   4   199.21   193.51   52.02   9.38   676.04   676.29   0  679.84  677.18
cube74cam6    6    3   3   194.77   189.45   51.04   7.29   671.41   669.35   0  671.53  670.79
cube75cam1    1    1   1   192.58   196.79   52.02   10.32   671.9   668.96   0  674.44  671.64
cube75cam2    2    2   2   195.45   192.31   51.12   4.18   659.26   658.16   0  659.89  658.32
cube75cam3    3    4   4   193.8   184.56   51.78   15.99   654.59   654.19   0  656.72  656.67
cube75cam4    4    2   2   180.13   200.7   49.95   11.27   663.66   663.18   0  663.95  665.35
cube75cam5    5    2   2   193.75   199.29   50.57   11.78   677.88   678.54   0  678.79  680.55
cube75cam6    6    2   2   189.33   192.72   51.24   3.73   668.62   667.86   0  669.37  670.58
cube76cam1    1    4   4   196.77   193.09   51.39   4.2   675.92   673.63   0  678.85  676.66
cube76cam2    2    3   3   191.84   190.3   49.9   11.23   655.73   654.63   0  660.47  655.09
cube76cam3    3    2   2   182.09   190.0   49.37   10.47   659.8   656.01   0  660.42  658.56
cube76cam4    4    3   3   191.2   186.05   50.03   9.76   668.76   667.62   0.1244  670.56  672.46
cube76cam5    5    1   1   201.4   200.47   50.7   11.74   680.55   680.14   0  681.03  679.49
cube76cam6    6    4   4   196.08   195.44   51.19   7.55   678.09   675.08   0  677.04  674.98
cube77cam1    1    3   3   194.62   185.38   50.19   17.73   678.94   675.02   0  679.25  677.04
cube77cam2    2    1   1   189.94   193.51   49.56   4.36   656.58   655.92   0  657.65  660.01
cube77cam3    3    1   1   189.25   188.74   49.86   7.14   660.72   656.99   0  660.7  656.82
cube77cam4    4    4   4   193.99   190.23   51.3   3.18   667.14   665.52   0  668.49  666.55
cube77cam5    5    3   3   194.95   189.32   50.89   9.56   678.55   681.29   0  679.35  681.66
cube77cam6    6    1   1   194.65   185.43   50.17   10.21   672.78   673.48   0  675.23  675.86
cube78cam1    1    3   3   196.65   188.54   50.27   8.95   669.74   673.12   0  670.26  675.27
cube78cam2    2    1   1   190.81   195.35   49.7   6.65   654.75   657.83   0  656.23  659.11
cube78cam3    3    1   1   191.9   188.27   50.72   4.96   653.53   652.72   0  652.93  652.0
cube78cam4    4    4   4   195.15   191.83   51.01   14.89   661.46   665.88   0  663.2  669.67
cube78cam5    5    3   3   196.24   190.9   51.45   8.69   678.11   672.82   0  681.32  674.03
cube78cam6    6    1   1   195.59   193.9   49.92   7.57   670.32   667.55   0  671.72  669.68
cube79cam1    1    1   1   193.06   198.06   52.2   5.85   677.33   675.29   0  678.65  677.89
cube79cam2    2    2   2   194.27   188.07   49.92   12.79   656.45   655.25   0  659.59  656.7
cube79cam3    3    4   4   194.22   190.53   50.53   3.06   659.8   655.09   0  659.82  656.02
cube79cam4    4    2   2   185.79   196.3   50.39   6.61   669.0   666.09   0  668.85  666.11
cube79cam5    5    2   2   189.35   193.18   51.27   8.69   676.96   675.96   0  679.84  676.41
cube79cam6    6    2   2   191.19   188.03   51.31   2.87   670.18   671.94   0  673.45  673.94
cube80cam1    1    2   2   187.65   191.47   50.78   7.32   679.45   673.09   0  681.99  675.05
cube80cam2    2    4   4   192.66   192.4   49.63   5.65   654.43   652.48   0  657.07  656.5
cube80cam3    3    3   3   188.91   182.31   50.0   9.62   660.64   656.4   0  661.99  656.87
cube80cam4    4    1   1   190.74   194.74   50.74   18.97   670.76   667.19   0.4494  678.81  669.27
cube80cam5    5    4   4   198.18   199.71   50.8   7.74   680.02   679.64   0  682.12  682.73
cube80cam6    6    3   3   191.4   193.8   52.12   11.4   676.46   675.2   0.2991  675.02  683.28
cube81cam1    1    1   1   194.64   198.78   51.97   5.57   676.13   672.67   0.6606  687.05  673.79
cube81cam2    2    2   2   195.2   192.22   51.01   11.27   655.85   653.92   0  659.34  654.86
cube81cam3    3    4   4   193.38   186.49   50.38   7.14   656.19   652.01   0  656.89  655.25
cube81cam4    4    2   2   184.1   194.96   49.64   6.78   663.81   659.92   0  666.88  662.13
cube81cam5    5    2   2   197.64   195.85   51.62   7.58   674.94   674.98   0  678.18  677.44
cube81cam6    6    2   2   191.73   194.55   50.45   4.0   671.25   671.02   0.3961  676.89  676.87
cube82cam1    1    1   1   196.89   198.25   51.21   6.43   674.2   674.84   0  675.69  679.68
cube82cam2    2    2   2   181.34   184.83   49.33   7.38   659.08   653.83   0  661.3  655.35
cube82cam3    3    4   4   186.65   189.44   49.49   6.98   656.74   659.71   0  658.07  662.0
cube82cam4    4    2   2   195.39   198.86   52.14   17.14   667.68   667.7   0  667.37  668.84
cube82cam5    5    2   2   198.12   192.43   52.85   46.38   676.87   679.19   0  677.46  681.23
cube82cam6    6    2   2   198.8   189.11   51.67   11.12   676.37   669.25   0  676.94  670.38
cube83cam1    1    1   1   196.47   199.26   51.64   5.96   673.56   671.62   0  674.27  674.05
cube83cam2    2    2   2   194.58   188.08   49.97   11.45   661.04   655.77   0  661.03  657.78
cube83cam3    3    4   4   190.63   183.81   49.79   15.87   656.66   657.45   0  657.55  657.7
cube83cam4    4    2   2   191.86   197.03   49.77   7.31   667.95   665.94   0  668.42  667.24
cube83cam5    5    2   2   190.48   193.72   51.4   6.58   681.79   685.94   0  680.95  689.34
cube83cam6    6    2   2   183.25   185.86   51.35   262.83   672.28   667.41   0  674.83  669.03
cube84cam1    1    4   4   190.66   192.41   50.45   8.49   671.89   672.47   0  673.59  674.59
cube84cam2    2    3   3   185.49   178.34   48.76   7.7   658.68   653.86   0.069  673.96  655.14
cube84cam3    3    2   2   192.17   190.89   50.39   3.33   655.45   658.81   0  656.28  660.33
cube84cam4    4    3   3   194.74   195.78   51.1   5.46   666.2   667.25   0  666.56  667.31
cube84cam5    5    1   1   194.41   199.04   51.63   5.86   673.43   678.0   0  674.94  680.22
cube84cam6    6    4   4   185.13   194.64   50.58   12.23   677.92   669.72   0  678.62  670.37
cube85cam1    1    4   4   197.43   193.66   52.28   7.85   674.41   672.21   0  674.59  673.75
cube85cam2    2    3   3   187.28   191.66   50.6   11.93   654.74   655.52   0  655.95  658.42
cube85cam3    3    2   2   183.4   192.19   49.47   6.96   655.62   654.62   0  656.29  655.17
cube85cam4    4    3   3   194.33   186.48   50.33   18.9   664.1   663.59   0  664.35  666.03
cube85cam5    5    1   1   199.7   190.96   51.31   8.84   677.1   677.12   0  679.72  676.81
cube85cam6    6    4   4   194.26   193.58   51.69   14.13   671.5   669.57   0  671.27  670.44
cube86cam1    1    2   2   199.32   190.1   51.79   7.34   674.57   675.6   0  675.99  675.83
cube86cam2    2    4   4   179.86   187.56   49.02   6.93   658.18   658.85   0  660.38  659.71
cube86cam3    3    3   3   189.72   195.73   50.26   9.53   655.55   655.13   0  655.85  655.22
cube86cam4    4    1   1   193.9   182.13   49.95   5.51   665.9   669.18   0  666.89  669.85
cube86cam5    5    4   4   197.24   194.9   51.85   6.64   677.62   677.11   0.1271  683.3  677.66
cube86cam6    6    3   3   195.38   197.85   51.01   5.63   673.97   669.87   0  673.65  669.29
cube87cam1    1    2   2   182.1   185.99   50.94   16.8   674.21   673.07   0  676.24  674.34
cube87cam2    2    4   4   189.42   188.35   49.62   6.33   654.96   653.12   0  658.63  657.4
cube87cam3    3    3   3   186.78   177.66   49.75   10.85   653.46   654.19   0  654.13  655.85
cube87cam4    4    1   1   188.09   191.15   50.62   6.25   661.58   664.04   0  665.4  666.03
cube87cam5    5    4   4   179.67   184.07   50.42   14.16   678.02   675.08   0  678.22  681.42
cube87cam6    6    3   3   187.76   193.28   51.95   14.51   676.06   667.89   0  678.43  667.64
cube88cam1    1    1   1   192.76   200.09   52.39   82.74   670.81   672.09   0  671.8  673.29
cube88cam2    2    2   2   192.42   185.73   50.48   4.44   655.05   649.17   0  654.66  651.38
cube88cam3    3    4   4   192.79   188.7   50.93   9.84   652.04   656.93   0  652.88  659.11
cube88cam4    4    2   2   185.37   208.34   50.37   12.48   663.99   665.02   0.1598  673.0  666.04
cube88cam5    5    2   2   188.83   195.65   50.92   11.2   673.95   675.77   0  674.78  677.43
cube88cam6    6    2   2   191.31   197.65   51.5   4.56   674.89   670.21   0  674.99  671.93
cube89cam1    1    3   3   193.63   196.16   51.68   4.69   675.88   674.27   0  677.75  676.1
cube89cam2    2    1   1   196.43   196.86   48.82   7.64   657.38   655.25   0  660.69  654.85
cube89cam3    3    1   1   189.46   181.05   49.3   5.93   658.31   655.0   0  659.48  655.74
cube89cam4    4    4   4   184.89   187.68   49.44   7.69   666.06   663.03   0  666.05  665.1
cube89cam5    5    3   3   202.27   201.68   51.86   16.22   675.85   679.13   0  676.42  680.44
cube89cam6    6    1   1   196.84   196.48   51.12   3.93   673.43   671.72   0  675.31  673.61
cube90cam1    1    2   2   199.34   195.45   52.09   4.58   669.76   675.37   0  670.76  676.23
cube90cam2    2    4   4   179.94   195.84   49.2   8.02   652.89   652.96   0  655.3  653.26
cube90cam3    3    3   3   192.5   195.41   51.05   6.68   654.8   654.7   0  654.28  653.96
cube90cam4    4    1   1   195.81   188.18   49.75   14.89   660.72   666.54   0  662.55  666.54
cube90cam5    5    4   4   200.51   194.9   52.05   10.29   677.94   673.84   0  678.2  674.17
cube90cam6    6    3   3   198.84   191.89   51.15   4.59   671.82   669.5   0  672.68  670.25
cube91cam1    1    1   1   193.08   186.33   51.01   5.39   669.04   670.65   0  670.62  671.87
cube91cam2    2    2   2   185.54   183.59   49.85   12.79   656.34   654.66   0  656.3  654.47
cube91cam3    3    4   4   185.92   185.66   49.44   6.9   653.48   656.04   0  654.92  657.49
cube91cam4    4    2   2   188.29   192.38   51.29   4.92   659.77   665.21   0  661.19  666.24
cube91cam5    5    2   2   193.98   192.03   52.08   10.17   679.17   676.2   0  679.6  678.4
cube91cam6    6    2   2   190.49   192.51   53.68   75.09   669.52   664.38   0  673.88  665.57
cube92cam1    1    1   1   191.16   187.43   50.98   4.34   671.64   672.23   0  671.83  673.61
cube92cam2    2    2   2   180.19   184.23   49.12   6.44   654.22   655.53   0  654.84  656.33
cube92cam3    3    4   4   181.78   184.96   49.51   4.36   657.41   656.02   0  659.04  658.5
cube92cam4    4    2   2   193.4   193.22   50.86   10.06   666.02   671.03   0  668.04  672.15
cube92cam5    5    2   2   197.96   190.93   51.98   7.95   678.53   675.74   0  681.55  677.24
cube92cam6    6    2   2   198.87   191.66   51.59   6.53   675.81   674.51   0  677.18  674.54
cube93cam1    1    4   4   198.8   197.79   50.47   10.88   677.17   673.8   0  677.58  674.32
cube93cam2    2    3   3   186.17   179.47   49.4   3.58   660.19   654.84   0  661.83  657.51
cube93cam3    3    2   2   191.2   191.37   50.36   5.83   654.81   657.48   0  655.8  658.41
cube93cam4    4    3   3   196.25   197.76   50.73   10.86   664.3   666.65   0  664.78  667.9
cube93cam5    5    1   1   195.73   198.75   51.46   7.12   676.64   677.79   0  678.47  679.37
cube93cam6    6    4   4   185.25   191.44   50.66   7.23   675.43   668.75   0  675.7  669.38
cube94cam1    1    2   2   194.52   194.98   53.27   9.19   669.08   671.0   0  668.96  670.69
cube94cam2    2    4   4   191.28   193.58   49.68   11.21   655.0   655.38   0  656.92  656.42
cube94cam3    3    3   3   190.11   190.89   52.36   13.08   653.46   652.83   0  655.08  653.84
cube94cam4    4    1   1   197.13   188.46   50.95   4.53   661.54   665.5   0  665.84  668.29
cube94cam5    5    4   4   195.71   197.74   54.61   11.94   677.51   673.95   0  678.07  674.7
cube94cam6    6    3   3   192.61   187.08   51.24   6.64   669.3   667.31   0  669.9  667.74
cube95cam1    1    2   2   200.43   196.56   53.06   13.62   675.04   675.16   0  676.82  675.02
cube95cam2    2    4   4   183.71   192.93   49.15   14.31   656.43   654.36   0  656.94  654.2
cube95cam3    3    3   3   183.44   194.25   50.72   6.21   652.07   656.82   0  655.93  658.07
cube95cam4    4    1   1   198.21   188.99   50.01   9.64   663.91   665.05   0  665.11  668.15
cube95cam5    5    4   4   197.9   197.76   52.04   6.19   674.42   681.49   0  674.93  682.0
cube95cam6    6    3   3   199.74   184.53   51.75   8.49   675.85   668.12   0  676.91  670.71
cube96cam1    1    4   4   197.78   194.13   51.35   4.97   672.84   674.44   0.0451  681.88  676.0
cube96cam2    2    3   3   187.39   189.37   50.37   8.41   653.85   655.65   0  656.72  656.69
cube96cam3    3    2   2   194.91   195.98   49.07   8.95   657.08   657.0   0  657.27  662.02
cube96cam4    4    3   3   191.65   186.85   49.83   6.86   663.02   666.58   0  664.21  670.52
cube96cam5    5    1   1   192.42   186.64   50.66   10.48   676.26   675.62   0  677.24  676.72
cube96cam6    6    4   4   198.32   200.87   51.67   8.85   674.76   672.55   0  674.63  674.01
cube97cam1    1    1   1   193.38   198.34   52.9   10.74   674.08   678.56   0  675.85  680.98
cube97cam2    2    2   2   194.4   187.29   50.5   7.49   655.87   656.37   0.067  661.06  656.41
cube97cam3    3    4   4   196.95   190.64   51.59   15.88   658.0   660.05   0  660.82  660.9
cube97cam4    4    2   2   184.05   199.11   50.21   11.98   661.61   665.6   0  663.86  667.85
cube97cam5    5    2   2   181.16   194.77   51.19   7.01   678.3   677.72   0  679.55  680.35
cube97cam6    6    2   2   195.64   190.85   51.08   11.48   676.01   671.12   0  676.76  669.62
cube98cam1    1    1   1   194.75   197.04   51.93   6.04   675.6   674.34   0  676.44  674.35
cube98cam2    2    2   2   192.01   185.14   49.88   12.35   658.07   654.15   0  659.55  655.68
cube98cam3    3    4   4   191.82   186.52   50.04   10.87   655.0   657.34   0  657.99  657.9
cube98cam4    4    2   2   185.5   192.1   50.04   11.62   666.77   666.89   0  671.54  672.85
cube98cam5    5    2   2   185.8   190.88   50.74   4.74   676.41   678.6   0  677.2  680.03
cube98cam6    6    2   2   189.89   186.92   50.33   13.2   675.49   670.21   0  677.87  671.89
cube99cam1    1    4   4   198.1   197.31   53.42   62.1   670.6   669.94   0  671.52  672.68
cube99cam2    2    3   3   189.4   191.3   51.12   4.71   659.6   654.92   0  661.02  654.99
cube99cam3    3    2   2   184.84   191.18   49.71   8.23   652.78   657.35   0  653.47  658.66
cube99cam4    4    3   3   203.93   189.36   50.53   9.31   662.82   664.54   0  666.01  666.14
cube99cam5    5    1   1   204.54   187.06   51.48   8.97   674.42   677.16   0  677.67  681.84
cube99cam6    6    4   4   196.42   191.18   52.0   10.47   670.86   665.85   0  673.11  667.18
cube100cam1    1    4   4   196.47   198.91   50.65   4.14   672.91   673.43   0  675.11  674.69
cube100cam2    2    3   3   188.89   176.82   49.33   7.38   656.21   651.37   0  658.99  652.77
cube100cam3    3    2   2   191.17   190.52   49.98   9.08   654.98   658.17   0  655.94  657.94
cube100cam4    4    3   3   198.32   199.74   51.06   11.05   668.5   666.82   0  668.67  671.01
cube100cam5    5    1   1   194.58   199.82   51.89   10.53   676.3   678.95   0  676.75  680.56
cube100cam6    6    4   4   186.76   195.11   50.47   8.69   676.46   669.98   0.1287  692.78  672.21
cube101cam1    1    4   4   185.75   196.62   50.04   8.24   676.11   675.01   0  676.16  676.86
cube101cam2    2    3   3   188.44   176.38   49.39   9.72   660.49   653.67   0  662.1  655.94
cube101cam3    3    2   2   191.59   191.09   50.28   5.83   659.25   659.85   0  664.29  662.16
cube101cam4    4    3   3   190.31   197.95   51.02   10.92   665.73   665.76   0  670.14  666.39
cube101cam5    5    1   1   192.79   200.2   51.78   11.97   677.04   681.49   0.0758  689.26  682.68
cube101cam6    6    4   4   187.41   192.3   50.02   13.78   676.11   668.78   0  679.89  672.92
cube102cam1    1    2   2   198.25   196.68   51.92   10.35   672.48   671.47   0  678.19  674.3
cube102cam2    2    4   4   182.59   193.63   49.38   9.74   661.21   653.87   0  662.29  654.78
cube102cam3    3    3   3   191.31   196.43   51.44   214.86   658.0   657.03   0  658.37  657.7
cube102cam4    4    1   1   194.35   194.01   50.08   10.54   667.28   667.21   0  667.27  668.23
cube102cam5    5    4   4   197.78   194.42   52.29   13.35   675.0   678.09   0  673.99  680.03
cube102cam6    6    3   3   194.6   189.49   51.27   10.05   673.37   667.74   0  677.34  669.77
cube103cam1    1    2   2   198.82   194.59   51.36   9.07   675.73   673.48   0  676.9  674.24
cube103cam2    2    4   4   182.9   190.64   48.99   6.0   656.59   654.62   0  657.72  654.88
cube103cam3    3    3   3   190.72   194.01   50.11   8.91   656.67   653.49   0.3024  662.65  664.52
cube103cam4    4    1   1   191.95   186.5   49.56   7.19   666.08   664.61   0  666.7  664.7
cube103cam5    5    4   4   198.28   196.84   51.97   12.4   676.26   677.81   0  676.32  678.53
cube103cam6    6    3   3   194.03   189.19   50.71   6.95   673.11   673.21   0  674.34  673.16
cube104cam1    1    4   4   199.9   199.19   51.84   15.16   674.64   675.67   0  675.79  676.69
cube104cam2    2    3   3   185.23   189.96   50.79   12.41   657.2   652.17   0  658.73  654.84
cube104cam3    3    2   2   179.45   189.36   49.17   11.24   656.06   658.28   0  656.85  659.11
cube104cam4    4    3   3   197.62   193.99   50.18   6.07   667.24   669.31   0  667.88  672.27
cube104cam5    5    1   1   193.04   186.52   50.71   7.17   675.77   680.51   0  684.39  683.64
cube104cam6    6    4   4   194.34   193.14   51.55   6.44   677.68   669.96   0  678.33  672.14
cube105cam1    1    1   1   193.84   187.17   50.53   4.81   678.48   678.88   0.0405  689.02  680.31
cube105cam2    2    2   2   183.11   185.77   48.92   10.71   661.02   656.96   0.158  674.62  658.65
cube105cam3    3    4   4   181.53   181.74   49.15   8.31   657.37   659.61   0  662.22  661.82
cube105cam4    4    2   2   193.48   193.29   50.39   9.78   663.51   664.69   0  665.11  666.27
cube105cam5    5    2   2   197.57   193.04   51.98   7.26   678.04   682.59   0  678.85  687.23
cube105cam6    6    2   2   199.62   189.64   51.78   9.37   679.25   671.17   0  680.78  672.58
cube106cam1    1    1   1   191.95   199.28   52.59   8.13   674.38   669.94   0  676.39  670.68
cube106cam2    2    2   2   195.6   188.13   51.99   34.32   654.04   651.62   0  655.09  652.22
cube106cam3    3    4   4   194.08   183.2   52.34   7.61   658.3   650.31   0  660.94  652.08
cube106cam4    4    2   2   180.62   192.98   49.56   10.77   666.64   656.45   0  668.86  657.7
cube106cam5    5    2   2   188.92   203.89   51.46   6.12   677.51   681.37   0.5136  681.44  680.88
cube106cam6    6    2   2   183.25   195.36   51.16   7.41   669.39   671.82   0  672.43  675.16
cube107cam1    1    4   4   193.74   198.92   54.68   48.53   670.56   672.37   0  672.53  672.52
cube107cam2    2    3   3   186.36   190.19   52.58   12.83   661.96   652.23   0  661.54  652.92
cube107cam3    3    2   2   175.71   195.02   49.7   7.93   653.2   661.07   0  655.05  661.31
cube107cam4    4    3   3   197.7   197.49   49.8   5.56   664.9   665.77   0  664.69  666.34
cube107cam5    5    1   1   183.4   182.07   51.43   5.13   675.24   679.31   0  676.65  679.67
cube107cam6    6    4   4   191.49   191.66   52.51   46.27   673.45   664.83   0  674.1  663.53
cube108cam1    1    4   4   199.56   195.55   51.29   4.92   675.85   674.11   0.0752  684.81  677.64
cube108cam2    2    3   3   193.78   192.78   50.24   17.63   657.01   655.36   0  660.21  660.73
cube108cam3    3    2   2   182.83   196.09   49.14   10.87   657.8   658.71   0  659.53  660.95
cube108cam4    4    3   3   190.55   186.29   50.38   7.63   668.67   665.8   0  668.69  667.03
cube108cam5    5    1   1   199.96   202.1   50.99   8.98   676.75   677.28   0  677.64  679.33
cube108cam6    6    4   4   199.57   196.69   51.21   6.16   675.1   674.92   0  676.83  675.78
cube109cam1    1    3   3   195.14   188.18   50.45   4.36   672.57   674.57   0  674.06  675.63
cube109cam2    2    1   1   189.62   193.71   49.51   10.36   656.25   657.76   0  658.18  661.22
cube109cam3    3    1   1   190.15   191.3   49.98   6.33   653.57   654.67   0  657.34  656.23
cube109cam4    4    4   4   197.24   191.04   50.87   43.14   662.31   665.87   0  665.79  671.72
cube109cam5    5    3   3   192.56   187.77   50.55   9.48   677.85   676.45   0  678.01  677.46
cube109cam6    6    1   1   196.25   191.38   50.32   7.66   673.98   670.95   0  673.98  670.71
cube110cam1    1    3   3   196.73   197.03   50.3   9.1   671.7   671.84   0  676.98  672.81
cube110cam2    2    1   1   189.56   195.11   49.9   16.85   659.45   654.46   0  659.29  655.0
cube110cam3    3    1   1   188.33   189.6   50.75   7.02   652.8   655.88   0  655.33  660.73
cube110cam4    4    4   4   195.3   193.36   51.17   13.16   663.62   665.29   0  664.09  668.07
cube110cam5    5    3   3   196.83   188.24   50.8   9.49   675.21   678.65   0  675.6  680.32
cube110cam6    6    1   1   200.66   186.9   50.39   8.11   672.21   664.16   0  673.19  665.21
cube111cam1    1    2   2   180.35   189.77   51.2   6.36   674.6   670.54   0  674.85  670.25
cube111cam2    2    4   4   191.99   192.78   50.42   9.84   655.01   654.34   0  657.84  655.37
cube111cam3    3    3   3   192.67   176.73   49.71   6.79   655.73   652.63   0  656.08  656.5
cube111cam4    4    1   1   190.37   194.16   50.75   17.37   665.61   660.95   0.1001  671.76  661.44
cube111cam5    5    4   4   187.46   201.67   51.04   7.54   676.38   674.77   0  675.36  676.92
cube111cam6    6    3   3   192.5   198.45   52.64   38.01   671.0   673.59   0  671.78  676.36
cube112cam1    1    1   1   193.18   196.42   52.05   8.69   677.82   677.29   0.6505  684.21  681.9
cube112cam2    2    2   2   191.44   179.44   50.98   10.62   654.3   653.0   0.5152  654.93  664.53
cube112cam3    3    4   4   194.0   183.3   50.7   9.66   656.78   656.53   0  659.25  658.67
cube112cam4    4    2   2   174.62   189.86   49.76   11.03   665.91   670.0   0  669.01  672.55
cube112cam5    5    2   2   182.27   192.17   50.7   8.09   681.28   678.73   0  683.54  679.27
cube112cam6    6    2   2   182.03   190.68   51.2   6.25   676.38   672.5   0  679.19  673.51
cube113cam1    1    3   3   201.65   188.41   51.43   4.55   676.0   673.04   0  677.35  675.2
cube113cam2    2    1   1   191.24   191.41   50.84   7.8   655.0   653.39   0  657.37  654.63
cube113cam3    3    1   1   189.08   188.27   51.92   6.72   655.72   652.35   0  658.18  653.52
cube113cam4    4    4   4   192.29   187.98   53.12   23.38   661.42   661.17   0  663.0  662.64
cube113cam5    5    3   3   197.78   189.19   51.21   4.33   675.7   676.37   0  676.14  676.86
cube113cam6    6    1   1   202.11   193.75   51.01   9.5   670.89   669.69   0  673.11  669.41
cube114cam1    1    1   1   198.1   197.8   51.77   6.63   675.25   673.97   0  676.23  675.81
cube114cam2    2    2   2   193.56   186.86   49.74   6.42   660.96   654.67   0  664.18  655.64
cube114cam3    3    4   4   193.63   186.72   49.6   12.59   657.27   657.91   0  657.35  660.07
cube114cam4    4    2   2   191.73   194.95   49.32   8.54   668.51   668.32   0  670.77  670.31
cube114cam5    5    2   2   189.31   193.83   50.44   8.73   676.9   680.28   0  677.77  682.51
cube114cam6    6    2   2   188.3   190.53   50.24   12.93   677.32   669.64   0  681.96  671.71
cube115cam1    1    3   3   191.6   196.77   51.69   8.73   670.73   674.71   0  671.99  675.32
cube115cam2    2    1   1   188.76   181.32   49.13   4.68   658.78   659.54   0  660.42  664.07
cube115cam3    3    1   1   190.44   190.03   49.2   8.71   653.79   657.71   0  656.06  659.85
cube115cam4    4    4   4   184.17   187.92   49.58   5.61   663.33   667.3   0  663.18  672.68
cube115cam5    5    3   3   193.13   195.29   51.7   9.6   678.31   678.06   0  678.55  678.9
cube115cam6    6    1   1   199.68   199.26   51.44   3.22   671.88   669.16   0  672.87  670.96
cube116cam1    1    1   1   192.62   185.97   50.5   5.24   674.13   678.05   0  674.75  679.35
cube116cam2    2    2   2   183.28   183.42   49.16   6.33   654.04   656.92   0  655.05  665.21
cube116cam3    3    4   4   189.96   191.0   48.98   18.02   658.07   658.01   0.1625  661.0  664.0
cube116cam4    4    2   2   192.5   192.39   51.25   5.81   665.87   670.23   0.1856  675.29  675.25
cube116cam5    5    2   2   196.86   191.51   51.78   13.77   681.25   675.86   0  682.59  677.88
cube116cam6    6    2   2   200.64   194.04   51.93   11.04   676.79   673.14   0  681.36  675.59
cube117cam1    1    4   4   198.36   198.93   51.83   6.38   678.0   675.15   0  678.05  676.88
cube117cam2    2    3   3   186.89   189.27   50.58   10.73   660.47   655.35   0  664.41  655.86
cube117cam3    3    2   2   181.02   189.06   49.08   20.86   657.57   661.33   0  660.27  662.93
cube117cam4    4    3   3   192.15   192.72   49.87   10.21   668.65   668.74   0  670.97  672.24
cube117cam5    5    1   1   192.25   187.49   51.17   5.78   677.45   683.62   0  678.95  686.15
cube117cam6    6    4   4   194.58   194.42   51.09   8.02   678.97   671.26   0  682.35  674.79
cube118cam1    1    1   1   196.04   183.16   51.19   5.26   671.72   674.17   0  672.32  677.92
cube118cam2    2    2   2   183.87   190.68   49.89   8.17   655.6   658.33   0  656.25  661.61
cube118cam3    3    4   4   181.84   190.64   49.8   9.05   654.88   656.23   0  655.63  656.82
cube118cam4    4    2   2   194.37   192.34   51.87   7.15   662.29   667.11   0  664.28  669.11
cube118cam5    5    2   2   200.43   191.19   52.36   9.58   677.87   674.99   0  678.21  675.88
cube118cam6    6    2   2   198.37   189.3   52.15   9.21   671.02   666.83   0  673.27  671.63
cube119cam1    1    1   1   198.97   198.04   52.57   11.06   674.16   673.03   0  674.67  673.04
cube119cam2    2    2   2   195.27   185.56   50.16   15.96   654.24   650.67   0  654.94  652.91
cube119cam3    3    4   4   193.8   184.42   51.09   8.11   651.9   655.53   0  653.66  655.97
cube119cam4    4    2   2   195.03   197.68   49.74   5.54   662.39   662.8   0  663.11  664.41
cube119cam5    5    2   2   189.88   199.48   51.15   15.46   674.2   675.79   0.1117  680.2  675.9
cube119cam6    6    2   2   184.7   199.27   51.36   3.7   672.88   666.92   0  676.96  667.77
cube120cam1    1    2   2   183.89   193.23   50.57   10.39   673.61   673.86   0.3678  681.33  681.42
cube120cam2    2    4   4   191.59   189.68   49.68   5.71   653.64   655.96   0  654.73  656.24
cube120cam3    3    3   3   191.7   192.52   49.14   10.28   656.94   656.0   0  659.68  660.53
cube120cam4    4    1   1   190.79   192.88   50.83   5.59   663.67   668.23   0  663.87  671.51
cube120cam5    5    4   4   189.1   194.92   50.6   6.35   677.78   674.98   0  680.02  675.05
cube120cam6    6    3   3   198.93   197.99   51.63   17.64   675.42   673.4   0  677.78  673.33
cube121cam1    1    4   4   197.0   196.11   52.11   19.61   677.81   677.37   0.7224  682.3  680.12
cube121cam2    2    3   3   184.57   191.08   50.69   11.32   657.89   658.82   0  662.42  661.73
cube121cam3    3    2   2   185.21   193.21   49.77   6.31   658.24   656.62   0.7625  665.21  662.22
cube121cam4    4    3   3   193.82   188.96   50.17   10.34   664.38   666.89   0  665.09  666.79
cube121cam5    5    1   1   194.86   187.14   50.8   12.12   679.65   677.47   0  680.33  678.17
cube121cam6    6    4   4   195.59   193.82   51.95   9.26   674.14   670.72   0  676.95  670.96
cube122cam1    1    4   4   197.35   193.92   52.27   10.64   669.98   673.71   0  672.22  674.01
cube122cam2    2    3   3   187.19   192.02   51.27   4.96   653.57   653.68   0  654.56  656.01
cube122cam3    3    2   2   192.28   197.06   49.95   6.26   654.67   654.12   0  656.11  656.01
cube122cam4    4    3   3   194.78   187.53   50.45   8.75   661.87   665.6   0  661.63  668.14
cube122cam5    5    1   1   201.64   184.07   51.72   11.05   676.69   673.75   0  676.76  674.5
cube122cam6    6    4   4   196.46   196.01   52.36   10.8   670.99   669.11   0  671.42  669.11
cube123cam1    1    1   1   203.01   190.93   50.83   4.83   671.09   670.43   0  671.8  672.04
cube123cam2    2    2   2   178.22   191.04   49.44   6.62   660.52   655.98   0  663.01  659.96
cube123cam3    3    4   4   177.32   189.53   49.22   5.86   652.41   655.44   0  654.48  660.56
cube123cam4    4    2   2   195.66   194.19   54.14   18.52   663.34   665.0   0  668.9  666.13
cube123cam5    5    2   2   198.31   195.75   53.94   76.82   674.55   678.13   0  678.73  680.45
cube123cam6    6    2   2   199.44   188.93   53.93   17.04   671.05   665.44   0  673.05  665.95
cube124cam1    1    2   2   185.87   194.06   50.54   9.94   673.5   677.0   0  675.01  676.01
cube124cam2    2    4   4   195.3   188.88   50.53   17.75   656.09   658.71   0  655.1  659.82
cube124cam3    3    3   3   193.94   194.21   49.59   5.22   658.0   659.5   0  659.01  660.01
cube124cam4    4    1   1   190.22   194.47   50.32   13.91   663.95   669.98   0  664.36  671.03
cube124cam5    5    4   4   185.28   205.31   51.23   6.12   678.28   677.78   0  680.4  679.11
cube124cam6    6    3   3   198.34   195.94   52.12   11.02   676.84   673.1   0  676.8  674.42
cube125cam1    1    4   4   196.87   199.91   51.56   9.34   674.82   675.73   0  678.35  678.75
cube125cam2    2    3   3   192.16   179.6   50.03   16.63   661.35   650.0   0.0518  663.52  659.68
cube125cam3    3    2   2   191.58   192.54   50.26   11.68   655.04   659.24   0  659.16  660.83
cube125cam4    4    3   3   195.21   197.68   51.33   14.97   665.17   665.76   0  666.89  667.12
cube125cam5    5    1   1   195.51   200.53   52.52   17.03   677.34   680.3   0  677.94  681.32
cube125cam6    6    4   4   186.55   194.85   51.14   21.77   676.12   668.94   0  679.99  668.0
cube126cam1    1    2   2   199.17   190.21   51.8   5.67   672.53   673.94   0  674.13  675.29
cube126cam2    2    4   4   180.26   187.52   48.87   5.87   658.59   657.69   0  662.15  658.01
cube126cam3    3    3   3   192.06   195.86   50.06   16.12   657.52   656.85   0  658.73  659.01
cube126cam4    4    1   1   187.88   176.54   49.77   8.56   665.25   670.23   0  666.37  671.8
cube126cam5    5    4   4   197.54   193.61   52.36   17.84   678.86   677.12   0  682.65  678.74
cube126cam6    6    3   3   191.13   191.55   50.43   20.74   672.41   667.17   0  674.03  669.39
cube127cam1    1    2   2   198.48   193.46   51.81   6.89   674.34   678.46   0  675.79  679.94
cube127cam2    2    4   4   181.4   188.52   49.42   15.14   654.49   656.74   0  654.71  659.01
cube127cam3    3    3   3   188.14   192.85   50.35   4.47   657.06   654.51   0  657.8  655.37
cube127cam4    4    1   1   190.64   183.91   49.38   8.62   663.83   668.88   0  669.05  670.86
cube127cam5    5    4   4   196.92   196.45   52.22   14.99   679.45   675.54   0  680.08  676.26
cube127cam6    6    3   3   189.81   186.25   51.32   31.39   673.33   671.02   0  674.29  672.12
cube128cam1    1    2   2   192.17   197.18   51.06   10.17   671.65   671.51   0  672.62  671.35
cube128cam2    2    4   4   191.85   190.49   50.13   6.09   653.73   650.08   0  655.78  650.79
cube128cam3    3    3   3   189.16   186.27   49.56   5.65   652.45   656.32   0  653.12  657.2
cube128cam4    4    1   1   193.19   194.91   51.25   6.0   663.96   664.97   0  663.8  665.14
cube128cam5    5    4   4   189.1   200.04   51.52   10.64   672.63   676.74   0  672.92  678.47
cube128cam6    6    3   3   194.31   195.33   52.05   7.04   674.28   670.04   0  678.78  671.18
cube129cam1    1    1   1   196.47   188.85   51.66   5.5   679.3   675.5   0  679.85  676.22
cube129cam2    2    2   2   185.87   185.6   49.57   7.35   657.81   654.88   0  658.85  656.68
cube129cam3    3    4   4   185.3   185.26   49.59   23.89   659.34   654.97   0  660.97  656.79
cube129cam4    4    2   2   195.03   193.53   50.98   12.25   667.46   662.27   0  669.23  663.66
cube129cam5    5    2   2   197.65   194.3   52.46   18.97   677.57   678.91   0  681.16  682.78
cube129cam6    6    2   2   200.51   193.35   51.14   17.96   673.04   675.1   0  676.37  677.97
cube130cam1    1    4   4   188.91   192.16   50.32   11.66   675.83   671.68   0  676.76  673.92
cube130cam2    2    3   3   186.9   182.01   49.13   14.43   657.36   654.21   0  658.71  654.84
cube130cam3    3    2   2   191.0   190.39   49.62   6.83   658.3   655.21   0  659.47  655.82
cube130cam4    4    3   3   191.89   196.44   50.92   5.17   667.86   666.17   0  670.77  666.74
cube130cam5    5    1   1   193.73   199.4   52.24   7.32   677.39   679.75   0  679.42  679.21
cube130cam6    6    4   4   184.41   191.48   49.98   6.69   672.4   670.88   0  671.76  671.98
cube131cam1    1    2   2   190.18   193.84   50.75   9.02   669.74   673.5   0  671.12  674.24
cube131cam2    2    4   4   194.83   183.25   51.5   3.56   656.17   657.93   0  656.8  659.74
cube131cam3    3    3   3   195.35   195.1   50.24   4.2   654.51   652.82   0.7875  660.5  656.34
cube131cam4    4    1   1   192.12   188.25   52.09   23.61   661.77   666.67   0  662.39  668.65
cube131cam5    5    4   4   186.25   201.84   51.72   6.3   677.86   673.59   0  678.87  675.78
cube131cam6    6    3   3   197.94   194.52   54.05   23.71   668.27   667.3   0  668.68  671.36
cube132cam1    1    1   1   193.64   186.6   50.68   5.13   672.01   673.97   0  672.84  674.24
cube132cam2    2    2   2   183.41   184.62   49.35   3.34   652.56   655.58   0  654.45  657.2
cube132cam3    3    4   4   184.04   188.36   49.06   7.71   656.35   655.51   0  656.27  656.32
cube132cam4    4    2   2   195.13   191.45   50.24   8.93   664.79   669.23   0.0516  685.9  671.29
cube132cam5    5    2   2   199.17   192.64   51.79   9.95   678.5   671.2   0  681.15  672.0
cube132cam6    6    2   2   199.83   191.72   51.46   6.62   673.29   671.8   0  674.43  672.77
cube133cam1    1    4   4   185.16   195.1   50.38   6.63   679.18   673.9   0  681.51  675.29
cube133cam2    2    3   3   192.65   198.02   49.84   8.17   656.88   655.67   0  657.66  656.86
cube133cam3    3    2   2   192.06   191.23   50.66   6.48   659.62   655.66   0  660.23  657.81
cube133cam4    4    3   3   192.96   196.49   50.54   9.86   670.2   664.3   0  672.79  665.77
cube133cam5    5    1   1   205.07   201.21   52.23   13.54   678.64   680.08   0  678.53  681.92
cube133cam6    6    4   4   185.5   193.8   49.83   5.61   673.26   674.41   0  673.87  675.16
cube134cam1    1    3   3   189.86   185.12   50.0   8.01   674.84   671.42   0.0997  688.27  672.04
cube134cam2    2    1   1   189.85   194.22   49.82   12.92   656.89   655.66   0  659.16  656.99
cube134cam3    3    1   1   187.46   187.49   49.86   7.16   657.54   652.78   0.0826  671.88  654.01
cube134cam4    4    4   4   196.86   189.4   50.93   8.04   670.51   664.53   0  671.17  666.26
cube134cam5    5    3   3   195.31   188.33   50.95   7.04   677.81   679.95   0  676.93  680.28
cube134cam6    6    1   1   194.35   186.53   49.75   7.97   672.13   669.61   0  671.95  670.73
cube135cam1    1    3   3   190.09   187.87   50.33   12.08   675.18   677.87   0  680.54  679.25
cube135cam2    2    1   1   188.64   194.06   49.79   27.23   654.89   657.06   0  656.04  659.31
cube135cam3    3    1   1   194.24   191.7   50.04   9.52   657.78   655.14   0  660.29  657.37
cube135cam4    4    4   4   193.79   189.38   51.19   6.76   663.64   667.6   0  667.98  672.35
cube135cam5    5    3   3   192.46   183.73   50.76   9.21   679.38   676.06   0.3817  686.32  677.17
cube135cam6    6    1   1   201.39   197.22   50.1   8.89   676.88   670.47   0  677.23  674.73
cube136cam1    1    4   4   187.34   194.63   50.95   5.5   674.41   672.49   0  674.4  677.98
cube136cam2    2    3   3   187.67   179.44   49.48   39.39   655.92   651.52   0  656.57  652.3
cube136cam3    3    2   2   191.79   189.36   50.23   13.51   656.42   655.62   0  656.48  656.88
cube136cam4    4    3   3   192.28   197.96   50.65   5.85   667.93   668.79   0  667.93  670.86
cube136cam5    5    1   1   193.82   200.08   51.76   5.42   674.47   677.56   0  677.21  678.83
cube136cam6    6    4   4   184.4   194.9   50.53   5.56   676.83   669.99   0  676.92  670.08
cube137cam1    1    4   4   197.86   195.1   51.78   5.12   679.29   677.31   0  685.26  676.75
cube137cam2    2    3   3   192.69   193.86   50.11   8.91   659.29   658.21   0.1429  659.97  666.85
cube137cam3    3    2   2   182.18   189.95   49.04   5.0   660.29   656.06   0  665.97  657.05
cube137cam4    4    3   3   191.84   186.63   49.77   5.89   669.94   667.37   0  672.16  666.6
cube137cam5    5    1   1   195.77   201.22   50.45   8.5   679.02   678.32   0.3083  685.28  682.07
cube137cam6    6    4   4   195.36   192.56   51.57   4.74   674.49   671.69   0.1027  674.65  691.74
cube138cam1    1    4   4   196.33   192.85   52.38   11.28   673.68   670.19   0  674.25  671.21
cube138cam2    2    3   3   191.72   190.8   50.84   17.71   655.16   652.93   0  655.94  654.68
cube138cam3    3    2   2   181.66   193.45   50.13   12.07   656.84   652.85   0  657.24  655.12
cube138cam4    4    3   3   190.6   186.73   50.24   4.2   665.2   664.16   0  667.02  666.01
cube138cam5    5    1   1   200.02   202.7   51.1   5.46   677.07   676.84   0  678.67  679.24
cube138cam6    6    4   4   196.47   193.26   51.69   26.44   671.72   670.88   0  673.56  673.15
cube139cam1    1    3   3   194.91   198.36   51.31   9.11   672.44   669.91   0  674.98  673.05
cube139cam2    2    1   1   192.91   184.05   49.48   6.56   660.75   656.21   0  661.56  656.9
cube139cam3    3    1   1   188.58   184.98   49.16   4.31   653.78   658.86   0  653.78  659.93
cube139cam4    4    4   4   188.14   196.4   50.18   6.77   664.9   665.95   0  666.06  668.16
cube139cam5    5    3   3   195.09   199.47   52.42   10.21   675.63   680.25   0  674.99  680.89
cube139cam6    6    1   1   197.22   196.83   50.35   12.66   672.69   665.5   0  673.39  665.9
cube140cam1    1    4   4   186.37   190.31   51.35   6.86   673.89   671.77   0  677.07  674.0
cube140cam2    2    3   3   187.1   169.79   50.16   17.76   656.41   652.44   0.9087  663.35  654.23
cube140cam3    3    2   2   188.38   188.5   50.58   7.88   655.0   658.0   0  657.0  659.0
cube140cam4    4    3   3   192.64   196.96   51.8   7.46   669.19   666.43   0  669.54  667.68
cube140cam5    5    1   1   186.58   199.55   52.45   19.16   674.11   678.25   0  676.07  678.89
cube140cam6    6    4   4   187.38   191.44   50.54   9.91   677.01   671.0   0.6542  686.0  672.99
cube141cam1    1    3   3   203.47   200.07   52.13   4.99   675.3   674.78   0  675.96  675.58
cube141cam2    2    1   1   191.47   182.85   48.95   6.09   658.16   653.59   0  658.95  655.17
cube141cam3    3    1   1   188.91   179.53   49.3   7.67   654.88   657.16   0  656.27  659.59
cube141cam4    4    4   4   203.08   197.13   49.42   7.77   665.82   665.16   0  665.87  668.04
cube141cam5    5    3   3   194.37   198.35   51.86   7.82   678.85   681.55   0  679.8  685.48
cube141cam6    6    1   1   194.8   196.7   51.12   6.31   677.33   669.91   0  677.95  672.62
cube142cam1    1    4   4   194.55   193.65   52.36   8.55   668.91   671.0   0  669.26  675.08
cube142cam2    2    3   3   185.69   191.82   51.09   4.99   654.4   656.26   0  657.0  659.11
cube142cam3    3    2   2   178.89   198.23   49.44   3.62   651.78   652.52   0  653.04  653.52
cube142cam4    4    3   3   196.67   188.55   50.86   5.77   662.7   664.31   0  662.51  665.56
cube142cam5    5    1   1   198.38   192.87   51.56   23.65   677.09   674.78   0  678.0  673.9
cube142cam6    6    4   4   197.02   190.96   52.2   8.11   669.85   666.83   0  671.48  666.99
cube143cam1    1    1   1   194.96   200.68   53.77   10.88   674.34   678.34   0  678.34  681.29
cube143cam2    2    2   2   195.26   184.93   50.92   27.92   656.19   658.75   0  659.01  662.07
cube143cam3    3    4   4   193.82   190.45   51.97   31.82   656.13   655.77   0  659.53  658.52
cube143cam4    4    2   2   179.64   195.38   51.36   7.06   662.01   669.65   0  664.51  672.01
cube143cam5    5    2   2   190.82   196.24   51.8   6.9   679.68   680.03   0  681.54  682.48
cube143cam6    6    2   2   192.22   195.61   52.01   6.73   676.56   672.58   0  677.98  673.9
cube144cam1    1    1   1   190.16   193.54   54.27   24.44   672.72   671.2   0  675.05  674.57
cube144cam2    2    2   2   190.51   179.64   51.94   11.51   655.39   649.89   0  655.85  651.22
cube144cam3    3    4   4   189.13   174.81   51.43   20.78   653.22   656.4   0  654.92  657.42
cube144cam4    4    2   2   183.36   195.76   50.19   11.96   663.23   663.77   0  664.69  665.45
cube144cam5    5    2   2   185.15   196.51   51.65   7.08   672.68   676.38   0  673.8  677.28
cube144cam6    6    2   2   171.32   188.54   51.43   4.93   674.18   668.73   0  676.23  669.83
cube145cam1    1    2   2   201.93   197.64   54.91   11.02   674.61   682.44   0  676.62  685.11
cube145cam2    2    4   4   179.41   190.4   49.66   7.53   657.99   657.46   0.6036  659.1  662.89
cube145cam3    3    3   3   193.93   199.46   50.87   88.0   658.6   661.07   0  660.84  662.61
cube145cam4    4    1   1   194.61   182.88   50.13   13.06   661.58   667.08   0  667.05  670.01
cube145cam5    5    4   4   200.87   198.47   52.67   16.73   684.12   678.77   0  685.12  681.89
cube145cam6    6    3   3   193.25   182.22   51.68   19.25   676.99   670.09   0.0353  681.06  681.94
cube146cam1    1    2   2   197.65   192.32   52.28   8.55   672.03   667.96   0  674.23  669.65
cube146cam2    2    4   4   183.67   193.4   49.4   5.31   653.41   651.17   0  657.2  654.6
cube146cam3    3    3   3   187.43   193.76   51.62   11.84   654.01   651.04   0  655.67  650.87
cube146cam4    4    1   1   197.43   184.28   49.97   6.84   661.76   660.66   0  665.22  663.37
cube146cam5    5    4   4   197.91   195.71   52.93   13.7   674.48   673.34   0  674.13  675.05
cube146cam6    6    3   3   196.76   185.35   51.35   6.47   667.98   668.89   0.23  676.44  671.94
cube147cam1    1    2   2   196.12   197.8   50.51   7.04   673.89   673.74   0  675.04  675.22
cube147cam2    2    4   4   191.32   189.55   50.38   5.01   661.65   655.56   0.3908  662.27  663.9
cube147cam3    3    3   3   184.67   182.21   49.7   0.92   656.5   654.69   0  657.13  656.22
cube147cam4    4    1   1   198.93   195.86   51.13   6.39   665.8   665.98   0  671.79  666.39
cube147cam5    5    4   4   186.9   195.29   50.92   5.42   676.92   678.99   0  677.82  684.75
cube147cam6    6    3   3   189.6   191.08   51.7   7.34   672.11   665.32   0  674.3  666.06
cube148cam1    1    4   4   196.25   195.63   51.62   4.18   671.69   674.8   0  672.71  680.35
cube148cam2    2    3   3   185.88   189.59   49.89   8.57   654.17   653.59   0  655.64  654.22
cube148cam3    3    2   2   179.68   191.01   49.47   9.43   656.97   655.01   0  657.87  657.14
cube148cam4    4    3   3   191.24   182.34   50.16   4.57   664.8   666.11   0.0551  666.03  672.3
cube148cam5    5    1   1   195.3   187.76   50.72   12.53   679.31   675.07   0  679.93  675.93
cube148cam6    6    4   4   196.19   193.79   51.87   7.26   673.74   672.49   0  679.64  671.83
cube149cam1    1    4   4   200.03   199.17   53.02   24.9   676.9   676.14   0.141  676.55  686.25
cube149cam2    2    3   3   187.76   190.41   50.76   8.21   661.08   654.4   0  660.89  656.9
cube149cam3    3    2   2   182.4   192.73   49.58   25.11   655.97   660.51   0  657.05  662.09
cube149cam4    4    3   3   198.61   199.91   49.83   10.02   664.34   666.01   0  666.06  667.4
cube149cam5    5    1   1   200.01   188.41   51.44   29.06   677.87   684.15   0  678.26  686.11
cube149cam6    6    4   4   197.82   190.92   51.87   9.17   677.41   669.3   0  680.71  670.33
