 3  1  181.23  184.39  49.06  9.0  655.2  651.54  0.0 
 3  1  185.69  193.85  49.91  10.98  658.28  653.3  0.0 
 3  1  191.41  195.5  48.7  8.13  654.24  654.46  0.0 
 3  1  193.92  194.99  51.3  17.64  654.25  655.29  93.0 
 3  1  188.67  196.48  49.98  8.38  654.22  654.32  0.0 
 3  1  188.55  181.97  49.38  5.41  653.1  657.24  0.0 
 3  1  187.62  195.4  49.06  8.07  651.49  657.37  36.0 
 3  1  186.31  195.95  49.25  8.02  656.81  659.18  0.0 
 3  1  177.96  178.78  47.99  64.36  656.54  654.62  108.0 
 3  1  189.25  187.23  49.07  8.98  657.34  656.56  0.0 
 3  1  184.35  185.51  48.78  6.56  654.84  660.64  0.0 
 3  1  186.1  184.91  48.66  15.01  659.19  653.54  0.0 
 3  1  191.87  188.62  49.45  6.74  654.16  654.42  0.0 
 3  1  189.19  194.11  49.78  11.05  656.21  657.3  0.0 
 3  1  188.77  194.94  49.52  6.93  656.52  661.15  0.0 
 3  1  191.81  184.12  49.08  7.69  653.78  655.18  0.0 
 3  1  196.24  199.09  48.78  6.12  656.25  657.32  50.0 
 3  1  179.08  193.23  49.97  9.72  655.15  658.07  0.0 
 3  1  187.73  184.13  48.9  7.17  657.44  654.26  0.0 
 3  1  186.82  194.53  49.63  13.8  657.37  663.55  152.0 
 3  1  192.09  203.56  49.23  9.36  656.94  653.31  0.0 
 3  1  187.01  196.99  50.33  32.89  656.01  652.25  0.0 
 3  1  192.54  190.32  48.61  5.0  655.66  655.8  41.0 
 3  1  187.58  194.6  51.29  66.53  656.27  654.17  0.0 
 3  1  185.31  183.31  48.92  9.11  660.66  656.29  0.0 
 3  1  187.94  194.02  49.36  4.43  657.55  660.22  0.0 
 3  1  186.6  184.13  48.7  11.68  656.01  658.58  0.0 
 3  1  187.93  186.94  48.85  4.65  655.03  657.25  0.0 
 3  1  191.13  195.99  48.44  11.36  656.84  659.32  0.0 
 3  1  189.07  195.62  49.6  7.66  658.26  659.25  0.0 
 3  1  186.69  194.7  49.83  10.42  655.27  656.83  39.0 
 3  1  184.98  194.02  49.69  7.05  659.18  655.27  0.0 
 3  1  185.28  183.13  48.79  7.41  661.2  656.18  0.0 
 3  1  188.12  193.76  49.39  5.44  656.32  657.33  0.0 
 3  1  186.1  191.73  49.68  6.74  655.24  659.65  0.0 
 3  1  186.76  193.99  49.06  6.82  654.32  658.36  0.0 
 3  1  187.89  184.14  49.21  12.58  652.33  653.05  57.0 
 3  1  187.75  193.72  49.47  6.87  656.63  652.41  0.0 
 3  1  188.32  193.83  49.36  12.01  662.49  654.06  0.0 
 3  1  191.52  195.67  49.37  9.96  658.22  658.33  0.0 
 3  1  185.9  190.71  51.75  38.33  653.37  658.1  38.0 
 3  1  186.64  193.08  49.35  10.68  657.33  662.29  0.0 
 3  1  194.76  192.96  48.82  2.86  658.72  657.91  0.0 
 3  1  187.66  186.33  48.98  7.28  655.23  656.29  0.0 
 3  1  181.69  185.45  48.74  2.99  657.18  661.37  15.0 
 3  1  186.44  194.08  49.49  7.75  654.9  657.07  0.0 
 3  1  185.65  195.0  49.46  12.03  659.34  656.21  0.0 
 3  1  187.42  191.69  49.64  5.59  658.31  659.44  0.0 
 3  1  192.1  195.48  49.89  8.73  658.65  661.36  0.0 
 3  1  185.48  182.47  49.12  9.08  660.1  656.23  0.0 
 3  1  189.46  194.98  49.56  8.85  658.21  652.25  0.0 
 3  1  194.24  196.11  49.29  11.96  657.34  655.85  0.0 
 3  1  186.61  183.8  48.54  20.69  657.03  657.83  0.0 
 3  1  185.22  183.12  48.8  4.76  655.46  661.03  0.0 
 3  1  188.77  194.02  49.74  10.03  652.26  656.59  0.0 
 3  1  186.41  196.48  49.27  8.68  660.77  659.77  0.0 
 3  1  183.87  195.68  50.0  14.33  656.55  661.36  0.0 
 3  1  186.38  195.06  50.34  9.4  653.47  655.28  0.0 
 3  1  193.21  197.1  48.68  7.84  658.08  658.12  0.0 
 3  1  186.55  194.79  49.97  10.69  656.22  654.38  0.0 
 3  1  187.37  192.58  50.21  8.94  655.54  652.08  0.0 
 3  1  183.76  192.91  49.28  10.28  655.92  661.32  0.0 
 3  1  184.56  194.62  49.6  4.72  658.98  654.61  0.0 
 3  1  187.64  194.84  49.03  8.91  660.27  655.27  37.0 
 3  1  186.75  193.91  49.3  13.03  658.23  655.32  0.0 
 3  1  186.24  195.39  49.71  5.79  654.36  658.66  0.0 
 3  1  186.38  195.21  49.66  12.69  655.91  660.2  40.0 
 3  1  187.47  191.97  50.03  41.53  659.75  653.25  0.0 
 3  1  187.67  194.82  49.29  7.72  657.13  659.76  0.0 
 3  1  186.73  193.45  49.89  18.32  659.56  656.45  27.0 
 3  1  187.87  193.1  49.79  4.03  655.24  651.25  41.0 
 3  1  183.8  192.7  49.96  7.37  657.76  655.27  0.0 
 3  1  186.42  193.86  49.43  10.94  657.26  658.33  0.0 
 3  1  184.69  194.56  49.65  18.26  654.35  660.23  0.0 
 3  1  191.27  193.99  48.78  7.95  655.35  656.27  0.0 
 3  1  182.22  185.11  48.44  5.93  656.24  656.53  34.0 
 3  1  185.52  193.86  49.35  13.81  654.26  659.28  0.0 
 3  1  179.99  178.76  48.63  4.71  657.43  657.4  0.0 
 3  1  185.55  195.53  50.02  7.91  664.98  660.56  0.0 
 3  1  189.06  196.18  49.43  4.13  654.38  657.97  0.0 
 3  1  193.89  191.6  49.29  6.97  651.49  654.87  0.0 
 3  1  192.29  198.75  49.02  9.2  654.25  654.77  0.0 
 3  1  189.2  181.77  49.8  8.43  660.11  654.17  0.0 
 3  1  183.64  184.99  48.84  65.13  659.36  658.12  0.0 
 3  1  191.52  183.37  49.41  8.54  654.28  659.66  0.0 
 3  1  189.25  185.31  49.12  11.69  656.27  653.39  0.0 
 3  1  186.75  194.22  49.36  11.76  653.05  655.77  0.0 
 3  1  187.87  191.29  48.85  5.65  657.64  658.42  0.0 
 3  1  187.05  179.83  49.07  8.6  657.65  656.18  0.0 
 3  1  184.93  193.3  49.06  7.57  657.98  652.15  0.0 
 3  1  186.61  185.24  48.89  6.83  655.26  656.33  0.0 
 3  1  188.55  181.36  48.65  9.01  661.84  655.21  0.0 
 3  1  186.07  184.26  48.73  6.78  655.62  655.59  0.0 
 3  1  187.95  184.35  48.61  4.39  656.21  659.36  0.0 
 3  1  196.12  195.95  48.7  5.68  655.38  657.32  0.0 
 3  1  185.93  182.71  48.74  10.24  657.16  660.43  17.0 
 3  1  186.85  193.53  49.47  3.12  656.79  655.4  24.0 
 3  1  191.16  195.06  50.06  6.13  657.31  656.31  0.0 
 3  1  182.38  184.92  48.59  7.69  656.07  658.05  0.0 
 3  1  191.9  189.45  48.92  5.5  656.87  653.07  0.0 
 3  1  187.31  193.94  49.58  6.05  659.17  654.31  0.0 
 3  1  192.61  196.16  49.33  8.24  657.41  656.43  0.0 
 3  1  187.19  196.21  49.23  6.32  654.22  660.57  0.0 
 3  1  190.03  193.99  49.86  6.91  655.25  654.29  41.0 
 3  1  190.66  185.02  49.17  12.97  654.65  656.18  0.0 
 3  1  184.73  183.38  48.69  7.55  656.26  660.52  0.0 
 3  1  186.75  182.4  48.65  16.18  658.4  658.37  0.0 
 3  1  188.58  195.96  48.5  12.53  658.03  659.26  0.0 
 3  1  185.28  182.24  49.35  8.89  659.52  655.01  0.0 
 3  1  196.18  184.43  48.95  6.79  655.31  651.33  0.0 
 3  1  192.56  185.04  49.65  8.28  654.33  657.92  0.0 
 3  1  195.43  183.74  48.75  6.64  655.32  653.3  0.0 
 3  1  184.98  186.31  48.71  5.63  655.21  659.59  0.0 
