  1    2    199.95   192.74   50.19   10.38   680.18   680.45   0  681.81  681.45
  2    4    190.24   192.33   49.57   7.31   655.47   661.77   0  667.25  659.47
  3    3    189.81   187.18   49.31   7.3   657.98   659.98   0  657.97  660.09
  4    1    195.38   194.64   50.71   6.7   665.77   666.11   0  666.72  668.28
  5    4    195.65   187.14   51.04   6.54   680.53   680.09   0  681.52  682.7
  6    3    193.23   193.34   52.02   10.32   678.37   670.59   0  679.42  671.44
  1    4    177.29   181.75   49.76   25.21   672.96   676.36   25  677.16  684.43
  2    3    179.76   176.56   48.69   22.6   656.99   652.44   0  658.07  651.96
  3    2    187.05   182.02   50.98   274.87   657.19   658.91   64  662.51  662.85
  4    3    187.84   184.8   50.65   5.1   667.7   662.54   0  669.2  665.83
  5    1    190.98   187.74   51.98   12.76   678.25   681.12   0  681.27  685.96
  6    4    177.56   179.55   50.54   7.93   669.71   672.71   0  673.71  671.05
  1    3    188.73   190.72   51.62   9.73   676.43   675.21   0  677.5  676.87
  2    1    186.29   180.87   48.41   7.32   665.13   659.61   0  666.59  662.4
  3    1    181.62   180.02   49.18   7.41   656.64   661.58   0  658.58  662.76
  4    4    188.22   182.34   49.77   7.45   667.77   669.9   0  671.15  671.06
  5    3    189.31   191.66   51.69   12.26   679.97   685.1   0  680.83  685.6
  6    1    196.14   189.34   51.69   4.85   675.85   670.78   0  675.3  672.42
  1    3    190.38   187.67   51.53   8.79   673.34   677.18   0  675.25  679.52
  2    1    183.56   182.51   47.93   7.83   654.85   658.37   0  658.43  659.59
  3    1    188.81   183.78   49.55   3.88   657.6   659.15   0  658.41  660.04
  4    4    182.18   181.31   49.43   15.36   670.06   669.09   0  670.91  673.64
  5    3    191.88   189.29   51.66   24.91   681.23   676.14   311  691.25  678.7
  6    1    195.58   192.05   51.78   6.37   674.86   672.21   0  678.27  672.07
  1    2    189.43   188.13   51.49   5.4   678.06   676.99   0  677.05  680.01
  2    4    183.47   181.14   48.26   7.52   660.08   659.78   0  662.24  662.41
  3    3    185.4   185.88   49.56   6.9   658.25   660.08   0  659.32  662.52
  4    1    181.8   180.16   49.09   10.95   666.73   667.23   0  667.62  669.41
  5    4    194.86   186.99   51.6   6.84   684.06   681.22   0  682.99  686.24
  6    3    186.18   181.07   50.18   5.5   677.41   673.41   0  677.49  672.86
  1    4    195.51   198.88   50.86   7.01   680.26   677.74   0  678.52  683.19
  2    3    191.56   192.89   49.97   12.34   662.38   664.8   39  669.6  671.32
  3    2    195.15   194.15   49.1   8.26   655.92   656.85   0  657.96  659.89
  4    3    191.23   184.61   49.82   29.28   666.6   671.82   0  667.76  674.84
  5    1    197.02   189.46   50.19   9.63   684.94   677.41   56  697.5  681.85
  6    4    197.81   198.81   51.52   7.65   670.79   674.81   0  676.58  671.76
  1    3    187.91   187.63   52.13   13.43   680.29   679.17   0  680.71  684.11
  2    1    183.58   177.74   48.09   6.54   664.65   656.18   0  667.07  658.74
  3    1    183.66   178.67   49.4   24.48   658.54   663.17   31  660.86  675.26
  4    4    179.94   180.35   50.45   106.6   671.92   667.58   0  668.25  675.85
  5    3    187.93   189.36   51.86   9.66   679.15   688.04   91  682.92  696.84
  6    1    194.29   189.01   51.65   11.24   682.9   671.18   12  693.56  672.04
  1    4    194.88   196.42   49.89   8.57   673.35   676.24   0  678.4  675.68
  2    3    187.47   180.66   49.67   116.49   659.56   653.94   0  658.9  659.61
  3    2    189.07   187.14   49.95   4.51   657.68   655.93   0  658.28  659.65
  4    3    195.27   191.24   50.35   15.65   668.13   669.55   0  669.7  670.36
  5    1    193.77   195.09   51.45   7.2   674.29   681.74   0  676.14  682.2
  6    4    192.43   187.46   50.59   4.19   671.0   677.95   0  679.73  670.51
  1    4    197.9   195.3   51.37   8.61   677.64   680.66   0  682.43  680.0
  2    3    181.72   184.17   49.72   15.17   662.25   655.79   0  667.17  660.76
  3    2    185.14   177.2   49.06   5.23   661.0   658.01   0  663.21  662.4
  4    3    194.75   192.06   49.62   7.58   664.88   664.85   31  673.34  668.53
  5    1    188.63   175.61   51.57   15.24   679.42   681.54   68  685.49  682.57
  6    4    190.48   189.98   51.69   9.19   668.54   677.72   0  682.16  671.89
   1    3    188.28   184.83   49.8   8.89   677.72   674.86   22  679.04  684.46
   2    1    192.62   182.94   48.55   23.93   663.22   653.81   0  667.67  654.87
   3    1    183.12   180.92   51.08   19.49   656.98   660.54   0  657.02  664.01
   4    4    187.48   188.53   50.34   9.85   665.85   665.46   76  668.87  671.59
   5    3    184.39   188.24   50.62   25.21   678.16   683.48   63  683.6  686.63
   6    1    189.2   181.82   51.03   12.64   679.95   670.39   0  680.92  672.08
   1    3    190.42   188.53   50.15   10.29   674.21   677.95   0  678.2  682.4
   2    1    186.44   185.52   49.71   12.72   663.87   665.9   75  672.48  670.42
   3    1    188.2   180.69   50.23   12.7   657.57   662.77   0  659.18  665.45
   4    4    188.41   187.37   50.27   7.86   669.04   666.25   0  667.66  670.42
   5    3    185.75   182.37   51.34   25.92   683.6   682.98   0  683.95  684.99
   6    1    193.1   190.65   50.16   14.76   676.0   671.49   16  677.28  678.78
   1    2    192.47   190.58   50.44   17.31   675.09   674.18   0  674.79  677.45
   2    4    186.06   186.92   49.42   6.64   655.77   662.82   0  665.45  659.74
   3    3    187.25   178.26   49.01   13.13   655.14   662.56   0  657.13  668.05
   4    1    190.06   189.39   51.32   14.03   669.15   671.74   0  670.23  676.96
   5    4    192.34   181.19   50.97   16.06   680.16   679.13   0  681.88  682.05
   6    3    188.11   189.61   52.47   17.08   679.88   671.72   0  681.4  674.42
   1    3    192.97   187.35   49.89   9.57   674.02   675.44   0  674.79  676.78
   2    1    190.71   189.0   48.9   4.96   655.5   656.91   0  660.0  658.12
   3    1    187.52   187.28   50.93   10.12   656.1   654.91   0  657.04  657.82
   4    4    192.31   190.91   49.81   11.09   666.13   663.61   0  663.78  665.26
   5    3    193.89   189.63   50.18   4.0   678.83   679.37   0  682.12  679.23
   6    1    194.94   186.11   49.98   11.33   674.76   673.45   0  676.96  673.58
   1    1    193.48   196.26   50.96   7.53   678.13   674.32   0  678.51  676.09
   2    2    189.08   196.15   49.89   6.17   656.19   658.91   45  665.16  656.04
   3    4    184.98   194.89   51.15   13.52   657.5   659.01   0  660.03  659.01
   4    2    191.34   177.24   49.5   10.02   666.53   666.63   0  668.24  667.52
   5    2    201.21   195.88   51.08   16.33   679.65   680.02   0  682.42  680.04
   6    2    192.25   182.93   49.91   29.41   670.12   673.1   0  674.89  672.18
   1    1    190.51   187.12   49.78   8.74   678.75   680.31   111  683.48  683.27
   2    2    179.59   184.84   48.8   13.23   656.96   659.19   0  662.0  660.18
   3    4    178.3   172.6   51.14   9.57   658.0   656.07   0  657.11  659.15
   4    2    192.23   182.07   50.13   11.77   669.05   666.54   0  667.72  669.28
   5    2    190.79   189.97   51.58   9.63   683.46   681.39   0  684.02  688.33
   6    2    181.26   189.94   53.45   14.98   669.46   678.81   0  682.08  672.97
   1    4    185.6   184.53   49.47   9.84   673.51   677.4   0  679.19  676.02
   2    3    181.94   178.17   48.47   7.37   657.4   654.16   0  659.28  655.82
   3    2    187.38   181.99   49.86   5.75   656.61   660.35   43  661.46  662.28
   4    1    0   0   0   0   0   0   0  661.46  662.28
   5    1    0   0   0   0   0   0   0  661.46  662.28
   6    1    0   0   0   0   0   0   0  661.46  662.28
   1    2    187.14   185.62   50.47   4.13   677.12   683.27   0  684.61  678.07
   2    4    188.97   188.66   49.68   9.21   658.43   659.54   0  664.18  658.72
   3    3    186.6   183.18   49.2   10.32   662.2   655.3   0  664.49  658.76
   4    1    188.73   185.71   49.82   8.82   670.55   665.19   0  671.96  667.43
   5    4    191.9   188.67   50.54   6.62   682.22   680.38   0  683.01  685.06
   6    3    191.59   187.57   51.58   9.64   674.92   677.86   0  676.42  679.61
   1    3    192.25   178.01   51.08   15.52   677.54   674.88   0  681.99  679.08
   2    1    185.74   187.84   49.24   21.91   667.8   652.31   0  670.48  661.28
   3    1    182.62   188.97   51.66   16.75   659.42   660.58   0  665.61  666.4
   4    4    187.79   182.64   51.13   4.14   669.55   667.65   0  672.3  672.12
   5    3    182.15   178.57   51.34   16.63   680.77   683.14   0  683.91  690.32
   6    1    185.66   174.72   50.85   38.92   679.52   669.22   0  680.83  672.96
   1    2    191.44   193.99   51.4   7.88   675.63   678.8   0  682.37  676.59
   2    4    183.7   178.06   48.79   8.46   662.12   660.69   0  663.46  664.44
   3    3    189.52   193.09   50.41   5.77   656.92   662.95   0  658.12  662.82
   4    4    0.0   0.0   48.89   9.55   0   0   0  0.0  0.0
   5    4    199.58   187.77   51.52   6.14   688.51   713.62   0  715.16  693.56
   6    4    0.0   0.0   49.95   6.92   0   0   0  0.0  0.0
   1    3    194.48   191.83   51.44   17.75   675.64   672.84   0  679.73  674.05
   2    1    183.64   175.0   48.33   7.72   660.47   653.71   0  662.17  657.06
   3    1    178.32   171.93   49.76   13.72   656.01   660.26   0  659.21  664.26
   4    4    188.52   190.52   49.71   8.29   670.42   666.24   15  670.05  676.29
   5    3    189.6   188.56   51.98   18.29   675.01   678.47   0  677.76  681.17
   6    1    189.7   184.9   51.5   6.32   678.46   671.83   0  679.84  674.75
   1    2    187.33   186.5   50.59   2.94   676.73   678.04   0  679.24  680.15
   2    4    185.87   180.89   48.99   10.7   656.89   660.25   0  660.6  658.41
   3    3    183.17   186.03   48.95   6.49   659.12   656.33   106  660.71  666.05
   4    1    185.78   184.57   51.67   12.88   665.3   671.9   0  666.16  671.13
   5    4    187.53   179.95   50.34   6.74   677.83   678.83   0  681.76  681.67
   6    3    190.3   183.83   51.48   16.87   675.46   670.91   0  677.1  672.0
   1    3    187.19   179.1   50.8   3.35   674.6   680.46   0  677.56  682.73
   2    1    189.3   185.88   48.85   18.09   661.15   659.6   0  663.71  662.27
   3    1    194.1   183.36   50.21   7.54   656.69   654.75   0  658.11  655.64
   4    4    185.62   188.0   50.72   8.96   670.99   666.24   0  668.24  672.45
   5    3    187.81   188.28   50.01   8.73   684.01   680.0   0  685.11  681.15
   6    1    195.41   197.29   49.83   6.86   674.33   668.1   0  674.29  668.98
   1    3    184.88   181.03   50.14   7.52   676.24   677.74   0  678.63  685.79
   2    1    184.07   181.95   49.02   11.46   655.84   657.79   319  668.18  672.06
   3    1    187.93   181.68   51.0   22.01   658.01   656.41   0  658.79  661.77
   4    4    178.56   183.02   50.86   6.26   669.09   664.44   40  664.83  677.32
   5    3    183.34   177.16   50.53   5.31   681.58   676.81   0  684.7  677.82
   6    1    193.65   174.95   50.15   14.56   674.69   665.91   206  683.05  671.67
   1    1    193.08   187.99   50.66   6.98   675.62   678.24   0  675.99  680.23
   2    2    183.88   186.06   49.23   2.61   660.09   659.06   0  662.16  661.92
   3    4    185.01   186.46   49.98   13.19   657.28   657.29   0  659.96  659.47
   4    2    187.23   184.28   49.68   5.71   673.93   666.01   0  669.72  675.83
   5    2    186.92   188.57   50.59   5.57   675.69   680.54   0  681.27  675.94
   6    2    186.81   187.89   50.51   3.35   672.63   676.91   0  678.81  673.35
   1    1    195.46   189.06   52.13   12.86   681.64   677.3   0  682.98  678.08
   2    2    179.31   187.01   50.12   7.91   654.87   662.61   218  669.97  656.96
   3    4    187.63   187.45   50.88   9.47   659.27   657.6   147  657.88  666.41
   4    2    190.92   186.19   50.35   7.89   670.08   664.99   0  666.03  670.14
   5    2    190.84   175.66   50.83   5.34   682.23   676.93   0  680.26  683.57
   6    2    185.85   193.14   51.32   15.33   671.51   679.75   0  682.41  673.18
   1    4    189.4   187.93   51.31   7.62   677.21   673.53   0  673.5  678.91
   2    3    182.08   185.21   50.98   7.83   657.0   661.24   0  660.99  663.48
   3    2    189.4   182.37   49.25   10.31   655.15   653.97   0  655.94  655.95
   4    3    182.94   178.93   49.64   11.07   662.86   674.22   0  663.94  675.55
   5    1    192.01   175.09   50.61   11.18   678.54   673.14   0  682.2  673.97
   6    4    195.66   191.62   51.31   4.61   667.44   675.96   0  678.33  669.84
   1    4    182.88   187.3   50.6   4.24   676.89   680.17   0  681.89  681.49
   2    3    178.2   178.65   49.68   10.46   664.82   664.04   0  667.55  667.57
   3    2    189.32   179.49   50.15   11.4   657.85   658.03   0  661.73  658.79
   4    3    189.34   187.01   51.3   10.59   666.02   676.36   0  668.88  679.82
   5    1    192.3   190.29   52.06   15.65   684.26   683.94   0  686.18  687.38
   6    4    184.93   181.37   50.38   11.57   667.08   676.5   0  678.1  668.41
   1    4    194.96   195.9   50.24   12.3   672.48   674.99   0  678.11  676.18
   2    3    181.97   179.79   48.72   10.52   658.16   654.09   0  659.65  657.1
   3    2    186.27   183.85   51.29   30.63   657.82   656.79   0  657.56  660.26
   4    3    195.07   190.93   50.09   12.45   668.49   666.72   0  668.73  667.39
   5    1    194.45   193.57   51.39   11.85   677.61   685.25   0  677.21  686.02
   6    4    188.28   175.06   50.18   11.9   673.72   676.56   0  677.18  673.71
   1    1    187.33   179.74   50.71   20.93   677.86   673.77   0  679.49  677.26
   2    2    180.62   185.23   48.81   6.27   657.25   660.83   0  662.44  661.88
   3    4    176.54   183.89   49.43   9.71   662.75   659.92   0  660.0  663.83
   4    2    190.32   186.09   51.41   4.34   668.33   669.23   0  670.34  670.7
   5    2    191.34   192.96   51.51   5.79   682.62   681.17   143  685.23  692.01
   6    2    191.87   187.33   51.89   9.51   675.34   673.21   0  677.05  676.57
   1    3    198.35   192.25   51.45   7.87   677.73   675.75   0  676.26  676.38
   2    1    186.08   184.38   48.28   22.1   664.49   661.42   0  665.75  664.32
   3    1    182.06   174.9   48.85   13.74   655.91   659.0   0  660.78  661.39
   4    4    194.6   198.83   49.73   9.24   669.88   670.29   0  673.78  673.36
   5    3    190.69   190.34   52.26   8.72   680.02   683.0   0  681.99  687.01
   6    1    192.14   186.65   51.09   8.99   676.77   667.19   0  676.81  669.33
   1    4    192.02   189.53   51.79   5.53   676.58   677.65   0  678.54  682.18
   2    3    183.04   179.84   50.08   17.2   660.93   654.44   0  663.04  660.4
   3    2    183.46   176.89   49.6   14.39   660.25   655.77   0  661.1  660.3
   4    3    186.69   186.52   49.83   13.87   669.38   669.04   0  670.44  673.29
   5    1    188.13   185.15   50.52   11.77   680.85   684.36   0  683.99  684.57
   6    4    190.48   186.4   51.86   9.82   670.29   679.89   0  688.3  671.52
   1    4    188.97   183.14   49.56   9.52   677.18   679.36   0  681.59  678.33
   2    3    179.72   168.19   49.62   23.58   659.45   652.72   0  663.43  654.78
   3    2    186.82   178.97   50.68   8.85   660.16   657.62   0  660.72  662.24
   4    3    189.84   188.26   51.08   7.38   669.58   671.59   0  671.01  679.2
   5    1    186.75   190.26   52.76   23.21   678.61   682.59   0  682.04  685.48
   6    4    184.1   183.46   50.46   31.72   673.72   679.36   0  679.54  675.0
   1    4    189.92   189.7   51.98   13.61   680.68   681.74   0  684.06  680.85
   2    3    190.25   186.28   49.77   7.31   660.93   658.74   61  664.26  665.76
   3    2    187.96   182.68   49.75   11.85   658.54   662.03   0  666.8  662.71
   4    3    186.95   182.2   49.59   14.89   669.63   669.72   0  670.98  670.31
   5    1    198.33   199.89   50.51   3.35   682.19   682.67   0  683.31  685.85
   6    4    194.63   186.66   51.38   14.15   675.3   677.17   0  680.55  677.67
   1    3    189.46   182.74   50.05   6.31   676.53   674.32   0  678.91  675.68
   2    1    193.1   191.58   48.97   13.69   657.23   658.13   10  658.91  665.08
   3    1    186.16   181.53   49.89   5.57   657.43   652.65   0  659.74  656.43
   4    4    186.7   187.94   50.84   11.29   666.88   667.55   0  669.56  668.2
   5    3    194.06   193.59   50.09   10.77   679.63   677.93   0  679.51  677.64
   6    1    189.8   187.88   50.29   7.0   674.8   671.98   0  674.24  673.51
   1    2    189.94   188.35   50.26   14.78   675.6   675.4   0  678.11  680.0
   2    4    185.91   185.51   49.63   9.02   660.37   666.02   0  665.84  668.7
   3    3    183.13   175.45   49.3   12.47   657.65   658.92   79  659.95  674.37
   4    2    0   0   0   0   0   0   0  0  0
   5    2    0   0   0   0   0   0   0  0  0
   6    2    0   0   0   0   0   0   0  0  0
   1    1    199.4   193.33   51.34   7.1   674.92   674.91   0  676.93  674.28
   2    2    180.97   189.22   49.17   8.62   655.39   660.37   0  664.04  657.81
   3    4    184.82   187.76   50.52   12.03   663.79   655.2   0  656.1  669.62
   4    2    191.36   195.46   49.63   14.52   668.15   668.98   0  668.17  668.99
   5    2    190.29   184.14   50.09   13.36   683.01   677.08   80  680.53  689.59
   6    2    186.32   181.22   50.55   5.98   669.95   681.17   0  681.75  672.12
   1    4    181.4   180.8   51.44   6.2   671.82   678.25   0  680.13  675.95
   2    3    186.4   173.89   51.95   61.55   661.21   654.37   59  670.39  655.14
   3    2    181.47   168.27   49.66   14.81   659.27   658.74   0  665.35  661.86
   4    3    178.76   179.51   49.98   11.73   665.16   665.41   0  667.69  666.85
   5    1    175.42   171.48   51.39   7.12   676.67   680.85   154  682.73  682.75
   6    4    183.8   182.99   51.93   6.42   666.44   676.14   78  682.53  666.47
   1    1    181.02   179.58   50.31   9.9   678.48   674.87   0  681.11  676.86
   2    2    181.03   187.53   48.77   14.08   657.57   666.77   87  674.22  663.83
   3    4    171.6   174.49   49.4   12.33   656.57   659.99   0  662.6  659.3
   4    2    185.56   179.0   50.63   6.55   667.42   668.4   0  672.98  670.92
   5    2    191.01   190.11   52.11   17.18   681.94   681.47   0  682.04  685.31
   6    2    182.71   184.43   52.11   31.5   669.91   675.51   73  683.05  671.04
   1    4    187.17   183.33   50.32   7.91   676.39   680.6   0  684.68  678.3
   2    3    181.25   177.32   49.5   8.4   661.6   654.63   0  663.22  656.12
   3    2    183.19   179.65   50.12   20.97   657.75   662.14   0  661.39  664.97
   4    3    185.22   184.79   50.84   9.0   667.34   663.96   0  669.18  664.98
   5    1    190.66   190.86   52.05   40.96   678.04   682.68   0  680.16  684.4
   6    4    180.77   174.85   50.62   27.03   675.47   676.42   0  681.28  679.27
   1    3    179.97   174.31   50.36   8.92   674.5   674.12   0  675.99  675.58
   2    1    179.71   181.25   48.75   19.99   655.53   653.99   0  659.23  659.07
   3    1    181.93   171.04   52.23   11.02   656.04   656.18   0  658.52  657.79
   4    4    184.23   180.44   50.74   7.22   672.4   667.2   82  669.02  687.56
   5    3    181.63   176.68   50.8   16.85   678.72   678.66   0  682.95  681.77
   6    1    186.38   183.95   50.64   9.67   677.12   673.3   0  680.13  673.68
   1    2    190.82   191.02   52.5   9.63   681.12   680.15   0  683.2  682.64
   2    4    176.32   172.72   48.51   18.01   659.64   663.71   23  667.72  668.32
   3    3    186.75   183.43   51.02   6.78   658.6   661.38   0  661.71  662.55
   4    1    172.17   182.15   49.36   14.73   665.23   673.85   0  667.76  676.68
   5    4    189.37   187.41   52.82   19.4   679.53   683.14   0  683.79  681.83
   6    3    177.91   177.66   52.44   26.14   678.76   676.02   0  680.98  676.16
   1    1    191.34   188.28   49.77   5.81   676.73   681.2   0  680.64  682.5
   2    2    153.68   177.91   49.18   17.32   659.94   656.56   0  657.75  661.48
   3    4    181.71   186.93   48.75   9.09   652.17   656.55   0  658.82  653.64
   4    2    191.96   192.63   50.53   9.57   670.07   669.59   0  668.87  671.51
   5    2    191.73   161.14   51.72   3.9   678.62   683.4   0  685.97  679.36
   6    2    193.03   192.35   52.33   32.49   672.87   675.64   0  677.35  673.86
   1    3    186.17   188.73   51.69   8.85   673.75   677.6   22  680.69  679.98
   2    1    173.7   173.97   48.84   8.96   661.52   662.31   0  663.49  668.76
   3    1    178.88   163.38   49.28   19.65   657.48   659.27   311  665.01  661.17
   4    4    183.75   172.0   49.77   8.2   669.86   667.46   0  673.24  674.58
   5    3    187.7   189.53   52.32   23.95   683.44   682.24   0  684.55  686.2
   6    1    186.25   180.38   51.86   9.8   677.84   667.52   0  682.57  669.1
   1    3    186.04   183.34   49.81   8.06   678.92   672.87   0  680.66  672.85
   2    1    189.49   184.75   48.37   10.2   657.48   654.95   0  657.35  655.35
   3    1    182.71   180.32   50.15   8.56   660.48   657.73   0  662.15  659.31
   4    4    186.23   185.35   50.8   5.88   664.1   671.08   0  674.33  665.69
   5    3    188.45   190.53   50.25   5.23   679.23   683.92   0  682.97  682.94
   6    1    189.04   182.91   49.74   3.99   676.04   677.21   0  678.15  679.59
   1    1    187.3   177.85   50.31   18.29   681.67   673.31   18  682.97  679.76
   2    2    176.92   184.78   48.76   7.03   658.28   664.01   0  666.71  661.83
   3    4    174.68   172.79   49.39   6.4   662.63   659.42   0  663.07  665.3
   4    2    184.98   182.95   50.71   8.17   669.34   667.75   0  669.72  672.01
   5    2    193.01   185.65   51.76   16.81   682.32   679.68   0  681.91  684.86
   6    2    186.86   186.58   51.89   7.13   672.65   674.0   0  676.82  673.53
   1    1    186.87   181.85   50.11   13.78   675.13   675.87   150  677.26  686.2
   2    2    164.92   181.14   48.85   9.41   657.88   664.46   0  666.4  664.0
   3    4    176.64   179.16   49.47   13.01   659.11   656.51   0  657.83  659.61
   4    2    186.99   180.96   50.24   18.22   668.53   666.67   0  668.64  671.83
   5    2    189.31   181.58   51.82   11.54   681.21   679.81   0  682.68  681.34
   6    2    184.35   190.35   51.58   5.63   666.59   678.48   0  680.13  666.8
   1    3    182.29   183.74   51.83   13.44   675.82   680.11   0  679.17  683.14
   2    1    179.92   170.22   48.25   11.15   659.31   662.35   16  669.46  664.01
   3    1    190.24   185.66   48.52   88.24   656.09   658.29   0  657.0  661.51
   4    4    170.93   174.85   49.42   7.64   670.74   665.67   0  667.75  675.33
   5    3    187.64   186.8   51.64   7.34   684.43   682.91   0  684.57  684.92
   6    1    196.96   191.89   52.01   10.78   678.48   672.62   0  679.07  675.9
   1    1    190.83   191.2   51.77   6.68   678.42   671.67   86  685.69  677.58
   2    2    190.64   188.44   49.5   6.56   655.67   658.32   18  671.18  656.44
   3    4    179.43   186.69   51.57   6.74   657.79   661.82   27  663.75  670.19
   4    2    191.56   181.05   48.95   36.91   670.28   670.91   0  671.29  672.28
   5    2    188.64   194.9   51.31   11.83   680.03   676.48   0  678.53  683.73
   6    2    187.51   180.03   50.85   8.06   674.22   675.71   233  678.62  682.2
   1    2    182.63   182.31   50.12   10.63   681.78   678.0   0  680.97  689.47
   2    4    183.01   182.32   49.69   4.15   662.31   660.32   179  665.35  688.12
   3    3    180.36   180.64   50.14   9.95   659.54   656.18   0  663.45  660.65
   4    1    183.72   187.21   49.18   244.34   662.18   670.0   263  663.87  678.63
   5    4    188.55   176.39   50.84   11.8   680.85   685.38   157  694.23  686.93
   6    3    193.64   184.38   53.2   27.47   676.37   671.87   171  685.99  677.58
   1    3    195.76   193.83   51.3   7.1   675.33   672.09   0  676.17  672.43
   2    1    184.77   184.28   47.86   9.05   658.21   652.05   0  659.63  654.77
   3    1    182.98   181.14   48.8   5.72   654.04   661.94   0  654.31  661.47
   4    4    191.74   187.75   49.65   7.09   667.51   667.58   0  668.73  668.98
   5    3    195.72   191.52   51.36   6.57   676.77   680.07   0  677.01  681.09
   6    1    194.11   190.29   50.63   10.58   677.41   667.95   0  678.05  669.39
   1    2    189.44   186.36   50.27   6.31   672.47   676.95   0  683.72  674.1
   2    4    195.44   187.01   49.11   11.16   662.33   662.06   0  661.87  663.89
   3    3    185.64   184.45   48.96   6.29   658.94   655.39   0  662.06  656.31
   4    1    190.25   189.48   50.15   6.87   669.37   666.33   0  670.48  667.01
   5    4    195.0   194.54   50.02   13.52   679.13   677.71   0  678.86  680.83
   6    3    190.89   187.03   51.66   16.75   670.55   673.4   0  673.44  676.06
   1    4    190.79   190.42   50.26   16.43   677.41   674.65   0  678.11  682.06
   2    3    179.77   174.58   48.45   5.4   655.23   659.54   30  665.03  662.62
   3    2    187.97   182.45   49.9   18.18   654.79   657.73   0  660.43  658.0
   4    3    185.84   185.31   49.92   6.67   665.16   672.68   0  667.78  674.6
   5    1    189.56   190.77   51.57   8.74   678.71   677.37   0  681.44  680.27
   6    4    187.46   184.03   50.38   5.01   672.34   675.82   0  676.71  673.58
   1    4    190.65   184.71   51.8   7.9   675.76   676.98   0  685.95  678.96
   2    3    185.59   188.36   51.92   24.55   663.24   658.94   13  667.34  667.15
   3    2    179.58   170.9   49.69   16.93   658.14   659.2   262  665.86  665.19
   4    3    180.29   182.5   50.72   12.11   666.03   668.15   115  675.82  669.59
   5    1    197.52   178.09   51.63   19.59   676.25   677.81   0  678.32  680.99
   6    4    186.31   190.93   51.69   9.76   673.5   676.5   0  681.99  676.04
   1    2    186.37   184.41   49.92   10.67   671.64   677.25   0  677.14  672.73
   2    4    194.32   189.35   49.86   9.25   658.4   657.63   0  658.16  663.81
   3    3    186.7   180.01   48.56   6.72   658.48   653.47   0  658.92  654.49
   4    1    187.53   187.64   50.47   6.0   667.51   667.64   0  669.43  669.78
   5    4    190.17   197.31   50.95   5.62   675.95   678.11   0  679.01  678.64
   6    3    188.47   189.79   51.58   11.63   669.93   671.37   0  672.29  673.26
   1    3    180.84   182.14   49.83   12.61   676.61   674.99   0  683.1  677.31
   2    1    185.58   183.59   49.3   6.67   657.01   656.47   0  660.0  662.3
   3    1    186.49   177.1   50.73   7.54   655.5   654.36   0  656.66  656.74
   4    4    185.61   182.57   50.32   10.91   672.11   666.12   0  668.67  673.15
   5    3    188.09   173.29   51.59   143.44   679.75   678.2   0  682.22  679.32
   6    1    188.47   173.66   50.17   11.2   674.27   667.0   202  675.54  675.33
   1    1    192.11   189.93   51.76   17.17   674.82   676.63   0  678.47  679.95
   2    2    181.98   184.73   49.25   9.81   654.75   660.21   0  662.24  656.75
   3    4    181.14   188.07   50.12   7.5   659.95   657.58   0  659.54  663.55
   4    2    192.42   181.34   49.53   11.59   668.49   665.71   94  676.74  670.64
   5    2    183.07   176.97   50.52   19.11   683.31   676.03   0  676.93  685.05
   6    2    189.1   181.85   50.92   12.9   673.96   681.14   198  687.49  691.31
   1    3    190.95   189.94   51.62   3.93   677.38   681.23   0  681.24  682.94
   2    1    185.67   183.47   48.73   10.04   658.69   659.84   74  666.67  661.0
   3    1    182.99   185.65   49.14   9.37   657.94   659.83   0  660.03  665.59
   4    4    181.87   184.85   49.15   7.64   667.16   663.01   0  664.21  667.21
   5    3    193.9   188.94   51.66   3.97   681.53   680.38   0  684.15  681.06
   6    1    198.03   190.91   51.63   11.39   676.68   673.33   0  679.79  674.62
   1    1    192.07   185.78   50.36   6.67   679.19   674.16   0  679.73  675.65
   2    2    186.15   188.66   48.74   20.78   654.61   661.09   0  664.66  656.2
   3    4    181.79   184.67   49.08   8.47   657.96   660.05   34  660.24  664.49
   4    2    191.01   188.1   50.53   7.0   664.08   671.67   0  672.45  668.22
   5    2    196.92   196.04   51.95   5.01   681.97   678.91   0  681.79  683.68
   6    2    189.86   193.2   51.77   4.43   675.65   674.77   0  675.26  677.88
   1    1    190.5   188.1   49.88   15.11   674.96   673.42   0  674.66  676.68
   2    2    169.25   180.56   49.28   7.7   658.1   663.03   13  670.1  662.1
   3    4    182.0   173.71   49.53   7.69   662.52   656.7   0  661.1  665.04
   4    2    0   0   0   0   0   0   0  0  0
   5    2    0   0   0   0   0   0   0  0  0
   6    2    0   0   0   0   0   0   0  0  0
   1    3    185.65   184.67   50.09   54.38   678.36   675.97   0  682.83  676.42
   2    1    185.18   184.98   49.87   21.83   660.23   654.94   34  670.19  658.4
   3    1    184.44   181.46   50.65   6.6   658.21   660.95   0  659.25  661.18
   4    4    187.52   186.6   51.03   7.17   666.98   671.0   0  674.04  669.01
   5    3    186.03   181.12   51.0   7.63   679.17   685.93   0  682.12  689.03
   6    1    190.14   184.55   50.38   21.56   680.55   676.84   0  685.78  679.43
   1    3    190.47   189.12   51.31   22.62   674.49   679.66   0  674.1  682.13
   2    1    182.6   184.16   47.74   7.69   660.64   660.79   17  672.54  663.46
   3    1    188.19   178.75   49.36   11.84   656.17   660.82   0  655.15  661.93
   4    4    185.12   181.56   49.43   8.04   673.12   666.22   33  671.92  674.06
   5    3    191.59   187.72   51.5   4.56   683.61   677.56   0  685.65  679.03
   6    1    195.26   191.04   52.32   6.45   676.18   673.15   0  678.11  674.19
   1    3    190.6   180.12   49.73   18.28   678.31   674.25   0  679.78  676.48
   2    1    189.92   188.17   49.06   6.11   660.68   659.74   0  662.5  659.97
   3    1    184.4   180.06   50.68   8.01   657.7   653.12   0  659.1  653.74
   4    2    0   0   0   0   0   0   0  0  0
   5    2    0   0   0   0   0   0   0  0  0
   6    2    0   0   0   0   0   0   0  0  0
   1    4    189.76   180.03   50.53   14.7   679.57   675.9   0  678.97  680.97
   2    3    181.04   176.47   50.89   34.85   657.59   657.87   0  659.78  660.24
   3    2    186.75   180.25   53.58   24.26   656.05   656.2   0  657.0  657.91
   4    3    188.82   190.7   50.68   8.35   667.4   672.35   43  669.39  684.54
   5    1    194.09   192.8   52.21   27.86   681.26   677.93   108  692.23  679.71
   6    4    183.46   179.37   50.47   8.68   668.5   672.94   94  679.91  671.71
   1    2    189.06   191.11   50.71   4.95   673.79   676.02   0  677.8  674.9
   2    4    190.37   193.07   48.2   10.31   654.87   656.46   0  658.11  658.62
   3    3    188.35   191.64   51.06   45.77   658.46   654.78   0  659.7  658.27
   4    1    183.97   176.65   49.33   9.17   667.96   666.95   0  668.04  666.36
   5    4    199.31   191.53   50.86   5.77   675.93   676.45   0  676.88  677.2
   6    3    199.24   184.1   50.81   7.68   674.73   674.67   0  676.77  675.67
   1    1    193.58   184.74   50.18   5.15   678.46   675.77   0  679.98  676.44
   2    2    187.8   190.28   48.47   9.87   656.99   660.09   0  662.21  663.21
   3    4    183.43   181.75   48.71   7.95   655.99   659.02   0  659.04  660.0
   4    2    192.07   189.15   50.26   13.21   664.84   668.91   35  674.98  665.85
   5    2    197.86   194.57   51.98   24.95   679.14   678.14   0  678.33  679.81
   6    2    188.66   194.56   51.71   6.77   673.16   674.01   136  682.99  674.32
   1    4    187.87   180.62   49.86   20.79   678.98   676.45   250  693.03  680.05
   2    3    175.5   178.06   49.62   11.58   660.11   662.95   113  717.14  673.8
   3    2    186.17   182.16   51.03   11.05   658.27   659.49   0  659.52  663.11
   4    3    185.45   188.65   50.4   17.22   666.52   671.55   0  670.05  673.87
   5    1    192.89   189.09   52.12   10.52   682.19   681.35   0  684.81  684.93
   6    4    185.45   181.67   50.31   5.15   673.03   677.58   156  679.71  682.48
   1    4    187.26   185.36   50.0   11.12   673.35   678.58   0  682.93  674.12
   2    3    180.52   176.66   49.41   11.16   665.25   659.86   264  675.47  661.43
   3    2    190.98   181.3   50.71   4.17   661.49   656.95   39  665.07  665.16
   4    3    186.46   188.56   51.16   4.76   667.93   667.43   0  670.74  668.46
   5    1    189.69   193.01   51.97   13.71   680.43   682.4   0  683.87  685.71
   6    4    182.01   182.04   50.45   16.26   666.19   676.76   0  679.37  667.57
   1    1    187.54   170.23   49.68   6.71   677.37   679.42   211  683.36  684.29
   2    2    172.78   166.19   49.0   19.19   654.16   665.82   0  668.03  657.12
   3    4    174.57   167.83   51.87   28.85   660.1   657.68   88  660.4  668.75
   4    2    186.0   185.5   50.39   23.61   669.42   670.01   0  673.31  670.92
   5    2    187.16   196.14   52.31   23.04   680.2   679.27   0  681.32  684.29
   6    2    177.19   199.58   52.5   19.12   671.02   681.5   0  683.98  674.02
   1    4    195.32   188.4   51.32   7.33   681.87   676.33   0  679.79  684.35
   2    3    184.49   183.44   50.23   16.39   657.53   657.5   23  660.01  664.92
   3    2    187.16   175.93   48.98   10.65   658.22   659.14   0  663.66  663.05
   4    3    185.57   182.15   49.38   8.62   664.59   667.97   0  665.82  668.36
   5    1    186.37   184.56   50.95   5.03   682.58   680.64   56  690.38  681.83
   6    4    184.7   188.47   52.03   6.47   672.22   674.67   0  674.91  674.27
   1    2    183.2   185.8   50.44   6.54   673.72   679.28   0  680.33  678.45
   2    4    196.67   188.19   49.98   5.95   660.26   660.4   0  662.4  663.28
   3    3    182.64   179.56   48.84   7.25   659.38   655.51   0  659.78  659.95
   4    1    186.62   183.31   49.92   13.54   669.46   666.4   46  671.72  672.85
   5    4    199.33   204.85   50.36   13.01   683.02   678.16   0  679.13  685.54
   6    3    187.22   186.65   51.66   8.86   673.76   672.09   0  675.8  674.59
   1    2    189.16   190.4   49.68   8.78   673.0   680.0   0  682.05  673.06
   2    4    191.55   187.98   48.86   15.12   655.92   658.59   0  659.13  659.02
   3    3    184.2   184.04   50.22   158.92   659.89   656.95   0  660.58  662.26
   4    1    192.8   185.94   49.51   9.36   668.32   665.0   0  669.16  665.87
   5    4    199.48   195.24   50.53   7.0   679.38   677.89   0  678.51  680.45
   6    3    188.21   187.17   51.53   9.46   672.24   673.32   0  674.23  673.77
   1    1    183.2   184.4   49.69   10.49   679.03   678.47   21  685.75  679.21
   2    2    181.38   181.22   48.41   13.82   655.63   656.87   0  659.61  659.75
   3    4    174.22   175.5   49.44   9.37   659.09   659.97   173  670.91  661.23
   4    2    188.77   184.25   51.19   15.55   667.4   668.89   0  669.7  670.16
   5    2    194.47   190.58   52.05   13.11   677.95   678.66   0  682.91  682.3
   6    2    186.06   190.28   52.65   7.83   674.29   675.78   0  677.34  675.24
   1    3    189.75   187.0   49.92   9.57   675.61   678.16   0  676.81  681.62
   2    1    190.41   186.52   48.99   8.0   658.64   658.72   0  660.36  660.35
   3    1    192.22   187.83   49.9   20.37   658.99   661.07   0  659.99  661.22
   4    4    188.08   188.85   50.28   7.08   667.65   664.18   0  666.63  669.97
   5    3    191.23   186.12   50.86   6.52   680.52   678.23   0  681.21  679.6
   6    1    196.76   197.62   50.24   3.38   674.36   672.42   0  675.29  673.26
   1    3    183.81   181.71   51.67   6.1   678.93   675.75   0  681.43  682.05
   2    1    182.14   180.06   48.52   8.67   658.06   656.36   0  662.32  659.88
   3    1    169.09   173.36   48.26   131.95   659.88   652.89   0  660.73  654.23
   4    4    172.81   178.48   49.83   7.99   666.55   669.02   213  671.96  672.98
   5    3    183.78   188.3   52.51   9.63   683.83   677.18   0  684.07  681.94
   6    1    192.97   184.22   51.71   5.81   673.86   672.74   143  677.1  681.57
   1    2    191.45   190.08   51.8   5.63   675.35   677.25   0  683.21  681.06
   2    4    189.32   178.69   48.34   11.67   662.56   664.65   0  668.01  665.25
   3    3    186.38   187.53   50.76   15.56   656.87   658.14   0  657.63  661.5
   4    1    182.72   176.9   49.09   17.11   666.0   670.96   0  667.82  670.92
   5    4    192.14   193.17   52.54   12.91   679.44   682.11   0  682.36  681.4
   6    3    186.54   181.17   50.6   5.87   673.96   669.21   30  676.92  677.54
   1    4    194.91   187.04   51.47   7.55   674.94   675.41   0  676.77  679.24
   2    3    185.89   180.07   51.21   156.25   659.22   653.19   0  661.09  655.05
   3    2    182.4   172.3   48.86   9.56   662.55   659.61   0  662.96  662.89
   4    3    191.82   191.33   50.01   4.59   670.09   667.61   0  670.35  669.04
   5    1    190.81   190.29   50.21   16.48   679.9   682.58   397  682.03  694.02
   6    4    188.81   184.2   51.55   9.54   673.8   676.95   278  693.99  674.47
   1    1    191.42   190.06   51.33   5.04   678.59   672.65   0  679.35  672.09
   2    2    184.12   187.47   49.59   4.59   655.95   658.52   0  660.5  657.05
   3    4    185.97   186.19   50.15   8.36   657.45   661.0   0  662.66  659.68
   4    2    186.93   180.88   49.13   5.99   664.56   668.04   0  669.68  665.85
   5    2    186.31   185.48   50.12   61.89   679.43   678.59   0  678.79  683.07
   6    2    185.23   184.88   50.43   8.1   670.59   670.42   0  673.04  670.6
   1    2    187.59   179.36   50.78   29.37   680.01   676.57   0  677.75  682.84
   2    4    184.61   186.53   49.49   5.36   660.93   662.24   0  663.92  663.29
   3    3    186.46   185.92   49.33   8.37   658.31   658.04   0  661.71  659.44
   4    1    182.44   187.6   51.07   26.29   667.05   672.67   0  672.77  676.06
   5    4    197.22   179.51   50.75   9.07   683.55   683.21   46  693.76  686.93
   6    3    191.67   188.22   51.9   11.81   677.57   670.14   0  678.19  673.18
   1    2    181.85   183.19   50.25   11.16   676.74   678.69   0  680.6  679.16
   2    4    187.92   181.84   49.15   7.6   654.11   663.4   118  675.51  656.26
   3    3    179.85   179.0   48.95   10.96   658.99   664.36   0  660.55  666.81
   4    1    185.24   183.03   50.72   17.88   665.17   666.73   225  674.6  668.85
   5    4    189.75   188.81   51.0   7.41   683.91   678.92   0  680.84  686.54
   6    3    186.26   182.3   52.28   11.05   677.91   670.59   92  684.97  677.1
   1    3    187.65   187.2   49.68   11.01   674.19   673.89   100  685.57  675.03
   2    1    187.41   186.75   48.93   5.73   654.79   653.2   0  656.65  656.81
   3    1    185.07   183.91   49.83   5.73   653.69   654.91   74  660.41  660.16
   4    4    187.82   187.77   50.25   13.83   668.0   666.01   0  667.02  670.02
   5    3    187.88   186.38   50.25   10.46   674.65   679.12   0  675.98  679.7
   6    1    191.49   186.78   50.1   9.92   676.23   670.98   0  677.21  670.16
   1    4    193.25   187.33   51.55   6.04   678.35   677.36   0  680.41  680.71
   2    3    182.06   183.39   50.02   5.86   660.54   657.62   0  666.35  662.37
   3    2    181.87   170.3   49.54   11.01   655.19   659.96   0  662.5  659.43
   4    3    185.24   181.47   49.88   8.56   666.6   665.37   0  667.92  668.85
   5    1    184.66   185.69   51.15   26.99   677.85   681.22   0  683.34  682.09
   6    4    186.5   182.59   51.98   15.29   670.79   675.65   0  679.01  677.33
   1    3    182.47   183.66   50.51   12.1   673.99   677.91   0  674.54  679.17
   2    1    188.95   186.0   49.46   2.19   657.99   659.16   0  658.96  660.22
   3    1    184.69   182.87   51.02   30.3   656.72   656.53   0  657.07  662.08
   4    4    187.0   183.99   50.72   12.68   670.42   666.61   0  666.72  672.82
   5    3    186.1   184.35   50.6   4.49   682.28   677.72   0  684.27  682.2
   6    1    190.64   182.82   50.6   10.15   674.41   670.5   0  678.71  672.67
   1    3    186.69   183.8   49.83   8.27   672.72   677.77   0  673.0  678.82
   2    1    189.58   186.21   49.16   9.33   660.98   662.86   11  666.28  664.74
   3    1    191.39   185.3   50.15   10.06   656.68   658.06   0  658.53  660.41
   4    4    190.06   189.18   49.66   33.05   673.56   667.81   44  668.84  681.73
   5    3    187.99   185.24   50.36   6.81   682.31   677.49   0  684.82  682.17
   6    1    192.12   192.2   49.86   6.82   672.52   669.84   0  676.2  671.65
   1    4    193.78   186.68   52.38   35.21   678.29   674.8   0  677.18  680.58
   2    3    178.95   176.26   50.4   163.9   659.89   654.42   0  666.18  656.67
   3    2    181.86   169.45   49.6   10.77   657.44   657.17   0  659.67  659.96
   4    3    178.15   182.18   49.39   8.35   666.13   667.25   26  672.25  671.13
   5    1    177.97   178.64   50.71   24.17   676.64   678.54   0  678.58  681.01
   6    4    189.55   185.35   52.61   122.63   670.05   677.21   0  679.14  669.39
   1    1    192.84   193.67   51.33   32.93   673.56   677.3   0  679.07  681.18
   2    2    184.85   188.37   49.77   7.31   659.63   657.87   0  661.55  661.89
   3    4    191.35   190.83   51.11   5.71   655.9   656.84   0  659.9  658.31
   4    2    191.81   178.84   49.45   14.38   669.25   664.98   0  666.26  672.37
   5    2    188.87   186.44   51.05   10.86   678.03   681.71   0  681.86  680.07
   6    2    195.68   199.98   50.52   11.76   670.95   675.51   0  676.96  670.74
   1    4    193.83   191.62   49.54   7.26   675.82   680.29   0  680.31  677.49
   2    3    193.24   195.91   50.34   32.49   661.05   661.05   0  660.87  662.27
   3    2    191.4   188.95   49.92   24.42   654.83   658.19   52  660.5  662.72
   4    3    193.33   194.62   50.89   12.15   670.93   668.27   0  672.21  669.12
   5    1    203.23   199.75   52.29   14.21   681.66   680.05   0  682.22  680.9
   6    4    191.05   184.53   49.95   7.66   675.28   672.81   0  673.73  675.37
   1    1    192.24   189.26   51.53   5.95   680.43   675.72   0  682.57  677.76
   2    2    185.42   185.81   49.48   9.31   657.1   660.29   0  662.48  660.22
   3    4    179.63   185.3   50.53   11.09   655.19   659.42   0  660.24  657.22
   4    2    187.65   178.21   49.71   6.73   665.57   668.1   0  670.53  667.67
   5    2    191.25   192.75   50.53   5.56   680.02   679.79   0  680.22  681.28
   6    2    185.73   180.36   50.01   8.62   672.71   675.83   0  677.74  673.43
   1    1    188.16   196.77   51.66   13.19   675.1   675.55   0  677.75  678.18
   2    2    183.51   190.22   49.85   19.8   657.69   655.77   23  663.08  661.1
   3    4    191.9   187.07   51.35   26.87   659.48   661.31   19  670.11  661.54
   4    2    192.38   177.31   49.03   23.95   673.44   670.14   0  672.28  673.75
   5    2    186.46   178.76   50.49   17.62   679.15   681.01   0  688.08  681.24
   6    2    180.63   194.49   50.75   17.02   674.13   678.29   12  684.08  676.39
   1    1    199.83   201.92   51.9   8.42   684.18   677.2   0  686.51  678.98
   2    2    195.34   191.93   49.13   4.95   655.6   657.99   0  659.22  656.12
   3    4    189.17   191.74   50.5   6.8   656.95   660.49   0  662.89  660.16
   4    2    200.53   181.15   49.13   10.86   664.54   666.45   46  668.72  670.62
   5    2    198.87   202.29   50.19   8.36   680.92   681.64   0  684.28  682.64
   6    2    185.17   192.03   50.31   8.69   675.17   674.98   0  676.64  681.25
   1    2    188.88   176.72   50.75   20.44   680.29   674.39   0  678.57  685.53
   2    4    182.14   179.38   49.34   5.24   662.08   659.02   0  663.16  668.28
   3    3    184.65   183.56   49.83   5.64   656.74   658.26   0  660.82  661.29
   4    1    180.26   187.14   50.51   7.6   666.74   670.55   184  672.42  687.93
   5    4    183.37   179.46   50.56   17.17   679.58   681.35   439  697.87  682.62
   6    3    193.45   191.98   53.27   18.05   679.1   675.58   0  684.04  677.44
   1    3    186.06   182.0   50.1   16.54   672.68   677.45   32  677.67  677.72
   2    1    188.35   185.84   49.35   6.36   662.01   662.91   0  664.57  667.86
   3    1    185.87   178.69   50.83   14.3   656.74   657.21   0  658.34  659.8
   4    4    187.09   187.01   51.12   4.46   672.7   663.49   0  665.03  674.63
   5    3    189.03   183.48   49.95   10.89   683.18   678.09   0  684.22  681.1
   6    1    186.71   186.72   50.2   8.7   673.15   668.42   0  675.14  668.87
   1    2    196.11   189.44   49.8   8.64   675.36   671.62   65  674.25  687.95
   2    4    192.22   197.6   49.09   12.46   658.11   656.56   0  660.71  658.66
   3    3    196.2   192.6   49.25   12.56   658.01   656.99   0  656.05  658.0
   4    1    194.84   195.74   50.13   11.07   665.43   669.72   0  667.82  673.13
   5    4    207.45   186.41   50.68   11.96   677.31   679.1   141  689.95  678.06
   6    3    199.31   199.94   51.86   8.3   674.98   673.16   0  676.08  671.9
   1    4    196.42   190.92   52.31   16.79   679.31   674.95   143  674.81  684.96
   2    3    185.44   184.77   50.16   21.89   657.65   658.45   332  658.58  674.47
   3    2    188.02   176.5   49.24   5.66   658.35   657.32   0  658.99  660.99
   4    3    186.62   189.58   49.94   9.32   666.07   670.12   0  665.76  672.0
   5    1    188.51   186.48   50.71   4.67   682.65   678.13   0  684.61  678.97
   6    4    189.7   193.83   51.29   11.61   672.08   677.3   0  679.73  674.27
   1    2    200.22   198.07   50.89   6.68   674.29   675.0   0  678.64  673.79
   2    4    190.78   184.44   48.36   7.44   656.99   661.66   0  665.98  658.15
   3    3    188.42   191.82   49.92   9.17   655.31   658.7   0  657.33  660.16
   4    1    195.49   195.07   49.15   16.48   667.31   667.94   0  668.02  668.84
   5    4    199.49   195.9   51.7   6.94   680.82   678.4   119  677.87  692.6
   6    3    191.51   183.05   51.04   9.65   674.4   666.76   160  684.78  670.06
   1    2    192.93   178.68   49.75   6.89   678.18   674.58   0  676.89  680.18
   2    4    187.5   188.8   49.22   7.28   655.21   661.16   0  665.31  657.74
   3    3    186.19   180.38   49.46   11.66   655.62   661.91   0  657.58  664.41
   4    1    190.56   193.07   50.13   8.59   669.45   664.51   0  671.26  665.26
   5    4    185.04   184.06   50.24   43.41   681.99   677.77   0  677.63  684.04
   6    3    189.81   195.43   52.33   14.73   679.09   669.03   0  682.56  670.58
   1    2    197.98   199.71   51.44   6.72   674.63   674.83   0  676.18  676.21
   2    4    191.66   178.19   47.97   8.05   652.87   656.84   0  657.93  654.52
   3    3    188.22   195.56   50.25   11.48   657.44   657.91   0  661.25  660.19
   4    2    0   0   0   0   0   0   0  0  0
   5    2    0   0   0   0   0   0   0  0  0
   6    2    0   0   0   0   0   0   0  0  0
   1    1    192.97   190.26   49.8   6.31   680.24   682.58   0  680.46  684.93
   2    2    184.04   186.27   49.03   5.06   661.48   659.5   0  660.8  662.13
   3    4    185.68   187.19   48.99   8.5   659.47   661.49   0  663.2  662.47
   4    2    197.09   191.77   50.45   17.18   671.13   666.01   0  667.24  672.72
   5    2    195.72   196.59   51.81   11.0   678.84   684.59   0  683.83  680.25
   6    2    194.31   196.45   52.16   7.79   673.22   676.48   0  676.6  674.42
   1    1    190.7   198.09   51.68   4.72   681.39   677.63   0  684.07  680.41
   2    2    187.95   194.42   49.89   17.65   655.65   659.6   0  661.63  659.8
   3    4    185.19   194.75   50.45   8.0   660.5   663.0   0  665.0  665.0
   4    2    195.22   171.15   49.6   13.68   669.59   669.94   0  673.67  675.4
   5    2    198.12   194.82   50.43   28.8   682.79   681.42   0  683.18  682.91
   6    2    184.84   186.28   52.3   17.72   672.16   675.83   0  677.81  674.62
   1    3    184.59   179.99   50.79   10.86   680.96   674.5   0  685.89  674.99
   2    1    192.55   188.49   49.93   7.73   664.61   658.49   0  669.72  665.32
   3    1    187.66   176.82   51.57   14.49   659.68   655.98   0  662.52  659.95
   4    4    185.67   189.15   51.58   8.53   669.48   668.25   0  672.85  670.31
   5    3    185.43   186.5   50.78   19.92   679.15   682.61   0  682.25  684.12
   6    1    184.35   179.36   50.45   12.58   672.94   672.49   0  675.41  674.49
    1    2    188.82   185.28   50.42   5.84   677.36   672.01   0  674.65  678.49
    2    4    189.03   183.67   49.44   7.4   659.61   658.44   0  659.13  661.94
    3    3    191.54   196.64   49.21   6.2   656.58   657.78   0  657.6  661.91
    4    1    188.45   186.35   50.71   8.85   666.21   672.87   0  666.34  674.94
    5    4    191.06   188.69   50.57   6.53   677.44   678.42   0  680.49  679.15
    6    3    197.63   190.14   52.1   17.92   677.19   672.45   0  682.28  675.0
    1    4    194.34   192.93   52.02   18.67   677.12   677.57   0  678.78  681.92
    2    3    188.04   186.04   49.89   14.37   659.95   661.37   44  665.4  662.24
    3    2    190.29   181.61   49.9   15.98   660.68   658.27   0  660.89  661.24
    4    3    188.4   181.37   49.83   6.86   664.52   668.91   0  667.45  673.6
    5    1    186.46   183.47   50.8   26.05   680.06   677.06   0  683.99  681.0
    6    4    192.28   192.4   52.09   10.37   669.89   674.78   0  676.12  671.91
    1    3    191.23   182.67   50.43   8.55   677.11   673.29   0  678.56  675.68
    2    1    192.62   193.6   48.92   38.35   661.16   655.9   0  666.18  656.4
    3    1    187.75   188.34   50.39   5.41   656.04   659.33   0  657.27  662.53
    4    4    191.09   195.69   52.18   47.19   666.79   668.56   0  671.08  669.11
    5    3    194.03   189.36   51.16   32.98   677.9   682.26   0  676.44  682.49
    6    1    193.11   181.55   50.81   156.16   674.01   667.9   0  675.56  670.06
    1    2    184.37   189.07   51.9   7.02   675.89   678.88   25  691.38  678.97
    2    4    176.42   170.24   48.47   8.57   653.29   657.94   0  662.78  659.18
    3    3    182.38   188.04   51.65   5.36   656.71   661.1   0  660.33  666.63
    4    1    183.9   178.16   50.04   10.4   665.86   665.46   0  672.18  668.49
    5    4    189.91   184.2   52.58   10.2   685.48   676.61   0  677.55  685.58
    6    3    186.12   171.18   51.63   23.34   678.42   668.28   0  680.54  670.17
    1    2    180.76   181.98   50.79   13.28   673.98   680.38   0  684.05  674.26
    2    4    188.38   183.47   49.54   12.59   657.29   656.34   0  658.09  661.89
    3    3    182.29   180.27   49.6   7.89   659.44   658.07   0  659.93  659.03
    4    1    181.63   188.12   50.52   11.6   665.97   668.0   0  667.52  671.73
    5    4    190.92   183.98   51.49   16.7   684.65   680.11   108  681.61  699.62
    6    3    190.95   186.61   52.59   19.29   678.33   675.59   24  687.26  677.7
    1    3    196.92   195.13   51.67   8.87   682.66   680.03   0  685.66  681.32
    2    1    191.22   192.32   48.86   6.42   662.57   659.48   0  665.23  663.08
    3    1    187.18   178.49   49.68   12.38   662.21   658.68   0  665.61  661.26
    4    4    184.24   187.8   49.47   12.59   667.26   671.28   0  675.01  671.88
    5    3    202.02   197.66   52.1   14.42   682.29   683.93   0  682.86  685.14
    6    1    200.16   194.42   51.38   7.65   678.19   674.93   68  678.94  682.41
    1    2    188.85   189.79   51.14   6.1   673.64   680.56   0  684.2  675.88
    2    4    180.44   179.9   48.09   3.14   655.29   659.94   0  663.58  656.42
    3    3    186.5   185.31   51.03   8.05   660.98   656.87   0  663.62  659.04
    4    1    182.16   183.57   49.35   17.35   669.33   667.86   75  678.51  671.9
    5    4    193.13   188.64   51.64   6.59   678.76   679.34   0  680.88  686.61
    6    3    183.87   180.49   50.65   4.35   675.8   672.72   0  676.97  675.62
    1    2    189.76   199.3   51.87   5.9   673.87   675.02   0  676.79  677.46
    2    4    176.9   179.28   48.76   10.28   657.88   666.05   0  669.58  658.79
    3    3    184.34   192.62   50.44   6.73   654.59   664.31   0  661.59  665.19
    4    1    185.74   179.47   49.39   25.54   664.54   667.24   343  670.97  676.38
    5    4    195.08   197.5   51.15   7.44   683.84   676.21   0  676.57  687.66
    6    3    188.53   177.46   50.86   13.31   678.26   665.7   0  679.83  667.65
    1    2    189.17   188.18   50.98   10.09   679.02   675.55   0  680.23  682.07
    2    4    183.1   176.7   48.3   6.66   659.83   656.3   0  659.88  661.93
    3    3    191.4   187.56   49.82   10.32   659.85   656.31   0  662.04  659.21
    4    1    180.95   180.35   50.22   7.64   667.27   672.34   0  668.96  674.15
    5    4    190.53   188.25   51.57   3.08   675.68   680.04   0  685.99  676.81
    6    3    189.85   194.18   51.39   4.94   677.59   675.42   0  678.34  676.9
    1    4    185.37   187.33   50.21   27.12   677.39   673.24   39  700.26  680.93
    2    3    181.79   180.84   50.86   18.52   660.0   662.19   173  663.39  672.44
    3    2    188.16   178.46   53.24   38.12   659.26   653.63   0  655.23  662.34
    4    3    191.76   188.02   52.13   7.36   662.11   673.51   0  663.0  675.27
    5    1    193.93   192.78   53.15   15.53   682.19   679.4   0  683.82  682.77
    6    4    179.3   180.28   50.17   18.79   672.12   678.99   0  681.87  675.98
    1    1    192.15   189.61   50.33   13.2   673.14   674.92   0  675.87  678.58
    2    2    184.01   187.34   49.31   11.76   661.01   657.74   94  659.3  668.97
    3    4    186.37   186.92   49.47   8.96   655.43   657.0   0  657.18  657.43
    4    2    189.66   171.54   49.28   7.04   670.72   666.02   0  666.7  673.11
    5    2    189.1   187.34   50.38   7.89   676.25   681.72   0  682.4  677.86
    6    2    186.4   187.9   50.53   7.76   669.63   671.79   0  672.04  674.33
    1    2    198.88   195.33   51.49   4.15   675.74   676.05   0  679.01  676.03
    2    4    188.04   186.18   48.35   12.18   654.91   659.07   0  662.5  657.65
    3    3    186.51   188.72   50.62   6.5   654.0   659.73   0  655.02  661.45
    4    1    196.48   198.31   49.14   5.97   667.25   665.97   0  669.82  666.53
    5    4    198.84   191.78   51.9   25.06   680.92   676.76   0  676.8  681.5
    6    3    191.26   183.52   50.4   14.06   677.89   669.52   0  678.33  670.71
    1    3    194.22   196.48   51.08   10.14   676.44   672.1   0  680.22  671.97
    2    1    188.97   180.42   47.89   8.49   655.06   653.62   0  656.55  654.22
    3    1    187.08   179.16   48.82   11.51   657.93   655.58   0  660.15  656.58
    4    4    193.41   168.25   49.65   7.59   667.77   668.85   53  702.56  673.5
    5    3    196.0   198.22   51.72   11.3   677.23   677.8   50  677.02  692.62
    6    1    195.44   195.79   51.17   8.24   674.1   673.2   68  709.42  673.99
    1    4    192.05   187.0   50.89   17.15   681.83   676.09   0  683.53  683.79
    2    3    184.51   181.7   49.53   8.4   659.58   659.69   0  665.41  663.01
    3    2    193.33   187.17   50.66   7.17   658.36   658.61   104  661.32  669.58
    4    3    182.76   184.71   49.08   11.52   661.77   670.39   0  662.97  673.92
    5    1    188.33   186.21   50.49   11.01   682.57   681.15   0  683.93  681.79
    6    4    197.91   193.54   50.49   12.25   670.97   677.11   0  680.35  673.68
    1    3    198.58   197.74   51.26   21.58   672.53   673.57   0  674.55  675.58
    2    1    191.23   181.65   47.83   22.37   658.76   653.76   0  660.45  658.58
    3    1    187.26   180.81   49.49   5.36   654.42   658.41   0  656.16  659.27
    4    4    194.65   198.06   49.15   6.56   667.67   665.73   0  667.06  669.63
    5    3    193.2   199.03   51.57   7.74   676.0   679.46   0  675.74  683.37
    6    1    195.99   196.7   50.95   7.28   674.72   667.56   0  675.38  668.53
    1    1    191.8   178.15   50.43   15.8   679.74   671.34   0  681.27  673.83
    2    2    189.14   192.18   49.01   12.62   660.9   661.99   0  663.33  661.78
    3    4    179.21   175.01   49.88   23.31   654.64   659.61   0  662.96  656.87
    4    2    195.23   189.52   51.23   11.25   669.64   667.88   0  671.04  673.64
    5    2    196.22   201.12   52.81   32.27   681.92   679.94   0  683.22  684.76
    6    2    188.19   194.31   52.18   11.05   670.72   675.38   0  678.01  674.36
    1    2    196.0   189.76   49.67   22.02   675.35   677.86   0  680.31  677.15
    2    4    190.91   191.32   50.1   227.01   652.86   664.4   0  667.47  656.83
    3    3    186.79   181.96   49.15   11.49   660.11   662.02   0  661.13  664.0
    4    1    191.77   194.9   51.43   4.47   669.4   670.12   0  673.12  674.91
    5    4    196.3   182.52   50.88   12.63   682.3   678.4   0  680.64  685.84
    6    3    190.51   192.62   52.94   5.28   679.94   671.0   0  682.06  672.96
    1    4    194.72   189.55   50.44   8.68   674.33   678.17   0  678.64  676.87
    2    3    191.15   192.69   49.16   4.06   656.79   656.18   151  663.99  662.33
    3    2    191.52   191.49   50.05   14.11   653.91   659.38   0  661.56  655.27
    4    3    191.83   195.59   50.47   6.0   666.26   665.25   0  670.66  667.51
    5    1    201.29   201.55   52.56   27.13   679.13   678.93   0  683.46  679.5
    6    4    193.62   186.52   50.04   10.78   672.0   673.02   0  674.02  672.01
    1    1    196.13   194.74   50.07   6.94   675.87   674.04   0  676.48  673.41
    2    2    186.35   189.25   48.85   11.9   655.66   664.07   0  665.66  656.38
    3    4    185.06   180.63   49.33   7.92   658.75   655.32   0  659.05  661.31
    4    2    198.88   193.23   51.12   4.05   670.92   667.37   0  670.67  675.89
    5    2    199.36   197.56   52.64   17.0   681.41   679.48   0  680.49  686.32
    6    2    191.08   196.9   51.82   10.89   665.86   676.21   0  678.71  667.0
    1    4    193.42   193.76   50.98   7.09   678.0   678.42   0  678.94  679.12
    2    3    184.04   185.65   49.37   5.2   655.97   661.38   64  669.1  662.36
    3    2    190.9   189.34   48.97   6.23   655.87   659.07   0  660.32  659.67
    4    3    187.99   183.36   49.15   8.81   667.89   670.1   0  668.95  671.13
    5    1    188.56   189.21   50.98   4.84   681.71   679.86   0  682.2  679.83
    6    4    194.55   192.06   51.11   11.09   672.3   675.18   0  677.79  672.73
    1    1    195.83   192.1   51.37   7.27   681.46   675.56   0  681.89  677.85
    2    2    188.2   190.42   49.27   8.46   658.9   659.87   0  664.34  660.89
    3    4    185.03   191.11   51.27   15.67   658.47   661.57   0  665.41  662.32
    4    2    187.34   181.9   50.0   15.75   671.05   672.38   0  672.7  671.7
    5    2    191.93   187.87   50.82   15.76   682.53   680.37   0  682.86  683.33
    6    2    187.86   183.64   50.93   28.52   679.2   677.65   0  678.79  680.7
    1    4    191.53   185.53   49.83   8.27   680.01   676.77   0  681.79  681.17
    2    3    189.5   183.01   48.91   11.04   655.64   659.22   0  657.17  660.51
    3    2    195.34   191.93   50.99   7.27   656.14   657.56   0  660.29  656.03
    4    3    191.87   196.1   50.14   10.58   663.98   670.05   0  665.06  669.99
    5    1    195.6   201.17   51.93   23.41   682.62   677.27   0  683.44  682.45
    6    4    196.46   196.62   50.42   6.42   671.18   672.89   98  678.29  673.41
    1    3    192.77   183.3   50.53   4.25   679.77   676.67   0  684.39  681.27
    2    1    188.78   195.18   49.06   8.51   659.59   658.33   0  661.12  660.49
    3    1    185.18   189.7   51.15   6.84   659.05   656.29   240  665.72  656.85
    4    4    187.61   198.91   50.71   6.39   668.87   672.15   0  673.04  669.88
    5    3    194.9   183.56   50.89   5.93   681.05   683.01   0  683.17  683.11
    6    1    196.49   184.18   50.34   3.75   675.69   673.81   0  677.29  675.6
    1    2    188.95   182.98   49.91   7.91   673.49   679.17   0  684.21  677.57
    2    4    188.95   195.04   49.74   7.68   661.29   663.66   0  666.71  662.9
    3    3    187.84   181.37   49.18   16.62   661.35   656.05   0  665.16  657.58
    4    1    188.63   191.39   51.06   8.27   671.18   665.13   0  675.91  666.83
    5    4    199.03   185.74   49.86   79.79   680.8   678.69   0  681.87  682.25
    6    3    190.05   195.33   53.32   286.08   671.63   670.51   0  672.92  673.04
    1    2    188.1   189.13   51.84   7.07   675.41   681.31   18  690.53  678.29
    2    4    182.34   178.57   48.49   12.53   656.41   662.12   0  666.44  656.43
    3    3    185.76   185.7   51.34   6.38   661.81   659.29   31  668.55  663.82
    4    1    184.67   180.94   49.41   6.28   670.43   671.51   0  671.52  674.64
    5    4    194.58   187.05   51.71   6.56   685.82   680.24   49  708.6  685.46
    6    3    184.43   180.1   51.25   33.81   680.67   676.58   0  683.68  682.14
    1    3    185.72   187.29   50.3   5.11   678.85   681.11   0  682.01  682.22
    2    1    185.56   182.54   49.21   9.88   658.64   661.75   50  663.98  672.12
    3    1    185.87   179.09   50.67   37.23   661.03   657.87   0  662.64  660.75
    4    4    187.22   183.95   51.3   19.07   673.28   666.36   0  668.52  674.29
    5    3    187.6   182.33   50.31   5.3   685.0   679.51   0  686.01  688.0
    6    1    187.21   181.94   50.69   12.22   676.77   671.02   0  681.97  676.85
    1    1    196.26   198.48   51.76   16.52   674.18   676.67   0  676.96  681.96
    2    2    188.81   194.05   49.56   13.15   662.42   660.93   0  664.64  665.1
    3    4    197.01   193.4   52.16   17.27   657.05   656.66   0  660.36  661.32
    4    2    193.84   185.76   50.8   11.76   670.35   669.72   0  673.96  673.55
    5    2    195.04   187.01   52.88   106.5   680.82   683.32   0  684.0  684.87
    6    2    192.49   200.48   50.93   8.17   670.05   674.04   0  674.06  669.21
    1    2    190.91   189.08   50.26   7.28   676.78   680.86   0  681.95  678.72
    2    4    196.76   192.63   49.68   5.71   657.49   659.35   88  685.63  662.44
    3    3    187.28   187.81   50.53   217.08   659.93   657.98   0  662.54  660.1
    4    1    193.96   191.45   50.95   11.42   668.67   666.42   0  669.69  667.92
    5    4    203.54   196.27   50.66   11.73   681.91   680.5   104  703.18  687.41
    6    3    195.6   195.59   51.93   13.07   674.55   676.11   0  677.48  678.74
    1    4    190.08   186.35   49.62   6.83   676.23   673.9   0  675.17  677.01
    2    3    184.39   181.25   48.99   19.53   658.13   660.67   0  659.19  662.09
    3    2    191.32   185.64   50.45   6.0   658.9   657.51   0  659.84  660.96
    4    3    191.34   189.38   50.8   7.51   666.95   672.02   0  667.05  671.35
    5    1    195.02   193.2   51.53   6.86   679.5   672.38   0  680.12  673.39
    6    4    188.63   187.98   50.4   9.62   670.91   677.71   0  678.13  673.22
    1    3    197.29   197.87   51.74   10.87   679.52   680.06   0  680.97  680.52
    2    1    192.38   184.39   49.06   6.98   659.28   657.42   0  662.9  659.47
    3    1    189.98   184.42   49.55   12.63   658.72   660.21   0  662.38  660.85
    4    4    189.83   185.53   48.92   8.53   668.04   662.27   0  662.3  670.4
    5    3    199.61   196.51   51.44   11.64   683.01   679.51   0  684.8  681.78
    6    1    199.78   198.41   51.69   15.85   677.21   672.88   0  679.28  673.72
    1    3    192.63   187.57   51.15   155.97   678.28   673.42   0  679.4  674.34
    2    1    198.17   195.61   49.91   15.91   656.02   655.0   0  658.17  659.29
    3    1    191.41   185.92   50.04   22.4   659.62   654.37   0  661.74  655.2
    4    4    192.48   195.81   50.56   5.73   664.47   667.22   0  671.18  667.9
    5    3    201.68   209.36   50.76   113.29   679.4   678.97   0  679.99  683.18
    6    1    189.33   190.1   49.86   7.16   672.81   675.22   291  673.0  714.99
    1    1    201.56   198.88   51.69   4.56   674.82   673.35   44  689.6  676.54
    2    2    188.02   195.44   49.31   41.46   657.44   663.16   0  663.84  659.4
    3    4    184.81   191.84   51.38   162.47   660.01   656.22   0  658.66  663.63
    4    2    198.31   189.74   50.72   11.13   666.11   664.02   0  666.57  666.0
    5    2    194.55   188.67   51.0   28.05   684.98   680.43   0  682.58  686.32
    6    2    187.43   192.86   50.92   7.76   666.67   675.28   0  676.17  669.8
    1    1    197.14   194.4   51.71   4.52   682.36   674.11   0  684.4  677.3
    2    2    186.23   188.46   49.5   7.28   657.11   655.7   0  656.98  661.9
    3    4    185.19   184.95   51.12   15.15   659.03   661.88   0  663.62  659.29
    4    2    183.81   182.58   49.0   20.85   668.73   669.87   0  672.32  673.08
    5    2    193.8   189.37   50.94   37.11   680.76   681.32   54  682.77  688.09
    6    2    179.92   185.16   49.86   90.85   676.93   677.14   0  678.24  681.78
    1    4    193.68   190.18   50.74   15.99   677.77   676.36   0  681.5  678.65
    2    3    186.54   182.68   49.09   13.8   658.3   659.77   0  662.52  661.95
    3    2    200.71   194.71   50.67   7.77   655.9   656.36   0  657.97  656.95
    4    3    194.27   196.83   50.59   9.53   665.26   671.48   0  670.18  672.43
    5    1    197.63   197.88   53.4   48.98   679.3   677.29   0  680.87  678.78
    6    4    197.85   205.59   50.21   12.1   670.88   677.07   0  678.43  675.44
    1    1    196.99   197.07   52.16   13.23   677.86   677.07   0  680.15  679.87
    2    2    184.07   182.8   49.15   8.81   657.94   664.04   0  668.89  660.83
    3    4    179.35   181.8   49.65   8.34   658.0   657.0   0  657.81  659.75
    4    2    200.77   193.81   51.67   40.05   669.86   670.27   0  671.67  676.99
    5    2    196.7   196.34   52.68   20.72   682.51   681.01   35  680.99  688.03
    6    2    190.52   197.41   52.05   7.49   669.23   676.23   0  676.47  671.22
    1    1    190.97   191.77   51.78   7.24   685.03   678.32   0  686.24  680.33
    2    2    186.33   189.55   49.52   13.36   659.34   662.07   0  668.65  661.79
    3    4    184.67   185.78   50.92   7.42   660.7   663.99   0  667.72  663.75
    4    2    191.86   177.78   48.96   11.34   671.14   671.42   0  673.96  672.4
    5    2    192.83   186.21   50.65   14.1   682.1   683.33   0  689.23  682.58
    6    2    183.23   182.6   50.81   10.15   672.42   677.06   9  678.62  681.5
    1    4    196.98   194.07   51.3   5.43   675.71   677.42   0  681.33  677.46
    2    3    188.35   186.2   50.14   25.08   657.39   656.39   0  661.05  660.54
    3    2    185.33   177.23   49.01   3.58   659.42   660.04   0  662.83  662.74
    4    3    177.94   188.01   49.59   14.77   667.97   671.95   0  671.18  674.82
    5    1    193.68   183.46   51.18   16.32   681.48   678.05   0  684.15  682.85
    6    4    187.46   193.85   52.33   20.3   670.81   677.16   247  684.71  679.85
    1    3    192.05   186.8   49.92   9.17   678.2   678.27   0  678.07  679.59
    2    1    190.61   188.32   49.77   5.89   664.01   654.57   44  678.59  658.67
    3    1    185.13   184.67   49.68   6.28   655.16   659.49   0  658.4  662.58
    4    4    189.68   191.21   50.12   8.0   662.34   666.1   0  668.92  662.2
    5    3    191.57   187.53   51.17   5.28   675.78   683.77   12  681.03  683.38
    6    1    191.33   185.18   49.7   6.72   678.41   670.25   0  683.56  672.54
    1    4    189.62   189.99   49.74   75.13   677.15   680.33   0  681.47  679.6
    2    3    188.27   191.94   49.33   13.8   661.34   658.3   0  664.34  659.99
    3    2    192.88   186.36   51.1   14.51   656.45   660.9   0  661.16  661.53
    4    3    191.6   194.82   51.18   9.32   668.94   670.9   16  672.04  681.95
    5    1    202.76   197.67   52.35   10.1   682.0   681.85   0  686.69  685.84
    6    4    187.32   187.27   50.86   27.87   673.05   676.29   0  678.55  674.44
    1    1    192.02   189.23   51.43   5.38   673.81   677.41   26  674.85  686.51
    2    2    181.49   185.89   49.71   6.36   661.5   661.78   0  663.75  662.4
    3    4    184.99   186.41   50.18   7.65   657.74   656.89   0  658.74  660.13
    4    2    189.0   179.63   49.21   16.61   671.51   664.51   0  667.05  673.03
    5    2    184.81   189.61   50.68   8.13   680.9   685.02   0  686.22  683.89
    6    2    184.18   189.1   50.94   7.5   669.07   673.18   0  675.97  670.25
    1    3    192.03   187.81   50.32   7.56   673.85   674.9   0  676.32  674.89
    2    1    193.09   195.39   48.54   20.49   654.42   657.7   0  657.03  658.87
    3    1    190.91   190.25   50.94   15.47   658.87   656.55   0  660.07  659.24
    4    4    195.67   195.75   50.6   9.05   670.14   666.05   0  666.9  673.13
    5    3    194.67   192.85   50.51   11.99   678.01   680.04   0  679.05  681.48
    6    1    198.52   191.75   50.6   8.3   677.02   674.0   0  678.03  674.97
    1    4    190.13   190.42   50.53   5.81   674.45   678.66   0  679.4  675.3
    2    3    184.24   182.02   48.64   8.8   657.18   657.0   0  659.34  659.9
    3    2    189.43   185.68   50.68   3.35   656.35   658.41   0  659.52  658.07
    4    3    192.47   189.56   50.45   17.82   668.33   665.03   0  671.97  666.56
    5    1    195.06   196.37   51.89   15.59   678.64   677.44   0  680.24  678.3
    6    4    188.23   183.13   50.57   5.28   673.79   671.56   0  674.13  674.91
    1    2    198.39   197.51   51.57   3.08   681.81   675.0   32  677.03  690.36
    2    4    189.5   181.78   48.71   7.78   665.22   663.52   0  667.62  669.08
    3    3    194.48   195.29   50.77   4.26   658.54   658.6   5  664.54  665.55
    4    1    191.33   186.63   49.37   6.19   668.6   673.54   0  669.93  677.12
    5    4    198.26   196.85   51.76   4.56   679.04   684.95   0  688.06  681.61
    6    3    196.3   193.25   50.54   42.81   675.9   669.97   0  679.97  671.56
    1    1    193.87   191.79   49.71   6.79   682.12   677.54   39  689.53  685.94
    2    2    185.89   189.48   48.75   19.75   657.86   660.41   0  662.73  662.83
    3    4    183.77   179.98   48.65   24.34   656.91   662.2   0  664.11  659.74
    4    2    193.73   187.17   50.74   5.49   670.27   670.38   0  671.36  671.35
    5    2    194.07   193.51   51.68   4.94   678.03   680.41   0  682.63  680.31
    6    2    186.83   194.51   51.78   4.49   673.04   674.5   22  674.45  681.39
    1    4    191.79   198.13   50.93   7.91   672.98   677.6   0  679.32  677.21
    2    3    189.65   194.22   49.95   8.66   659.09   659.92   126  672.99  662.15
    3    2    189.38   172.88   50.1   14.42   654.05   663.59   0  666.08  655.85
    4    3    190.58   180.21   49.43   10.09   672.82   667.97   0  674.76  669.83
    5    1    194.48   192.82   50.97   6.85   679.42   680.99   0  680.2  683.26
    6    4    190.82   195.57   52.96   27.18   676.56   675.71   0  677.43  678.7
    1    2    194.27   196.29   51.51   10.38   677.91   683.85   0  687.94  681.41
    2    4    191.08   192.81   48.96   16.5   658.4   661.03   0  662.43  662.95
    3    3    190.74   192.77   50.79   17.09   663.21   657.34   0  666.27  659.29
    4    1    187.06   184.16   48.55   9.61   669.57   665.33   0  670.52  665.99
    5    4    200.8   197.17   52.47   19.12   680.17   680.54   0  682.61  685.9
    6    3    189.34   180.2   51.07   16.94   673.56   675.29   0  677.42  676.77
    1    3    191.98   195.17   51.12   3.93   677.19   675.05   0  678.0  676.72
    2    1    191.01   196.28   48.11   12.24   659.48   656.85   0  661.35  657.27
    3    1    183.96   180.09   49.28   7.92   661.78   658.22   0  660.98  662.14
    4    4    188.47   186.53   49.32   8.64   668.75   670.97   0  672.38  668.93
    5    3    201.15   198.32   52.3   21.34   680.44   679.96   0  679.22  681.6
    6    1    197.49   193.51   51.33   2.98   674.99   674.01   0  678.99  675.01
    1    1    184.52   179.6   50.27   19.45   674.73   677.09   0  676.04  684.26
    2    2    183.47   180.96   49.07   7.24   663.04   665.17   10  670.86  666.72
    3    4    182.58   183.69   49.08   19.21   659.79   660.13   0  661.34  663.92
    4    2    190.43   181.53   50.93   12.17   670.87   666.32   0  667.67  673.46
    5    2    190.54   192.96   52.1   15.97   681.5   684.01   0  687.95  683.86
    6    2    191.46   193.56   52.64   11.68   671.06   673.28   0  675.25  674.63
    1    1    185.8   173.67   49.89   17.67   677.52   673.49   19  682.8  681.82
    2    2    183.4   195.77   48.18   9.78   656.72   659.65   114  667.87  659.51
    3    4    177.72   182.26   50.05   238.82   658.4   667.47   0  672.92  662.01
    4    2    189.15   188.79   51.1   11.59   669.96   669.96   0  671.07  671.11
    5    2    196.41   194.3   52.7   23.33   678.86   678.25   0  678.95  682.54
    6    2    191.59   187.34   52.84   13.91   674.6   678.42   0  684.03  679.31
    1    3    190.87   180.77   52.2   9.61   678.26   672.79   48  680.23  681.12
    2    1    180.66   176.29   48.7   4.76   661.44   655.98   0  665.29  658.31
    3    1    177.57   165.94   49.54   24.68   659.32   656.98   0  660.43  661.99
    4    4    178.36   170.45   49.75   8.6   668.76   670.4   0  674.85  669.61
    5    3    185.43   185.32   54.16   101.29   680.96   685.46   41  683.67  691.82
    6    1    189.19   190.23   51.72   6.68   675.69   673.89   0  679.22  674.45
    1    1    192.53   194.66   50.97   11.82   678.75   672.0   0  679.01  674.72
    2    2    194.72   193.69   49.53   11.15   659.0   659.95   0  661.4  660.15
    3    4    188.67   192.31   49.83   7.86   654.69   659.89   0  659.43  655.5
    4    2    190.6   171.74   49.27   5.71   665.51   669.18   0  669.52  665.91
    5    2    199.25   202.76   50.38   11.74   679.98   680.07   0  680.0  681.87
    6    2    187.95   190.63   50.31   6.02   672.26   671.01   128  682.18  672.53
    1    2    188.44   188.61   50.11   7.74   673.96   678.23   0  678.29  673.86
    2    4    192.2   189.76   49.18   9.0   656.12   657.65   51  669.0  657.22
    3    3    187.88   186.16   49.44   4.37   658.36   655.33   0  660.16  656.67
    4    1    193.61   189.66   49.87   27.96   667.83   665.72   0  669.19  666.96
    5    4    196.16   189.79   50.98   10.05   679.11   678.36   133  678.72  688.52
    6    3    194.08   193.16   52.05   11.9   673.04   673.48   0  674.39  674.29
    1    2    189.59   187.9   51.3   17.09   674.81   679.06   0  680.69  675.25
    2    4    182.37   184.46   47.92   12.74   650.31   661.17   0  661.99  653.48
    3    3    188.56   187.71   50.46   6.82   659.39   666.67   0  662.05  668.87
    4    1    181.98   181.87   50.02   6.61   668.85   672.31   0  671.42  676.19
    5    4    195.5   193.04   52.04   8.12   680.79   677.99   0  682.36  684.01
    6    3    188.49   178.94   51.75   18.6   683.89   673.06   0  685.96  677.33
    1    3    193.56   189.95   50.74   8.99   676.31   678.92   0  677.65  679.57
    2    1    182.8   181.14   48.47   7.12   656.23   658.88   0  657.51  661.19
    3    1    183.95   179.16   49.04   7.99   656.3   655.11   0  657.31  655.95
    4    4    183.41   182.42   49.11   5.11   666.44   661.65   0  661.28  667.84
    5    3    193.05   189.85   51.49   4.9   681.82   677.9   0  681.66  686.17
    6    1    194.22   190.97   51.45   4.79   674.73   674.01   0  680.38  672.61
    1    4    188.94   192.63   51.65   16.39   673.91   679.46   0  683.71  675.33
    2    3    187.1   183.25   50.17   12.59   659.77   655.05   0  663.03  658.93
    3    2    184.8   177.32   49.17   5.51   657.45   661.72   0  664.35  662.77
    4    3    186.3   181.69   49.42   10.27   670.75   668.71   0  672.13  669.47
    5    1    193.13   191.19   50.81   9.1   680.14   682.03   0  681.55  688.38
    6    4    188.77   189.64   52.28   12.59   673.67   676.27   0  676.48  674.1
    1    3    185.67   185.38   51.56   3.44   675.9   678.54   146  682.39  679.88
    2    1    177.87   177.59   48.8   5.72   662.23   661.47   0  667.48  667.4
    3    1    173.36   176.17   49.31   7.8   656.31   661.81   58  662.2  669.52
    4    4    183.59   178.85   50.16   8.59   673.82   670.4   234  670.39  683.05
    5    3    192.99   182.44   52.34   25.25   685.31   680.0   0  687.66  685.89
    6    1    187.31   182.79   51.97   6.54   673.24   668.09   0  674.73  668.56
    1    2    195.55   197.26   51.66   7.35   679.23   675.47   56  682.99  683.9
    2    4    182.03   179.65   48.14   10.7   658.77   656.47   0  660.31  666.72
    3    3    194.43   191.12   50.27   8.11   658.78   655.73   0  663.77  659.63
    4    1    192.11   184.43   49.58   6.41   667.23   672.12   0  669.19  674.28
    5    4    199.2   193.84   51.44   3.6   681.9   681.29   0  683.91  684.51
    6    3    193.83   195.12   50.56   45.34   677.29   673.09   0  679.6  678.49
    1    1    195.6   189.68   50.44   7.29   681.65   673.3   16  681.91  682.73
    2    2    192.48   194.39   48.45   15.66   658.52   659.31   50  662.07  671.29
    3    4    186.47   181.16   49.07   10.74   653.72   659.3   45  661.49  659.63
    4    2    194.01   194.79   50.12   12.13   665.29   668.72   0  670.47  667.03
    5    2    199.07   200.79   51.81   7.89   677.89   677.98   0  678.9  680.48
    6    2    191.91   198.48   51.23   10.32   673.43   672.87   0  673.72  673.77
    1    1    194.52   189.36   49.99   8.23   679.61   674.64   0  682.13  674.78
    2    2    181.98   182.16   49.34   24.55   659.42   660.65   0  662.38  662.07
    3    4    183.15   181.4   48.78   14.71   656.53   660.57   0  664.99  657.99
    4    2    196.73   191.87   50.15   10.03   667.34   670.76   0  674.3  671.45
    5    2    195.21   197.92   53.09   31.7   680.58   680.91   40  686.23  682.43
    6    2    193.95   195.77   51.89   9.16   671.78   673.02   0  675.43  672.31
    1    2    189.36   190.58   51.18   10.95   679.03   674.29   0  674.66  680.5
    2    4    184.9   178.43   48.5   6.14   657.9   660.66   64  684.37  662.69
    3    3    191.1   188.56   50.42   5.34   653.86   654.43   0  655.29  658.0
    4    1    184.28   175.73   49.1   6.92   664.27   668.99   0  667.22  670.56
    5    4    192.58   191.01   51.37   7.29   677.13   682.99   0  683.12  678.15
    6    3    181.27   191.06   50.7   39.95   673.96   670.6   0  674.34  673.0
    1    4    182.64   195.05   51.21   9.12   677.25   677.93   0  680.8  679.75
    2    3    176.41   173.31   49.77   48.13   662.22   660.78   0  666.49  665.65
    3    2    189.66   182.86   51.28   14.15   664.05   661.26   0  663.24  665.36
    4    3    197.7   190.7   51.29   14.75   671.4   670.09   84  678.12  672.02
    5    1    194.13   197.83   53.22   28.16   678.02   686.47   219  680.27  695.72
    6    4    184.89   179.4   50.14   11.99   677.3   683.47   323  694.84  681.42
