 1  2  193.43  189.79  49.55  6.24  659.41  655.63  0.0602 
 2  4  190.99  199.07  48.56  4.76  656.75  655.43  0.0 
 3  3  187.9  194.38  49.11  6.24  657.75  653.86  0.0 
 4  1  191.55  185.68  48.64  6.19  664.08  662.04  0.0 
 5  4  194.51  199.87  48.9  9.48  657.01  657.27  0.0 
 6  3  187.42  178.64  48.96  6.7  655.77  656.74  0.0 
 1  4  191.55  191.86  50.64  44.79  654.46  656.71  0.0 
 2  3  183.44  194.62  51.67  13.75  654.1  654.64  0.3639 
 3  2  181.56  202.02  48.57  9.14  655.51  655.7  0.8238 
 4  3  188.93  180.01  49.04  5.31  654.88  657.9  0.0 
 5  1  197.47  183.57  49.53  5.15  668.03  665.57  0.0 
 6  4  196.61  192.94  50.71  13.14  658.41  653.8  0.0 
 1  4  193.28  191.95  49.69  14.59  658.39  652.85  0.0 
 2  3  189.87  194.67  49.58  25.32  656.23  654.03  0.0 
 3  2  175.95  205.41  48.93  10.81  657.05  658.03  0.0 
 4  3  190.85  189.79  49.22  7.32  656.33  655.13  0.0 
 5  1  197.06  199.31  49.61  10.91  667.55  669.5  0.0 
 6  4  193.57  194.56  49.32  17.76  657.3  656.5  0.0 
 1  3  187.89  184.06  48.53  9.55  659.54  653.96  0.0823 
 2  1  188.2  196.0  49.33  4.44  658.0  657.54  0.0 
 3  1  188.7  195.27  49.14  4.35  659.19  653.78  0.0 
 4  4  191.97  189.54  49.62  4.92  657.93  653.19  0.0 
 5  3  189.46  185.38  48.85  4.68  656.68  657.04  0.0 
 6  1  188.28  183.32  48.19  8.73  651.86  654.93  0.0 
 1  2  193.33  192.9  49.7  4.64  656.27  657.64  0.3187 
 2  4  176.47  194.07  49.07  9.89  660.27  652.45  0.0 
 3  3  186.27  195.49  49.77  6.04  657.05  659.29  0.3316 
 4  1  186.22  191.12  48.57  9.0  650.15  648.24  0.1975 
 5  4  193.23  191.85  49.49  8.61  656.81  660.22  0.8838 
 6  3  190.21  179.99  48.64  9.95  662.43  653.84  0.3641 
 1  4  174.88  197.64  48.99  4.49  655.09  652.95  0.1489 
 2  3  192.81  198.05  48.95  21.23  654.75  653.87  0.1498 
 3  2  187.98  191.2  50.15  9.12  655.98  653.24  0.0 
 4  3  182.21  196.8  50.16  16.91  654.52  652.27  0.0 
 5  1  200.36  199.83  50.97  28.61  664.98  667.13  0.0 
 6  4  176.58  193.64  48.8  5.31  655.64  654.87  0.0 
 1  1  188.15  183.19  49.12  5.54  659.98  656.11  0.5411 
 2  2  186.23  186.67  48.32  3.43  658.18  657.58  0.0 
 3  4  182.55  189.6  48.74  9.22  660.29  658.33  0.6072 
 4  2  190.78  192.8  50.16  7.47  659.85  655.09  0.0 
 5  2  191.32  188.97  49.36  9.34  656.63  657.52  0.0 
 6  2  191.05  190.42  49.45  12.64  656.68  659.35  0.5435 
 1  2  190.93  192.31  50.05  22.62  653.0  653.64  0.0 
 2  4  167.4  188.44  49.03  5.3  656.02  651.96  0.1258 
 3  3  187.27  197.12  50.3  28.56  653.28  658.01  0.0 
 4  1  191.21  182.53  48.96  4.8  648.2  650.34  0.0 
 5  4  191.69  193.09  49.65  18.74  652.09  658.46  0.0 
 6  3  192.8  174.35  49.15  5.12  657.86  653.89  0.0642 
 1  4  187.5  187.66  49.77  7.77  661.89  655.01  0.5779 
 2  3  182.65  194.12  49.87  18.27  658.0  654.55  0.0 
 3  2  168.01  195.26  48.82  12.86  661.0  657.39  0.0 
 4  3  180.64  178.86  49.18  10.48  658.16  657.93  0.0 
 5  1  191.44  183.48  49.7  7.13  670.75  671.43  0.0 
 6  4  188.84  189.59  49.85  15.7  659.71  658.35  0.0 
 1  2  191.01  188.9  49.61  7.39  655.0  658.39  0.0 
 2  4  176.88  194.5  48.51  10.57  658.28  660.02  0.0 
 3  3  186.15  193.17  48.93  14.04  657.09  653.75  0.0 
 4  1  180.44  183.68  48.41  5.0  648.71  652.05  0.0 
 5  4  190.73  190.23  49.18  8.32  659.23  654.85  0.0 
 6  3  189.15  177.58  48.44  19.82  659.12  656.23  0.0 
 1  4  193.07  193.06  49.75  2.2  656.89  656.73  0.0 
 2  3  187.33  192.82  49.42  10.44  660.08  653.13  0.1337 
 3  2  169.91  195.2  48.69  13.06  655.42  659.35  0.0 
 4  3  187.28  187.11  49.06  5.98  657.0  656.85  0.0 
 5  1  190.75  190.04  49.14  8.67  667.17  670.75  0.0 
 6  4  190.96  192.42  48.78  5.34  659.68  653.95  0.0 
 1  2  181.11  192.82  49.16  15.01  652.45  655.59  0.0 
 2  4  188.75  192.91  49.42  18.25  653.93  654.78  0.0 
 3  3  190.52  188.95  49.2  7.1  654.65  655.47  0.0 
 4  1  183.76  192.61  49.98  4.82  648.14  650.87  0.0 
 5  4  181.45  193.15  49.0  9.0  657.28  653.21  0.0 
 6  3  190.9  193.09  49.77  8.63  656.21  654.81  0.0 
 1  4  180.82  192.94  48.31  4.62  655.03  658.33  0.0 
 2  3  188.77  186.85  48.58  11.1  656.21  656.95  0.166 
 3  2  188.38  194.01  49.65  7.61  656.51  656.69  0.0 
 4  3  186.7  196.66  49.74  6.55  654.66  657.34  0.0 
 5  1  195.18  198.66  50.07  4.15  670.05  667.82  0.0 
 6  4  181.72  192.91  48.36  7.35  657.74  654.91  0.0 
 1  3  186.84  195.17  49.57  11.41  656.2  658.14  0.0 
 2  1  190.97  187.14  49.1  11.19  656.31  657.68  0.0568 
 3  1  192.63  186.87  49.22  9.34  657.2  656.61  0.0 
 4  4  186.04  189.46  49.56  8.4  655.85  656.47  0.3497 
 5  3  187.33  194.16  49.68  6.03  659.73  658.02  0.0 
 6  1  185.08  195.5  48.89  21.02  652.63  649.72  0.0 
 1  4  173.49  191.79  48.78  5.33  654.98  657.05  0.0 
 2  3  185.16  185.74  48.32  10.49  656.11  656.08  0.0 
 3  2  190.66  199.68  49.71  8.5  655.21  656.07  0.0 
 4  3  182.61  195.05  49.48  9.46  653.92  655.4  0.0 
 5  1  191.04  198.75  50.29  7.13  669.12  668.99  0.0 
 6  4  190.93  196.19  48.14  11.92  658.78  656.51  0.0271 
 1  4  185.61  197.4  49.48  7.18  659.19  658.32  0.0 
 2  3  194.74  184.94  49.07  4.35  658.66  654.54  0.0 
 3  2  188.92  195.15  49.95  3.04  652.97  659.85  0.0 
 4  3  188.97  197.94  50.29  6.36  653.61  652.87  0.0 
 5  1  189.85  199.75  50.33  9.23  664.43  668.38  0.0 
 6  4  183.94  197.19  48.27  28.09  657.49  649.79  0.0 
 1  1  189.45  191.39  48.3  9.45  653.68  653.83  0.0 
 2  2  179.96  180.88  49.23  4.74  656.61  652.58  0.0 
 3  4  181.9  186.6  48.65  8.92  654.56  656.09  0.0 
 4  2  192.95  199.18  49.96  10.13  656.92  656.72  0.0 
 5  2  189.78  185.96  49.31  28.91  654.72  657.33  0.0 
 6  2  188.9  187.84  50.06  5.86  658.8  652.74  0.0 
 1  1  186.74  192.42  49.43  3.31  656.18  657.78  0.0 
 2  2  195.57  187.87  49.74  5.54  664.83  657.52  0.0834 
 3  4  193.23  186.44  49.26  9.14  655.68  658.67  0.0 
 4  2  177.89  189.33  48.93  5.2  656.36  657.94  0.0 
 5  2  178.62  185.49  48.52  7.39  658.01  660.94  0.0 
 6  2  179.1  182.6  48.94  6.55  660.99  652.58  0.0 
 1  4  180.46  189.12  48.51  5.31  657.5  655.95  0.0 
 2  3  183.43  180.95  47.59  15.99  655.52  652.35  0.1333 
 3  2  184.11  192.75  49.39  10.73  656.24  659.71  0.0 
 4  3  190.29  196.08  50.0  6.47  658.7  659.22  0.0 
 5  1  192.39  198.34  49.95  5.42  668.5  671.48  0.0 
 6  4  180.76  190.99  48.25  11.64  665.1  657.3  0.0 
 1  3  189.0  184.45  48.4  20.23  657.85  660.13  0.3649 
 2  1  185.42  194.87  49.25  6.49  658.5  659.72  0.3814 
 3  1  192.53  195.4  49.29  14.22  655.43  655.56  0.0 
 4  4  190.99  188.72  49.08  5.43  653.28  656.7  0.0 
 5  3  186.78  183.64  48.81  9.62  661.2  660.78  0.2013 
 6  1  193.87  190.48  48.35  13.06  655.4  650.93  0.0 
 1  4  180.62  195.78  49.26  7.91  654.59  652.13  0.0 
 2  3  195.91  182.32  49.19  9.31  656.23  652.94  0.0 
 3  2  188.27  194.56  50.09  4.97  654.8  655.56  0.0 
 4  3  186.32  194.46  50.43  11.68  656.0  653.88  0.0 
 5  1  191.81  199.43  50.78  19.02  667.31  667.76  0.0 
 6  4  183.39  194.29  48.48  13.86  653.58  653.42  0.0 
 1  2  193.04  189.84  49.52  11.36  658.11  663.04  0.0 
 2  4  174.06  194.01  48.91  6.99  654.46  655.88  0.4063 
 3  3  197.98  196.57  49.48  14.51  656.54  657.31  0.0 
 4  1  182.09  183.15  48.48  4.8  647.36  655.7  0.53 
 5  4  191.85  194.91  49.46  14.35  660.91  657.28  0.3491 
 6  3  195.74  196.98  49.39  7.48  661.91  658.09  0.4263 
 1  1  176.91  195.76  50.85  21.53  656.06  652.31  0.0 
 2  2  196.01  192.69  50.68  7.16  655.6  656.47  0.0 
 3  4  186.39  188.93  51.39  30.95  657.46  650.83  0.0 
 4  2  175.97  198.38  49.69  5.59  658.15  652.34  0.0 
 5  2  190.02  194.44  49.31  5.55  653.44  655.96  0.6023 
 6  2  182.34  190.85  49.3  9.4  656.98  658.68  0.0 
 1  3  186.48  183.45  49.25  5.31  662.98  657.17  0.0 
 2  1  188.69  195.84  49.51  10.99  660.01  659.62  0.0 
 3  1  186.69  194.32  49.26  2.88  661.57  657.33  0.0 
 4  4  189.18  185.86  49.52  9.25  655.59  650.48  0.0 
 5  3  189.58  181.71  48.6  7.09  658.79  661.09  0.0 
 6  1  186.36  185.89  48.0  7.39  652.54  654.62  0.0 
 1  1  182.98  181.51  48.82  5.24  652.48  654.86  0.0 
 2  2  183.44  185.39  49.33  10.73  655.58  658.0  0.0 
 3  4  182.39  184.89  49.24  4.07  656.57  657.58  0.0 
 4  2  191.13  194.46  49.92  7.41  658.71  661.81  0.0 
 5  2  192.05  190.21  50.02  233.0  662.0  658.14  0.0 
 6  2  187.33  191.0  49.56  18.42  657.31  655.87  0.0 
 1  2  195.75  196.22  49.5  5.45  655.15  657.15  0.1161 
 2  4  177.42  194.64  49.25  8.5  662.01  657.98  0.0459 
 3  3  187.54  197.76  49.07  4.0  658.56  660.94  0.0 
 4  1  189.26  191.99  48.71  8.12  649.25  650.44  0.0 
 5  4  191.77  193.73  49.13  3.9  656.86  660.35  0.0 
 6  3  188.88  178.16  48.49  8.95  657.73  652.74  0.0 
 1  3  185.2  189.98  50.58  48.28  653.44  655.62  0.0 
 2  1  183.67  193.92  49.86  5.79  648.22  650.32  0.0 
 3  1  193.19  191.46  49.11  4.57  656.36  654.92  0.0 
 4  4  176.92  196.71  49.03  9.44  652.78  656.11  0.0 
 5  3  198.92  182.6  48.94  5.22  656.06  654.88  0.0 
 6  1  188.4  191.73  49.31  5.63  652.51  651.26  0.0 
 1  3  190.8  194.97  49.36  11.23  663.2  656.3  0.0 
 2  1  188.24  185.48  48.95  6.38  659.2  657.19  0.0 
 3  1  186.16  183.78  48.91  6.89  659.53  655.82  0.2089 
 4  4  180.16  187.82  48.6  7.17  660.32  652.79  0.0 
 5  3  190.67  194.25  49.48  10.09  659.04  658.37  0.0 
 6  1  187.7  192.9  48.61  4.8  653.07  653.81  0.5672 
 1  3  185.74  193.79  49.22  5.37  654.74  658.07  0.0 
 2  1  188.23  185.8  48.71  14.16  658.96  660.22  0.0 
 3  1  189.46  182.28  48.52  10.86  656.74  652.8  0.0 
 4  4  179.66  189.75  48.76  8.98  656.5  660.58  0.0 
 5  3  187.7  195.0  48.91  13.64  659.19  656.89  0.0 
 6  1  186.48  192.89  48.44  13.48  652.26  650.29  0.0 
 1  3  195.65  198.25  48.65  24.65  659.15  659.88  0.0 
 2  1  185.26  194.63  48.85  21.15  659.06  653.6  0.0 
 3  1  185.97  195.9  49.63  6.74  658.32  659.76  0.0 
 4  4  193.85  193.0  50.6  18.37  657.08  657.94  0.0 
 5  3  193.45  179.99  48.37  21.19  657.56  661.48  0.0 
 6  1  190.75  185.31  48.24  6.83  658.94  650.11  0.0 
 1  3  187.59  185.36  48.71  8.98  656.35  659.42  0.267 
 2  1  186.02  192.44  49.15  8.61  656.61  659.46  0.0 
 3  1  190.78  194.44  49.42  9.13  658.6  657.96  0.0 
 4  4  191.36  188.76  49.51  5.51  659.21  660.93  0.0 
 5  3  187.04  181.13  48.33  3.33  658.79  657.17  0.0 
 6  1  189.05  192.56  47.98  13.31  658.65  656.72  0.0 
 1  1  194.29  194.97  51.59  36.29  659.93  657.02  0.0 
 2  2  192.72  196.73  50.82  21.18  658.01  657.15  0.0 
 3  4  191.17  193.79  52.15  23.44  656.83  654.36  0.0 
 4  2  182.03  197.2  49.7  4.92  652.47  650.62  0.0 
 5  2  194.29  193.69  49.14  6.37  656.85  657.28  0.0 
 6  2  185.28  190.28  49.22  9.36  655.0  652.97  0.0 
 1  3  186.45  183.32  48.38  7.74  655.91  651.0  0.0 
 2  1  196.42  196.77  49.51  9.02  656.4  654.59  0.0 
 3  1  186.4  192.84  49.35  7.58  658.1  655.75  0.0 
 4  4  192.54  187.09  50.16  10.62  660.08  656.7  0.0 
 5  3  195.3  204.04  48.28  10.73  655.11  657.02  0.0 
 6  1  185.65  181.24  48.13  7.63  652.79  651.73  0.0 
 1  3  188.64  195.83  49.41  8.25  656.01  655.63  0.0 
 2  1  187.29  184.47  49.19  7.22  662.91  655.07  0.0 
 3  1  186.23  183.45  48.31  5.18  654.76  658.18  0.0 
 4  4  181.47  190.93  48.76  8.83  655.79  655.65  0.0 
 5  3  188.41  192.77  48.93  8.84  657.17  660.04  0.0 
 6  1  188.32  192.37  48.37  11.38  654.42  647.68  0.0559 
 1  1  189.73  195.39  48.6  6.19  656.66  657.4  0.0 
 2  2  181.47  182.18  48.66  6.8  654.22  649.55  0.0 
 3  4  184.28  187.46  48.57  9.63  657.96  661.97  0.0 
 4  2  192.02  197.51  49.86  6.47  658.05  656.16  0.0 
 5  2  188.6  190.08  49.31  8.22  653.53  658.55  0.0 
 6  2  190.41  189.38  49.92  3.84  662.35  657.62  0.8244 
 1  3  184.52  194.06  50.93  19.72  660.36  655.48  0.0 
 2  1  192.37  197.18  49.18  6.8  656.46  657.43  0.0 
 3  1  186.92  179.98  48.97  8.16  657.8  653.5  0.0 
 4  4  169.48  175.48  49.08  9.39  653.81  651.56  0.0 
 5  3  194.47  190.57  50.95  15.59  658.3  655.68  0.0 
 6  1  185.6  188.82  49.0  45.79  651.04  653.25  0.0 
 1  4  178.54  191.44  48.72  4.9  659.89  655.94  0.0 
 2  3  189.0  195.55  48.76  4.8  659.56  660.34  0.0 
 3  2  188.17  192.68  49.9  7.88  658.53  655.92  0.0 
 4  3  184.83  196.09  50.11  7.29  658.98  657.52  0.0 
 5  1  198.2  201.74  50.15  6.19  672.86  671.87  0.0 
 6  4  177.33  191.44  48.04  9.01  655.33  656.29  0.0 
 1  3  185.61  196.41  49.46  11.54  660.71  659.43  0.0 
 2  1  182.16  184.33  48.89  4.51  659.24  654.0  0.0 
 3  1  180.44  183.36  48.55  15.09  656.57  659.64  0.0 
 4  4  178.13  187.69  48.71  6.2  655.95  656.48  0.0 
 5  3  186.98  190.51  49.05  10.24  656.34  658.59  0.0 
 6  1  186.81  190.71  48.44  4.54  659.24  650.33  0.0 
 1  1  188.31  194.29  48.86  5.71  656.48  655.22  0.0 
 2  2  184.61  186.35  48.52  6.8  658.58  652.15  0.0 
 3  4  182.92  191.52  48.63  9.59  655.47  662.07  0.0 
 4  2  194.09  199.5  49.85  6.91  657.86  659.69  0.0 
 5  2  191.57  188.41  49.36  6.34  655.37  657.21  0.0 
 6  2  189.82  189.5  49.57  7.01  661.91  654.55  0.0 
 1  2  194.2  193.37  49.52  18.92  658.1  665.36  0.0 
 2  4  177.59  192.36  49.0  9.97  660.31  659.78  0.0 
 3  3  187.48  194.35  49.84  4.53  658.66  657.26  0.0 
 4  1  182.62  184.4  48.6  20.0  646.18  652.47  0.0 
 5  4  193.66  193.63  49.61  8.65  663.75  657.17  0.0 
 6  3  186.21  182.39  48.75  27.76  658.12  654.12  0.0 
 1  4  183.02  196.37  48.48  10.73  653.3  652.62  0.0 
 2  3  188.52  190.44  48.64  12.44  656.82  653.8  0.0 
 3  2  196.82  195.28  49.78  8.5  655.58  655.77  0.0 
 4  3  187.3  202.95  49.92  9.26  656.66  658.86  0.0847 
 5  1  194.72  200.86  50.42  17.62  670.07  670.89  0.0 
 6  4  182.78  194.94  48.24  4.87  662.26  654.37  0.0448 
 1  2  189.86  191.72  49.26  5.46  654.55  657.76  0.0 
 2  4  172.04  196.11  49.29  7.57  661.54  659.13  0.0 
 3  3  199.49  201.43  49.39  9.63  657.83  660.52  0.0 
 4  1  180.86  182.1  48.82  11.45  649.77  655.31  0.0 
 5  4  194.29  189.3  49.17  4.89  660.86  657.48  0.0 
 6  3  195.11  198.37  48.78  10.65  657.66  653.88  0.0 
 1  4  189.64  190.98  49.72  7.66  659.91  655.3  0.0458 
 2  3  188.14  195.12  49.45  10.87  654.42  655.2  0.0 
 3  2  168.13  190.93  49.07  5.39  659.78  655.2  0.0 
 4  3  183.23  185.94  49.8  6.84  659.67  658.33  0.0 
 5  1  192.96  195.45  49.6  4.98  666.74  669.96  0.0 
 6  4  192.08  192.69  49.08  12.16  663.59  661.84  0.0 
 1  1  187.21  196.31  49.56  6.38  656.42  660.49  0.0 
 2  2  192.03  185.16  49.14  15.99  658.73  659.64  0.0 
 3  4  195.55  190.43  49.4  6.19  655.19  657.08  0.0 
 4  2  178.22  192.09  49.06  5.9  654.28  657.41  0.0 
 5  2  171.9  184.29  48.7  20.12  659.38  660.36  0.0 
 6  2  189.06  195.13  49.11  11.84  659.33  654.79  0.0 
 1  3  184.63  193.85  49.53  12.97  653.7  650.38  0.0 
 2  1  190.23  193.36  48.96  12.19  657.92  655.05  0.0 
 3  1  189.46  186.48  48.75  6.12  655.71  654.83  0.0 
 4  4  179.44  191.1  49.16  6.74  657.44  653.28  0.0 
 5  3  192.83  194.38  49.79  15.66  654.19  655.8  0.4569 
 6  1  186.52  192.6  48.85  4.74  646.96  648.48  0.0 
 1  1  187.49  194.64  49.44  8.47  659.53  659.63  0.0572 
 2  2  193.77  184.93  49.44  11.41  655.99  654.99  0.0563 
 3  4  194.73  188.88  49.39  10.23  659.38  659.24  0.0853 
 4  2  177.97  191.32  48.85  9.76  653.12  657.35  0.0 
 5  2  176.95  189.52  48.57  7.27  660.65  656.89  0.0 
 6  2  178.25  190.79  49.41  7.79  660.29  658.31  0.0 
 1  2  186.15  187.34  49.77  6.82  650.88  652.91  0.0 
 2  4  177.43  196.19  49.02  8.24  653.34  654.14  0.0 
 3  3  189.21  194.73  51.25  20.45  655.48  655.2  0.0 
 4  1  185.21  182.32  49.7  8.93  647.76  650.42  0.0 
 5  4  193.94  195.11  49.62  11.04  657.01  654.57  0.0 
 6  3  194.57  182.82  49.04  8.68  656.87  654.62  0.0 
 1  3  190.33  196.53  49.7  5.96  662.37  661.92  0.0 
 2  1  185.9  182.69  48.62  10.09  662.56  657.12  0.0 
 3  1  187.71  184.76  48.38  7.52  658.39  659.5  0.0 
 4  4  187.72  187.54  48.81  9.95  655.55  654.52  0.0 
 5  3  187.91  196.71  49.35  13.67  660.72  664.57  0.0 
 6  1  189.47  193.69  49.01  8.98  658.96  651.26  0.0 
 1  3  188.27  174.59  48.43  5.86  651.47  653.9  0.3285 
 2  1  188.35  193.28  49.01  11.02  655.21  656.1  0.0 
 3  1  193.51  198.29  49.72  5.42  654.86  656.96  0.0 
 4  4  192.36  185.84  50.12  9.98  657.38  662.63  0.0 
 5  3  184.9  184.83  48.35  3.31  658.28  653.32  0.0 
 6  1  194.31  196.11  48.45  5.82  652.82  651.63  0.134 
 1  4  193.34  194.51  50.06  50.37  653.76  652.78  0.0 
 2  3  188.02  195.44  50.53  9.85  659.93  653.97  0.0 
 3  2  178.68  194.65  49.26  9.91  653.09  658.73  0.0 
 4  3  200.88  190.08  49.76  6.8  653.31  657.92  0.0 
 5  1  202.85  189.03  49.77  6.94  666.0  667.01  0.0 
 6  4  190.34  191.45  49.43  7.17  655.45  649.42  0.0 
 1  2  193.26  187.93  50.92  323.37  653.06  655.35  0.0 
 2  4  177.62  193.42  49.08  7.18  650.45  651.83  0.0 
 3  3  191.89  193.06  50.14  5.34  655.79  653.16  0.0 
 4  1  194.88  180.36  49.79  4.67  649.06  651.58  0.0 
 5  4  191.97  192.23  49.9  15.27  654.18  652.74  0.0 
 6  3  195.17  187.24  49.08  8.72  660.53  657.86  0.0 
 1  1  189.55  194.56  49.51  7.62  659.0  658.38  0.0 
 2  2  195.0  186.32  49.26  5.99  660.83  655.68  0.0 
 3  4  193.78  187.88  48.98  5.57  653.75  656.74  0.0 
 4  2  177.9  193.19  48.92  9.0  654.08  654.58  0.0 
 5  2  178.99  189.63  48.6  5.12  657.76  661.23  0.0 
 6  2  178.21  187.46  48.64  8.87  659.72  650.97  0.0 
 1  1  187.29  193.56  49.33  3.71  659.82  655.47  0.3366 
 2  2  205.08  186.69  49.59  5.45  667.12  659.47  0.0749 
 3  4  194.16  184.51  49.26  6.32  660.3  655.02  0.0 
 4  2  181.66  192.03  49.0  6.95  659.87  656.78  0.0 
 5  2  178.83  191.06  48.45  6.42  658.32  658.6  0.0 
 6  2  174.76  189.09  48.68  5.32  655.71  656.5  0.0 
 1  3  183.2  190.71  49.55  6.75  658.39  656.52  0.0 
 2  1  182.23  183.67  48.85  11.04  654.2  654.11  0.0 
 3  1  189.21  174.79  49.48  12.47  659.2  655.65  0.6409 
 4  4  180.59  185.61  49.04  4.38  656.0  656.47  0.7702 
 5  3  187.94  190.82  49.41  5.09  657.15  656.34  0.0 
 6  1  178.29  193.87  48.96  5.81  651.85  652.26  0.0 
 1  2  195.17  189.49  49.53  7.51  660.09  662.58  0.0 
 2  4  171.47  192.11  48.93  4.63  659.56  662.1  0.1758 
 3  3  194.08  195.89  49.93  6.36  660.28  658.49  0.0 
 4  1  185.41  182.79  48.46  4.65  649.82  652.52  0.2999 
 5  4  190.5  192.44  49.13  10.76  659.6  658.24  0.0 
 6  3  190.95  193.0  48.75  5.32  658.98  658.97  0.0 
 1  1  189.05  200.09  49.27  5.56  658.14  662.52  0.1392 
 2  2  196.63  190.25  49.54  8.23  658.36  657.39  0.0475 
 3  4  197.6  195.52  49.17  5.98  658.8  659.93  0.092 
 4  2  179.38  190.99  49.26  8.11  654.96  658.33  0.0 
 5  2  181.2  192.77  48.63  15.81  659.63  657.39  0.0 
 6  2  194.13  194.33  48.8  6.0  657.66  655.14  0.0 
 1  3  191.06  194.79  49.65  7.91  653.23  653.9  0.0 
 2  1  186.97  183.61  48.36  17.22  662.95  656.8  0.0 
 3  1  186.3  182.92  48.93  6.04  654.89  659.15  0.3824 
 4  4  192.58  189.83  50.15  5.92  657.97  656.36  0.0 
 5  3  187.74  194.7  49.21  12.63  657.43  662.17  0.0 
 6  1  185.68  190.34  49.04  4.92  654.96  647.33  0.0 
 1  4  177.36  192.21  49.18  5.5  652.99  655.54  0.0 
 2  3  183.92  189.78  48.63  8.96  653.5  654.44  0.0 
 3  2  189.45  196.13  49.66  8.21  654.19  659.1  0.0 
 4  3  186.94  197.52  50.11  12.25  655.47  660.94  0.0 
 5  1  193.19  199.98  49.51  10.91  668.05  665.6  0.0 
 6  4  182.73  197.9  48.67  11.2  658.49  656.07  0.0 
 1  2  179.71  188.76  49.31  4.93  663.05  657.96  0.0 
 2  4  189.07  191.84  49.14  7.7  655.21  653.52  0.0 
 3  3  187.92  182.3  48.28  16.19  660.71  655.42  0.0 
 4  1  184.55  190.76  49.34  6.8  653.31  650.13  0.0 
 5  4  182.4  193.77  48.72  8.08  658.69  659.55  0.0 
 6  3  188.09  190.21  49.86  7.79  659.45  659.14  0.0 
 1  1  189.4  181.63  48.56  11.37  662.82  657.17  0.0 
 2  2  198.63  189.57  48.83  10.24  661.76  660.0  0.0 
 3  4  182.0  188.87  48.63  10.52  661.67  653.24  0.0 
 4  2  191.19  189.15  49.42  5.02  657.35  654.48  0.0 
 5  2  194.27  193.92  49.28  7.16  660.78  660.52  0.0 
 6  2  190.03  185.18  49.66  11.08  652.46  656.47  0.0 
 1  2  182.72  191.15  49.32  13.28  659.68  655.76  0.0 
 2  4  189.42  196.44  49.8  6.67  657.23  656.55  0.0 
 3  3  192.19  184.32  49.39  21.01  660.57  653.21  0.0 
 4  1  184.89  191.88  49.59  10.36  652.03  646.83  0.0 
 5  4  192.58  199.34  48.91  10.49  658.97  658.95  0.0 
 6  3  188.29  193.55  49.89  6.24  658.16  659.62  0.4572 
 1  4  178.69  190.86  49.01  3.75  658.56  658.98  0.1704 
 2  3  184.82  184.27  48.48  21.65  653.34  656.03  0.0 
 3  2  187.95  197.67  49.47  12.88  657.97  657.61  0.1676 
 4  3  187.81  195.27  49.7  10.56  657.92  659.02  0.0 
 5  1  192.96  197.29  50.11  16.9  669.77  667.88  0.4411 
 6  4  192.6  200.36  48.17  7.09  663.71  663.07  0.0 
 1  1  194.14  197.59  48.88  37.76  661.52  662.53  0.0 
 2  2  183.84  187.75  49.05  7.74  663.73  654.21  0.0 
 3  4  182.62  190.27  49.52  6.05  658.29  664.34  0.0 
 4  2  192.54  196.52  50.71  22.92  657.14  655.45  0.0 
 5  2  190.13  187.98  49.84  12.78  656.62  665.37  0.0 
 6  2  192.66  187.42  49.88  5.34  663.28  656.01  0.0 
 1  1  191.14  185.33  49.3  5.53  652.84  654.8  0.0 
 2  2  188.99  194.53  48.85  4.9  656.38  657.92  0.5093 
 3  4  197.85  191.46  49.09  9.08  653.89  653.77  0.0 
 4  2  190.11  193.02  49.92  11.44  651.67  655.52  0.468 
 5  2  193.31  189.14  49.63  9.9  654.83  654.41  0.0 
 6  2  192.37  193.62  49.89  7.67  655.02  651.86  0.0 
 1  4  175.82  189.42  48.18  6.89  652.0  655.4  0.0 
 2  3  188.17  183.46  48.91  6.85  657.34  661.07  0.0 
 3  2  187.02  197.39  49.25  7.41  655.45  654.74  0.0 
 4  3  184.92  196.71  49.95  4.57  655.95  660.93  0.0 
 5  1  191.96  199.96  50.34  11.51  673.55  670.18  0.3222 
 6  4  185.69  191.53  48.19  10.81  656.65  652.91  0.6764 
 1  3  186.21  193.8  49.85  9.12  657.42  656.3  0.0 
 2  1  187.34  179.8  48.99  7.91  658.75  651.43  0.0 
 3  1  190.01  187.47  49.13  29.97  656.84  662.03  0.0 
 4  4  184.75  191.2  49.74  7.42  657.8  659.09  0.0 
 5  3  186.12  193.18  49.41  21.51  655.05  660.08  0.0 
 6  1  187.38  195.1  48.58  15.87  655.86  651.35  0.5312 
 1  1  183.5  185.78  49.44  3.78  657.12  658.55  0.0 
 2  2  177.98  183.49  48.94  9.11  652.12  655.1  0.0 
 3  4  182.43  186.67  48.66  8.35  658.11  654.58  0.0 
 4  2  187.88  191.69  49.57  10.87  653.84  660.08  0.0 
 5  2  190.62  185.61  49.3  10.13  658.79  655.1  0.0 
 6  2  191.86  187.88  49.68  6.89  661.26  659.68  0.0 
 1  2  191.7  191.77  49.7  10.84  656.58  661.14  0.0 
 2  4  174.72  195.14  48.82  9.02  661.85  665.96  0.2163 
 3  3  185.87  193.95  49.62  6.95  656.46  656.21  0.0 
 4  1  182.86  181.37  48.61  8.47  651.67  654.51  0.0 
 5  4  190.68  192.53  49.52  7.26  660.63  659.65  0.0 
 6  3  187.73  181.31  49.13  144.72  655.28  652.97  0.0 
 1  4  189.4  189.58  49.86  19.67  656.53  658.68  0.0 
 2  3  184.64  192.53  49.46  5.07  657.37  657.0  0.0 
 3  2  189.96  196.52  49.03  7.27  658.09  659.65  0.0 
 4  3  183.2  185.62  49.38  3.85  657.31  659.74  0.0 
 5  1  195.71  191.74  49.93  6.71  672.69  669.41  0.0 
 6  4  191.31  197.06  50.22  11.8  660.56  657.0  0.0 
 1  1  187.41  184.07  48.74  2.23  658.44  656.84  0.0 
 2  2  200.84  193.88  48.39  11.51  654.56  653.0  0.0 
 3  4  182.68  188.87  48.9  8.34  658.93  656.15  0.0 
 4  2  188.86  193.01  49.68  4.93  659.79  654.15  0.0 
 5  2  194.07  199.53  49.6  12.42  656.8  661.44  0.0779 
 6  2  191.49  190.38  49.99  13.64  661.0  662.41  0.0 
 1  1  184.17  194.31  49.77  17.95  661.06  656.46  0.0 
 2  2  197.14  189.65  49.29  8.59  660.58  654.65  0.0 
 3  4  194.86  188.36  49.79  11.35  659.66  661.51  0.0 
 4  2  167.93  190.05  49.24  9.37  657.18  650.95  0.0 
 5  2  186.16  186.98  48.45  13.28  657.61  655.38  0.0 
 6  2  180.18  187.33  48.41  52.43  663.22  657.17  0.0 
 1  3  191.75  191.56  50.76  11.53  658.47  652.0  0.0 
 2  1  191.13  184.86  48.6  9.4  657.51  654.71  0.0 
 3  1  194.9  185.53  48.91  6.66  655.81  657.34  0.0 
 4  4  187.03  193.18  49.09  13.54  654.16  650.13  0.0 
 5  3  189.73  195.46  50.0  14.33  656.24  656.57  0.0 
 6  1  184.73  191.25  49.82  28.22  650.9  650.71  0.3061 
 1  2  179.92  187.36  48.43  7.23  657.39  652.94  0.0 
 2  4  190.41  192.69  49.52  7.73  660.71  658.8  0.1203 
 3  3  180.11  184.92  48.66  5.24  658.59  655.54  0.0 
 4  1  190.71  194.3  49.83  11.38  669.45  666.1  0.0 
 5  4  177.62  193.91  48.31  10.29  658.48  660.38  0.0 
 6  3  186.38  189.3  49.51  7.22  656.23  658.4  0.0 
 1  3  187.54  183.45  49.15  10.74  659.27  654.49  0.0 
 2  1  187.38  192.69  49.81  3.88  655.87  654.2  0.0 
 3  1  188.7  192.53  49.59  189.82  661.23  658.38  0.0 
 4  4  190.44  190.01  49.92  11.54  659.05  659.22  0.0 
 5  3  190.17  182.24  48.47  6.98  657.18  657.32  0.0 
 6  1  187.86  184.86  48.04  7.17  656.06  654.84  0.0 
 1  4  188.08  189.92  49.81  10.61  662.66  659.66  0.0 
 2  3  185.56  190.2  49.26  7.31  655.6  653.58  0.0 
 3  2  172.54  189.96  48.65  11.62  663.98  657.42  0.0 
 4  3  174.43  183.18  48.72  12.07  656.24  657.33  0.0 
 5  1  188.47  185.98  49.05  7.84  670.71  669.77  0.0 
 6  4  187.86  193.43  49.57  8.22  659.76  658.33  0.0 
 1  2  192.4  189.38  49.45  4.4  660.97  658.47  0.0 
 2  4  178.3  191.93  48.9  7.25  660.91  659.13  0.0 
 3  3  186.14  191.94  49.45  7.99  658.26  655.03  0.0 
 4  1  183.17  179.52  48.56  5.71  655.36  652.17  0.0 
 5  4  190.95  192.78  49.64  11.07  659.35  660.51  0.0 
 6  3  183.13  179.6  48.75  5.87  655.87  653.46  0.0 
 1  4  167.57  196.7  48.67  7.38  658.97  656.5  0.0 
 2  3  198.15  194.05  48.78  9.13  661.88  657.21  0.0 
 3  2  188.44  193.2  49.35  6.17  659.69  654.35  0.0 
 4  3  183.95  199.4  49.84  8.94  660.56  657.97  0.0 
 5  1  199.7  200.81  50.07  6.15  670.46  668.6  0.0 
 6  4  181.28  192.27  48.11  7.57  658.1  658.77  0.0 
 1  1  185.59  183.21  49.36  38.68  656.73  653.14  0.0 
 2  2  183.87  188.35  49.08  13.04  654.29  650.05  0.0 
 3  4  184.43  190.08  50.53  323.62  658.92  654.82  0.0 
 4  2  189.17  191.64  50.77  15.65  656.88  653.88  0.0702 
 5  2  187.81  190.12  50.78  23.95  653.84  654.96  0.0 
 6  2  192.56  190.86  51.47  11.27  660.01  659.43  0.0 
 1  4  188.77  195.69  50.35  38.52  656.89  657.29  0.0 
 2  3  187.92  194.19  49.24  22.05  659.8  653.75  0.0 
 3  2  176.16  192.8  49.02  5.57  657.08  657.25  0.0 
 4  3  189.43  201.13  49.19  9.74  654.91  656.9  0.0 
 5  1  196.88  190.1  49.87  10.13  669.61  670.07  0.0 
 6  4  191.44  192.18  48.94  14.6  659.3  653.98  0.0 
 1  2  190.81  192.89  50.94  7.5  653.04  654.43  0.0 
 2  4  178.46  196.06  49.13  7.55  654.97  656.17  0.0 
 3  3  190.4  191.21  51.43  35.24  654.93  651.7  0.0 
 4  1  192.4  190.59  49.13  5.59  645.97  650.31  0.0 
 5  4  187.82  194.17  50.64  20.07  655.1  654.04  0.1087 
 6  3  189.39  192.7  49.2  6.48  653.02  653.55  0.0 
 1  4  188.3  192.96  49.73  14.28  650.89  650.75  0.0 
 2  3  185.21  194.4  49.86  16.94  660.17  655.99  0.0 
 3  2  175.7  200.41  49.03  5.41  650.96  655.98  0.0 
 4  3  190.43  196.21  49.24  7.98  657.67  657.53  0.0 
 5  1  197.42  190.99  49.48  10.31  668.05  672.63  0.0 
 6  4  191.44  191.81  49.2  7.37  655.13  649.24  0.0 
 1  1  190.35  190.8  51.15  15.25  653.33  656.56  0.0 
 2  2  188.93  187.05  49.35  75.65  657.49  651.25  0.0 
 3  4  189.67  190.65  52.51  25.63  654.78  657.05  0.0 
 4  2  180.64  192.56  49.28  18.94  655.97  654.95  0.0 
 5  2  182.89  188.66  48.88  7.91  652.69  655.84  0.0 
 6  2  181.69  194.14  49.96  14.95  660.18  653.6  0.0 
 1  3  186.81  185.59  48.62  13.26  655.1  655.64  0.0 
 2  1  184.36  188.55  50.06  9.26  652.19  646.1  0.0 
 3  1  187.39  190.47  49.56  6.37  655.85  656.69  0.0 
 4  4  181.8  190.56  51.43  28.12  653.99  653.24  0.0 
 5  3  186.73  183.86  48.95  6.47  652.36  655.02  0.0 
 6  1  180.05  183.38  48.19  10.08  651.19  644.45  0.0 
 1  4  190.17  191.2  49.36  5.39  660.47  653.64  0.0 
 2  3  193.24  195.48  49.3  7.54  661.08  659.39  0.0 
 3  2  162.72  187.28  48.51  6.72  658.68  655.09  0.0 
 4  3  185.33  185.89  48.68  6.23  657.66  653.68  0.0 
 5  1  199.09  194.45  49.05  5.73  668.06  668.93  0.1803 
 6  4  187.11  188.27  49.02  5.25  653.92  655.81  0.0 
 1  1  185.99  182.38  48.51  7.78  660.75  656.7  0.5042 
 2  2  194.64  191.77  48.79  6.29  657.81  657.5  0.0 
 3  4  185.24  183.56  48.61  10.93  660.0  656.05  0.0 
 4  2  189.13  192.35  49.93  31.14  657.57  656.76  0.0 
 5  2  193.28  192.75  49.29  4.01  657.66  658.15  0.0 
 6  2  190.96  189.09  49.91  8.37  657.75  657.07  0.2406 
 1  2  193.46  195.09  48.47  8.12  657.84  657.19  0.0 
 2  4  189.29  191.34  49.25  5.37  657.96  650.83  0.0817 
 3  3  187.92  185.96  48.55  8.45  656.84  659.59  0.0 
 4  1  191.9  195.56  50.02  18.45  650.41  649.44  0.0 
 5  4  177.69  193.28  48.52  12.98  651.75  656.12  0.0 
 6  3  191.69  191.01  49.34  6.91  665.24  659.31  0.0 
 1  1  184.22  166.54  49.21  12.31  654.54  655.97  0.0 
 2  2  181.97  190.83  49.07  10.33  655.5  654.72  0.0 
 3  4  184.22  192.39  49.36  5.02  656.58  655.88  0.4041 
 4  2  184.78  181.22  50.51  21.24  651.95  655.28  0.0 
 5  2  186.06  181.91  51.3  17.39  657.71  654.8  0.0 
 6  2  187.29  185.1  51.24  234.68  656.84  654.75  0.3042 
 1  2  192.24  194.91  49.95  9.42  654.6  655.14  0.0 
 2  4  172.89  199.42  49.05  6.04  658.12  653.59  0.2486 
 3  3  187.13  195.98  49.61  6.13  653.05  654.0  0.0 
 4  1  189.98  192.98  48.62  8.75  647.9  648.12  0.0 
 5  4  192.78  189.6  49.7  16.99  653.67  656.99  0.0 
 6  3  193.99  182.66  49.87  291.12  655.47  649.72  0.0 
 1  2  192.28  188.42  49.61  7.14  651.49  650.32  0.1759 
 2  4  180.74  194.47  48.89  7.61  660.81  657.06  0.0 
 3  3  184.18  196.2  49.77  15.36  653.94  655.11  0.0 
 4  1  196.62  186.41  49.12  10.87  665.56  665.53  0.0 
 5  4  187.85  193.19  49.44  9.42  654.87  656.97  0.0 
 6  3  192.17  177.29  49.71  11.39  656.18  649.25  0.0 
 1  1  185.35  194.33  49.29  4.3  654.52  658.36  0.0 
 2  2  193.27  186.78  49.47  5.96  654.28  655.53  0.0 
 3  4  193.5  189.0  49.53  9.34  660.26  659.04  0.0 
 4  2  176.04  193.74  48.83  7.61  656.81  661.58  0.0 
 5  2  175.56  187.82  48.91  14.8  660.3  655.64  0.051 
 6  2  179.97  189.12  48.94  9.28  660.0  656.49  0.0 
 1  3  187.2  196.0  49.37  8.55  661.9  660.23  0.0 
 2  1  183.41  184.12  48.37  14.58  654.88  654.37  0.076 
 3  1  186.0  183.12  48.77  9.49  659.9  655.01  0.0 
 4  4  180.46  186.12  48.95  7.23  658.54  655.51  0.0 
 5  3  189.63  193.24  49.45  10.29  662.51  658.48  0.0788 
 6  1  186.4  193.27  48.64  5.31  653.82  655.78  0.2081 
 1  4  189.79  191.72  49.88  34.12  658.58  652.45  0.0 
 2  3  192.21  195.32  50.75  13.14  657.61  656.61  0.0 
 3  2  172.79  195.37  49.49  10.44  656.82  651.83  0.0 
 4  3  188.4  177.87  48.94  11.12  656.33  653.07  0.0 
 5  1  195.53  192.78  49.53  8.88  666.9  664.91  0.0 
 6  4  192.4  188.19  49.85  15.15  653.23  652.04  0.0 
 1  3  191.04  186.22  49.52  10.5  656.62  653.12  0.1737 
 2  1  185.4  194.51  49.95  6.67  653.22  654.7  0.0 
 3  1  188.62  193.95  49.93  8.98  655.79  650.92  0.0 
 4  4  190.57  189.03  49.88  5.63  655.88  651.33  0.0 
 5  3  189.84  183.74  48.9  6.17  654.02  655.18  0.0 
 6  1  190.39  185.27  48.67  7.33  650.61  652.57  0.0 
 1  3  185.29  194.83  49.5  7.6  656.98  659.6  0.0 
 2  1  187.35  185.72  48.63  6.77  652.82  656.14  0.0 
 3  1  189.68  186.75  49.44  8.0  657.74  657.42  0.0 
 4  4  178.41  188.61  49.55  8.01  653.95  659.98  0.4743 
 5  3  187.12  189.36  49.41  9.59  657.35  652.97  0.304 
 6  1  186.31  193.13  49.54  9.3  653.47  650.06  0.0 
 1  1  186.2  188.36  50.04  5.52  654.25  657.06  0.0 
 2  2  195.06  185.69  49.93  4.63  654.25  654.77  0.6215 
 3  4  184.45  183.61  52.08  336.35  654.81  655.27  0.0 
 4  2  175.11  192.13  49.41  5.86  651.15  656.06  0.0 
 5  2  175.1  194.36  48.91  14.88  654.82  654.25  0.0 
 6  2  179.99  191.36  49.0  6.25  657.07  652.53  0.0 
 1  3  186.08  185.48  49.4  4.45  655.76  659.42  0.0 
 2  1  188.85  194.65  49.62  15.49  658.08  659.72  0.0 
 3  1  192.23  194.56  49.84  8.82  657.41  657.79  0.0 
 4  4  188.75  189.47  49.92  6.22  654.39  658.87  0.0 
 5  3  193.36  186.66  49.38  9.55  662.89  658.37  0.0 
 6  1  191.84  193.51  49.0  4.05  653.94  652.68  0.048 
 1  3  184.27  192.37  49.11  10.93  650.64  652.08  0.0 
 2  1  184.9  187.09  48.57  14.4  657.63  660.13  0.074 
 3  1  190.0  191.36  48.62  5.2  654.81  654.72  0.0 
 4  4  178.6  188.87  49.01  9.38  658.52  659.76  0.3285 
 5  3  187.91  193.1  49.19  7.29  658.21  655.56  0.0 
 6  1  191.63  195.1  48.14  20.8  650.64  648.26  0.0 
 1  1  185.71  191.59  49.62  2.31  660.43  654.57  0.0978 
 2  2  194.82  188.41  49.5  11.03  657.15  654.96  0.2355 
 3  4  193.99  185.29  49.31  5.31  663.89  657.0  0.0 
 4  2  177.02  191.79  49.24  10.59  661.87  658.91  0.0 
 5  2  185.89  192.88  48.39  11.06  658.64  656.62  0.0 
 6  2  177.74  186.97  49.63  5.21  659.25  660.75  0.0 
 1  1  192.15  191.65  49.23  5.12  657.92  658.56  0.0 
 2  2  184.12  185.29  48.66  13.95  655.0  651.26  0.0 
 3  4  184.52  193.9  48.75  5.32  656.71  660.18  0.0 
 4  2  191.1  195.1  49.82  15.82  654.06  653.36  0.0 
 5  2  192.16  190.07  49.37  11.73  657.17  657.82  0.0 
 6  2  193.81  187.25  50.27  9.24  662.6  654.2  0.0 
 1  3  195.39  189.23  49.42  8.11  658.36  656.13  0.0 
 2  1  188.72  195.96  49.68  2.86  663.78  657.29  0.0 
 3  1  181.56  194.18  49.44  4.24  652.33  657.68  0.0 
 4  4  193.29  191.18  50.33  15.48  654.99  656.3  0.0 
 5  3  188.24  186.06  48.85  10.68  657.55  658.77  0.0 
 6  1  195.26  183.27  48.2  5.93  654.93  647.67  0.0 
 1  2  183.01  190.19  48.9  5.12  655.92  663.19  0.0 
 2  4  186.89  192.28  49.09  7.2  655.63  658.2  0.0 
 3  3  185.55  183.01  48.77  8.08  656.97  657.79  0.0 
 4  1  184.06  189.47  49.23  7.93  648.11  651.21  0.0 
 5  4  180.53  192.81  48.32  12.19  661.02  658.76  0.0 
 6  3  187.4  192.79  49.65  8.35  659.43  658.48  0.0 
 1  2  183.62  191.91  49.26  5.05  655.21  655.59  0.0 
 2  4  182.09  189.28  49.82  5.07  653.63  650.22  0.0 
 3  3  197.01  182.94  49.14  9.67  654.25  654.99  0.0 
 4  1  183.2  190.74  50.42  12.49  647.49  648.76  0.0 
 5  4  177.78  190.61  49.35  8.9  652.61  655.13  0.0 
 6  3  187.95  190.78  50.19  11.69  660.65  655.68  0.0 
 1  1  187.16  182.83  49.36  9.21  662.69  657.71  0.0 
 2  2  195.23  190.57  48.55  3.96  660.42  659.67  0.0 
 3  4  184.34  188.06  49.18  28.83  664.22  657.76  0.0 
 4  2  190.64  192.27  49.74  7.7  660.57  657.0  0.0 
 5  2  192.24  193.04  49.18  5.29  657.59  658.72  0.3786 
 6  2  192.33  188.52  49.24  4.79  659.27  659.1  0.6956 
 1  1  189.38  191.81  48.58  8.72  654.73  655.04  0.0 
 2  2  186.62  192.49  48.81  6.82  658.97  653.79  0.0 
 3  4  186.37  189.73  48.98  8.24  652.06  656.3  0.0 
 4  2  188.95  194.82  50.3  15.49  654.27  652.83  0.0 
 5  2  191.24  191.26  49.37  19.82  653.54  658.14  0.0 
 6  2  191.82  188.63  49.42  7.67  657.75  650.59  0.0 
 1  3  185.34  193.94  49.24  9.9  654.08  652.34  0.0384 
 2  1  184.34  183.81  48.76  8.36  663.85  657.27  0.0 
 3  1  186.9  184.05  48.73  9.37  655.28  659.4  0.0 
 4  4  179.45  189.84  48.69  8.26  657.82  660.97  0.0 
 5  3  188.53  193.12  49.28  11.93  654.48  659.11  0.0 
 6  1  187.47  192.04  48.66  5.5  653.24  649.46  0.0 
 1  1  187.54  192.01  49.93  31.16  652.82  656.94  0.0 
 2  2  193.2  188.64  50.22  5.37  652.37  655.5  0.0 
 3  4  192.07  189.18  49.58  4.77  655.64  657.3  0.0 
 4  2  180.68  199.56  49.59  4.79  654.9  655.47  0.0 
 5  2  182.45  188.77  48.88  6.12  656.22  654.81  0.0 
 6  2  184.02  196.33  49.58  5.4  660.05  657.43  0.0 
 1  2  184.07  187.34  49.02  23.84  659.5  656.76  0.0 
 2  4  187.57  191.77  49.71  7.86  655.64  650.04  0.0 
 3  3  186.57  183.77  48.65  3.52  655.9  659.86  0.0 
 4  1  184.01  191.26  49.65  8.02  651.65  648.6  0.0 
 5  4  180.55  191.23  48.84  6.21  655.77  660.83  0.0 
 6  3  189.07  191.08  49.63  10.8  663.92  655.73  0.0 
 1  1  183.07  192.17  49.49  5.62  658.6  654.69  0.0 
 2  2  195.5  186.36  49.5  13.83  662.03  658.02  0.0 
 3  4  192.21  186.6  49.66  5.76  654.55  654.79  0.0 
 4  2  167.86  189.94  49.39  9.12  654.58  652.56  0.0 
 5  2  173.15  181.8  48.31  45.89  657.48  658.36  0.0 
 6  2  171.43  175.4  48.89  8.31  655.38  648.08  0.0 
 1  2  179.38  188.7  49.05  6.09  662.01  656.97  0.0 
 2  4  189.25  194.12  49.25  7.79  657.61  656.25  0.0931 
 3  3  185.44  183.61  48.66  13.59  660.01  655.15  0.0 
 4  1  181.44  190.59  49.27  5.38  649.0  644.92  0.0 
 5  4  184.07  193.95  48.42  17.11  657.31  657.35  0.0 
 6  3  188.76  190.92  49.65  4.56  657.2  659.41  0.0 
 1  4  188.02  197.13  49.19  6.02  659.48  658.44  0.0 
 2  3  185.87  181.11  48.68  9.5  657.83  650.78  0.0 
 3  2  193.35  191.44  50.16  33.01  656.66  661.58  0.0 
 4  3  192.86  196.04  50.09  13.1  658.17  657.66  0.0 
 5  1  190.63  198.75  49.95  6.45  664.61  670.22  0.0 
 6  4  177.8  201.92  48.55  9.62  663.62  659.05  0.0 
 1  4  190.57  196.09  50.22  14.11  657.73  664.75  0.0 
 2  3  185.07  194.28  49.73  7.55  658.33  659.39  0.0 
 3  2  173.2  194.3  49.38  9.04  657.67  660.05  0.0 
 4  3  190.37  186.82  49.78  7.53  654.98  659.09  0.0 
 5  1  195.64  189.16  50.22  6.1  674.41  669.91  0.0 
 6  4  196.21  195.4  48.56  103.81  662.97  656.44  0.0 
 1  2  182.34  187.46  48.76  6.97  661.85  654.34  0.1592 
 2  4  189.23  192.36  49.35  7.38  661.22  658.99  0.0 
 3  3  186.08  183.87  49.03  7.0  660.83  653.45  0.0 
 4  1  184.96  191.76  49.4  9.75  651.91  649.95  0.0 
 5  4  179.42  191.69  48.31  16.95  658.59  660.48  0.0 
 6  3  188.79  190.92  49.13  5.23  657.82  657.75  0.0 
 1  1  191.86  186.44  49.33  1.95  647.88  651.0  0.0 
 2  2  193.97  191.85  49.33  5.58  655.99  656.93  0.0 
 3  4  184.44  186.14  48.98  4.97  653.85  651.29  0.0 
 4  2  186.44  195.45  51.17  11.65  653.94  657.7  0.0 
 5  2  187.84  190.71  50.91  12.78  657.08  652.6  0.0 
 6  2  184.25  189.58  51.4  20.26  653.04  649.75  0.0 
 1  4  179.41  195.65  48.83  6.6  655.48  658.12  0.0 
 2  3  191.72  186.61  49.62  13.63  655.56  657.9  0.9539 
 3  2  187.87  195.37  49.87  4.38  658.82  657.53  0.0 
 4  3  185.37  195.22  50.18  5.42  655.73  658.39  0.0 
 5  1  191.37  200.21  50.21  11.04  669.39  666.98  0.0 
 6  4  183.87  194.73  48.3  5.79  660.8  659.12  0.0 
 1  3  185.8  194.03  49.37  11.15  656.8  656.21  0.0418 
 2  1  186.06  186.73  48.22  14.89  652.41  648.92  0.0 
 3  1  189.68  189.68  49.54  66.66  654.5  655.25  0.0 
 4  4  178.62  189.88  49.05  9.82  651.33  651.99  0.0 
 5  3  186.27  194.18  49.57  6.03  653.24  656.7  0.0 
 6  1  186.21  192.47  49.05  13.45  653.56  647.32  0.0 
 1  3  187.28  193.32  49.43  3.91  655.94  657.7  0.0 
 2  1  185.4  185.45  49.01  5.74  660.06  661.3  0.0 
 3  1  193.59  197.02  48.38  9.46  654.75  654.75  0.0 
 4  4  179.91  189.73  48.67  8.08  654.52  656.88  0.0 
 5  3  187.73  193.89  49.21  3.93  657.66  657.17  0.0 
 6  1  195.36  195.85  48.58  9.64  651.9  650.0  0.034 
 1  1  191.47  188.07  48.76  11.69  661.46  656.83  0.0 
 2  2  187.27  191.98  49.68  5.82  659.53  656.06  0.0 
 3  4  187.54  192.32  49.11  10.32  662.47  659.0  0.0 
 4  2  191.31  197.11  50.18  7.99  660.91  659.3  0.3202 
 5  2  192.93  189.2  49.65  26.69  657.4  658.08  0.0 
 6  2  191.94  190.8  50.06  10.59  657.34  658.7  0.0 
 1  2  185.96  193.23  49.0  11.11  656.78  658.63  0.0 
 2  4  187.96  191.41  49.49  6.79  650.96  653.46  0.0 
 3  3  189.22  194.17  49.09  8.27  658.35  657.98  0.0 
 4  1  184.97  193.27  50.86  161.41  650.54  651.97  0.0 
 5  4  181.41  197.75  48.98  4.99  659.8  654.86  0.0 
 6  3  193.44  191.62  50.12  10.0  659.67  658.24  0.0 
 1  4  190.72  190.81  49.56  8.72  662.19  658.68  0.0 
 2  3  187.81  196.44  49.41  6.44  657.46  659.16  0.0 
 3  2  179.95  192.77  49.14  10.93  663.94  657.61  0.0 
 4  3  183.8  180.29  49.7  26.12  660.02  655.51  0.7086 
 5  1  196.64  188.63  50.11  10.34  671.88  672.46  0.0 
 6  4  191.72  191.67  49.33  12.58  661.98  662.89  0.0 
 1  4  188.16  189.93  49.46  3.11  655.78  656.82  0.0 
 2  3  188.37  195.29  49.54  11.25  658.63  657.25  0.0 
 3  2  171.6  194.75  48.57  6.94  657.78  654.75  0.0 
 4  3  181.66  185.3  49.2  6.57  658.15  657.81  0.0579 
 5  1  197.33  201.49  49.18  10.36  670.11  668.02  0.0 
 6  4  193.54  189.56  48.96  7.06  658.62  655.33  0.0 
 1  2  179.9  192.21  49.14  6.18  651.28  645.37  0.0593 
 2  4  191.44  192.63  50.06  8.44  657.67  655.16  0.0 
 3  3  194.56  187.59  48.97  6.82  652.97  650.91  0.0 
 4  1  187.52  194.54  50.8  13.85  663.63  660.88  0.0 
 5  4  183.0  198.47  49.11  4.56  653.98  655.63  0.0 
 6  3  187.51  190.32  50.29  9.23  650.79  652.61  0.0 
 1  3  185.92  194.52  49.58  6.13  655.39  654.38  0.0 
 2  1  183.2  183.48  48.19  7.46  657.73  652.19  0.1323 
 3  1  185.0  185.74  48.38  5.13  656.13  659.67  0.0 
 4  4  178.6  189.97  49.13  4.94  655.02  657.83  0.0 
 5  3  186.78  192.68  49.06  14.28  655.36  660.27  0.0 
 6  1  186.31  191.22  49.02  11.59  657.47  650.08  0.0 
 1  4  178.42  195.13  49.27  6.96  655.95  660.11  0.0 
 2  3  186.17  182.35  49.38  12.45  653.55  656.5  0.0 
 3  2  185.12  192.83  49.71  5.24  655.9  655.94  0.0 
 4  3  184.11  196.76  50.1  5.17  652.37  656.65  0.0 
 5  1  189.24  200.99  50.94  60.3  669.44  665.57  0.0 
 6  4  178.61  196.65  49.01  7.33  659.26  656.29  0.0 
 1  3  187.24  193.09  49.35  7.14  658.9  656.23  0.0 
 2  1  188.91  185.63  48.62  10.37  659.94  659.61  0.1634 
 3  1  183.69  182.26  48.41  9.61  656.89  652.21  0.0 
 4  4  178.09  185.5  49.0  4.5  658.83  655.65  0.0 
 5  3  189.31  194.99  49.26  6.57  659.9  661.63  0.0 
 6  1  186.09  191.17  48.48  9.58  651.78  651.0  0.0 
 1  2  186.23  193.43  48.44  13.1  654.42  656.9  0.0 
 2  4  188.18  194.8  49.71  13.1  653.65  654.93  0.0 
 3  3  190.73  188.7  49.02  10.78  654.25  657.04  0.0 
 4  1  185.15  193.56  49.66  7.44  645.46  647.45  0.0979 
 5  4  180.35  197.23  48.74  8.92  656.23  653.75  0.0 
 6  3  189.86  193.07  49.38  10.6  657.44  655.31  0.0 
 1  3  190.67  185.44  49.36  6.61  655.23  658.68  0.0 
 2  1  184.84  196.5  49.97  12.01  653.91  656.19  0.0 
 3  1  190.61  196.54  51.87  36.77  657.17  658.98  0.0 
 4  4  193.23  187.7  51.46  53.47  656.67  659.85  0.0 
 5  3  189.92  178.82  49.58  15.77  659.69  654.23  0.0 
 6  1  191.08  186.71  49.43  9.18  656.82  655.19  0.0 
 1  3  192.03  194.36  49.57  6.56  658.9  659.71  0.0924 
 2  1  185.89  182.64  48.26  14.42  662.6  657.26  0.0 
 3  1  183.15  182.8  49.01  9.15  657.8  662.54  0.0 
 4  4  184.1  186.85  48.23  21.49  656.76  658.08  0.0 
 5  3  190.43  191.77  49.14  4.45  659.69  663.31  0.6779 
 6  1  184.22  192.42  48.96  10.89  657.12  649.39  0.0 
 1  1  191.76  183.52  49.28  6.16  653.15  655.43  0.0 
 2  2  179.79  195.01  49.35  5.49  655.05  656.61  0.0 
 3  4  195.86  193.42  49.07  5.77  655.07  655.33  0.0 
 4  2  190.34  191.61  50.53  12.57  651.64  654.76  0.0 
 5  2  192.28  188.36  49.63  6.78  657.36  654.45  0.0 
 6  2  189.78  191.89  50.18  5.92  653.42  652.5  0.0 
 1  1  186.17  190.82  49.56  8.53  652.95  652.06  0.1659 
 2  2  195.97  186.43  49.73  11.1  663.54  657.33  0.0 
 3  4  192.5  189.34  49.2  10.08  654.83  658.61  0.0 
 4  2  177.88  194.15  49.07  10.62  659.02  659.02  0.0 
 5  2  179.28  188.26  48.53  4.63  656.54  658.34  0.0 
 6  2  177.84  185.19  48.91  2.23  659.76  652.02  0.0 
 1  1  186.58  194.89  49.73  20.88  657.46  652.77  0.1561 
 2  2  194.14  188.37  49.38  4.63  655.41  653.3  0.1364 
 3  4  194.15  187.78  49.34  11.1  659.72  655.7  0.0 
 4  2  180.72  193.87  48.97  9.75  658.74  655.28  0.0 
 5  2  183.29  190.7  48.6  4.43  655.64  656.82  0.0 
 6  2  178.7  188.82  48.92  7.12  658.1  657.53  0.0 
 1  1  185.46  194.3  49.44  10.03  658.58  657.56  0.0 
 2  2  194.22  192.42  49.27  7.86  652.06  651.45  0.0 
 3  4  195.19  187.26  49.28  5.19  658.53  654.79  0.0 
 4  2  178.14  189.25  48.87  7.06  657.25  653.64  0.0 
 5  2  190.31  192.84  48.38  8.23  655.35  655.98  0.0 
 6  2  177.18  188.11  49.19  13.67  659.54  659.31  0.0671 
 1  1  188.17  186.33  49.34  4.71  658.01  662.61  0.0 
 2  2  182.82  188.03  48.88  10.58  660.71  663.95  0.0 
 3  4  192.46  191.07  48.86  21.28  656.17  656.42  0.0 
 4  2  190.03  191.88  49.9  3.38  656.55  660.08  0.0 
 5  2  191.85  188.3  49.28  9.34  660.76  659.33  0.0 
 6  2  193.14  193.2  49.55  5.05  657.22  651.87  0.0 
 1  4  189.14  191.74  49.01  6.3  655.38  657.63  0.0 
 2  3  186.06  183.6  48.57  6.04  659.75  654.97  0.0 
 3  2  188.08  191.13  49.42  3.91  652.26  656.94  0.0 
 4  3  188.17  198.32  49.71  8.69  652.04  658.33  0.0 
 5  1  192.09  198.19  49.91  4.56  667.04  668.42  0.0 
 6  4  175.61  192.38  48.11  7.57  659.38  651.09  0.0 
 1  2  181.36  192.72  49.25  7.21  654.57  655.2  0.0 
 2  4  189.38  193.96  49.44  12.71  651.4  652.0  0.0 
 3  3  198.52  185.21  49.35  5.56  655.33  655.32  0.0 
 4  1  184.22  190.07  50.52  12.49  646.52  648.58  0.0 
 5  4  186.0  196.06  49.25  6.6  653.37  651.65  0.0 
 6  3  190.44  194.29  50.31  10.24  659.54  658.29  0.0 
 1  3  186.14  186.9  49.74  11.05  656.57  660.31  0.0 
 2  1  191.13  192.75  49.51  3.12  656.26  658.45  0.0 
 3  1  187.13  194.44  49.42  9.14  658.83  656.06  0.0 
 4  4  189.33  186.07  50.15  11.6  653.73  658.03  0.0 
 5  3  187.1  185.42  48.87  7.37  660.51  655.57  0.0 
 6  1  188.09  185.64  48.56  11.57  654.73  651.64  0.0 
 1  1  184.58  182.11  48.42  6.86  656.3  655.7  0.0 
 2  2  196.91  192.45  48.74  8.79  659.38  657.09  0.0 
 3  4  184.96  187.28  48.69  13.67  656.92  652.8  0.0 
 4  2  189.6  191.91  50.06  14.16  657.59  654.98  0.0 
 5  2  193.57  195.94  49.44  10.51  656.61  656.49  0.0586 
 6  2  191.2  188.32  49.45  10.4  655.56  655.08  0.2738 
 1  3  186.36  182.71  48.58  12.56  651.61  651.32  0.0 
 2  1  186.39  194.64  49.46  7.16  660.55  656.4  0.0 
 3  1  186.52  193.59  49.19  8.59  653.21  656.55  0.0 
 4  4  192.27  188.62  49.57  5.92  657.9  658.29  0.2462 
 5  3  186.66  182.55  49.4  278.45  655.52  659.67  0.0 
 6  1  185.53  183.46  47.98  7.86  652.1  647.65  0.0 
 1  1  186.71  181.68  48.3  4.97  654.83  659.61  0.0 
 2  2  184.52  185.06  48.59  3.08  655.83  658.6  0.0 
 3  4  202.58  192.05  48.84  5.54  658.29  657.65  0.0 
 4  2  189.29  193.25  49.84  7.38  656.03  662.83  0.0 
 5  2  190.18  187.84  49.2  7.06  660.27  655.67  0.1798 
 6  2  193.98  200.39  49.94  4.56  661.85  657.73  0.0 
 1  3  186.79  195.17  49.34  5.02  654.41  659.51  0.0 
 2  1  184.49  182.37  48.23  13.75  652.18  652.04  0.1099 
 3  1  189.01  186.16  48.5  7.55  656.86  658.15  0.0 
 4  4  180.5  188.06  48.81  10.37  652.94  657.89  0.0 
 5  3  186.96  193.19  49.18  7.01  659.85  655.4  0.0 
 6  1  186.95  194.26  48.73  7.13  653.92  649.99  0.0 
 1  1  186.03  195.5  49.64  7.23  657.78  657.06  0.0489 
 2  2  195.74  185.62  49.79  16.02  665.42  656.18  0.0 
 3  4  194.92  184.91  49.64  7.27  653.44  657.37  0.0 
 4  2  181.74  197.3  49.15  21.13  657.59  655.7  0.0 
 5  2  175.28  190.71  48.68  5.92  658.16  662.19  0.0 
 6  2  181.34  190.03  49.02  4.43  659.66  649.73  0.0 
 1  3  186.09  193.4  49.5  10.16  657.81  656.59  0.0708 
 2  1  187.08  183.99  48.5  10.94  658.48  653.15  0.0 
 3  1  187.21  181.96  48.93  10.0  655.48  656.36  0.1217 
 4  4  176.4  190.36  48.82  6.33  656.09  656.72  0.0 
 5  3  186.66  193.37  49.04  6.4  656.37  657.52  0.0 
 6  1  187.67  192.37  48.84  4.53  655.54  650.19  0.0 
 1  3  186.6  183.03  48.91  9.1  659.82  656.48  0.0 
 2  1  190.12  196.4  49.26  11.09  655.74  654.13  0.0 
 3  1  183.88  194.61  49.61  5.05  660.42  657.63  0.0 
 4  4  190.33  187.8  49.57  8.4  659.48  655.75  0.0 
 5  3  195.46  188.16  48.17  9.74  657.39  659.96  0.0 
 6  1  187.32  182.38  48.21  8.46  656.36  654.28  0.0631 
 1  1  185.94  193.61  49.48  4.59  658.76  658.52  0.0 
 2  2  196.98  192.73  49.35  7.09  660.37  658.16  0.0 
 3  4  193.32  187.98  49.45  8.94  661.1  656.11  0.0 
 4  2  175.62  189.55  49.17  9.63  657.42  653.63  0.0 
 5  2  191.74  191.69  48.73  4.17  656.92  656.71  0.0 
 6  2  178.28  185.72  48.87  4.11  657.07  657.1  0.0 
