cube1cam1_11   0   0  194.11   473.71   49.71   6.73   661.18   667.26   0   661.83  666.08
cube1cam3_24   2   3  486.54   195.72   50.38   5.01   664.01   662.14   0   665.7  662.13
cube1cam2_32   1   1  479.68   193.01   48.64   7.89   656.28   654.78   0.24594   658.56  654.86
cube1cam1_41   0   0  191.76   463.5   50.0   10.15   661.01   666.54   0.23098   662.7  671.31
cube1cam3_54   2   3  466.3   190.6   54.34   42.27   663.0   663.16   0   663.84  663.19
cube1cam2_62   1   1  457.55   187.96   48.88   13.62   654.61   656.35   0   655.23  657.42
cube2cam1_11   0   0  190.66   469.65   50.22   6.0   663.66   668.93   0   664.54  669.9
cube2cam3_24   2   3  470.18   192.56   52.11   9.32   665.64   665.98   0.23365   665.88  667.86
cube2cam2_32   1   1  466.27   189.07   49.02   11.82   658.09   661.06   0   659.95  662.21
cube2cam1_41   0   0  188.72   474.67   49.44   7.12   666.02   665.22   0   667.4  664.43
cube2cam3_54   2   3  482.24   189.56   50.53   3.31   667.76   665.13   0   668.35  665.58
cube2cam2_62   1   1  475.74   191.45   48.55   8.11   659.2   658.42   0.10191   659.19  672.87
cube3cam1_11   0   0  189.39   467.41   49.68   4.96   662.23   667.3   0   662.97  665.18
cube3cam3_24   2   3  467.95   197.46   51.17   7.99   664.73   665.73   0   665.79  665.4
cube3cam2_32   1   1  463.09   188.32   48.65   6.77   656.76   658.22   0   657.75  658.38
cube3cam1_41   0   0  192.33   474.53   49.21   4.01   665.94   665.58   0   665.89  666.67
cube3cam3_54   2   3  481.9   191.7   50.12   7.87   668.48   663.34   0   669.62  663.81
cube3cam2_62   1   1  464.48   191.89   48.82   7.62   657.46   657.95   0   658.0  657.0
cube4cam1_11   0   0  185.32   477.18   49.35   7.39   663.61   666.63   0   665.32  667.79
cube4cam3_24   2   3  479.3   188.36   50.86   5.02   665.85   665.26   0   666.51  666.33
cube4cam2_32   1   1  477.19   186.49   48.33   18.16   657.45   660.07   0.14284   658.02  664.24
cube4cam1_41   0   0  190.3   467.31   49.84   12.15   666.26   663.26   0   666.0  664.02
cube4cam3_54   2   3  473.49   189.82   51.75   5.75   667.98   666.04   0   669.21  666.46
cube4cam2_62   1   1  465.46   188.35   48.97   6.8   657.97   657.09   0.02882   658.91  669.93
cube5cam1_11   0   0  189.83   473.92   49.37   3.06   665.65   663.24   0   666.11  661.16
cube5cam3_24   2   3  483.16   189.18   50.35   9.01   667.51   665.37   0   671.01  666.29
cube5cam2_32   1   1  454.88   195.41   48.87   7.72   657.33   656.18   0   657.55  655.33
cube5cam1_41   0   0  189.1   468.28   50.65   10.39   661.79   665.99   0   662.19  668.26
cube5cam3_54   2   3  467.16   199.55   51.9   12.17   665.07   664.89   0.32926   665.97  665.18
cube5cam2_62   1   1  464.54   189.14   48.88   9.59   657.98   659.96   0   658.09  660.01
cube6cam1_11   0   0  193.25   465.32   49.98   9.08   662.84   663.83   0.34162   664.23  668.66
cube6cam3_24   2   3  467.5   189.37   51.19   8.84   663.16   666.59   0.29367   664.36  668.28
cube6cam2_32   1   1  465.52   187.63   50.33   349.69   658.02   656.01   0.19456   659.03  668.01
cube6cam1_41   0   0  192.18   465.42   49.63   7.31   663.8   666.22   0.37177   663.1  668.05
cube6cam3_54   2   3  479.53   191.88   50.03   6.01   663.72   669.05   0   664.35  670.69
cube6cam2_62   1   1  476.76   187.88   48.32   8.52   660.76   655.62   0.02358   661.51  663.48
cube7cam1_11   0   0  193.74   470.64   49.71   5.11   661.73   665.82   0   661.93  663.93
cube7cam3_24   2   3  478.41   198.9   51.38   6.65   665.15   661.6   0.289   668.44  664.91
cube7cam2_32   1   1  470.37   192.32   49.21   9.38   653.98   656.21   0   655.04  655.32
cube7cam1_41   0   0  191.47   462.14   50.62   6.25   661.55   666.34   0   662.8  665.38
cube7cam3_54   2   3  470.8   191.39   52.78   12.59   664.29   660.85   0   665.47  661.04
cube7cam2_62   1   1  460.27   190.1   49.36   7.83   655.91   655.82   0.06238   665.01  656.36
cube8cam1_11   0   0  190.85   465.98   49.5   3.03   667.82   668.11   0   667.98  666.16
cube8cam3_24   2   3  471.06   189.05   51.4   6.42   665.55   662.12   0   668.28  663.4
cube8cam2_32   1   1  462.54   189.6   48.8   7.71   657.74   657.74   0   658.87  656.54
cube8cam1_41   0   0  188.34   478.08   48.88   9.59   660.96   668.48   0   661.6  667.07
cube8cam3_54   2   3  482.45   191.07   50.0   8.51   667.0   665.06   0   669.2  664.28
cube8cam2_62   1   1  472.61   188.43   48.49   8.29   654.41   660.71   0   654.97  660.68
cube9cam1_11   0   0  196.25   463.22   50.05   10.11   662.81   664.05   0.34134   663.09  667.56
cube9cam3_24   2   3  468.63   189.57   51.71   5.31   663.33   665.6   0.17369   664.43  667.86
cube9cam2_32   1   1  463.04   186.5   49.93   257.9   657.31   655.51   0.32676   658.54  656.59
cube9cam1_41   0   0  194.5   465.5   49.03   8.78   664.85   666.79   0.11117   673.64  668.17
cube9cam3_54   2   3  481.95   189.7   50.39   11.46   662.71   664.98   0.13435   662.99  669.46
cube9cam2_62   1   1  473.69   187.35   47.8   29.31   657.93   656.35   0   670.99  657.35
cube10cam1_11   0   0  188.41   466.45   50.03   7.88   665.89   664.31   0   667.26  665.79
cube10cam3_24   2   3  473.56   188.48   51.39   2.2   668.22   664.85   0   669.05  665.35
cube10cam2_32   1   1  464.3   194.15   49.21   7.53   660.19   660.35   0.38822   661.05  693.6
cube10cam1_41   0   0  189.46   478.15   48.82   11.01   662.84   670.32   0   665.19  671.96
cube10cam3_54   2   3  469.69   193.76   50.45   4.0   666.79   664.46   0.0268   669.85  668.37
cube10cam2_62   1   1  478.73   189.01   48.73   8.78   659.82   661.77   0.26063   661.15  673.75
cube11cam1_11   0   0  189.38   468.57   49.83   5.61   663.07   668.03   0.0338   666.92  669.3
cube11cam3_24   2   3  466.68   196.89   51.63   5.45   663.36   663.84   0.07218   664.16  673.4
cube11cam2_32   1   1  463.61   188.51   48.95   6.77   658.78   658.72   0.19605   662.77  659.14
cube11cam1_41   0   0  186.77   476.12   49.21   18.48   663.69   664.42   0   664.44  663.43
cube11cam3_54   2   3  479.33   190.8   50.36   9.01   666.03   663.35   0   667.67  664.86
cube11cam2_62   1   1  461.07   192.19   48.58   8.69   656.68   656.24   0.39635   661.81  656.26
cube12cam1_11   0   0  191.78   477.02   49.34   2.99   667.07   664.86   0.23559   668.27  676.76
cube12cam3_24   2   3  479.43   189.98   50.1   14.17   665.89   662.72   0   670.22  663.34
cube12cam2_32   1   1  472.06   189.75   48.26   19.66   657.25   657.74   0.23359   667.88  658.4
cube12cam1_41   0   0  188.76   466.79   49.83   6.86   662.52   667.07   0   662.9  666.05
cube12cam3_54   2   3  466.52   192.64   51.55   5.29   664.81   665.78   0   665.43  665.86
cube12cam2_62   1   1  464.42   188.67   48.73   11.86   657.91   659.93   0.19433   665.45  664.98
cube13cam1_11   0   0  189.13   476.31   49.29   5.34   666.0   666.49   0   667.01  664.99
cube13cam3_24   2   3  481.94   187.38   50.31   6.3   667.04   662.17   0.20608   667.89  665.45
cube13cam2_32   1   1  462.75   191.35   48.61   11.16   657.5   656.01   0.04212   661.99  657.04
cube13cam1_41   0   0  188.99   467.5   50.26   9.53   660.82   665.49   0   661.79  664.7
cube13cam3_54   2   3  466.19   197.6   50.86   6.27   663.12   666.0   0   663.11  665.2
cube13cam2_62   1   1  465.8   188.4   48.69   5.85   658.33   658.28   0.19024   665.03  659.31
cube14cam1_11   0   0  190.22   466.41   50.38   3.01   663.08   667.3   0   662.9  665.48
cube14cam3_24   2   3  467.02   193.38   51.32   9.03   662.92   665.88   0   665.26  667.9
cube14cam2_32   1   1  464.09   190.18   49.35   7.09   658.7   656.29   0   658.17  656.45
cube14cam1_41   0   0  190.09   474.89   49.39   10.15   662.17   663.33   0.20271   672.82  666.63
cube14cam3_54   2   3  475.61   192.12   49.89   6.32   664.15   666.76   0.31091   670.18  667.17
cube14cam2_62   1   1  473.5   190.44   48.75   6.41   658.0   657.0   0.0314   663.0  656.0
cube15cam1_11   0   0  190.01   477.86   49.37   5.52   665.03   669.0   0.16236   675.87  667.18
cube15cam3_24   2   3  482.62   189.48   50.39   5.79   668.15   664.03   0.2195   678.32  665.63
cube15cam2_32   1   1  458.66   195.1   48.89   9.37   658.09   657.82   0.25525   673.42  668.25
cube15cam1_41   0   0  189.37   471.19   49.83   11.02   664.63   668.98   0.36756   666.74  677.21
cube15cam3_54   2   3  468.17   200.47   51.73   7.91   666.42   663.9   0.28375   665.91  666.23
cube15cam2_62   1   1  463.07   190.19   49.02   5.5   657.19   662.79   0.28019   658.28  666.75
cube16cam1_11   0   0  188.93   476.15   49.05   5.2   666.11   662.34   0.33445   667.89  671.17
cube16cam3_24   2   3  483.84   188.52   51.04   5.4   668.39   664.01   0   669.33  664.15
cube16cam2_32   1   1  473.18   189.89   48.51   9.12   658.0   657.7   0.31785   658.61  660.08
cube16cam1_41   0   0  188.58   469.56   50.0   8.75   662.58   668.31   0.21616   663.47  678.83
cube16cam3_54   2   3  472.17   191.91   51.36   6.02   667.13   665.77   0   668.95  667.53
cube16cam2_62   1   1  463.84   188.18   48.92   10.71   656.05   661.01   0.28741   658.07  672.43
cube17cam1_11   0   0  194.17   467.32   49.5   7.86   665.23   669.25   0.0102   668.3  665.04
cube17cam3_24   2   3  482.14   191.53   50.27   13.61   664.96   670.0   0   666.13  669.66
cube17cam2_32   1   1  477.35   189.36   48.98   8.96   663.06   657.69   0.38552   664.28  660.65
cube17cam1_41   0   0  194.47   465.17   50.16   10.57   663.77   666.57   0.30812   666.33  675.36
cube17cam3_54   2   3  469.44   189.3   51.67   8.38   665.66   667.4   0   667.82  667.59
cube17cam2_62   1   1  467.27   187.6   48.95   8.56   660.19   657.31   0   660.91  657.94
cube18cam1_11   0   0  189.11   462.12   50.23   12.24   663.76   663.12   0   663.92  662.26
cube18cam3_24   2   3  469.46   190.01   52.1   7.3   665.75   662.34   0   665.99  661.49
cube18cam2_32   1   1  462.2   192.08   49.56   6.15   654.79   656.32   0   655.34  655.88
cube18cam1_41   0   0  192.5   475.37   49.51   12.33   660.99   664.53   0   660.19  668.2
cube18cam3_54   2   3  466.81   196.74   51.3   6.43   663.96   663.22   0   666.95  663.42
cube18cam2_62   1   1  475.7   195.05   48.74   21.99   654.44   657.14   0.38122   656.7  657.1
cube19cam1_11   0   0  191.54   466.25   49.28   24.2   663.95   664.95   0.39392   665.79  670.01
cube19cam3_24   2   3  473.86   194.15   51.32   5.29   663.35   666.91   0.08435   665.85  666.63
cube19cam2_32   1   1  476.77   192.3   48.89   6.21   662.0   655.91   0.21848   662.91  665.23
cube19cam1_41   0   0  194.45   466.42   50.13   14.59   664.04   668.24   0   666.04  668.27
cube19cam3_54   2   3  466.63   188.53   51.72   9.29   662.75   665.06   0   664.01  665.57
cube19cam2_62   1   1  464.12   189.85   50.45   236.46   659.85   658.87   0.20813   662.24  660.75
cube20cam1_11   0   0  186.96   469.12   50.16   4.32   663.58   667.19   0   664.59  667.25
cube20cam3_24   2   3  469.98   189.66   51.09   8.49   666.62   667.21   0.07741   668.37  669.29
cube20cam2_32   1   1  464.55   187.26   49.3   11.18   657.99   660.25   0   658.89  662.31
cube20cam1_41   0   0  187.58   477.4   49.25   9.31   665.96   667.2   0   666.85  665.99
cube20cam3_54   2   3  478.56   186.67   51.06   7.05   663.23   662.31   0.32245   664.99  664.7
cube20cam2_62   1   1  476.6   186.23   48.56   7.76   659.0   655.91   0.01189   660.06  659.17
cube21cam1_11   0   0  194.53   468.81   49.71   15.73   658.42   663.57   0.24263   659.69  664.73
cube21cam3_24   2   3  476.66   192.68   50.75   7.07   664.31   663.24   0   665.11  661.9
cube21cam2_32   1   1  465.78   197.58   45.96   133.95   654.18   656.02   0.24385   655.31  656.38
cube21cam1_41   0   0  190.94   463.53   52.01   4.23   661.59   660.6   0.30603   664.3  662.97
cube21cam3_54   2   3  469.95   188.83   55.07   30.79   662.77   660.95   0.32178   664.58  662.73
cube21cam2_62   1   1  462.42   189.34   49.48   9.06   655.6   655.88   0   655.11  657.01
cube22cam1_11   0   0  190.03   464.68   50.22   10.43   662.68   663.75   0.26375   664.57  663.84
cube22cam3_24   2   3  469.52   191.63   51.88   7.49   662.21   664.95   0   664.32  664.86
cube22cam2_32   1   1  463.24   187.59   49.45   13.13   657.13   655.3   0.26177   660.07  654.6
cube22cam1_41   0   0  193.19   473.94   49.51   6.2   662.96   665.21   0   664.56  665.22
cube22cam3_54   2   3  476.6   193.91   51.34   21.52   661.97   664.14   0   663.77  664.11
cube22cam2_62   1   1  472.96   189.26   47.96   14.28   659.24   655.42   0   659.1  655.09
cube23cam1_11   0   0  187.18   463.91   49.98   6.33   666.58   665.07   0.29031   681.38  673.18
cube23cam3_24   2   3  470.93   189.5   51.14   6.89   664.84   664.96   0.23928   666.66  665.54
cube23cam2_32   1   1  462.89   189.64   49.03   12.33   658.24   657.55   0   656.97  659.64
cube23cam1_41   0   0  190.32   478.93   49.26   7.53   663.1   668.24   0   664.62  667.22
cube23cam3_54   2   3  468.15   193.98   50.7   8.28   667.04   666.59   0   668.05  666.21
cube23cam2_62   1   1  475.06   186.13   48.89   13.06   657.77   660.6   0   658.07  668.24
cube24cam1_11   0   0  182.44   465.57   51.21   6.98   663.29   662.87   0.2694   676.29  663.05
cube24cam3_24   2   3  474.11   191.05   52.12   13.16   668.81   668.9   0.39789   673.43  675.53
cube24cam2_32   1   1  465.15   184.96   49.29   7.73   659.89   657.96   0.23948   662.82  659.96
cube24cam1_41   0   0  189.04   482.37   49.27   12.15   664.61   667.6   0.26369   665.77  672.94
cube24cam3_54   2   3  485.5   189.45   50.9   7.65   664.03   664.62   0   673.65  665.97
cube24cam2_62   1   1  481.88   183.71   49.04   172.71   659.52   658.36   0.14125   661.83  662.14
cube25cam1_11   0   0  189.91   461.17   52.49   15.13   662.74   661.0   0   664.27  663.32
cube25cam3_24   2   3  470.88   189.36   53.24   11.0   665.68   661.78   0   666.84  662.2
cube25cam2_32   1   1  463.09   188.15   48.73   9.28   656.9   657.06   0   656.61  658.24
cube25cam1_41   0   0  192.13   475.97   50.44   11.18   660.77   664.83   0   663.1  666.11
cube25cam3_54   2   3  478.61   192.49   50.85   15.93   665.01   662.2   0   666.98  662.75
cube25cam2_62   1   1  471.88   188.74   49.14   68.26   654.99   657.24   0.27173   656.05  657.36
cube26cam1_11   0   0  193.13   479.69   49.54   19.59   666.68   667.21   0.33608   666.96  670.59
cube26cam3_24   2   3  486.41   190.02   50.91   38.41   664.16   669.64   0.10945   666.17  678.26
cube26cam2_32   1   1  477.47   188.32   48.69   10.41   663.71   656.65   0.20734   664.34  659.83
cube26cam1_41   0   0  189.71   467.42   51.12   8.05   663.15   668.11   0   664.22  669.57
cube26cam3_54   2   3  468.2   190.28   52.34   11.31   665.86   671.08   0.37077   672.27  679.54
cube26cam2_62   1   1  468.13   186.47   48.72   7.01   663.11   657.95   0.19277   665.28  666.84
cube27cam1_11   0   0  195.09   465.37   49.83   6.73   662.88   666.22   0   663.94  668.38
cube27cam3_24   2   3  468.88   190.32   51.96   12.5   663.04   666.14   0   665.91  667.24
cube27cam2_32   1   1  465.73   188.19   49.13   4.2   659.0   656.02   0.02221   660.0  659.99
cube27cam1_41   0   0  192.85   467.34   49.43   8.13   662.55   664.85   0.12328   665.43  684.95
cube27cam3_54   2   3  478.18   189.41   50.39   6.41   664.82   670.96   0.05042   667.44  676.06
cube27cam2_62   1   1  477.14   187.21   48.65   7.28   659.96   656.86   0.04062   661.0  668.5
cube28cam1_11   0   0  194.21   467.41   50.48   9.06   663.44   663.66   0   665.3  665.69
cube28cam3_24   2   3  476.38   195.25   51.45   8.19   663.94   669.54   0.33345   666.03  673.98
cube28cam2_32   1   1  477.52   189.05   48.29   16.64   661.48   656.67   0.26578   664.14  657.03
cube28cam1_41   0   0  194.42   466.72   50.58   8.51   664.68   667.0   0   666.63  665.49
cube28cam3_54   2   3  470.6   192.4   51.69   4.32   664.83   669.38   0   666.22  670.5
cube28cam2_62   1   1  467.69   190.06   48.84   25.3   661.88   657.12   0   660.99  657.18
cube29cam1_11   0   0  188.26   471.85   49.77   5.89   663.51   670.11   0   664.94  670.55
cube29cam3_24   2   3  470.52   191.15   51.32   9.12   666.07   665.5   0.34712   667.61  668.2
cube29cam2_32   1   1  464.9   188.3   48.87   21.87   657.98   661.28   0   658.34  671.85
cube29cam1_41   0   0  183.9   477.11   49.26   10.31   666.43   666.48   0.13244   668.25  677.7
cube29cam3_54   2   3  486.52   189.7   50.45   4.68   671.69   666.2   0.385   673.41  667.96
cube29cam2_62   1   1  476.43   186.24   48.26   5.77   659.0   658.84   0.30075   662.38  666.94
cube30cam1_11   0   0  195.0   463.09   49.56   5.65   661.99   663.86   0   663.29  663.79
cube30cam3_24   2   3  478.82   191.51   50.56   14.43   663.4   667.13   0   665.35  667.17
cube30cam2_32   1   1  475.98   186.37   48.57   10.59   659.22   656.09   0.04633   659.32  666.72
cube30cam1_41   0   0  197.02   463.5   50.35   12.89   661.48   663.53   0.33523   663.04  672.3
cube30cam3_54   2   3  467.76   190.55   51.22   6.4   662.24   665.05   0.09866   662.27  667.17
cube30cam2_62   1   1  465.67   187.85   48.89   8.59   658.98   656.0   0   659.06  655.06
cube31cam1_11   0   0  187.85   468.73   50.47   9.69   660.15   667.69   0   666.36  666.25
cube31cam3_24   2   3  470.25   193.31   53.05   15.95   664.0   662.5   0   664.0  663.0
cube31cam2_32   1   1  470.85   200.06   48.72   12.93   654.04   658.39   0   654.32  657.49
cube31cam1_41   0   0  196.42   474.72   49.56   8.94   663.87   662.7   0.25182   668.43  660.72
cube31cam3_54   2   3  469.76   191.67   52.32   25.31   665.6   662.26   0.33871   667.86  662.04
cube31cam2_62   1   1  465.82   194.32   48.81   6.59   654.31   655.73   0   654.35  655.36
cube32cam1_11   0   0  187.94   469.07   50.45   4.36   661.75   667.8   0   663.29  669.02
cube32cam3_24   2   3  470.59   191.81   51.81   9.86   667.19   665.37   0   667.37  666.87
cube32cam2_32   1   1  465.45   189.05   49.09   5.59   657.88   662.04   0   659.78  661.28
cube32cam1_41   0   0  190.74   477.71   49.1   7.01   668.69   666.82   0   669.11  665.96
cube32cam3_54   2   3  483.26   189.44   49.89   9.67   668.92   664.78   0   670.36  663.93
cube32cam2_62   1   1  474.06   189.69   49.17   152.01   658.74   657.16   0.07767   662.57  660.04
cube33cam1_11   0   0  191.94   475.05   49.44   3.15   663.09   667.69   0.17484   666.55  667.13
cube33cam3_24   2   3  477.41   191.62   49.94   10.87   664.15   668.7   0   665.26  668.14
cube33cam2_32   1   1  476.15   187.12   48.04   16.2   660.0   654.94   0.05085   658.28  658.99
cube33cam1_41   0   0  191.97   466.21   49.77   6.31   664.21   667.11   0.32259   664.94  669.06
cube33cam3_54   2   3  468.82   191.82   50.99   7.27   663.44   667.83   0.06433   665.02  668.97
cube33cam2_62   1   1  466.53   189.34   48.68   6.77   660.0   656.04   0.13749   669.05  659.98
cube34cam1_11   0   0  187.18   465.22   50.6   4.24   661.35   669.64   0   662.25  669.33
cube34cam3_24   2   3  468.6   189.38   52.44   19.33   663.11   663.56   0.36055   667.94  666.0
cube34cam2_32   1   1  460.57   186.27   48.64   101.47   655.66   658.51   0.35689   656.96  660.79
cube34cam1_41   0   0  193.08   473.56   50.03   8.75   666.0   662.38   0   667.47  662.04
cube34cam3_54   2   3  485.06   191.49   51.37   19.54   667.98   662.05   0   668.98  663.04
cube34cam2_62   1   1  473.6   192.31   48.92   7.74   656.01   657.1   0.0857   658.94  657.16
cube35cam1_11   0   0  187.22   481.88   49.39   11.27   665.09   670.64   0   666.47  669.39
cube35cam3_24   2   3  474.44   192.41   50.52   7.83   666.79   665.61   0   669.72  665.07
cube35cam2_32   1   1  476.44   187.23   48.68   13.32   659.25   661.72   0.15307   660.3  662.72
cube35cam1_41   0   0  189.27   466.71   50.38   5.01   668.51   663.13   0.36225   669.34  662.9
cube35cam3_54   2   3  473.79   189.28   51.49   11.9   668.37   663.78   0.29443   670.45  665.07
cube35cam2_62   1   1  463.74   191.23   48.74   9.4   658.52   658.97   0.34859   660.29  658.92
cube36cam1_11   0   0  195.81   464.58   50.46   25.14   660.39   666.89   0   660.48  666.02
cube36cam3_24   2   3  465.47   188.75   52.35   7.57   661.23   662.89   0.33753   661.81  663.75
cube36cam2_32   1   1  463.25   186.96   48.94   33.83   656.53   654.84   0.30874   658.61  655.08
cube36cam1_41   0   0  194.58   462.57   49.39   10.0   660.51   664.62   0   661.73  662.36
cube36cam3_54   2   3  478.08   193.88   51.07   5.53   660.56   663.64   0   663.01  664.17
cube36cam2_62   1   1  475.39   195.33   48.84   5.75   656.54   655.35   0.3376   658.01  654.48
cube37cam1_11   0   0  193.28   472.56   49.21   7.68   662.73   665.1   0   665.13  664.03
cube37cam3_24   2   3  480.19   190.68   51.23   6.82   664.95   660.12   0.25085   664.92  664.04
cube37cam2_32   1   1  469.88   193.63   48.63   11.5   655.53   655.22   0   654.17  655.25
cube37cam1_41   0   0  189.26   466.13   50.48   4.82   660.13   666.59   0   661.85  667.47
cube37cam3_54   2   3  468.09   191.53   55.56   24.6   663.17   662.99   0   664.22  663.24
cube37cam2_62   1   1  464.43   186.55   49.07   9.24   653.16   655.47   0.31011   657.85  657.48
cube38cam1_11   0   0  188.27   465.39   50.04   9.37   665.94   664.16   0.27644   666.12  670.12
cube38cam3_24   2   3  472.61   189.65   51.69   13.88   668.24   664.34   0   669.21  664.97
cube38cam2_32   1   1  465.17   194.03   49.41   8.35   658.96   659.25   0.24294   661.95  658.61
cube38cam1_41   0   0  187.0   481.13   49.65   7.09   663.48   668.45   0   668.46  669.32
cube38cam3_54   2   3  472.13   192.68   51.14   15.5   668.6   665.72   0   670.85  666.25
cube38cam2_62   1   1  472.48   192.25   48.6   7.83   658.16   661.82   0.37053   660.32  666.09
cube39cam1_11   0   0  188.54   478.09   50.24   7.03   666.97   664.29   0   668.19  665.17
cube39cam3_24   2   3  485.26   189.23   50.62   12.98   671.32   665.17   0   670.91  665.38
cube39cam2_32   1   1  467.03   192.86   48.21   5.95   661.16   662.03   0.20094   662.21  661.12
cube39cam1_41   0   0  187.99   470.32   49.71   5.36   665.98   668.09   0.39629   665.03  672.12
cube39cam3_54   2   3  467.61   193.77   51.31   9.73   664.09   665.16   0   665.99  665.95
cube39cam2_62   1   1  463.97   189.45   49.11   4.72   657.97   663.0   0.14227   662.41  665.33
cube40cam1_11   0   0  188.95   468.13   50.45   7.19   662.86   667.93   0   666.74  668.4
cube40cam3_24   2   3  467.13   193.43   53.19   23.33   663.33   664.33   0   665.32  665.13
cube40cam2_32   1   1  461.17   187.79   49.33   9.17   655.97   658.67   0.33502   660.04  660.43
cube40cam1_41   0   0  193.44   473.2   49.65   10.97   665.94   665.06   0   666.99  666.08
cube40cam3_54   2   3  487.78   192.44   50.8   8.12   665.93   664.48   0.35722   666.54  667.59
cube40cam2_62   1   1  471.96   187.73   48.81   17.39   658.86   656.89   0.31969   663.63  657.31
cube41cam1_11   0   0  194.13   462.36   48.57   19.8   660.81   664.64   0   662.26  664.35
cube41cam3_24   2   3  466.69   191.33   51.83   12.1   662.13   664.17   0   661.44  664.3
cube41cam2_32   1   1  463.8   188.18   49.36   6.08   657.36   655.58   0   657.52  657.45
cube41cam1_41   0   0  202.53   471.02   49.65   6.59   661.97   663.83   0   662.56  662.88
cube41cam3_54   2   3  473.68   189.74   51.58   6.38   662.32   665.83   0   664.03  667.04
cube41cam2_62   1   1  476.13   195.92   47.97   43.82   657.97   655.32   0.24998   661.65  655.37
cube42cam1_11   0   0  189.79   468.36   49.92   6.67   665.48   666.06   0.17296   671.99  683.06
cube42cam3_24   2   3  469.46   191.37   51.31   6.73   663.09   667.0   0.25903   664.02  668.92
cube42cam2_32   1   1  467.19   189.1   48.95   6.31   661.65   657.12   0.06732   662.9  659.32
cube42cam1_41   0   0  186.56   475.08   49.12   4.5   663.34   665.01   0   664.1  665.57
cube42cam3_54   2   3  479.26   187.68   50.78   7.05   665.01   669.0   0   666.01  668.0
cube42cam2_62   1   1  477.52   184.47   48.32   17.86   662.99   658.03   0.23879   665.02  657.01
cube43cam1_11   0   0  189.15   475.35   49.15   8.66   664.32   665.97   0   666.26  667.9
cube43cam3_24   2   3  480.57   192.49   50.45   4.36   665.04   668.98   0.10481   666.96  678.98
cube43cam2_32   1   1  477.19   190.62   48.55   11.36   660.24   658.94   0.20991   676.11  659.1
cube43cam1_41   0   0  191.56   466.17   50.31   8.19   664.84   663.82   0   665.63  664.85
cube43cam3_54   2   3  467.51   190.62   51.66   8.75   662.27   667.78   0.03568   664.41  674.7
cube43cam2_62   1   1  466.42   187.96   49.26   14.91   661.45   657.0   0.11321   668.9  656.09
cube44cam1_11   0   0  190.38   485.44   49.3   8.04   661.78   669.22   0.0538   665.94  670.5
cube44cam3_24   2   3  465.54   198.79   50.44   6.04   665.12   665.86   0   668.28  666.9
cube44cam2_32   1   1  470.46   187.26   48.76   8.28   656.05   659.75   0   656.67  659.97
cube44cam1_41   0   0  186.01   463.25   50.24   9.93   665.56   665.47   0   668.3  663.63
cube44cam3_54   2   3  471.75   192.37   50.74   4.49   667.86   663.98   0.06242   670.47  666.03
cube44cam2_62   1   1  459.42   195.19   48.68   5.58   656.45   657.27   0.21427   657.84  657.44
cube45cam1_11   0   0  188.45   465.81   50.36   5.83   666.37   665.61   0   667.74  664.88
cube45cam3_24   2   3  472.19   190.73   51.71   5.81   667.73   664.98   0   668.49  666.88
cube45cam2_32   1   1  463.74   192.14   49.1   7.01   660.02   659.09   0.22748   668.93  660.0
cube45cam1_41   0   0  189.11   478.76   49.15   6.39   663.82   670.83   0   666.14  670.55
cube45cam3_54   2   3  469.72   191.44   50.24   8.2   667.07   666.16   0.1257   672.02  667.68
cube45cam2_62   1   1  475.62   189.13   48.51   10.16   658.98   662.05   0.23613   660.97  665.67
cube46cam1_11   0   0  190.81   471.96   49.86   9.56   662.32   663.42   0   663.52  663.92
cube46cam3_24   2   3  480.55   188.91   50.95   11.67   663.18   664.02   0.32089   663.32  668.27
cube46cam2_32   1   1  472.95   195.32   48.54   11.88   656.62   654.53   0.11414   659.13  655.07
cube46cam1_41   0   0  190.36   466.47   51.22   3.61   660.99   661.85   0.29157   662.38  667.57
cube46cam3_54   2   3  465.74   189.38   52.27   12.51   661.44   665.08   0   663.63  665.27
cube46cam2_62   1   1  468.55   186.31   49.04   29.78   657.69   654.94   0   659.85  654.44
cube47cam1_11   0   0  186.51   482.97   49.3   7.3   660.58   667.24   0   662.04  668.4
cube47cam3_24   2   3  479.29   196.52   50.76   9.11   663.9   661.83   0.36907   665.22  662.75
cube47cam2_32   1   1  478.05   193.4   49.04   4.75   655.71   658.95   0.02188   656.57  670.45
cube47cam1_41   0   0  189.47   461.15   49.86   24.13   663.6   661.97   0.36756   665.15  664.5
cube47cam3_54   2   3  469.33   191.35   53.31   55.67   667.89   661.89   0   668.89  663.06
cube47cam2_62   1   1  459.73   190.24   48.29   13.45   654.0   656.0   0.01117   656.0  659.01
cube49cam1_11   0   0  189.05   475.3   49.71   6.73   662.06   666.96   0   663.05  668.07
cube49cam3_24   2   3  474.16   187.32   51.23   10.16   661.52   666.45   0   669.11  668.17
cube49cam2_32   1   1  475.84   189.08   48.83   16.17   661.12   656.99   0.18673   662.2  664.41
cube49cam1_41   0   0  190.23   465.97   49.96   7.56   663.75   668.12   0   665.36  667.19
cube49cam3_54   2   3  469.11   188.55   52.37   16.36   663.71   665.73   0.08554   667.65  666.94
cube49cam2_62   1   1  465.83   191.27   48.99   9.83   660.15   656.26   0   661.55  655.57
cube50cam1_11   0   0  190.32   470.92   50.58   6.8   662.64   667.75   0   663.02  667.09
cube50cam3_24   2   3  469.66   192.09   51.57   4.74   665.04   667.51   0   665.42  666.43
cube50cam2_32   1   1  463.25   188.83   49.01   6.52   656.98   661.64   0   657.5  661.3
cube50cam1_41   0   0  187.34   473.21   49.88   4.56   665.93   662.19   0   665.25  662.0
cube50cam3_54   2   3  482.04   189.04   50.65   12.9   667.57   662.88   0   668.46  663.47
cube50cam2_62   1   1  473.54   186.0   48.9   22.11   659.56   656.12   0   660.18  655.67
cube51cam1_11   0   0  190.2   478.06   49.52   4.36   664.06   668.99   0.26771   664.08  677.04
cube51cam3_24   2   3  479.72   189.62   51.07   9.31   666.2   666.07   0.01923   668.34  666.74
cube51cam2_32   1   1  476.76   187.02   48.82   7.48   657.55   658.73   0.16417   662.99  694.42
cube51cam1_41   0   0  188.78   464.49   50.04   10.52   666.67   664.44   0.35832   668.05  663.17
cube51cam3_54   2   3  472.28   187.4   51.65   4.36   667.98   663.82   0.28828   671.86  666.63
cube51cam2_62   1   1  463.17   186.59   48.5   7.78   657.9   657.89   0.23902   665.97  659.25
cube52cam1_11   0   0  193.94   468.26   49.57   11.48   663.13   659.77   0   664.17  662.94
cube52cam3_24   2   3  478.68   193.72   50.38   12.81   664.83   660.27   0   665.5  659.04
cube52cam2_32   1   1  467.27   196.83   48.72   8.64   655.39   654.88   0.23617   655.82  655.12
cube52cam1_41   0   0  189.99   467.16   50.04   7.37   659.75   666.96   0   659.26  665.25
cube52cam3_54   2   3  467.96   192.28   52.55   10.41   662.8   662.7   0.39784   664.08  663.75
cube52cam2_62   1   1  461.82   188.38   49.23   4.52   653.14   655.2   0   654.0  654.65
cube53cam1_11   0   0  191.01   482.72   50.19   5.67   661.85   673.15   0   663.88  674.14
cube53cam3_24   2   3  480.47   191.55   51.94   11.53   664.26   663.77   0   664.84  664.5
cube53cam2_32   1   1  476.62   193.13   48.72   5.7   659.64   658.52   0.3376   662.71  662.18
cube53cam1_41   0   0  186.38   464.1   50.51   9.79   667.0   663.06   0   666.2  662.11
cube53cam3_54   2   3  469.74   188.47   52.01   8.73   667.42   664.11   0.26347   668.55  665.37
cube53cam2_62   1   1  465.66   191.05   49.31   15.38   659.62   657.77   0.19298   662.8  658.24
cube54cam1_11   0   0  191.1   468.27   50.33   8.2   663.24   667.82   0   665.06  666.24
cube54cam3_24   2   3  466.5   196.64   53.26   18.07   665.75   665.91   0.17835   667.9  669.91
cube54cam2_32   1   1  462.04   188.88   48.73   9.47   657.55   660.44   0.23958   660.19  663.53
cube54cam1_41   0   0  193.95   471.44   49.65   8.15   665.5   665.49   0   665.85  663.67
cube54cam3_54   2   3  483.48   193.69   50.68   6.98   666.83   665.92   0   668.75  666.72
cube54cam2_62   1   1  467.53   198.83   48.69   6.42   659.44   657.46   0   660.29  657.92
cube55cam1_11   0   0  190.53   465.46   51.19   4.55   662.18   663.01   0   663.26  663.91
cube55cam3_24   2   3  468.72   190.75   52.52   10.99   664.02   666.96   0   664.03  667.98
cube55cam2_32   1   1  464.47   186.61   48.56   34.4   659.82   657.03   0   659.97  658.35
cube55cam1_41   0   0  189.64   473.15   49.53   7.94   663.4   664.02   0   663.96  662.41
cube55cam3_54   2   3  479.35   194.1   51.32   9.7   663.43   665.78   0   665.99  665.87
cube55cam2_62   1   1  468.45   194.28   46.49   142.83   660.0   655.83   0.24352   662.14  656.01
cube56cam1_11   0   0  193.1   475.68   49.56   9.4   659.89   666.44   0   661.66  668.12
cube56cam3_24   2   3  473.98   195.44   51.08   12.8   663.31   662.61   0.14241   664.23  664.44
cube56cam2_32   1   1  466.1   192.78   47.4   59.25   655.67   657.9   0   655.85  659.71
cube56cam1_41   0   0  190.31   461.21   50.54   8.23   661.9   663.47   0   662.9  662.46
cube56cam3_54   2   3  467.3   193.76   51.9   8.52   664.49   663.28   0   664.97  664.91
cube56cam2_62   1   1  460.76   189.77   48.62   8.96   655.64   656.18   0   655.57  658.03
cube57cam1_11   0   0  189.2   468.82   49.74   10.46   664.32   667.63   0   665.25  668.26
cube57cam3_24   2   3  471.39   196.01   52.54   13.66   668.01   665.01   0   668.04  665.05
cube57cam2_32   1   1  465.61   188.3   49.2   8.36   657.22   660.2   0.33472   658.26  660.28
cube57cam1_41   0   0  190.04   476.41   49.52   11.28   665.77   665.13   0.35185   668.17  665.32
cube57cam3_54   2   3  482.28   190.36   50.49   14.75   669.27   664.07   0.37422   669.22  666.0
cube57cam2_62   1   1  461.2   190.6   45.33   167.74   660.18   658.45   0   660.6  659.21
cube58cam1_11   0   0  191.94   474.91   49.82   5.54   664.36   665.83   0   665.53  665.67
cube58cam3_24   2   3  478.7   189.62   51.03   11.31   662.98   666.05   0.20837   665.21  670.61
cube58cam2_32   1   1  474.48   191.26   48.6   8.93   660.01   658.08   0.25288   660.01  657.19
cube58cam1_41   0   0  188.5   465.07   50.78   17.37   662.26   663.96   0   662.35  663.14
cube58cam3_54   2   3  468.75   190.65   52.73   31.82   661.31   667.49   0.32324   663.2  673.38
cube58cam2_62   1   1  467.45   186.15   49.0   8.53   660.18   656.56   0.13681   672.14  656.73
cube59cam1_11   0   0  189.04   482.75   49.38   2.99   661.64   670.52   0   663.28  673.71
cube59cam3_24   2   3  462.4   195.29   50.61   15.24   665.21   664.97   0   666.2  664.86
cube59cam2_32   1   1  474.55   188.25   48.28   9.57   658.13   661.94   0.14138   660.06  661.03
cube59cam1_41   0   0  190.39   465.22   49.78   5.24   669.12   666.27   0   670.66  664.5
cube59cam3_54   2   3  472.7   190.49   51.76   4.17   668.99   664.0   0   669.61  665.08
cube59cam2_62   1   1  464.23   198.86   48.77   8.08   659.81   658.85   0.39168   661.08  658.98
cube60cam1_11   0   0  192.13   476.26   49.83   8.27   663.04   669.69   0   664.06  668.09
cube60cam3_24   2   3  495.71   187.53   50.99   9.14   664.03   660.82   0   665.46  660.83
cube60cam2_32   1   1  473.22   192.57   48.94   9.46   655.78   654.77   0.06118   657.41  657.12
cube60cam1_41   0   0  182.38   469.09   52.53   10.69   659.66   663.75   0.02924   663.12  664.66
cube60cam3_54   2   3  472.39   186.01   55.44   33.41   663.35   663.39   0   664.34  663.1
cube60cam2_62   1   1  460.88   175.54   45.6   111.74   654.55   657.43   0.34682   656.87  657.5
cube61cam1_11   0   0  185.5   482.1   49.74   10.28   660.93   669.91   0.10394   662.15  671.89
cube61cam3_24   2   3  484.63   184.55   50.14   23.8   663.58   664.08   0   664.47  665.98
cube61cam2_32   1   1  483.12   176.44   47.75   20.25   660.87   656.18   0   661.73  664.84
cube61cam1_41   0   0  184.65   465.51   49.75   4.97   664.13   664.54   0   665.22  665.87
cube61cam3_54   2   3  469.52   189.72   52.01   11.03   663.05   662.85   0.36289   665.44  666.84
cube61cam2_62   1   1  466.28   186.92   49.04   10.82   659.18   656.85   0   660.16  657.25
cube62cam1_11   0   0  184.41   480.58   49.25   14.47   664.99   669.95   0   665.96  668.69
cube62cam3_24   2   3  483.61   189.32   50.45   9.0   666.07   666.25   0.22072   666.94  668.63
cube62cam2_32   1   1  475.63   186.14   48.44   5.95   658.85   659.83   0.33184   661.55  668.42
cube62cam1_41   0   0  187.83   469.01   50.65   7.14   666.97   667.33   0   667.83  667.47
cube62cam3_54   2   3  475.58   189.88   52.38   20.28   669.12   665.0   0   671.09  665.42
cube62cam2_62   1   1  467.63   188.49   48.94   8.03   660.12   660.87   0   659.22  659.91
cube63cam1_11   0   0  188.46   467.21   50.19   17.21   661.2   668.0   0   663.25  666.25
cube63cam3_24   2   3  467.58   192.95   51.85   7.03   664.06   662.43   0.21732   667.78  666.06
cube63cam2_32   1   1  464.25   190.12   49.3   16.55   659.0   659.48   0.03659   659.2  663.34
cube63cam1_41   0   0  194.57   475.23   49.33   3.76   665.54   664.56   0   665.99  664.99
cube63cam3_54   2   3  480.18   189.68   50.31   11.96   667.58   664.35   0   669.34  665.44
cube63cam2_62   1   1  468.15   193.14   48.56   11.0   658.55   657.15   0.08197   659.67  656.73
cube64cam1_11   0   0  188.94   480.86   48.91   14.42   661.51   671.0   0   662.17  673.22
cube64cam3_24   2   3  478.96   191.8   50.27   11.61   666.89   665.19   0.34406   668.14  664.76
cube64cam2_32   1   1  472.43   190.16   48.04   17.14   655.63   661.62   0.02172   657.02  665.6
cube64cam1_41   0   0  191.71   465.23   49.77   8.31   669.24   666.37   0.27376   673.84  665.65
cube64cam3_54   2   3  472.95   191.64   51.78   11.12   668.32   663.95   0   671.4  663.31
cube64cam2_62   1   1  464.48   190.45   49.13   10.51   657.58   660.48   0.39912   660.99  662.99
cube65cam1_11   0   0  191.17   476.02   50.43   7.49   667.56   665.49   0   670.17  664.63
cube65cam3_24   2   3  481.58   194.57   51.04   7.03   667.15   663.46   0.37549   669.19  665.21
cube65cam2_32   1   1  475.43   192.86   47.59   222.87   658.06   659.71   0   658.07  659.97
cube65cam1_41   0   0  192.57   471.15   50.48   8.58   664.74   669.98   0   666.8  671.43
cube65cam3_54   2   3  468.35   192.85   53.85   172.14   667.76   664.13   0   671.17  665.48
cube65cam2_62   1   1  462.08   191.14   48.01   7.81   657.91   664.3   0   657.2  665.37
cube66cam1_11   0   0  186.38   474.28   49.74   5.54   661.99   663.03   0   663.12  661.63
cube66cam3_24   2   3  480.0   196.39   51.08   13.91   662.67   660.77   0   663.85  659.5
cube66cam2_32   1   1  469.11   193.47   45.69   254.54   655.32   655.28   0.24701   659.76  656.29
cube66cam1_41   0   0  187.8   472.05   50.68   4.95   659.31   665.16   0.33228   660.62  668.04
cube66cam3_54   2   3  473.8   184.59   56.32   320.4   661.03   662.19   0.07528   664.08  663.84
cube66cam2_62   1   1  460.57   187.15   49.54   8.76   653.12   656.5   0.04337   653.33  662.86
cube67cam1_11   0   0  191.66   476.92   49.62   5.58   663.84   668.85   0   665.11  667.79
cube67cam3_24   2   3  478.95   190.98   49.85   6.4   665.04   666.32   0   666.13  667.57
cube67cam2_32   1   1  476.82   189.57   48.32   10.67   658.01   656.61   0   658.79  657.59
cube67cam1_41   0   0  190.45   466.5   49.29   11.48   664.38   665.06   0   665.08  665.04
cube67cam3_54   2   3  467.73   189.78   52.28   8.85   663.22   665.17   0   664.53  664.86
cube67cam2_62   1   1  466.03   188.18   49.0   12.45   659.48   655.08   0.35622   660.95  655.17
cube68cam1_11   0   0  186.66   476.69   49.44   5.65   665.41   663.49   0.04222   668.99  663.75
cube68cam3_24   2   3  481.52   189.68   50.39   8.28   668.1   664.07   0   671.15  664.08
cube68cam2_32   1   1  474.83   187.99   48.54   10.1   657.08   657.05   0   665.08  657.06
cube68cam1_41   0   0  188.55   469.58   50.03   14.14   661.08   666.94   0.37139   662.73  670.31
cube68cam3_54   2   3  470.87   190.85   51.93   5.57   666.39   667.5   0.10542   667.05  669.66
cube68cam2_62   1   1  465.64   190.3   49.13   5.2   659.14   660.4   0.14692   660.45  660.33
cube69cam1_11   0   0  189.8   466.73   49.56   6.9   667.78   666.78   0   669.95  666.88
cube69cam3_24   2   3  473.12   188.58   51.12   4.55   668.43   664.49   0   669.46  665.45
cube69cam2_32   1   1  463.36   187.54   48.67   11.37   661.73   658.93   0.089   666.19  663.8
cube69cam1_41   0   0  188.29   476.32   49.15   18.14   663.48   668.74   0   663.77  667.32
cube69cam3_54   2   3  482.43   192.87   50.1   8.17   666.34   666.01   0.13086   666.3  669.12
cube69cam2_62   1   1  475.22   189.71   48.18   14.61   656.96   661.42   0.17269   658.52  662.71
cube70cam1_11   0   0  192.44   465.39   50.09   9.83   661.85   664.2   0.36902   661.77  668.0
cube70cam3_24   2   3  467.15   191.98   52.15   9.4   663.47   664.16   0   663.55  664.47
cube70cam2_32   1   1  461.85   188.36   49.48   12.06   657.05   653.92   0.16877   660.0  653.94
cube70cam1_41   0   0  193.35   469.3   49.41   21.61   661.23   662.09   0.35741   661.39  669.29
cube70cam3_54   2   3  475.06   194.37   51.26   13.68   661.93   664.24   0.21943   662.7  666.44
cube70cam2_62   1   1  472.54   189.03   48.14   22.96   657.54   653.69   0.35086   661.53  654.32
cube71cam1_11   0   0  189.9   466.12   51.01   5.27   667.04   669.08   0   669.23  671.06
cube71cam3_24   2   3  469.84   190.12   52.32   7.2   665.59   669.26   0.31756   670.9  671.62
cube71cam2_32   1   1  465.19   187.22   48.38   50.84   661.75   657.77   0   662.11  658.78
cube71cam1_41   0   0  191.23   475.14   49.82   7.19   664.92   667.33   0   664.86  670.06
cube71cam3_54   2   3  485.27   197.45   50.8   10.14   667.22   669.01   0.11278   675.21  670.08
cube71cam2_62   1   1  473.88   190.61   48.17   18.67   661.05   657.78   0.27165   678.38  660.23
cube72cam1_11   0   0  187.88   467.11   49.95   12.79   659.98   668.91   0   661.9  667.73
cube72cam3_24   2   3  465.49   191.68   51.68   9.49   663.05   664.41   0.131   664.03  666.96
cube72cam2_32   1   1  462.23   190.26   47.96   36.11   655.89   658.19   0   657.18  658.33
cube72cam1_41   0   0  190.75   473.59   49.63   5.15   663.0   664.19   0   664.78  664.95
cube72cam3_54   2   3  475.02   189.25   50.57   4.39   667.07   662.49   0.194   667.8  663.93
cube72cam2_62   1   1  471.08   195.11   48.72   16.08   657.19   658.0   0.24399   660.1  659.69
cube73cam1_11   0   0  195.09   463.13   49.89   9.57   663.88   662.99   0   665.81  663.42
cube73cam3_24   2   3  468.1   189.65   50.92   5.42   663.79   665.97   0   663.67  666.66
cube73cam2_32   1   1  464.75   187.96   48.82   6.36   659.78   657.0   0.1951   661.74  658.11
cube73cam1_41   0   0  195.56   467.8   49.68   4.96   663.72   665.34   0   665.21  664.11
cube73cam3_54   2   3  480.13   192.12   50.41   6.44   664.37   666.51   0   665.25  666.45
cube73cam2_62   1   1  476.91   191.17   48.53   7.81   661.25   656.67   0.17013   666.95  696.87
cube74cam1_11   0   0  193.34   462.2   49.42   12.64   663.69   664.09   0   663.76  664.14
cube74cam3_24   2   3  477.97   190.59   51.63   15.14   662.76   664.28   0.18975   664.0  665.91
cube74cam2_32   1   1  474.51   193.42   48.39   16.73   658.85   658.41   0.19408   662.0  658.78
cube74cam1_41   0   0  192.92   465.58   50.73   8.96   662.57   663.84   0   663.68  664.37
cube74cam3_54   2   3  466.78   191.51   52.78   20.09   662.86   665.43   0   664.81  667.06
cube74cam2_62   1   1  464.24   189.05   47.74   40.55   657.07   656.99   0.02633   659.98  656.02
cube75cam1_11   0   0  189.12   479.96   49.37   9.37   663.2   667.36   0   666.13  671.38
cube75cam3_24   2   3  475.31   192.22   49.74   11.42   669.9   666.81   0.3496   670.27  669.21
cube75cam2_32   1   1  472.89   190.68   47.42   45.65   657.17   660.98   0.29157   659.03  661.91
cube75cam1_41   0   0  190.0   466.69   49.83   10.77   666.33   665.21   0   667.88  664.31
cube75cam3_54   2   3  474.48   191.33   51.34   9.82   670.43   665.86   0   671.04  665.44
cube75cam2_62   1   1  464.39   192.63   49.16   3.56   659.02   659.01   0   659.54  658.58
cube76cam1_11   0   0  194.6   467.21   50.08   9.7   663.56   668.14   0   665.17  667.86
cube76cam3_24   2   3  469.61   188.43   51.66   8.71   664.83   668.7   0.20865   667.98  671.27
cube76cam2_32   1   1  469.87   188.94   48.51   12.55   663.08   658.73   0.31289   665.24  665.31
cube76cam1_41   0   0  190.29   472.54   48.84   6.83   666.28   669.5   0.31174   672.57  666.68
cube76cam3_54   2   3  480.56   188.43   50.25   10.82   664.96   669.49   0.22932   667.07  671.01
cube76cam2_62   1   1  481.92   186.36   48.55   10.39   663.47   657.35   0.24987   666.43  658.48
cube77cam1_11   0   0  192.25   477.03   49.36   3.97   663.08   666.08   0   664.96  665.2
cube77cam3_24   2   3  468.26   195.53   50.39   5.11   667.01   665.83   0   669.4  666.17
cube77cam2_32   1   1  473.03   188.21   48.66   5.94   657.42   659.49   0   657.78  659.91
cube77cam1_41   0   0  191.96   462.45   50.33   2.23   664.52   662.15   0   665.63  662.96
cube77cam3_54   2   3  469.93   191.51   51.39   8.45   666.84   665.79   0.06064   670.24  669.3
cube77cam2_62   1   1  464.66   194.54   48.71   3.88   661.18   660.41   0.20154   667.24  664.95
cube78cam1_11   0   0  189.15   461.78   50.33   10.37   662.94   663.13   0   664.86  663.03
cube78cam3_24   2   3  467.36   190.33   52.9   24.67   663.05   662.01   0   665.04  662.97
cube78cam2_32   1   1  462.31   191.27   49.31   4.31   656.5   656.23   0.17832   658.72  655.36
cube78cam1_41   0   0  197.42   477.28   49.33   11.13   661.29   663.96   0   662.83  666.23
cube78cam3_54   2   3  472.9   194.77   50.3   18.53   663.08   662.95   0.33498   666.09  665.12
cube78cam2_62   1   1  470.31   190.56   48.35   11.53   655.84   657.13   0   656.5  658.05
cube79cam1_11   0   0  191.48   473.69   49.49   7.73   662.27   668.96   0.32613   664.27  670.88
cube79cam3_24   2   3  477.02   190.75   50.59   8.09   662.62   667.65   0   663.54  668.33
cube79cam2_32   1   1  477.15   189.96   48.49   9.59   659.97   654.58   0.25281   663.4  654.83
cube79cam1_41   0   0  192.41   467.03   50.09   5.04   665.49   667.95   0.29307   668.59  673.01
cube79cam3_54   2   3  466.78   191.54   51.07   5.03   663.33   667.24   0.11123   666.44  669.83
cube79cam2_62   1   1  464.72   190.02   49.1   2.29   658.76   653.22   0.30229   670.34  655.86
cube80cam1_11   0   0  192.18   468.33   49.89   6.57   668.95   666.55   0.02769   676.23  670.1
cube80cam3_24   2   3  470.62   189.62   51.3   3.18   667.07   668.93   0.36547   671.07  671.97
cube80cam2_32   1   1  468.51   188.56   48.92   7.19   662.73   659.01   0.24103   674.89  678.22
cube80cam1_41   0   0  187.23   478.15   48.97   10.36   663.79   667.29   0   664.04  668.55
cube80cam3_54   2   3  480.97   188.99   50.48   6.13   663.13   667.25   0.11807   663.63  668.45
cube80cam2_62   1   1  476.04   187.16   48.21   13.4   661.37   657.9   0.37189   661.59  659.68
cube81cam1_11   0   0  187.99   469.22   49.77   6.31   662.73   667.84   0.28979   664.8  671.75
cube81cam3_24   2   3  467.63   196.41   51.35   13.43   665.27   665.46   0   666.36  665.93
cube81cam2_32   1   1  462.42   190.06   48.54   11.91   656.8   661.16   0   656.97  663.15
cube81cam1_41   0   0  188.58   476.2   49.4   7.76   667.72   670.33   0.3362   668.98  667.44
cube81cam3_54   2   3  482.03   193.19   50.27   11.56   667.91   665.19   0.37004   674.68  665.21
cube81cam2_62   1   1  466.61   194.97   48.25   33.3   658.25   659.07   0   659.1  659.3
cube82cam1_11   0   0  190.15   467.53   49.87   35.06   659.89   666.55   0   660.41  666.91
cube82cam3_24   2   3  469.71   194.68   55.94   57.12   663.59   662.46   0   664.32  661.87
cube82cam2_32   1   1  458.84   185.46   49.05   5.7   655.07   657.97   0   655.01  658.17
cube82cam1_41   0   0  191.79   478.35   49.7   6.67   662.62   660.5   0.1349   670.06  659.89
cube82cam3_54   2   3  483.53   191.78   51.09   11.27   667.02   662.01   0.29266   673.05  663.01
cube82cam2_62   1   1  466.91   191.95   48.81   15.34   654.98   656.97   0   654.87  656.95
cube83cam1_11   0   0  188.32   477.32   49.16   3.94   661.92   667.23   0   664.2  669.31
cube83cam3_24   2   3  471.28   193.45   50.12   11.0   666.01   664.99   0   666.35  665.84
cube83cam2_32   1   1  476.39   189.38   48.27   25.78   659.12   658.01   0.23466   663.78  661.02
cube83cam1_41   0   0  188.94   465.34   50.1   7.67   664.27   662.68   0   665.54  663.98
cube83cam3_54   2   3  471.36   188.79   51.41   5.51   665.47   662.13   0   666.94  663.44
cube83cam2_62   1   1  461.72   194.22   48.76   11.95   658.14   657.57   0.04808   659.22  665.42
cube84cam1_11   0   0  196.49   468.14   51.32   13.69   662.04   663.09   0   663.35  666.96
cube84cam3_24   2   3  466.5   196.87   55.71   37.92   661.05   663.54   0.32235   662.03  664.02
cube84cam2_32   1   1  463.97   191.25   48.93   6.03   657.27   654.43   0.0254   657.26  662.36
cube84cam1_41   0   0  192.89   462.16   49.63   9.02   661.39   664.1   0   662.73  663.24
cube84cam3_54   2   3  472.75   191.41   50.86   5.77   661.14   663.03   0   662.95  663.5
cube84cam2_62   1   1  468.62   193.4   49.41   11.28   655.97   654.19   0   656.85  654.21
cube85cam1_11   0   0  190.25   473.31   50.03   7.76   660.8   662.09   0   660.84  661.74
cube85cam3_24   2   3  474.55   192.66   50.46   10.2   661.37   664.37   0   662.3  665.15
cube85cam2_32   1   1  468.43   191.41   47.56   45.87   656.86   655.1   0.21101   658.14  655.12
cube85cam1_41   0   0  186.66   464.56   50.41   5.94   660.8   662.08   0   662.57  662.03
cube85cam3_54   2   3  467.17   191.3   52.21   10.85   663.24   664.95   0   662.32  665.79
cube85cam2_62   1   1  461.99   187.39   48.63   26.17   657.38   655.12   0.19876   661.06  654.22
cube86cam1_11   0   0  192.32   468.92   49.28   8.7   664.41   668.06   0   667.11  668.93
cube86cam3_24   2   3  481.26   190.28   50.55   10.73   665.2   671.2   0   667.43  670.08
cube86cam2_32   1   1  479.1   187.94   48.14   11.53   662.62   657.37   0   663.26  656.78
cube86cam1_41   0   0  192.56   466.46   49.8   8.31   665.17   666.12   0   666.98  667.02
cube86cam3_54   2   3  468.23   187.22   51.46   6.62   663.97   666.89   0   666.24  667.77
cube86cam2_62   1   1  466.87   188.07   49.07   4.68   660.04   656.49   0.22333   661.68  655.91
cube87cam1_11   0   0  191.65   464.5   51.54   10.54   661.03   667.78   0.16219   660.94  669.86
cube87cam3_24   2   3  469.44   191.71   53.45   35.02   661.61   660.3   0.39477   662.05  661.94
cube87cam2_32   1   1  463.01   193.45   49.78   17.24   655.37   656.49   0.08269   656.28  670.73
cube87cam1_41   0   0  195.74   467.96   49.74   4.54   659.47   663.47   0.39164   661.84  670.46
cube87cam3_54   2   3  466.29   191.77   51.33   7.54   663.14   662.04   0   664.78  661.53
cube87cam2_62   1   1  467.31   193.09   48.75   11.02   653.03   656.0   0.21425   660.01  662.05
cube88cam1_11   0   0  193.21   468.75   51.35   12.9   662.63   664.4   0   664.51  665.48
cube88cam3_24   2   3  470.31   193.62   56.36   27.64   661.99   664.02   0   663.02  664.97
cube88cam2_32   1   1  469.83   190.16   48.04   51.78   658.14   656.98   0.24631   664.09  658.01
cube88cam1_41   0   0  188.2   473.26   49.47   7.97   661.51   667.08   0   664.02  668.6
cube88cam3_54   2   3  471.62   189.69   51.13   9.36   660.09   663.1   0   662.86  663.18
cube88cam2_62   1   1  473.37   193.69   49.18   18.78   660.03   655.07   0   659.77  656.02
cube89cam1_11   0   0  189.53   477.78   48.92   10.89   668.29   666.93   0   668.12  669.36
cube89cam3_24   2   3  482.61   191.75   50.11   15.73   667.44   665.08   0   668.18  664.89
cube89cam2_32   1   1  468.47   189.23   47.83   10.55   660.03   660.11   0.21231   661.01  667.07
cube89cam1_41   0   0  189.19   467.88   49.74   5.54   665.81   666.57   0   668.91  666.45
cube89cam3_54   2   3  470.81   191.68   51.65   6.08   665.62   665.49   0.36119   667.0  666.92
cube89cam2_62   1   1  465.76   188.71   49.0   11.84   659.99   661.11   0.27324   660.18  659.75
cube90cam1_11   0   0  193.65   474.25   50.02   17.86   663.38   665.99   0   667.01  666.86
cube90cam3_24   2   3  482.56   191.58   50.53   14.38   664.06   667.96   0.02516   667.08  667.43
cube90cam2_32   1   1  475.49   192.16   47.71   11.03   661.98   657.04   0   661.97  658.03
cube90cam1_41   0   0  189.28   467.03   50.19   26.92   665.62   670.92   0   664.8  671.1
cube90cam3_54   2   3  466.58   189.6   51.91   9.09   663.28   666.96   0.27298   664.15  671.59
cube90cam2_62   1   1  468.74   185.82   49.29   15.18   663.0   655.68   0.18032   672.38  656.69
cube91cam1_11   0   0  196.23   463.96   49.95   11.27   666.07   666.87   0   666.11  665.87
cube91cam3_24   2   3  467.0   188.89   52.33   12.44   665.53   670.43   0   666.49  670.48
cube91cam2_32   1   1  468.31   189.76   48.64   8.14   661.52   656.06   0.01677   661.37  672.31
cube91cam1_41   0   0  198.73   467.89   49.31   7.51   666.77   664.94   0.38356   676.84  669.4
cube91cam3_54   2   3  477.83   190.39   50.24   9.78   664.76   668.16   0   665.89  669.47
cube91cam2_62   1   1  484.71   194.0   48.07   5.63   660.74   657.02   0.35414   662.1  676.76
cube92cam1_11   0   0  189.89   466.9   51.09   12.27   662.74   669.53   0.21617   667.7  673.76
cube92cam3_24   2   3  468.32   194.53   54.11   46.13   665.31   665.05   0   666.58  665.2
cube92cam2_32   1   1  462.53   186.3   47.87   17.92   657.74   660.79   0.2906   660.83  661.82
cube92cam1_41   0   0  191.57   475.83   50.48   12.89   668.38   663.28   0   670.28  663.81
cube92cam3_54   2   3  479.06   194.93   51.35   8.47   666.85   665.03   0   670.28  664.82
cube92cam2_62   1   1  473.67   193.09   49.68   8.28   659.97   659.01   0   660.08  660.16
cube93cam1_11   0   0  195.3   472.53   49.51   6.99   663.44   669.05   0.04235   668.04  668.3
cube93cam3_24   2   3  474.79   196.62   51.65   10.95   663.04   662.94   0   663.08  663.98
cube93cam2_32   1   1  471.48   188.74   48.73   18.64   657.82   656.2   0   658.52  655.87
cube93cam1_41   0   0  192.22   465.46   51.02   9.15   662.3   663.88   0.05867   665.13  665.21
cube93cam3_54   2   3  466.38   192.69   52.2   10.35   661.0   666.0   0   663.0  667.0
cube93cam2_62   1   1  464.32   191.13   47.21   78.67   658.91   655.95   0   657.59  656.7
cube94cam1_11   0   0  187.45   463.19   49.74   8.04   664.94   664.72   0.03545   670.0  664.29
cube94cam3_24   2   3  469.12   191.09   51.32   9.48   664.9   663.31   0.30214   665.66  664.52
cube94cam2_32   1   1  463.4   190.11   48.66   13.94   658.78   654.91   0.18947   661.79  656.96
cube94cam1_41   0   0  188.08   481.74   49.01   11.13   656.75   666.54   0.17619   660.6  667.9
cube94cam3_54   2   3  468.27   190.61   50.86   7.01   662.12   664.15   0.26689   663.02  666.11
cube94cam2_62   1   1  472.72   187.87   48.13   12.6   657.15   658.84   0   657.72  660.32
cube95cam1_11   0   0  186.39   474.25   48.99   6.37   665.1   666.48   0.07401   665.04  685.14
cube95cam3_24   2   3  483.14   190.06   49.74   5.54   667.73   669.19   0.24146   668.67  672.4
cube95cam2_32   1   1  476.26   187.25   48.12   11.19   660.01   657.25   0.19641   661.98  656.08
cube95cam1_41   0   0  192.68   467.78   50.42   6.41   665.12   665.11   0   665.88  667.23
cube95cam3_54   2   3  469.49   191.57   51.71   8.8   664.22   669.07   0.27772   665.28  671.14
cube95cam2_62   1   1  469.29   189.11   48.97   9.15   662.03   657.9   0.30713   664.1  658.46
cube96cam1_11   0   0  189.62   477.74   49.27   9.81   662.09   666.32   0   663.66  666.42
cube96cam3_24   2   3  479.57   192.65   49.68   5.71   663.51   665.66   0   665.08  665.88
cube96cam2_32   1   1  473.11   188.0   48.28   12.64   656.05   659.0   0.17391   657.07  659.01
cube96cam1_41   0   0  191.02   464.56   49.77   5.81   666.82   664.8   0   666.91  662.19
cube96cam3_54   2   3  472.96   190.82   51.55   8.44   668.89   664.33   0   670.15  665.78
cube96cam2_62   1   1  465.5   189.25   48.81   9.31   659.02   657.19   0.13726   669.9  693.15
cube97cam1_11   0   0  189.98   469.74   50.05   6.29   664.08   669.24   0.27663   668.56  716.32
cube97cam3_24   2   3  471.3   192.09   51.57   24.27   666.65   667.15   0   667.6  667.98
cube97cam2_32   1   1  464.29   191.15   48.92   15.53   656.07   659.97   0.15561   670.67  659.16
cube97cam1_41   0   0  189.34   474.48   49.3   4.17   664.81   667.87   0   666.43  666.09
cube97cam3_54   2   3  483.07   189.42   50.3   5.81   669.57   664.92   0   670.74  664.65
cube97cam2_62   1   1  475.03   190.28   48.3   12.56   658.61   657.73   0.1962   662.34  661.68
cube98cam1_11   0   0  190.44   476.25   49.44   9.87   666.0   669.0   0   666.01  667.0
cube98cam3_24   2   3  480.12   191.41   50.3   4.68   664.99   669.23   0   666.57  668.97
cube98cam2_32   1   1  480.18   186.8   48.24   7.17   662.6   656.48   0.05943   663.88  656.68
cube98cam1_41   0   0  189.49   466.94   49.77   5.31   664.13   666.51   0   664.14  665.25
cube98cam3_54   2   3  469.82   191.55   51.51   4.73   664.22   668.69   0   665.72  669.57
cube98cam2_62   1   1  467.44   187.38   49.05   6.23   660.94   657.22   0.35574   663.96  657.43
cube99cam1_11   0   0  188.43   465.17   50.87   11.78   663.13   665.1   0   664.18  664.47
cube99cam3_24   2   3  468.24   190.7   52.11   10.85   664.97   667.09   0   666.22  667.52
cube99cam2_32   1   1  466.0   189.19   48.56   14.75   660.08   657.12   0.07712   663.63  656.21
cube99cam1_41   0   0  195.26   474.2   49.7   10.92   665.73   666.2   0   669.81  664.83
cube99cam3_54   2   3  474.05   192.32   51.02   11.14   663.31   666.53   0.13938   664.39  673.05
cube99cam2_62   1   1  472.71   191.2   48.45   13.75   659.06   656.07   0.12272   661.05  656.05
cube100cam1_11   0   0  190.29   469.47   49.89   6.57   663.16   669.28   0   664.47  668.67
cube100cam3_24   2   3  471.11   191.35   52.01   6.52   666.47   665.98   0   667.88  666.93
cube100cam2_32   1   1  465.53   187.89   49.8   190.57   656.23   660.39   0.02556   656.51  666.52
cube100cam1_41   0   0  188.97   473.1   49.52   12.02   668.34   665.13   0   669.85  666.29
cube100cam3_54   2   3  484.4   188.84   50.64   7.97   670.01   666.99   0.06795   670.73  669.84
cube100cam2_62   1   1  476.36   189.17   48.27   19.34   660.03   658.15   0.02454   659.13  665.95
cube101cam1_11   0   0  188.35   470.43   50.38   3.13   659.84   668.0   0.27081   660.87  669.4
cube101cam3_24   2   3  465.26   196.97   51.62   32.16   663.68   665.34   0   665.12  666.04
cube101cam2_32   1   1  464.85   190.12   49.12   6.56   657.99   660.99   0.27379   658.97  663.03
cube101cam1_41   0   0  191.02   476.29   49.36   7.4   664.67   662.73   0   665.14  664.65
cube101cam3_54   2   3  480.48   189.76   49.98   6.33   668.04   663.39   0   669.95  664.33
cube101cam2_62   1   1  463.37   194.18   48.51   12.68   658.06   656.98   0.20283   660.09  657.02
cube102cam1_11   0   0  195.62   474.12   49.36   5.65   664.86   663.59   0.01096   667.27  663.52
cube102cam3_24   2   3  477.66   192.54   50.84   9.29   665.3   663.71   0   667.89  664.67
cube102cam2_32   1   1  467.96   196.52   48.32   14.62   657.34   658.14   0.34137   659.29  657.94
cube102cam1_41   0   0  184.9   468.01   50.45   7.43   660.72   666.65   0   661.83  666.96
cube102cam3_54   2   3  467.11   193.7   52.94   27.21   663.93   665.15   0   665.91  664.66
cube102cam2_62   1   1  461.73   189.62   48.95   9.48   655.23   661.08   0   656.0  661.23
cube103cam1_11   0   0  190.1   475.78   49.62   7.2   663.75   663.86   0   666.02  663.52
cube103cam3_24   2   3  477.65   189.75   49.97   11.09   665.11   667.96   0   666.16  668.12
cube103cam2_32   1   1  478.21   189.0   48.36   10.68   661.44   656.82   0   661.76  657.26
cube103cam1_41   0   0  190.49   468.15   49.56   7.69   666.21   667.02   0   666.3  665.24
cube103cam3_54   2   3  469.11   189.12   52.16   6.73   664.77   665.88   0.02013   667.81  666.38
cube103cam2_62   1   1  465.92   188.19   48.99   8.5   659.75   658.0   0.11437   661.92  659.11
cube104cam1_11   0   0  188.04   465.0   51.64   3.34   661.04   664.64   0.06287   662.31  664.69
cube104cam3_24   2   3  465.34   192.69   56.42   25.36   662.02   663.38   0.39953   668.84  665.99
cube104cam2_32   1   1  459.05   186.08   48.08   20.28   655.41   656.95   0.17795   658.05  658.97
cube104cam1_41   0   0  194.01   478.18   49.33   7.38   664.2   666.79   0   665.21  666.42
cube104cam3_54   2   3  486.36   194.49   50.53   3.06   667.01   663.97   0.36864   671.24  664.1
cube104cam2_62   1   1  468.32   197.76   49.12   4.0   655.57   655.64   0   656.97  655.59
cube105cam1_11   0   0  197.28   476.15   49.71   6.23   660.95   661.98   0.02629   664.01  662.91
cube105cam3_24   2   3  472.32   192.55   51.04   5.79   661.27   663.48   0.21219   662.43  666.34
cube105cam2_32   1   1  469.71   192.19   48.75   7.91   656.03   654.05   0.12712   657.91  655.08
cube105cam1_41   0   0  190.04   464.14   50.71   4.8   661.48   664.99   0.23584   663.86  665.28
cube105cam3_54   2   3  466.94   191.05   52.46   14.24   660.87   664.45   0.04828   661.78  668.91
cube105cam2_62   1   1  463.83   187.89   49.57   5.1   657.0   654.51   0.17926   660.99  655.0
cube106cam1_11   0   0  189.17   468.49   49.83   10.73   664.32   667.8   0   665.03  668.2
cube106cam3_24   2   3  468.37   195.03   51.75   11.98   667.15   665.65   0   668.05  667.76
cube106cam2_32   1   1  465.73   188.25   48.97   12.59   660.37   660.97   0.23238   663.2  666.22
cube106cam1_41   0   0  188.14   477.45   49.31   6.68   665.71   664.21   0.34288   673.95  668.55
cube106cam3_54   2   3  480.76   186.62   50.48   7.45   667.46   664.05   0   668.86  665.68
cube106cam2_62   1   1  465.02   194.03   48.31   16.9   660.04   659.56   0   659.91  662.64
cube107cam1_11   0   0  190.54   462.48   50.13   8.63   663.12   663.99   0.02608   668.98  664.15
cube107cam3_24   2   3  466.03   190.82   51.84   8.46   662.89   661.15   0.01242   666.17  660.23
cube107cam2_32   1   1  456.32   195.48   44.64   224.76   655.75   654.24   0.03183   655.12  656.85
cube107cam1_41   0   0  191.95   475.16   50.34   7.06   659.44   663.32   0   659.94  663.32
cube107cam3_54   2   3  464.16   194.52   51.04   6.4   663.51   663.19   0.38189   667.78  662.04
cube107cam2_62   1   1  467.87   194.16   48.59   15.4   654.94   657.46   0.30443   655.2  667.57
cube108cam1_11   0   0  190.23   464.19   49.74   10.42   666.12   668.72   0   668.18  673.95
cube108cam3_24   2   3  473.74   188.05   52.53   12.6   670.02   663.58   0   673.11  664.69
cube108cam2_32   1   1  463.49   185.91   47.7   94.44   659.98   657.72   0.31172   663.24  660.62
cube108cam1_41   0   0  191.34   476.16   49.68   6.28   664.12   667.18   0   665.96  668.44
cube108cam3_54   2   3  476.92   192.58   51.07   8.42   666.96   664.82   0.03333   672.35  664.97
cube108cam2_62   1   1  478.72   189.2   48.36   8.75   657.74   659.02   0   658.39  659.39
cube109cam1_11   0   0  190.1   476.36   49.28   4.67   669.04   665.25   0   670.08  664.95
cube109cam3_24   2   3  483.39   187.86   50.29   9.25   669.48   663.03   0.04896   672.37  665.46
cube109cam2_32   1   1  475.24   185.9   48.07   14.76   659.01   658.59   0.15365   661.74  661.3
cube109cam1_41   0   0  190.53   471.89   50.34   6.05   663.64   669.23   0.28429   665.08  676.37
cube109cam3_54   2   3  471.73   191.42   51.45   7.45   667.29   667.2   0   668.7  666.65
cube109cam2_62   1   1  464.96   189.83   49.33   4.63   659.36   660.87   0   657.81  664.58
cube110cam1_11   0   0  188.18   467.43   50.69   5.94   668.02   664.13   0.05494   671.89  666.05
cube110cam3_24   2   3  475.36   188.7   51.64   12.42   670.08   665.03   0   672.96  665.88
cube110cam2_32   1   1  465.1   194.86   48.77   11.23   661.76   662.43   0.06036   695.9  663.07
cube110cam1_41   0   0  187.45   480.06   49.15   12.81   664.94   669.28   0   665.06  669.92
cube110cam3_54   2   3  474.63   194.59   49.99   15.92   666.71   664.64   0   669.71  666.47
cube110cam2_62   1   1  473.52   187.15   48.82   8.11   655.4   663.19   0   656.94  670.74
cube111cam1_11   0   0  188.55   466.15   49.75   10.71   659.56   668.86   0.03699   666.53  668.23
cube111cam3_24   2   3  467.07   195.49   52.74   12.78   662.87   662.18   0.26884   667.74  664.31
cube111cam2_32   1   1  460.31   187.96   48.61   6.12   653.52   656.32   0.27407   656.08  659.03
cube111cam1_41   0   0  193.87   471.71   49.22   5.41   664.62   666.81   0.33034   696.97  669.73
cube111cam3_54   2   3  480.62   192.62   50.92   6.71   666.58   661.53   0.12694   670.61  662.85
cube111cam2_62   1   1  462.72   192.18   48.48   21.97   656.12   654.85   0.14802   658.03  656.91
cube112cam1_11   0   0  189.4   476.99   49.23   10.52   667.87   668.08   0   668.48  665.93
cube112cam3_24   2   3  484.77   199.84   50.07   7.84   667.35   666.09   0   667.51  664.45
cube112cam2_32   1   1  468.41   194.31   48.32   8.91   660.09   659.98   0.10832   662.0  659.09
cube112cam1_41   0   0  188.1   469.09   49.68   4.96   662.0   672.75   0   663.12  672.43
cube112cam3_54   2   3  470.94   196.27   52.01   6.15   667.64   666.76   0   669.6  666.85
cube112cam2_62   1   1  460.4   187.12   48.97   12.69   658.46   661.47   0   658.74  663.65
cube113cam1_11   0   0  187.22   476.88   49.62   5.58   668.13   665.7   0   668.09  665.01
cube113cam3_24   2   3  483.13   184.53   49.89   4.92   667.66   664.73   0   668.63  666.08
cube113cam2_32   1   1  477.59   188.9   48.36   13.26   660.95   660.56   0   661.12  660.09
cube113cam1_41   0   0  189.77   469.82   49.86   7.16   664.72   668.61   0   664.97  667.86
cube113cam3_54   2   3  468.79   187.94   51.41   10.8   666.01   665.08   0.33102   668.46  667.26
cube113cam2_62   1   1  467.48   187.45   48.95   8.56   659.86   662.48   0.22665   661.89  666.18
cube114cam1_11   0   0  189.97   468.23   49.86   10.66   664.68   666.86   0   665.0  670.02
cube114cam3_24   2   3  470.68   191.72   52.24   9.32   666.91   665.48   0   667.39  665.94
cube114cam2_32   1   1  461.36   188.25   48.16   68.76   658.0   661.02   0   657.0  662.03
cube114cam1_41   0   0  194.2   473.45   49.83   7.73   666.05   665.7   0.31769   668.96  663.52
cube114cam3_54   2   3  481.51   195.75   51.09   14.37   670.76   665.84   0.35981   675.24  666.77
cube114cam2_62   1   1  470.91   190.11   47.75   17.74   658.39   658.62   0.16354   660.25  658.63
cube115cam1_11   0   0  187.21   465.4   49.74   6.42   668.64   666.24   0.39   671.1  669.3
cube115cam3_24   2   3  473.31   190.64   51.5   7.07   669.06   662.21   0   670.22  662.35
cube115cam2_32   1   1  462.87   192.53   49.15   8.16   658.12   656.75   0   658.08  657.23
cube115cam1_41   0   0  184.36   489.84   48.93   9.88   664.2   670.04   0.37799   665.25  674.0
cube115cam3_54   2   3  474.23   196.45   50.47   4.5   665.17   665.07   0.37372   665.99  665.11
cube115cam2_62   1   1  471.2   189.3   48.09   7.9   655.94   661.13   0.07997   656.65  667.95
cube116cam1_11   0   0  188.55   469.58   50.39   7.16   664.89   671.83   0   666.29  671.9
cube116cam3_24   2   3  469.94   195.52   53.18   17.99   666.69   666.35   0.15984   669.14  672.74
cube116cam2_32   1   1  463.45   186.13   48.9   14.04   657.65   664.68   0   658.85  671.13
cube116cam1_41   0   0  192.23   479.18   49.98   11.08   669.76   666.35   0   671.37  666.86
cube116cam3_54   2   3  484.81   190.63   50.97   10.36   670.16   663.12   0   674.67  664.3
cube116cam2_62   1   1  464.48   194.48   48.72   12.52   660.77   660.93   0   660.94  661.9
cube117cam1_11   0   0  189.32   475.95   49.41   9.93   665.71   663.73   0   667.0  667.04
cube117cam3_24   2   3  484.79   187.51   50.31   9.36   667.29   666.76   0   667.42  665.65
cube117cam2_32   1   1  467.08   193.68   48.48   6.06   660.02   658.98   0.01202   660.87  665.07
cube117cam1_41   0   0  189.13   468.77   50.83   5.09   662.76   670.7   0.21351   663.16  674.0
cube117cam3_54   2   3  466.54   196.69   51.72   5.79   664.13   663.99   0.20235   665.54  668.27
cube117cam2_62   1   1  465.23   186.46   48.75   8.41   656.7   658.09   0.20579   661.53  680.37
cube118cam1_11   0   0  190.46   463.67   51.31   5.12   660.95   661.87   0   660.94  664.69
cube118cam3_24   2   3  465.2   188.79   52.88   14.66   658.44   664.05   0   661.27  664.09
cube118cam2_32   1   1  461.9   189.64   49.04   16.78   656.76   653.63   0   656.76  654.02
cube118cam1_41   0   0  193.56   471.21   49.59   7.77   660.97   665.02   0   662.97  665.03
cube118cam3_54   2   3  474.59   198.0   50.8   9.35   660.12   662.55   0.08375   661.22  665.57
cube118cam2_62   1   1  472.56   193.94   48.65   5.18   656.1   652.04   0.21604   658.04  655.06
cube119cam1_11   0   0  190.7   472.12   50.04   9.37   665.45   668.78   0.22462   670.56  670.57
cube119cam3_24   2   3  470.09   190.81   51.97   9.8   664.2   665.24   0.24281   673.83  669.3
cube119cam2_32   1   1  464.63   188.15   48.94   7.52   657.97   661.09   0.03265   660.92  663.0
cube119cam1_41   0   0  188.12   475.13   49.92   9.57   667.06   663.65   0   668.54  663.84
cube119cam3_54   2   3  484.26   189.46   50.13   12.96   669.47   664.39   0   670.14  665.19
cube119cam2_62   1   1  476.28   187.82   48.72   10.45   659.14   657.49   0   659.1  658.94
cube120cam1_11   0   0  187.25   462.93   49.92   7.69   668.4   661.41   0   668.11  662.95
cube120cam3_24   2   3  470.24   186.94   51.2   6.61   667.39   663.46   0.37145   668.36  665.02
cube120cam2_32   1   1  463.31   191.69   49.22   4.6   658.51   658.1   0   658.47  658.29
cube120cam1_41   0   0  189.12   482.53   49.71   10.54   659.71   667.61   0   660.21  667.73
cube120cam3_54   2   3  467.21   192.7   50.4   5.97   666.06   665.92   0.18401   668.01  675.05
cube120cam2_62   1   1  476.81   190.84   48.41   12.76   657.56   662.81   0   657.02  663.53
cube121cam1_11   0   0  191.06   465.65   49.94   8.22   661.85   665.94   0   662.61  665.93
cube121cam3_24   2   3  468.58   193.74   52.7   30.99   664.96   665.15   0   665.91  665.17
cube121cam2_32   1   1  459.4   190.48   48.17   60.8   657.13   657.95   0   657.86  659.09
cube121cam1_41   0   0  192.64   469.73   49.74   8.03   663.99   662.99   0   665.44  662.1
cube121cam3_54   2   3  476.82   198.68   50.97   9.98   665.88   663.53   0.39486   666.59  664.58
cube121cam2_62   1   1  466.08   194.19   48.65   3.77   657.86   656.97   0.1434   661.08  657.63
cube122cam1_11   0   0  191.29   462.36   49.92   6.67   664.99   665.07   0   664.99  663.09
cube122cam3_24   2   3  471.18   191.56   51.34   15.91   667.99   665.07   0   667.97  665.09
cube122cam2_32   1   1  461.43   196.31   48.61   13.22   657.73   656.82   0.22683   659.97  657.08
cube122cam1_41   0   0  190.17   477.71   49.57   5.3   661.84   668.04   0   662.2  666.45
cube122cam3_54   2   3  468.51   196.6   50.07   7.82   665.08   663.65   0.29027   668.74  665.84
cube122cam2_62   1   1  470.9   190.31   48.25   12.9   655.03   658.96   0   656.02  656.97
cube123cam1_11   0   0  188.8   469.31   50.45   6.75   664.67   669.57   0.04422   665.88  673.04
cube123cam3_24   2   3  475.67   188.67   51.85   7.28   669.57   666.22   0   670.97  668.18
cube123cam2_32   1   1  467.82   188.1   49.21   5.88   659.57   658.01   0.13988   661.89  663.93
cube123cam1_41   0   0  184.78   482.15   48.91   12.46   664.42   668.99   0   665.09  669.96
cube123cam3_54   2   3  483.94   186.56   50.21   9.47   666.72   667.23   0.34647   674.07  670.01
cube123cam2_62   1   1  478.26   181.82   48.16   9.44   659.6   661.06   0.20722   661.76  666.76
cube124cam1_11   0   0  190.23   469.28   50.33   4.9   661.79   668.52   0.22871   675.48  670.68
cube124cam3_24   2   3  470.17   191.67   51.37   6.54   666.88   664.16   0.15546   673.99  665.1
cube124cam2_32   1   1  463.0   186.08   48.91   6.36   656.68   658.06   0   656.89  658.05
cube124cam1_41   0   0  190.26   474.7   49.06   13.26   666.86   666.86   0.22119   667.09  673.88
cube124cam3_54   2   3  487.66   189.2   50.68   6.44   670.36   663.94   0   671.49  664.52
cube124cam2_62   1   1  471.14   190.16   48.44   8.77   659.35   658.45   0.01202   658.58  663.43
cube125cam1_11   0   0  190.2   467.12   50.3   7.13   662.11   667.91   0   662.94  667.62
cube125cam3_24   2   3  466.17   193.08   51.57   6.99   663.35   664.58   0   664.64  665.61
cube125cam2_32   1   1  466.24   186.38   48.74   17.41   657.98   659.16   0   657.9  660.07
cube125cam1_41   0   0  187.99   474.17   49.59   8.14   664.94   663.43   0   666.14  663.93
cube125cam3_54   2   3  486.75   185.67   50.57   9.73   666.97   666.1   0   668.58  665.06
cube125cam2_62   1   1  467.72   195.23   48.83   9.17   660.15   658.0   0   660.12  660.94
cube126cam1_11   0   0  195.24   466.77   51.53   11.63   662.77   665.31   0.10253   666.97  662.33
cube126cam3_24   2   3  466.63   188.58   53.73   32.81   662.08   666.25   0   664.18  666.24
cube126cam2_32   1   1  466.42   187.21   46.12   66.59   660.11   653.86   0.02511   659.22  656.82
cube126cam1_41   0   0  195.51   463.25   49.63   5.15   662.48   665.62   0   664.36  667.23
cube126cam3_54   2   3  479.82   189.93   50.53   7.88   662.5   666.57   0   664.54  667.3
cube126cam2_62   1   1  482.14   179.05   49.24   6.41   658.65   656.54   0.21469   667.88  656.84
cube127cam1_11   0   0  193.31   465.75   49.92   8.07   664.06   665.57   0   665.44  666.17
cube127cam3_24   2   3  469.29   189.14   52.22   11.15   664.15   668.66   0.08739   667.08  673.54
cube127cam2_32   1   1  466.65   187.31   48.68   35.19   661.33   657.11   0   661.64  658.57
cube127cam1_41   0   0  192.08   467.36   48.82   10.13   664.57   666.42   0   664.85  665.09
cube127cam3_54   2   3  478.44   193.54   50.51   3.35   664.02   670.99   0.14452   666.03  675.11
cube127cam2_62   1   1  478.86   190.19   48.48   18.11   662.5   655.0   0.01958   663.0  659.98
cube128cam1_11   0   0  190.95   468.78   49.98   7.08   664.79   669.9   0   666.52  670.65
cube128cam3_24   2   3  469.06   190.64   51.07   7.5   664.8   667.26   0   665.22  668.09
cube128cam2_32   1   1  466.12   187.94   49.16   7.5   661.0   657.0   0   661.0  658.0
cube128cam1_41   0   0  189.57   474.99   49.09   8.49   663.33   666.48   0   663.63  669.94
cube128cam3_54   2   3  480.2   192.8   50.39   5.33   664.45   670.15   0.20865   666.85  673.17
cube128cam2_62   1   1  479.35   187.25   48.17   18.83   660.92   656.44   0   661.65  656.36
cube129cam1_11   0   0  194.55   467.04   49.85   8.24   664.15   668.9   0   666.63  668.82
cube129cam3_24   2   3  471.6   191.7   51.25   7.47   666.36   667.96   0   669.57  667.96
cube129cam2_32   1   1  467.47   190.22   48.8   8.22   660.79   660.01   0.03023   696.88  661.28
cube129cam1_41   0   0  195.72   468.03   49.16   4.44   666.71   667.15   0   667.26  665.94
cube129cam3_54   2   3  481.07   190.11   50.38   9.31   666.54   667.67   0   667.82  669.46
cube129cam2_62   1   1  476.65   187.33   48.19   26.14   660.07   657.08   0.16036   668.87  658.67
cube130cam1_11   0   0  195.74   470.58   49.59   4.77   662.32   667.83   0   661.98  664.57
cube130cam3_24   2   3  477.59   197.62   50.95   9.54   662.01   664.0   0   662.02  663.0
cube130cam2_32   1   1  469.95   193.1   48.87   17.09   658.01   653.68   0   659.41  653.59
cube130cam1_41   0   0  193.08   463.34   50.56   7.5   662.49   666.8   0   663.2  664.91
cube130cam3_54   2   3  464.35   192.75   51.78   9.37   661.16   666.34   0.36233   661.99  667.89
cube130cam2_62   1   1  462.48   187.34   49.24   12.57   658.11   654.16   0   658.83  654.66
cube131cam1_11   0   0  191.79   468.23   50.92   6.83   662.84   668.82   0.30393   675.09  671.58
cube131cam3_24   2   3  468.28   190.99   52.32   10.17   665.73   666.56   0.20427   665.62  668.0
cube131cam2_32   1   1  464.22   190.05   49.11   6.72   658.53   661.37   0.32764   660.89  661.78
cube131cam1_41   0   0  192.88   473.2   49.14   6.49   667.71   666.04   0.047   670.23  665.56
cube131cam3_54   2   3  481.21   195.11   50.9   10.7   670.68   667.18   0   673.02  667.9
cube131cam2_62   1   1  474.03   193.92   49.27   15.56   660.32   658.41   0.01945   660.35  662.21
cube132cam1_11   0   0  189.04   480.42   49.5   3.03   663.78   669.6   0.03194   668.11  670.72
cube132cam3_24   2   3  473.41   197.08   50.16   9.48   666.65   666.7   0   670.33  667.6
cube132cam2_32   1   1  475.17   186.41   48.63   9.0   656.68   659.02   0   657.87  660.84
cube132cam1_41   0   0  187.11   465.52   50.19   6.36   665.35   665.95   0   666.37  666.15
cube132cam3_54   2   3  473.49   190.53   51.71   5.81   667.02   663.93   0   669.64  663.48
cube132cam2_62   1   1  462.07   193.14   49.44   6.62   658.51   660.0   0   658.02  660.98
cube133cam1_11   0   0  195.19   470.29   49.92   6.07   660.11   664.05   0   662.43  662.82
cube133cam3_24   2   3  476.03   191.38   51.19   12.38   663.32   663.05   0.01999   663.92  665.45
cube133cam2_32   1   1  461.73   192.2   48.99   8.0   654.15   657.0   0.24013   661.09  657.12
cube133cam1_41   0   0  191.99   464.37   51.76   8.17   661.63   663.31   0   662.87  663.05
cube133cam3_54   2   3  472.38   192.76   54.39   13.71   665.39   661.73   0   668.13  661.92
cube133cam2_62   1   1  463.18   190.51   50.53   10.06   655.09   655.99   0.38062   655.11  656.86
cube134cam1_11   0   0  187.77   477.74   48.67   58.69   668.06   668.58   0   668.04  669.26
cube134cam3_24   2   3  490.31   188.87   51.02   14.4   666.96   664.65   0.20116   670.08  666.47
cube134cam2_32   1   1  468.28   188.2   47.81   29.53   659.12   657.21   0   658.27  659.29
cube134cam1_41   0   0  185.38   467.05   49.86   6.0   663.28   666.89   0   664.39  668.13
cube134cam3_54   2   3  469.88   194.11   52.33   12.97   666.23   664.61   0   667.34  665.72
cube134cam2_62   1   1  462.88   185.04   48.89   9.59   657.15   658.68   0   658.17  660.08
cube135cam1_11   0   0  191.54   460.76   48.49   111.28   661.28   665.77   0   661.76  664.55
cube135cam3_24   2   3  466.1   191.42   52.16   8.04   659.99   663.79   0.3132   663.11  665.14
cube135cam2_32   1   1  465.54   188.18   49.56   6.9   659.04   654.95   0.04211   660.04  655.93
cube135cam1_41   0   0  205.21   473.27   49.24   8.27   661.56   661.51   0.25597   662.62  673.12
cube135cam3_54   2   3  475.98   192.85   50.69   7.22   663.72   665.91   0.04834   666.1  669.96
cube135cam2_62   1   1  469.84   194.25   48.8   7.73   657.29   655.1   0   656.99  654.41
cube136cam1_11   0   0  189.31   465.85   50.39   4.74   660.57   663.59   0   660.45  663.33
cube136cam3_24   2   3  465.63   192.73   52.01   9.52   660.95   665.18   0   662.14  666.01
cube136cam2_32   1   1  464.81   189.27   48.84   13.07   658.35   652.97   0.38703   659.02  654.06
cube136cam1_41   0   0  191.26   474.07   49.97   7.95   660.92   661.99   0.20335   662.82  663.77
cube136cam3_54   2   3  473.91   193.62   52.05   6.57   660.99   663.98   0   661.97  663.13
cube136cam2_62   1   1  473.41   191.4   49.01   10.79   659.05   653.0   0   659.06  653.98
cube137cam1_11   0   0  192.17   468.31   50.19   5.55   661.88   665.59   0   662.8  666.33
cube137cam3_24   2   3  468.65   188.92   51.6   5.66   664.1   667.43   0   663.83  667.86
cube137cam2_32   1   1  466.86   188.48   49.22   8.39   660.38   655.89   0   662.18  656.04
cube137cam1_41   0   0  188.73   470.81   49.43   4.72   663.87   662.75   0   665.15  661.9
cube137cam3_54   2   3  479.31   189.22   49.65   8.15   664.69   669.14   0.1539   665.98  673.69
cube137cam2_62   1   1  478.84   189.31   48.49   6.65   662.02   655.09   0.04706   665.05  656.16
cube138cam1_11   0   0  200.99   464.3   50.09   10.95   666.72   668.43   0   666.5  668.14
cube138cam3_24   2   3  470.22   192.82   51.33   8.36   664.87   669.01   0   666.9  668.57
cube138cam2_32   1   1  465.48   184.25   48.7   7.8   661.0   657.02   0.08065   663.97  658.03
cube138cam1_41   0   0  197.62   458.76   49.19   10.8   664.68   664.4   0.23548   666.94  667.86
cube138cam3_54   2   3  485.26   194.93   50.47   11.38   666.61   666.77   0.32994   667.95  668.08
cube138cam2_62   1   1  479.91   187.11   48.76   7.03   662.22   658.02   0   662.21  659.01
cube139cam1_11   0   0  192.13   467.88   49.21   4.44   662.49   666.54   0   663.49  663.27
cube139cam3_24   2   3  471.96   193.29   51.06   9.25   660.28   666.86   0   662.9  667.94
cube139cam2_32   1   1  471.22   192.11   47.48   38.4   657.71   653.8   0.28856   660.56  654.69
cube139cam1_41   0   0  192.08   465.64   50.61   11.11   659.85   664.22   0   663.09  664.8
cube139cam3_54   2   3  465.62   192.47   51.9   9.77   661.02   665.34   0.30781   662.23  668.07
cube139cam2_62   1   1  462.79   188.94   47.98   14.18   657.44   655.12   0.21042   663.88  654.04
cube140cam1_11   0   0  190.33   478.9   49.5   7.28   663.61   664.72   0   664.73  664.68
cube140cam3_24   2   3  479.09   190.69   50.23   12.07   663.0   667.15   0.04258   664.05  667.29
cube140cam2_32   1   1  479.28   189.83   47.84   60.37   657.94   657.32   0   658.09  656.36
cube140cam1_41   0   0  189.41   467.8   50.63   6.58   663.33   664.45   0   664.89  665.31
cube140cam3_54   2   3  468.65   191.99   51.57   7.74   664.35   666.51   0   665.19  668.48
cube140cam2_62   1   1  466.2   188.07   49.21   7.38   659.88   656.96   0   661.74  656.99
cube141cam1_11   0   0  195.62   465.59   50.54   8.43   666.02   665.19   0   666.14  666.01
cube141cam3_24   2   3  470.57   188.09   50.73   20.14   665.13   664.87   0   665.89  664.28
cube141cam2_32   1   1  466.53   186.22   48.87   9.12   659.03   655.02   0   659.01  656.02
cube141cam1_41   0   0  192.8   464.05   49.65   4.09   662.73   662.89   0   663.52  665.96
cube141cam3_54   2   3  478.63   187.76   49.89   10.07   663.03   665.97   0   663.13  666.93
cube141cam2_62   1   1  477.79   185.85   48.65   13.86   659.06   655.56   0.25404   662.98  657.18
cube142cam1_11   0   0  190.43   477.34   49.02   9.8   670.9   664.05   0   674.68  666.37
cube142cam3_24   2   3  485.13   190.37   50.12   10.37   670.49   665.66   0   672.81  666.22
cube142cam2_32   1   1  476.91   190.37   48.53   4.25   661.04   660.2   0.04504   662.02  664.0
cube142cam1_41   0   0  188.26   471.12   50.33   2.23   664.17   668.28   0   665.06  669.25
cube142cam3_54   2   3  472.23   192.43   51.75   7.5   666.96   666.48   0.39249   668.55  669.22
cube142cam2_62   1   1  465.67   188.32   48.87   10.59   659.42   665.16   0.26533   661.84  669.11
cube143cam1_11   0   0  190.92   473.12   49.97   25.34   659.99   664.05   0.34204   661.96  669.08
cube143cam3_24   2   3  469.64   190.77   52.36   9.03   659.23   662.92   0   662.88  663.9
cube143cam2_32   1   1  471.19   187.29   49.19   10.84   658.9   655.53   0.19088   660.99  661.63
cube143cam1_41   0   0  188.04   472.74   49.56   7.02   660.23   664.19   0.23862   661.87  670.59
cube143cam3_54   2   3  473.81   185.43   51.01   7.61   660.28   662.72   0.37027   661.99  664.98
cube143cam2_62   1   1  471.66   188.1   48.85   8.42   656.78   654.98   0.11876   659.02  655.2
cube144cam1_11   0   0  191.5   479.26   49.39   11.77   659.11   665.19   0.23984   669.61  672.93
cube144cam3_24   2   3  478.86   197.19   50.42   7.41   662.92   663.04   0.28091   665.3  666.39
cube144cam2_32   1   1  474.99   191.13   48.68   12.66   652.97   656.84   0.39212   654.89  657.86
cube144cam1_41   0   0  188.42   461.54   51.28   6.9   663.95   664.93   0   665.52  663.91
cube144cam3_54   2   3  470.18   187.43   54.37   11.06   666.9   659.94   0.35191   669.59  661.54
cube144cam2_62   1   1  458.51   188.29   49.39   6.47   655.38   654.47   0   656.77  654.47
cube145cam1_11   0   0  188.93   469.34   50.33   4.65   659.61   667.8   0.34086   660.64  667.13
cube145cam3_24   2   3  468.5   191.18   51.53   4.86   665.82   664.74   0.34261   665.95  667.14
cube145cam2_32   1   1  462.44   187.26   49.17   9.0   656.58   659.89   0.02705   672.83  673.93
cube145cam1_41   0   0  188.35   473.22   49.39   6.47   665.96   662.3   0.2348   666.02  670.24
cube145cam3_54   2   3  480.76   189.63   50.59   4.94   665.07   663.05   0   667.08  663.06
cube145cam2_62   1   1  473.77   189.7   48.75   10.16   658.32   656.9   0   658.47  662.21
cube146cam1_11   0   0  188.33   476.08   48.99   8.0   664.87   665.6   0   666.0  663.94
cube146cam3_24   2   3  480.53   188.17   50.24   5.28   666.62   663.6   0   667.98  663.2
cube146cam2_32   1   1  473.1   188.73   48.06   10.02   658.24   659.72   0   657.51  659.76
cube146cam1_41   0   0  189.0   468.67   49.37   11.81   664.0   667.24   0   666.11  667.36
cube146cam3_54   2   3  470.65   189.61   51.12   6.18   666.98   665.4   0   668.42  664.52
cube146cam2_62   1   1  463.66   188.22   49.04   9.69   657.05   660.11   0   658.02  661.19
cube147cam1_11   0   0  188.95   469.75   49.9   8.98   661.07   666.88   0.07549   664.25  667.43
cube147cam3_24   2   3  468.75   191.45   51.43   4.93   664.71   666.04   0   666.18  665.7
cube147cam2_32   1   1  464.89   187.89   48.95   8.06   656.11   659.85   0.01098   657.23  664.3
cube147cam1_41   0   0  185.04   473.69   49.25   3.92   662.71   664.85   0.19502   679.01  664.2
cube147cam3_54   2   3  480.44   187.39   50.33   5.98   666.28   662.49   0.03238   670.92  662.39
cube147cam2_62   1   1  474.69   191.11   48.26   20.22   658.36   657.56   0.23576   660.59  658.67
cube148cam1_11   0   0  189.04   475.4   49.65   17.73   663.98   666.27   0   664.9  664.7
cube148cam3_24   2   3  477.98   190.72   51.0   8.3   663.67   667.33   0   664.01  666.52
cube148cam2_32   1   1  475.34   186.42   48.89   10.14   660.04   655.97   0   661.21  656.1
cube148cam1_41   0   0  190.28   467.25   50.43   11.66   664.98   666.62   0   664.69  670.66
cube148cam3_54   2   3  467.42   193.35   51.39   14.06   663.01   669.1   0   663.97  669.96
cube148cam2_62   1   1  468.07   189.86   49.65   7.59   662.6   655.98   0   663.33  659.82
cube149cam1_11   0   0  192.38   472.37   50.59   8.65   662.99   667.67   0   663.03  665.08
cube149cam3_24   2   3  468.73   197.44   54.84   30.69   663.53   662.99   0   663.0  662.06
cube149cam2_32   1   1  459.13   181.6   49.05   24.17   655.21   658.37   0   655.98  661.21
cube149cam1_41   0   0  190.81   469.87   49.54   6.76   664.85   666.59   0   665.75  669.43
cube149cam3_54   2   3  481.96   194.89   51.08   8.52   664.99   660.14   0   665.37  660.57
cube149cam2_62   1   1  461.29   195.58   49.3   8.93   654.75   655.64   0.20675   656.37  661.94
cube150cam1_11   0   0  187.41   463.39   50.09   15.55   663.78   663.47   0.06759   666.54  663.72
cube150cam3_24   2   3  468.93   190.59   52.13   7.3   665.47   661.18   0.34254   665.12  662.01
cube150cam2_32   1   1  458.63   191.03   45.68   170.33   655.84   657.94   0.2172   659.43  659.3
cube150cam1_41   0   0  192.08   476.56   49.1   9.54   661.06   670.52   0   661.76  670.77
cube150cam3_54   2   3  468.07   194.44   50.63   11.51   663.85   663.81   0.01462   668.78  663.35
cube150cam2_62   1   1  470.99   194.4   48.61   8.79   655.27   658.2   0   655.51  657.62
cube151cam1_11   0   0  190.17   461.6   49.95   7.64   660.72   667.28   0.03969   662.68  665.36
cube151cam3_24   2   3  466.92   194.82   52.58   23.8   662.48   663.83   0.0662   663.28  668.27
cube151cam2_32   1   1  456.46   183.13   46.62   64.44   654.0   657.04   0.22593   655.02  657.05
cube151cam1_41   0   0  194.37   470.73   49.87   14.32   661.7   663.42   0   663.55  662.98
cube151cam3_54   2   3  483.63   197.9   51.04   5.03   665.99   661.21   0.36154   666.86  663.06
cube151cam2_62   1   1  460.8   194.26   48.87   9.4   655.15   655.85   0   654.73  656.34
cube152cam1_11   0   0  189.01   467.11   50.98   4.09   664.26   666.77   0   665.04  668.63
cube152cam3_24   2   3  470.46   195.82   54.07   124.23   666.8   666.59   0.28932   667.58  668.5
cube152cam2_32   1   1  462.08   187.09   48.41   31.68   657.21   660.72   0   657.75  659.66
cube152cam1_41   0   0  192.32   474.52   49.47   8.93   668.49   665.19   0   668.09  665.56
cube152cam3_54   2   3  486.0   195.83   51.48   260.85   669.35   665.52   0.36532   671.44  666.29
cube152cam2_62   1   1  461.55   196.25   48.79   12.45   658.95   659.12   0   660.06  658.6
cube153cam1_11   0   0  193.02   465.4   50.74   4.99   663.91   665.88   0.34211   665.41  668.72
cube153cam3_24   2   3  467.62   194.73   51.7   17.5   662.74   670.54   0.09615   665.53  672.18
cube153cam2_32   1   1  466.34   190.07   49.34   11.66   661.14   658.41   0.01061   659.7  662.16
cube153cam1_41   0   0  195.91   466.8   50.3   4.18   666.37   666.17   0.19586   665.88  671.69
cube153cam3_54   2   3  476.06   194.63   51.44   14.84   662.61   669.64   0.3236   664.11  671.51
cube153cam2_62   1   1  476.26   191.05   48.82   55.82   660.53   657.01   0   662.05  656.24
cube154cam1_11   0   0  188.46   464.66   50.13   15.34   666.09   662.29   0   667.13  661.44
cube154cam3_24   2   3  473.13   190.85   51.61   5.65   668.61   665.21   0   672.16  666.76
cube154cam2_32   1   1  461.77   198.19   49.15   7.58   659.06   657.91   0.01473   659.2  668.91
cube154cam1_41   0   0  190.18   477.62   49.46   6.41   662.54   664.07   0   663.72  669.78
cube154cam3_54   2   3  463.37   197.35   50.18   10.07   665.43   664.9   0   668.19  665.34
cube154cam2_62   1   1  474.36   189.6   48.53   7.87   656.97   658.11   0   657.95  671.08
cube155cam1_11   0   0  190.73   477.37   48.77   8.13   665.65   667.44   0   666.92  664.74
cube155cam3_24   2   3  480.91   190.39   50.68   8.63   665.84   663.48   0.02479   673.44  664.67
cube155cam2_32   1   1  474.91   187.05   48.27   11.59   657.95   657.22   0   658.09  658.1
cube155cam1_41   0   0  188.98   469.19   49.62   5.58   663.64   667.08   0.34779   665.0  677.15
cube155cam3_54   2   3  470.74   192.26   51.43   5.38   665.21   665.57   0   667.22  665.4
cube155cam2_62   1   1  463.48   189.23   49.01   9.88   657.11   658.97   0.23307   659.13  659.9
