cube31cam11[188.88, 474.31, 51.35, 12.11, 667, 670, 0.21626686656671665]
cube31cam12[472.31, 183.25, 51.08, 14.11, 664, 662, 0]
cube31cam13[475.06, 476.63, 51.24, 10.13, 667, 667, 0.03753753753753754]
cube31cam11[188.88, 474.31, 51.35, 12.11, 667, 670, 0.21626686656671665]
cube31cam12[472.31, 183.25, 51.08, 14.11, 664, 662, 0]
cube31cam13[475.06, 476.63, 51.24, 10.13, 667, 667, 0.03753753753753754]
cube31cam11[188.88, 474.31, 51.35, 12.11, 667, 670, 0.21626686656671665]
cube31cam12[472.31, 183.25, 51.08, 14.11, 664, 662, 0]
cube31cam13[475.06, 476.63, 51.24, 10.13, 667, 667, 0.03753753753753754]
cube31cam21[183.5, 466.56, 51.38, 29.09, 659, 659, 0]
cube31cam11[188.88, 474.31, 51.35, 12.11, 667, 670, 0.21626686656671665]
cube31cam12[472.31, 183.25, 51.08, 14.11, 664, 662, 0]
cube31cam13[475.06, 476.63, 51.24, 10.13, 667, 667, 0.03753753753753754]
cube31cam21[183.5, 466.56, 51.38, 29.09, 659, 659, 0]
cube31cam11[188.88, 474.31, 51.35, 12.11, 667, 670, 0.21626686656671665]
cube31cam12[472.31, 183.25, 51.08, 14.11, 664, 662, 0]
cube31cam13[475.06, 476.63, 51.24, 10.13, 667, 667, 0.03753753753753754]
cube31cam21[183.5, 466.56, 51.38, 29.09, 659, 659, 0]
cube31cam11[188.88, 474.31, 51.35, 12.11, 667, 670, 0.21626686656671665]
cube31cam12[472.31, 183.25, 51.08, 14.11, 664, 662, 0]
cube31cam13[475.06, 476.63, 51.24, 10.13, 667, 667, 0.03753753753753754]
cube31cam21[183.5, 466.56, 51.38, 29.09, 659, 659, 0]
cube31cam11[188.88, 474.31, 51.35, 12.11, 667, 670, 0.21626686656671665]
cube31cam12[472.31, 183.25, 51.08, 14.11, 664, 662, 0]
cube31cam13[475.06, 476.63, 51.24, 10.13, 667, 667, 0.03753753753753754]
cube31cam21[183.5, 466.56, 51.38, 29.09, 659, 659, 0]
cube31cam11[188.88, 474.31, 51.35, 12.11, 667, 670, 0.21626686656671665]
cube31cam12[472.31, 183.25, 51.08, 14.11, 664, 662, 0]
cube31cam13[475.06, 476.63, 51.24, 10.13, 667, 667, 0.03753753753753754]
cube31cam21[183.5, 466.56, 51.38, 29.09, 659, 659, 0]
cube31cam11[189.0, 474.31, 51.47, 10.55, 667, 670, 0.21626686656671665]
cube31cam12[472.19, 183.25, 51.2, 12.31, 664, 662, 0]
cube31cam13[475.19, 476.63, 51.36, 10.06, 667, 667, 0.03753753753753754]
cube31cam21[183.62, 466.5, 51.52, 33.55, 659, 659, 0]
cube31cam22[466.63, 182.25, 52.12, 13.4, 664, 658, 0.10106382978723404]
cube31cam23[473.75, 468.06, 51.52, 10.98, 658, 665, 0.11702127659574468]
cube31cam11[186.34, 468.3, 51.47, 10.55, 662.7572182437082, 663.1062485805512]
cube31cam12[473.45, 182.08, 51.2, 12.31, 665.9117541120509, 660.6230706076515]
cube31cam13[472.35, 475.76, 51.36, 10.06, 661.3167945784799, 664.025840743291]
cube31cam21[182.27, 467.03, 51.52, 33.55, 656.5813118769959, 659.7083560865312]
cube31cam22[464.84, 180.46, 52.12, 13.4, 659.6621743259594, 656.6837808215039]



cube31cam11[184.02, 465.81, 51.47, 10.55, 662.7572182437082, 663.1062485805512]
cube31cam12[472.7, 181.36, 51.2, 12.31, 665.9117541120509, 660.6230706076515]
cube31cam13[474.09, 474.0, 51.36, 10.06, 661.3167945784799, 664.025840743291]
cube31cam21[181.45, 466.16, 51.52, 33.55, 656.5813118769959, 659.7083560865312]
cube31cam22[466.35, 181.87, 52.12, 13.4, 659.6621743259594, 656.6837808215039]
cube31cam23[474.04, 467.99, 51.52, 10.98, 656.2695367660308, 661.4994468053587]
cube31cam31[183.16, 470.2, 50.78, 12.24, 660.6085566315328, 665.9715080689845]
cube31cam32[471.85, 182.9, 50.45, 83.35, 665.8771949841412, 658.603737018137]
cube31cam33[474.79, 469.52, 49.92, 10.66, 659.6186869522459, 664.7993172815873]
cube31cam11[184.02, 465.81, 51.47, 10.55, 662.7572182437082, 663.1062485805512]
cube31cam12[472.7, 181.36, 51.2, 12.31, 665.9117541120509, 660.6230706076515]
cube31cam13[474.09, 474.0, 51.36, 10.06, 661.3167945784799, 664.025840743291]
cube31cam11[184.02, 465.81, 51.47, 10.55, 662.7572182437082, 663.1062485805512]
cube31cam12[472.7, 181.36, 51.2, 12.31, 665.9117541120509, 660.6230706076515]
cube31cam13[474.09, 474.0, 51.36, 10.06, 661.3167945784799, 664.025840743291]
cube31cam11[184.02, 465.81, 51.47, 10.55, 662.7572182437082, 663.1062485805512]
cube31cam12[472.7, 181.36, 51.2, 12.31, 665.9117541120509, 660.6230706076515]
cube31cam13[474.09, 474.72, 51.36, 10.06, 661.3167945784799, 666.9171607577811]
cube31cam11[184.02, 465.64, 51.47, 10.55, 662.8288442401736, 663.3265334367165]
cube31cam12[472.7, 181.36, 51.2, 12.31, 665.9117541120509, 660.6230706076515]
cube31cam13[474.33, 474.85, 51.36, 10.06, 661.0361229448409, 667.6630768525117]
cube31cam11[184.02, 465.64, 51.47, 10.55, 662.8288442401736, 663.3265334367165]
cube31cam12[472.7, 181.36, 51.2, 12.31, 665.9117541120509, 660.6230706076515]
cube31cam13[474.33, 474.85, 51.36, 10.06, 661.0361229448409, 667.6630768525117]




cube31cam11[184.02, 465.64, 51.47, 10.55, 662.8288442401736, 663.3265334367165]
cube31cam12[472.7, 181.36, 51.2, 12.31, 665.9117541120509, 660.6230706076515]
cube31cam13[474.33, 474.85, 51.36, 10.06, 661.0361229448409, 667.6630768525117]
cube31cam11[184.02, 465.64, 51.47, 10.55, 662.8288442401736, 663.3265334367165]
cube31cam12[472.7, 181.36, 51.2, 12.31, 665.9117541120509, 660.6230706076515]
cube31cam13[474.33, 474.85, 51.36, 10.06, 661.0361229448409, 667.6630768525117]
cube31cam11[184.02, 465.64, 51.47, 10.55, 662.8288442401736, 663.3265334367165]
cube31cam12[472.7, 181.36, 51.2, 12.31, 665.9117541120509, 660.6230706076515]
cube31cam13[474.33, 474.85, 51.36, 10.06, 661.0361229448409, 667.6630768525117]
cube31cam14[469.63, 472.31, 50.92, 5.79, 666.8973953248196, 658.7044321056145]
cube31cam21[181.85, 466.54, 51.52, 33.55, 657.0260462328735, 660.9189532131244]
cube31cam22[466.51, 182.31, 52.12, 13.4, 659.4742600345396, 657.126121314069]
cube31cam23[474.04, 467.99, 51.52, 10.98, 656.2695367660308, 661.4994468053587]
cube31cam24[466.85, 473.77, 51.37, 15.22, 661.8562716839227, 656.095692738185]
cube31cam31[183.74, 469.92, 50.78, 12.24, 661.3167683854749, 664.6447714881558]
cube31cam32[471.85, 182.9, 50.45, 83.35, 665.8771949841412, 658.603737018137]
cube31cam33[474.79, 469.52, 49.92, 10.66, 659.6731051032906, 664.7243864684363]
cube31cam34[469.82, 477.2, 50.12, 18.75, 664.9800509312893, 660.8722706419019]
cube31cam11[184.02, 465.64, 51.47, 10.55, 662.82, 663.32] size(outline):662.73,663.67
cube31cam12[472.7, 181.36, 51.2, 12.31, 665.91, 660.62] size(outline):667.66,661.89
cube31cam13[474.33, 474.85, 51.36, 10.06, 661.03, 667.66] size(outline):660.70,668.02
cube31cam14[469.63, 472.31, 50.92, 5.79, 666.89, 658.70] size(outline):665.87,659.55
cube31cam21[181.85, 466.54, 51.52, 33.55, 657.02, 660.91] size(outline):658.75,661.09
cube31cam22[466.51, 182.31, 52.12, 13.4, 659.47, 657.12] size(outline):659.60,657.24
cube31cam23[474.04, 467.99, 51.52, 10.98, 656.26, 661.49] size(outline):658.32,663.41
cube31cam24[466.85, 473.77, 51.37, 15.22, 661.85, 656.09] size(outline):661.20,656.87
cube31cam31[183.74, 469.92, 50.78, 12.24, 661.31, 664.64] size(outline):661.29,664.98
cube31cam32[471.85, 182.9, 50.45, 83.35, 665.87, 658.60] size(outline):664.78,660.35
cube31cam33[474.79, 469.52, 49.92, 10.66, 659.67, 664.72] size(outline):662.52,664.57
cube31cam34[469.82, 477.2, 50.12, 18.75, 664.98, 660.87] size(outline):666.55,660.84
cube31cam11[184.02, 465.64, 51.47, 10.55, 662.8288442401736, 663.3265334367165, 0] size(outline):662.7340651566985,663.6766219957849
cube31cam11[184.02, 465.64, 51.47, 10.55, 662.8288442401736, 663.3265334367165, 0.3752545431236873] size(outline):662.7340651566985,663.6766219957849
cube31cam12[472.7, 181.36, 51.2, 12.31, 665.9117541120509, 660.6230706076515, 0] size(outline):667.6605320618161,661.8997228162195
cube31cam11[184.02, 465.64, 51.47, 10.55, 662.8288442401736, 663.3265334367165, 0] size(outline):662.7340651566985,663.6766219957849
cube31cam12[472.7, 181.36, 51.2, 12.31, 665.9117541120509, 660.6230706076515, 0] size(outline):667.6605320618161,661.8997228162195
cube21cam32[201.79, 164.22, 49.53, 60.47, 661.8980165612513, 663.5385798312276, 0.014753008018575249] size(outline):672.234556694825,661.3360700009007
cube21cam12[203.4, 163.13, 49.78, 8.81, 665.386021708887, 663.0537725016931, 0.3985606110375349] size(outline):675.800014197601,662.8072767875605
cube24cam11[195.37, 470.53, 51.04, 13.29, 661.3430207952792, 662.4897915990937, 0] size(outline):660.679696171708,662.0225100001728
cube24cam11[465.97, 470.53, 51.04, 13.29, 661.3430207952792, 662.4897915990937, 0] size(outline):660.679696171708,662.0225100001728
cube13cam11[191.47, 470.46, 48.93, 22.28, 662.2543175589076, 657.3426023013653, 0] size(outline):662.3358794069713,655.9157908609268
cube13cam12[475.74, 190.05, 48.76, 28.85, 659.321480037108, 660.4635770180469, 0] size(outline):659.8695214376623,661.5734235698496
cube13cam13[467.72, 475.85, 48.82, 13.58, 663.180207478344, 657.5806009662475, 0] size(outline):664.1288229449314,657.1043574837165
cube13cam14[473.23, 466.0, 48.89, 17.46, 659.1098237745823, 662.6403815915934, 0] size(outline):658.5654606242374,662.4229489591492
cube13cam21[192.78, 470.7, 49.13, 55.38, 659.4476381232543, 654.4143660373256, 0] size(outline):659.3699886072756,653.5791744288929
cube13cam22[471.53, 191.09, 48.74, 23.0, 654.4727484902237, 658.6840882960187, 0] size(outline):653.6366828337945,658.5080366124844
cube13cam23[466.97, 472.92, 48.71, 9.65, 659.0473086914367, 655.198373547129, 0.32618759024663607] size(outline):658.6841324003263,655.2233276920877
cube13cam24[472.84, 465.99, 48.68, 25.89, 655.5333670035301, 659.333315823171, 0] size(outline):655.4242882394487,660.2848180109157
cube13cam31[193.45, 474.7, 48.94, 49.95, 663.7527781245149, 658.7485255208246, 0] size(outline):662.7062733230589,658.3194935864984
cube13cam32[475.69, 194.32, 48.36, 40.23, 659.7932426344835, 662.9346128343366, 0] size(outline):658.7532929007428,663.5570407930859
cube13cam33[468.04, 473.06, 48.56, 33.12, 663.7451356556979, 658.3475721148466, 0.34402552208426546] size(outline):664.4771290021571,657.384638377652
cube13cam34[473.19, 469.59, 48.43, 16.2, 658.9556675521035, 661.9805299045483, 0] size(outline):657.8343446770253,661.2985270224506
cube14cam11[185.51, 466.94, 51.27, 18.21, 662.4998305396421, 658.5023528608541, 0] size(outline):662.0630991589953,657.7172183295575
cube14cam12[471.5, 183.79, 50.53, 12.76, 659.7699544768866, 661.486997333981, 0] size(outline):660.0826958301234,662.456076568712
cube14cam11[185.51, 466.94, 51.27, 18.21, 662.4998305396421, 658.5023528608541, 0] size(outline):662.0630991589953,657.7172183295575
cube14cam12[471.5, 183.79, 50.53, 12.76, 659.7699544768866, 661.486997333981, 0] size(outline):660.0826958301234,662.456076568712
cube14cam13[473.63, 471.75, 50.69, 6.99, 662.6011003775101, 657.351665601793, 0] size(outline):662.3242392387773,657.611020398537
cube14cam14[468.56, 472.22, 51.01, 12.11, 659.3860747589018, 660.7666886083595, 0] size(outline):658.729336199189,661.2003775711053
cube14cam21[186.14, 466.23, 51.46, 18.53, 658.2873630139002, 653.9316943353172, 0] size(outline):657.2206757543778,654.7471836104462
cube14cam11[185.51, 466.94, 51.27, 18.21, 662.4998305396421, 658.5023528608541, 0] size(outline):662.0630991589953,657.7172183295575
cube14cam12[471.5, 183.79, 50.53, 12.76, 659.7699544768866, 661.486997333981, 0] size(outline):660.0826958301234,662.456076568712
cube14cam13[473.63, 471.75, 50.69, 6.99, 662.6011003775101, 657.351665601793, 0] size(outline):662.3242392387773,657.611020398537
cube31cam13[474.33, 192.81, 51.36, 10.06, 661.0361229448409, 667.6630768525117, 0] size(outline):660.7071804211315,668.0236810325733
cube31cam13[473.84, 190.3, 51.36, 10.06, 660.5130089395599, 665.1487941103507, 0] size(outline):660.7071804211315,668.0236810325733
cube31cam13[186.67, 190.3, 51.36, 10.06, 660.5130089395599, 665.1487941103507, 0] size(outline):660.7071804211315,668.0236810325733
cube31cam13[473.84, 190.3, 51.36, 10.06, 660.5130089395599, 665.1487941103507, 0] size(outline):660.7071804211315,668.0236810325733
cube31cam13[473.84, 190.3, 51.36, 10.06, 660.5130089395599, 665.1487941103507, 0] size(outline):660.7071804211315,668.0236810325733
cube31cam13[474.33, 192.81, 51.36, 10.06, 661.0361229448409, 667.6630768525117, 0] size(outline):660.7071804211315,668.0236810325733
