  1   3   180.98   168.99   49.09   9.84   657.78   655.36   0.0  
  2   1   186.75   192.57   50.96   102.97   657.29   651.42   0.0  
  3   1   184.37   195.53   49.37   3.61   657.78   657.44   0.0  
  4   4   195.34   186.93   50.52   9.32   658.26   654.87   0.0  
  5   3   184.8   171.98   48.7   5.94   656.04   659.16   0.0  
  6   1   188.15   168.42   48.17   12.36   653.65   648.92   140.0  
  1   3   183.0   189.11   50.22   297.84   655.47   656.1   0.0  
  2   1   188.73   169.01   48.39   8.95   658.65   655.27   0.0  
  3   1   187.56   170.75   48.19   20.17   657.91   660.23   0.0  
  4   4   167.38   177.91   48.78   8.12   656.72   656.92   59.0  
  5   3   183.23   200.22   49.33   7.15   658.23   659.01   102.0  
  6   1   184.93   197.12   48.99   5.43   652.15   649.4   0.0  
  1   1   186.22   190.91   50.01   8.44   659.53   655.77   0.0  
  2   2   198.53   191.66   49.53   31.84   659.13   655.6   0.0  
  3   4   200.97   184.32   49.57   9.99   658.93   658.71   0.0  
  4   2   167.75   185.72   48.82   6.14   660.61   655.67   0.0  
  5   2   186.31   195.74   48.54   5.51   656.98   659.94   0.0  
  6   2   157.93   188.28   48.97   8.52   659.75   658.42   0.0  
  1   4   193.45   190.4   49.86   4.31   655.84   656.51   0.0  
  2   3   186.25   196.44   49.09   7.83   660.12   655.1   0.0  
  3   2   160.35   192.09   48.82   44.46   656.19   660.89   0.0  
  4   3   183.97   172.04   48.86   11.29   655.52   658.86   90.0  
  5   1   190.32   173.48   49.09   8.4   666.15   664.5   86.0  
  6   4   196.61   191.74   49.28   6.54   660.75   655.87   0.0  
  1   2   172.32   191.1   48.18   10.56   659.23   658.44   0.0  
  2   4   194.28   189.14   49.67   4.97   658.35   658.18   0.0  
  3   3   185.17   178.38   48.58   6.25   656.67   655.26   0.0  
  4   1   179.4   191.6   49.77   7.63   647.0   645.57   0.0  
  5   4   165.75   194.16   47.78   14.14   657.84   662.02   0.0  
  6   3   188.5   192.78   49.57   4.92   659.77   656.14   0.0  
  1   2   181.47   194.52   48.85   5.12   656.02   653.92   0.0  
  2   4   169.93   188.38   48.45   11.65   656.46   651.79   97.0  
  3   3   196.93   161.99   49.63   106.14   654.52   657.59   0.0  
  4   1   178.55   193.39   50.06   22.38   649.35   648.63   0.0  
  5   4   180.88   184.2   49.7   12.8   652.97   656.54   0.0  
  6   3   180.67   195.24   50.37   23.62   658.9   653.31   0.0  
  1   2   198.29   187.79   50.3   233.35   656.8   655.34   0.0  
  2   4   154.28   198.62   46.33   221.54   656.84   654.31   0.0  
  3   3   184.89   201.69   49.79   19.39   656.26   657.25   0.0  
  4   1   180.17   173.1   48.83   10.14   651.08   654.03   0.0  
  5   4   200.54   188.56   49.59   7.45   657.66   655.95   0.0  
  6   3   162.47   169.02   48.7   14.05   657.35   653.89   0.0  
  1   4   199.24   184.31   49.78   7.12   657.64   657.53   0.0  
  2   3   185.19   199.56   49.61   13.23   657.02   657.72   0.0  
  3   2   164.38   191.56   48.65   4.09   655.59   656.73   0.0  
  4   1   177.03   199.56   49.63   9.63   651.38   651.19   0.0  
  5   4   171.37   191.49   48.71   9.49   655.67   657.54   0.0  
  6   3   187.74   196.88   49.52   14.2   659.39   657.57   0.0  
  1   4   166.44   180.87   48.71   6.32   657.43   657.37   0.0  
  2   3   186.57   174.65   48.48   12.75   657.73   653.12   0.0  
  3   2   178.62   194.12   50.18   8.45   657.61   656.49   0.0  
  4   2   192.1   193.79   50.55   8.14   655.99   660.18   0.0  
  5   2   180.91   190.07   49.5   10.29   657.55   657.23   0.0  
  6   2   192.65   191.57   49.55   5.93   657.74   654.78   0.0  
  1   1   178.61   180.27   51.26   18.34   658.66   657.31   0.0  
  2   2   178.63   183.52   54.06   249.86   656.36   656.35   0.0  
  3   4   180.31   176.95   50.65   18.83   659.55   655.88   296.0  
  4   2   165.19   184.68   49.35   10.64   660.26   656.89   177.0  
  5   2   173.85   184.57   49.06   18.68   657.73   656.81   0.0  
  6   2   159.25   181.1   49.57   21.0   658.29   659.37   0.0  
  1   2   200.17   208.66   50.91   20.68   653.45   654.05   31.0  
  2   4   197.48   201.09   50.05   9.52   655.67   650.79   0.0  
  3   3   201.71   198.05   49.78   6.98   651.83   654.8   0.0  
  4   1   197.76   197.49   51.77   10.58   646.81   646.56   0.0  
  5   4   192.11   206.32   49.7   9.1   652.62   656.54   0.0  
  6   3   200.04   197.01   50.27   5.82   658.02   651.92   0.0  
  1   4   171.29   179.33   50.76   16.65   657.97   655.19   202.0  
  2   3   177.29   180.7   50.89   33.29   659.33   655.39   0.0  
  3   2   159.17   175.39   48.64   8.4   658.73   659.12   0.0  
  4   3   165.53   168.12   49.0   12.42   656.25   653.09   0.0  
  5   1   174.53   169.79   48.77   81.11   666.0   668.07   0.0  
  6   4   175.0   183.8   50.31   15.69   659.16   659.15   72.0  
  1   1   184.48   200.67   49.43   4.2   655.88   656.07   0.0  
  2   2   199.93   187.33   49.44   5.54   656.38   655.64   0.0  
  3   4   201.32   186.29   50.6   8.07   658.06   658.23   0.0  
  4   2   171.07   196.2   50.36   365.66   658.87   657.78   0.0  
  5   2   165.75   189.48   48.59   11.26   659.57   660.34   85.0  
  6   2   159.87   191.75   49.12   4.36   658.83   656.65   380.0  
  1   3   152.76   188.75   48.76   3.46   656.99   657.0   20.0  
  2   1   187.92   187.75   49.19   7.7   655.95   652.91   0.0  
  3   1   187.75   189.61   49.44   10.64   653.57   654.58   0.0  
  4   4   186.93   188.85   49.66   5.28   655.6   655.49   0.0  
  5   3   181.78   187.09   48.34   6.93   655.75   656.15   0.0  
  6   1   183.0   186.86   47.81   9.39   651.32   646.56   0.0  
  1   2   171.75   185.84   49.04   5.79   657.84   655.24   0.0  
  2   4   188.96   193.99   49.21   6.92   657.7   656.0   46.0  
  3   3   186.11   167.6   48.85   8.69   658.23   655.82   158.0  
  4   1   185.31   194.3   49.69   7.68   653.8   649.82   0.0  
  5   4   168.36   187.99   48.63   7.66   654.81   658.28   0.0  
  6   3   186.84   188.75   49.88   129.99   658.96   654.26   0.0  
  1   2   199.48   197.53   49.9   22.25   657.26   658.05   0.0  
  2   4   184.24   195.44   48.8   11.15   659.72   656.67   0.0  
  3   3   193.29   197.77   49.66   5.62   656.85   658.03   0.0  
  4   1   192.92   180.95   49.16   7.15   650.32   651.62   0.0  
  5   4   201.76   197.7   49.55   5.91   660.41   659.24   46.0  
  6   3   192.85   184.14   48.64   4.64   662.46   656.73   207.0  
  1   4   197.36   193.39   49.85   6.93   657.98   657.57   0.0  
  2   3   190.6   202.65   49.68   84.27   658.68   656.84   0.0  
  3   2   178.25   196.76   48.67   8.4   657.47   658.13   0.0  
  4   3   193.01   195.2   48.87   14.29   657.5   658.47   89.0  
  5   1   203.59   195.16   49.08   9.65   672.49   673.2   0.0  
  6   4   197.94   193.91   49.68   5.97   660.54   653.89   20.0  
  1   2   178.95   187.82   49.23   7.31   656.46   656.41   0.0  
  2   4   186.82   190.74   49.06   7.79   658.28   655.12   0.0  
  3   3   186.27   183.27   48.58   11.42   654.48   657.05   117.0  
  4   1   184.8   190.82   49.48   6.78   648.81   649.67   0.0  
  5   4   175.63   193.12   48.45   6.12   655.79   658.74   0.0  
  6   3   187.83   190.8   49.42   3.18   658.38   653.26   0.0  
  1   4   191.06   191.4   49.62   11.14   655.72   652.51   0.0  
  2   3   189.43   195.71   50.1   14.21   653.3   653.0   0.0  
  3   2   170.55   199.31   48.74   7.4   655.07   653.05   0.0  
  4   3   188.25   189.39   48.76   9.17   653.62   652.62   35.0  
  5   1   201.21   198.81   49.55   4.55   665.39   665.47   0.0  
  6   4   193.39   192.22   49.34   36.51   653.08   654.88   170.0  
  1   4   164.26   189.47   50.05   91.32   654.08   654.87   0.0  
  2   3   187.23   173.59   49.23   17.65   658.53   655.64   0.0  
  3   2   185.45   193.22   49.97   6.48   656.09   656.52   0.0  
  4   3   187.31   198.24   50.14   8.93   657.11   656.54   0.0  
  5   1   189.23   200.68   50.55   14.4   666.23   667.16   0.0  
  6   4   170.03   186.89   48.41   6.11   657.7   654.8   0.0  
  1   2   200.94   193.07   49.41   6.25   657.75   655.78   0.0  
  2   4   157.04   193.09   48.24   9.86   656.11   653.75   0.0  
  3   3   184.98   196.83   49.09   13.85   656.59   656.26   0.0  
  4   1   188.96   182.24   48.51   11.6   648.84   649.67   0.0  
  5   4   197.84   189.66   49.22   6.57   655.18   656.79   0.0  
  6   3   183.66   172.13   48.88   9.95   657.56   656.08   0.0  
  1   3   190.81   196.89   49.76   4.91   657.2   656.18   95.0  
  2   1   196.36   189.22   49.01   6.87   654.79   656.03   0.0  
  3   1   201.62   195.25   48.89   11.21   657.58   656.3   0.0  
  4   4   189.29   181.47   48.59   14.37   656.5   654.44   161.0  
  5   3   191.86   200.97   49.54   11.3   655.29   655.11   206.0  
  6   1   193.62   202.22   48.67   17.85   649.7   651.54   0.0  
  1   3   180.38   189.48   49.96   33.13   656.74   653.47   0.0  
  2   1   182.87   178.23   48.56   16.26   654.99   654.69   0.0  
  3   1   183.93   176.68   49.37   18.58   660.93   656.54   0.0  
  4   4   173.2   186.91   49.67   10.5   658.3   654.74   0.0  
  5   3   182.58   186.73   49.1   11.3   656.22   657.56   0.0  
  6   1   176.23   191.0   48.96   21.9   652.24   650.25   0.0  
  1   1   186.08   195.43   50.22   8.84   653.07   656.79   0.0  
  2   2   196.71   189.94   47.0   52.4   654.61   658.52   36.0  
  3   4   197.12   191.78   51.88   114.31   655.59   654.22   18.0  
  4   2   173.81   196.29   48.94   23.82   653.67   656.5   0.0  
  5   2   178.2   190.78   49.07   4.55   657.92   653.76   0.0  
  6   2   180.28   188.83   48.56   7.91   657.7   653.98   0.0  
  1   3   181.24   193.73   49.5   6.04   655.79   655.52   336.0  
  2   1   181.16   166.43   48.04   3.49   658.62   658.31   0.0  
  3   1   188.03   157.79   49.96   11.4   657.79   656.99   349.0  
  4   4   166.31   180.06   48.45   6.16   656.61   657.59   120.0  
  5   3   182.76   194.22   49.48   49.38   659.41   656.49   302.0  
  6   1   182.37   200.05   48.47   47.64   653.14   651.09   0.0  
  1   1   181.79   196.15   49.34   7.27   655.39   654.95   0.0  
  2   2   196.34   182.84   49.31   13.15   659.49   654.8   0.0  
  3   4   199.87   180.79   48.91   9.81   658.91   655.69   0.0  
  4   2   167.39   192.37   48.74   6.66   656.6   656.47   0.0  
  5   2   165.87   192.12   48.36   13.88   658.85   660.96   0.0  
  6   2   156.42   189.23   48.49   17.04   657.72   656.27   0.0  
  1   4   195.36   197.96   49.37   12.36   657.1   656.48   0.0  
  2   3   191.92   200.8   49.78   10.61   659.13   656.77   0.0  
  3   2   179.85   201.23   48.65   5.62   656.55   653.65   0.0  
  4   3   189.68   187.94   48.78   10.76   654.83   655.16   0.0  
  5   1   198.59   193.9   49.65   6.22   669.51   669.49   0.0  
  6   4   199.06   195.27   49.57   10.15   657.08   654.73   0.0  
  1   1   186.75   203.03   49.21   8.84   655.16   656.11   67.0  
  2   2   201.87   185.03   49.41   7.03   658.71   654.18   0.0  
  3   4   203.85   192.33   50.22   36.95   657.87   658.05   0.0  
  4   2   179.61   201.74   48.87   10.52   656.18   654.7   0.0  
  5   2   176.37   196.97   48.12   10.01   658.2   658.48   0.0  
  6   2   186.08   197.25   48.64   9.37   658.98   655.15   0.0  
  1   1   192.42   158.7   48.42   7.93   656.7   656.85   180.0  
  2   2   174.43   183.82   48.33   7.83   659.69   658.01   0.0  
  3   4   172.8   187.1   48.74   13.04   655.24   656.21   0.0  
  4   2   193.87   188.61   50.46   9.04   654.92   656.89   0.0  
  5   2   192.02   191.11   50.04   31.33   658.88   659.42   0.0  
  6   2   194.98   187.65   50.18   4.49   660.27   655.69   0.0  
  1   3   193.97   196.56   49.24   7.38   655.17   656.17   0.0  
  2   1   188.38   186.79   48.24   9.73   658.97   654.15   0.0  
  3   1   190.62   180.76   48.64   7.02   654.08   655.78   0.0  
  4   4   193.24   196.41   48.43   11.26   655.57   655.36   0.0  
  5   3   189.42   193.34   48.89   12.41   655.53   658.27   0.0  
  6   1   185.44   193.17   48.37   8.22   652.37   644.92   0.0  
  1   1   185.2   166.52   48.77   4.3   657.25   655.69   0.0  
  2   2   175.17   187.62   48.56   10.25   656.4   657.4   0.0  
  3   4   166.08   189.22   48.69   4.84   659.06   655.32   0.0  
  4   2   195.34   188.89   49.78   6.2   660.25   654.1   466.0  
  5   2   196.49   186.17   50.06   26.9   655.94   656.69   0.0  
  6   2   192.75   187.11   50.22   28.9   659.44   660.99   262.0  
  1   4   197.53   195.8   49.7   10.4   657.08   655.07   0.0  
  2   3   188.8   204.25   49.56   11.58   660.23   656.85   0.0  
  3   2   171.48   190.05   48.56   11.73   655.83   657.75   0.0  
  4   3   182.61   182.38   48.21   301.8   654.39   653.87   0.0  
  5   1   191.32   174.81   49.65   17.32   667.95   668.42   0.0  
  6   4   196.31   199.12   49.5   14.45   657.56   655.85   0.0  
  1   3   182.71   200.01   49.72   4.91   658.81   656.2   0.0  
  2   1   188.75   170.01   48.38   12.69   656.9   656.85   0.0  
  3   1   187.72   170.24   48.87   8.59   657.84   656.93   0.0  
  4   4   163.67   189.9   48.76   6.93   657.71   658.5   0.0  
  5   3   183.35   196.27   49.3   14.76   656.21   654.21   0.0  
  6   1   180.15   200.71   48.94   5.42   655.53   653.39   190.0  
  1   4   190.4   189.43   49.48   5.24   655.03   655.51   0.0  
  2   3   181.74   197.63   49.69   8.0   657.45   657.5   0.0  
  3   2   163.99   185.69   48.37   5.51   654.81   654.87   0.0  
  4   3   181.78   177.0   48.75   5.61   656.34   656.27   0.0  
  5   1   187.96   172.79   49.53   25.23   669.48   669.97   0.0  
  6   4   186.67   193.31   49.24   8.53   657.32   657.42   0.0  
  1   2   180.98   179.99   48.15   9.63   654.3   656.15   0.0  
  2   4   182.78   193.8   49.28   5.06   658.48   656.73   0.0  
  3   3   182.74   189.37   48.59   8.43   655.15   659.76   0.0  
  4   1   184.06   184.65   49.74   10.66   647.83   649.25   0.0  
  5   4   182.36   190.46   49.68   43.99   657.99   659.93   0.0  
  6   3   189.86   186.58   49.36   5.21   659.13   655.19   0.0  
  1   4   199.3   198.83   49.48   3.6   656.84   656.38   0.0  
  2   3   188.84   200.73   49.31   7.16   657.22   655.67   0.0  
  3   2   181.86   191.41   49.05   11.87   656.58   660.53   0.0  
  4   3   192.38   178.09   49.42   5.65   655.68   656.69   0.0  
  5   1   199.11   189.56   49.07   6.19   668.18   669.72   0.0  
  6   4   206.42   197.41   49.34   5.6   660.95   657.44   0.0  
  1   2   161.81   178.1   48.57   11.39   656.1   656.47   0.0  
  2   4   181.28   178.72   47.59   89.16   657.97   653.59   0.0  
  3   3   177.84   167.07   48.9   7.34   657.29   659.87   0.0  
  4   1   162.26   180.54   52.84   72.34   646.55   647.71   0.0  
  5   4   161.37   179.15   48.15   11.72   657.17   661.17   0.0  
  6   3   173.73   179.51   49.19   67.73   661.44   653.61   0.0  
  1   3   177.86   188.57   49.47   10.13   654.11   655.08   0.0  
  2   1   181.22   180.82   48.03   7.2   657.82   655.67   0.0  
  3   1   184.73   189.03   48.88   10.93   656.32   657.54   0.0  
  4   4   180.07   185.09   50.59   244.78   654.45   655.51   0.0  
  5   3   185.63   187.03   50.29   14.21   655.95   655.83   0.0  
  6   1   187.58   189.57   48.83   10.92   653.01   650.0   0.0  
  1   4   169.62   190.73   48.41   5.61   660.18   660.34   0.0  
  2   3   196.32   172.34   47.73   360.53   656.5   657.14   0.0  
  3   2   188.94   191.7   49.4   9.38   656.36   656.65   0.0  
  4   3   182.94   202.39   49.74   7.94   658.82   661.07   0.0  
  5   1   189.7   205.57   50.4   6.27   669.15   670.09   0.0  
  6   4   173.24   186.12   47.91   4.68   659.86   657.83   0.0  
  1   3   184.79   184.46   49.76   4.69   656.97   658.71   0.0  
  2   1   185.7   183.76   47.55   12.4   658.61   659.95   0.0  
  3   1   194.82   202.81   49.99   158.81   657.21   653.44   36.0  
  4   4   177.05   182.64   49.14   9.36   655.17   657.37   0.0  
  5   3   184.17   184.95   49.23   216.22   659.01   657.2   0.0  
  6   1   192.69   188.51   49.52   7.54   658.68   653.72   0.0  
  1   1   187.14   193.12   49.52   4.96   654.84   657.4   0.0  
  2   2   187.4   189.29   49.52   11.96   656.91   656.97   0.0  
  3   4   199.11   188.61   49.54   4.25   655.46   657.92   0.0  
  0   0   -29.69   14.43   1.44   0.0   0.0   0.0   0.0  
  4   4   -30.92   -0.64   27.46   273102.71   0.0   0.0   0.0  
  0   0   -29.69   14.43   1.44   0.0   0.0   0.0   0.0  
  5   4   -26.53   8.37   12.15   0.0   0.0   0.0   0.0  
  0   0   -22.58   16.13   1.8   0.0   0.0   0.0   0.0  
  6   4   -25.75   13.69   176.95   1218658.06   0.0   0.0   0.0  
  1   3   182.9   170.27   48.94   6.39   659.55   657.99   0.0  
  2   1   184.77   196.52   49.64   6.67   659.85   655.22   0.0  
  3   1   186.55   192.54   49.53   5.28   658.65   658.62   0.0  
  4   4   197.61   187.22   50.89   75.75   659.27   660.25   0.0  
  5   3   187.45   175.14   48.4   4.03   656.96   657.96   0.0  
  6   1   180.11   173.77   47.73   10.34   654.41   650.05   74.0  
  1   2   194.66   190.2   49.33   8.71   655.92   655.26   13.0  
  2   4   166.77   186.57   48.99   17.21   656.59   654.92   101.0  
  3   3   184.93   195.3   49.49   8.13   657.47   659.05   0.0  
  4   1   179.11   167.31   49.62   6.54   650.04   651.38   0.0  
  5   4   192.1   192.1   49.42   6.25   657.99   659.25   0.0  
  6   3   184.49   168.55   48.56   7.32   655.0   653.38   55.0  
  1   3   173.11   186.13   49.87   12.07   657.21   653.92   0.0  
  2   1   182.52   166.79   49.06   14.07   658.59   653.73   0.0  
  3   1   178.3   183.84   48.87   8.93   656.56   655.51   47.0  
  4   4   172.22   182.02   49.52   10.48   659.11   656.69   0.0  
  5   3   189.23   185.34   49.72   20.59   653.69   654.44   0.0  
  6   1   186.75   185.33   48.86   5.96   653.73   651.9   53.0  
  1   3   197.13   196.53   48.64   8.69   654.65   652.9   0.0  
  2   1   166.55   167.51   51.61   313.59   654.95   654.68   0.0  
  3   1   196.86   194.29   54.09   211.52   655.07   653.15   0.0  
  4   4   194.3   192.45   52.62   25.02   653.81   652.12   0.0  
  5   3   215.09   202.09   49.7   37.59   653.85   654.72   0.0  
  6   1   193.4   197.94   48.55   8.56   649.22   650.41   0.0  
  1   4   156.36   192.61   48.94   7.93   657.71   658.01   0.0  
  2   3   188.07   189.28   48.7   7.26   658.48   657.29   0.0  
  3   2   186.97   194.1   49.71   14.34   657.33   659.12   0.0  
  4   3   183.23   199.73   50.34   10.71   658.32   658.96   0.0  
  5   1   201.54   201.94   50.81   8.32   672.1   672.04   0.0  
  6   4   170.84   190.02   47.97   9.42   656.37   654.51   0.0  
  1   2   197.81   190.02   50.49   7.98   655.0   654.05   0.0  
  2   4   187.98   195.79   48.0   18.05   657.87   656.28   0.0  
  3   3   198.48   199.95   50.18   10.56   656.14   655.6   0.0  
  4   1   191.31   185.76   48.63   8.96   650.39   647.05   0.0  
  5   4   196.14   199.63   49.74   6.1   656.57   656.63   0.0  
  6   3   199.4   202.34   48.29   10.24   658.0   655.55   0.0  
  1   3   182.57   198.33   49.41   6.23   656.51   655.14   0.0  
  2   1   188.4   168.23   48.4   8.32   660.66   656.65   0.0  
  3   1   188.91   171.62   48.31   12.39   657.55   659.56   137.0  
  4   4   168.92   187.71   48.36   9.77   657.55   658.99   0.0  
  5   3   185.55   201.12   49.12   3.93   658.03   657.38   0.0  
  6   1   180.87   199.27   49.17   8.22   653.41   652.69   33.0  
  1   3   187.49   202.29   50.43   13.18   656.01   660.13   612.0  
  2   1   191.29   182.27   48.24   11.87   660.65   658.02   0.0  
  3   1   157.63   180.32   48.15   24.98   654.14   655.98   300.0  
  4   4   170.56   189.14   48.96   6.32   652.59   654.95   69.0  
  5   3   199.38   199.24   47.97   158.08   661.84   660.18   0.0  
  6   1   196.49   203.08   49.08   122.36   656.03   651.49   0.0  
  1   3   189.63   199.52   51.8   16.19   653.56   655.55   0.0  
  2   1   193.97   185.24   50.23   45.01   654.17   653.92   0.0  
  3   1   192.71   202.14   48.81   7.78   655.6   656.66   0.0  
  4   4   186.44   194.3   49.21   7.88   651.63   655.27   0.0  
  5   3   188.47   199.33   50.95   7.42   656.01   655.37   0.0  
  6   1   197.31   197.29   48.81   43.98   651.1   648.4   0.0  
  1   4   185.46   199.81   48.53   8.31   659.78   658.11   0.0  
  2   3   195.3   191.53   48.74   13.17   656.66   657.82   0.0  
  3   2   199.51   198.51   49.17   3.38   657.94   658.5   0.0  
  4   3   189.08   206.32   50.18   7.89   655.61   658.23   0.0  
  5   1   197.1   205.2   50.06   7.65   668.45   667.54   0.0  
  6   4   184.81   200.53   47.57   100.69   654.41   653.1   0.0  
  1   3   187.09   199.32   49.69   7.54   656.46   656.63   0.0  
  2   1   184.94   172.17   48.43   10.13   655.24   656.25   0.0  
  3   1   187.55   181.48   48.86   4.96   655.58   656.6   0.0  
  4   4   163.34   189.03   49.75   136.31   656.17   658.35   0.0  
  5   3   186.68   196.46   49.13   6.54   654.3   657.05   69.0  
  6   1   191.49   198.48   48.98   10.63   655.02   653.41   0.0  
  1   3   180.08   177.18   48.37   6.89   656.85   654.79   0.0  
  2   1   186.17   195.58   48.85   13.53   657.45   656.66   0.0  
  3   1   192.75   198.63   49.46   26.23   656.28   657.94   0.0  
  4   4   190.63   188.15   49.92   6.55   654.56   653.74   0.0  
  5   3   185.52   176.07   48.48   7.73   656.3   657.87   0.0  
  6   1   190.03   188.59   47.9   11.86   655.07   652.37   0.0  
  1   4   162.38   192.85   48.4   9.14   660.54   657.5   28.0  
  2   3   184.85   172.59   48.35   4.88   656.49   655.39   0.0  
  3   2   193.63   193.94   49.16   11.69   656.88   658.11   0.0  
  4   3   185.46   201.52   49.79   10.03   659.92   659.32   0.0  
  5   1   193.02   202.55   50.16   8.16   670.01   671.96   0.0  
  6   4   169.81   194.81   48.15   4.48   657.48   656.37   0.0  
  1   4   190.79   188.68   49.29   4.74   655.31   656.4   0.0  
  2   3   184.7   199.05   49.22   9.85   658.93   656.96   0.0  
  3   2   156.21   194.13   48.83   10.64   657.56   656.94   0.0  
  4   3   184.77   172.79   48.79   9.53   654.32   653.24   0.0  
  5   1   195.79   181.52   49.22   9.7   667.83   669.89   0.0  
  6   4   199.63   186.72   48.9   4.77   660.78   655.86   0.0  
  1   1   193.06   203.65   49.34   3.39   655.43   655.11   0.0  
  2   2   202.59   193.92   49.34   6.4   658.31   654.8   0.0  
  3   4   202.94   191.2   49.33   37.88   654.8   656.41   0.0  
  4   2   186.85   203.04   49.11   8.34   658.24   658.42   0.0  
  5   2   182.69   198.28   48.49   11.82   656.46   657.66   0.0  
  6   2   179.18   199.73   49.02   8.75   660.31   655.61   13.0  
  1   1   189.3   191.89   50.37   21.45   653.94   655.65   52.0  
  2   2   186.86   183.42   49.36   7.09   656.35   652.04   0.0  
  3   4   187.19   184.5   49.92   11.11   652.58   656.3   0.0  
  4   2   190.93   201.81   48.68   5.58   651.03   654.54   0.0  
  5   2   177.74   192.34   47.79   50.59   653.12   657.56   0.0  
  6   2   174.32   192.04   48.78   8.47   659.56   653.82   0.0  
  1   2   194.6   187.89   50.4   18.01   656.58   652.94   0.0  
  2   4   173.76   197.59   49.28   9.55   653.36   652.13   0.0  
  3   3   190.25   197.22   49.73   24.61   658.33   653.03   0.0  
  4   1   192.72   176.01   49.84   25.6   651.87   647.24   0.0  
  5   4   196.73   193.58   50.8   37.65   656.49   655.3   0.0  
  6   3   192.86   177.62   49.2   5.43   656.08   656.42   0.0  
  1   1   184.37   194.75   49.73   4.92   656.31   653.36   22.0  
  2   2   198.47   191.41   49.38   5.58   659.59   654.86   0.0  
  3   4   200.87   184.95   49.32   4.5   656.44   657.99   0.0  
  4   2   163.43   190.5   48.51   12.08   655.07   656.24   0.0  
  5   2   171.8   190.86   48.31   6.63   660.09   660.85   0.0  
  6   2   163.35   189.03   48.67   10.72   655.36   651.29   0.0  
  1   2   195.75   187.94   49.34   5.12   657.41   657.8   0.0  
  2   4   163.45   161.35   49.24   9.61   656.94   654.75   0.0  
  3   3   183.47   196.95   51.8   36.08   654.87   656.55   0.0  
  4   1   180.07   172.21   48.31   8.23   652.85   651.04   0.0  
  5   4   189.55   192.44   50.08   15.93   657.36   658.46   93.0  
  6   3   185.89   169.92   49.66   6.88   659.28   656.64   0.0  
  1   2   208.1   196.91   49.3   8.6   654.73   658.67   0.0  
  2   4   189.74   202.12   49.57   6.51   654.61   658.9   0.0  
  3   3   201.61   211.49   49.17   9.62   659.17   654.89   0.0  
  4   1   172.89   166.92   53.94   25.55   646.85   650.86   0.0  
  5   4   201.01   198.36   49.24   7.08   659.14   656.08   0.0  
  6   3   207.89   193.77   52.79   27.47   661.35   658.27   0.0  
  1   4   174.28   180.45   51.3   13.13   658.04   656.56   0.0  
  2   3   174.88   184.4   50.85   168.86   660.87   654.33   0.0  
  3   2   159.49   187.57   49.25   35.35   656.97   658.33   0.0  
  4   3   173.31   171.58   49.36   10.92   659.58   656.45   0.0  
  5   1   181.69   176.23   50.01   10.72   667.36   672.27   0.0  
  6   4   176.29   181.82   49.61   6.21   659.33   652.43   0.0  
  1   2   194.67   187.91   49.49   6.57   654.45   654.57   0.0  
  2   4   162.28   192.76   48.49   5.12   657.82   655.01   0.0  
  3   3   185.77   196.11   50.0   88.53   655.22   654.91   36.0  
  4   1   180.51   173.02   48.08   12.6   647.35   648.87   0.0  
  5   4   195.11   191.65   49.31   4.74   656.34   657.77   60.0  
  6   3   187.36   171.03   47.95   5.81   659.13   654.3   171.0  
  1   1   195.72   184.74   49.15   5.52   659.09   657.53   24.0  
  2   2   199.14   198.13   48.25   6.17   661.78   661.2   20.0  
  3   4   177.79   196.29   48.79   2.19   657.98   656.71   0.0  
  4   2   201.31   195.24   50.27   6.59   660.47   660.68   0.0  
  5   2   199.43   195.79   49.6   15.97   656.46   659.29   45.0  
  6   2   200.7   186.3   50.17   21.87   662.16   657.93   0.0  
  1   3   179.96   194.61   49.85   21.31   656.13   658.85   0.0  
  2   1   190.6   164.69   49.03   5.65   658.13   660.92   0.0  
  3   1   186.33   184.04   48.58   8.01   656.86   661.16   0.0  
  4   4   175.22   190.61   49.56   9.14   654.73   659.89   0.0  
  5   3   174.84   192.94   49.85   13.02   659.93   654.79   0.0  
  6   1   181.86   195.16   47.73   51.58   656.51   649.99   0.0  
  1   4   198.73   194.18   49.82   11.5   659.63   655.79   0.0  
  2   3   185.91   198.28   49.12   39.24   653.62   653.11   0.0  
  3   2   161.29   191.58   48.93   26.26   657.36   654.21   0.0  
  4   3   190.05   172.9   48.86   14.37   655.38   650.13   61.0  
  5   1   188.8   174.57   49.5   5.18   665.72   670.69   51.0  
  6   4   198.49   194.76   49.57   8.57   659.56   659.73   0.0  
  1   3   184.54   181.26   48.91   7.42   657.39   657.88   0.0  
  2   1   195.34   202.49   49.94   10.67   656.24   656.77   0.0  
  3   1   191.73   202.67   50.44   6.62   660.35   662.93   0.0  
  4   4   193.73   192.2   50.39   20.47   656.5   659.13   0.0  
  5   3   193.98   186.36   48.54   7.54   659.82   656.53   0.0  
  6   1   189.11   180.28   48.22   14.16   652.91   649.75   0.0  
  1   2   175.95   171.47   49.59   10.94   653.35   651.85   0.0  
  2   4   171.16   188.2   51.73   193.91   658.32   648.91   0.0  
  3   3   151.47   185.07   48.12   136.99   652.75   654.19   0.0  
  4   1   175.42   172.82   50.11   21.41   650.23   648.41   0.0  
  5   4   177.97   178.78   50.52   101.4   650.99   660.87   0.0  
  6   3   186.69   171.6   50.9   14.06   661.7   655.53   0.0  
  1   4   187.78   205.52   48.63   6.77   659.98   659.49   0.0  
  2   3   200.1   194.63   49.06   8.96   661.34   662.02   0.0  
  3   2   201.13   195.14   50.58   7.69   657.71   655.05   0.0  
  4   3   191.47   206.1   49.76   3.18   655.55   656.55   0.0  
  5   1   196.15   208.47   49.87   9.67   667.92   668.76   280.0  
  6   4   186.22   204.28   48.05   5.1   659.9   659.63   0.0  
  1   3   180.58   197.04   49.73   32.1   653.06   658.09   0.0  
  2   1   194.39   180.39   48.15   7.15   655.27   658.57   0.0  
  3   1   195.85   182.15   48.9   3.7   654.21   656.09   0.0  
  4   4   178.55   198.58   49.36   4.14   656.37   660.69   0.0  
  5   3   180.66   195.97   49.45   10.02   657.01   654.57   0.0  
  6   1   179.46   196.74   48.33   54.55   650.74   647.83   0.0  
  1   3   187.35   173.01   48.86   8.39   656.28   657.29   313.0  
  2   1   185.85   198.72   49.48   10.87   658.44   658.36   353.0  
  3   1   188.01   198.91   49.85   9.87   658.19   657.14   13.0  
  4   4   195.46   185.22   50.03   13.82   653.17   653.63   0.0  
  5   3   186.28   172.74   48.61   11.69   657.88   659.75   0.0  
  6   1   186.66   171.52   48.3   16.01   657.47   654.55   0.0  
  1   3   185.92   200.26   49.03   5.24   656.02   656.81   0.0  
  2   1   179.34   177.12   48.05   10.79   654.74   652.52   0.0  
  3   1   186.44   169.44   48.5   8.76   654.21   656.14   0.0  
  4   4   169.06   189.53   48.61   12.66   658.33   660.8   0.0  
  5   3   187.56   193.25   48.81   9.36   655.31   655.32   0.0  
  6   1   180.31   199.11   48.96   4.14   652.14   650.55   0.0  
  1   2   168.18   190.67   48.83   12.31   656.45   657.07   0.0  
  2   4   195.77   189.86   50.72   23.16   659.69   660.34   0.0  
  3   3   186.82   165.93   49.11   4.85   658.27   658.66   0.0  
  4   1   177.95   197.06   50.48   208.52   648.56   647.97   0.0  
  5   4   166.19   194.96   48.58   3.95   659.65   659.86   0.0  
  6   3   182.95   196.85   50.0   6.59   659.62   656.83   0.0  
  1   2   186.54   187.91   48.38   9.61   657.48   655.22   0.0  
  2   4   184.08   192.4   49.43   14.37   655.39   652.35   0.0  
  3   3   189.22   189.2   48.02   14.08   657.94   653.27   0.0  
  4   1   186.56   186.61   49.59   5.42   651.44   647.86   0.0  
  5   4   184.49   167.16   49.01   9.51   654.72   657.2   0.0  
  6   3   190.0   186.42   50.55   633.09   657.26   656.37   0.0  
  1   4   196.62   187.62   49.93   8.22   658.96   657.5   0.0  
  2   3   183.52   196.18   50.3   8.72   656.52   653.83   0.0  
  3   2   149.26   195.51   48.99   8.3   657.69   657.99   0.0  
  4   3   185.2   165.53   49.1   24.75   657.7   653.73   0.0  
  5   1   187.09   175.64   49.77   15.73   666.74   669.08   0.0  
  6   4   193.99   184.81   49.07   4.77   654.1   652.01   0.0  
  1   4   186.39   196.74   48.71   12.21   653.54   653.54   0.0  
  2   3   193.23   189.26   49.07   9.73   655.63   654.74   0.0  
  3   2   202.51   193.28   54.2   285.35   656.25   656.75   0.0  
  4   3   193.43   202.74   49.54   98.83   655.4   654.7   0.0  
  5   1   192.11   200.63   52.09   10.9   668.01   664.18   0.0  
  6   4   186.12   198.42   49.12   5.05   657.29   652.95   0.0  
  1   1   190.35   177.7   49.58   12.03   656.86   657.57   24.0  
  2   2   183.95   190.24   52.37   142.41   655.2   652.9   0.0  
  3   4   183.98   190.15   49.65   11.76   658.2   659.68   0.0  
  4   2   174.68   175.57   48.66   5.72   653.96   657.71   356.0  
  5   2   179.75   183.35   48.41   12.73   655.58   654.77   402.0  
  6   2   183.08   181.62   49.25   9.75   660.3   657.44   0.0  
  1   3   183.55   190.41   49.73   9.26   659.46   655.78   0.0  
  2   1   189.46   191.9   47.0   159.74   660.12   654.77   0.0  
  3   1   183.81   163.61   48.47   30.74   660.22   656.12   147.0  
  4   4   172.44   177.79   48.71   28.86   658.4   656.33   0.0  
  5   3   188.3   193.18   50.43   42.41   655.8   658.18   0.0  
  6   1   183.76   191.49   48.83   5.63   655.47   651.37   0.0  
  1   1   182.27   173.67   48.09   8.03   659.83   655.46   0.0  
  2   2   177.72   183.41   48.31   7.06   656.45   653.66   0.0  
  3   4   170.59   185.38   48.21   5.36   656.36   656.15   0.0  
  4   2   185.83   192.18   49.66   6.85   657.82   656.35   0.0  
  5   2   190.42   189.47   49.16   4.73   655.16   657.73   0.0  
  6   2   194.37   189.84   49.22   8.0   658.19   658.09   0.0  
  1   1   192.35   187.64   52.39   374.66   660.16   654.92   0.0  
  2   2   184.28   197.85   50.23   81.81   658.09   655.79   0.0  
  3   4   186.54   187.23   51.57   16.98   659.53   656.75   0.0  
  4   2   186.43   190.71   49.53   8.03   661.54   661.19   112.0  
  5   2   204.52   183.86   48.28   14.59   655.87   656.24   0.0  
  6   2   180.85   169.45   49.14   2.94   660.01   659.84   262.0  
  1   3   191.54   201.24   49.88   4.58   659.43   656.18   0.0  
  2   1   196.56   187.85   48.67   8.21   658.22   654.35   0.0  
  3   1   198.25   191.92   48.78   9.15   659.27   655.44   0.0  
  4   4   185.84   194.68   48.69   9.72   654.82   654.0   0.0  
  5   3   195.42   202.58   49.2   6.72   658.85   661.07   0.0  
  6   1   194.1   202.03   49.72   80.55   655.07   651.24   0.0  
  1   1   189.05   172.05   48.61   9.32   656.79   655.44   0.0  
  2   2   177.1   180.82   48.85   5.36   657.9   653.5   0.0  
  3   4   171.73   188.23   48.71   11.11   656.63   656.69   0.0  
  4   2   197.57   188.53   49.83   5.62   655.63   653.72   0.0  
  5   2   191.33   191.85   49.2   6.63   657.27   658.02   0.0  
  6   2   195.96   187.58   49.73   8.35   658.26   654.06   0.0  
  1   2   185.32   189.06   49.42   3.71   656.3   655.33   0.0  
  2   4   165.0   187.72   50.32   95.35   661.23   656.93   0.0  
  3   3   186.94   200.25   49.36   8.75   660.42   659.94   108.0  
  4   1   167.15   176.32   48.54   7.03   651.12   653.07   0.0  
  5   4   193.56   191.37   49.44   8.69   658.33   658.92   0.0  
  6   3   185.93   170.72   48.55   25.95   659.05   654.06   0.0  
  1   1   193.74   186.51   48.87   10.82   655.04   655.45   0.0  
  2   2   177.57   183.6   48.81   7.78   657.07   652.31   0.0  
  3   4   178.66   186.96   48.86   8.59   653.49   656.68   0.0  
  4   2   192.64   194.03   51.38   48.3   656.45   656.69   0.0  
  5   2   187.7   186.95   50.54   11.58   654.35   657.1   0.0  
  6   2   191.33   189.7   51.38   16.26   660.08   653.41   0.0  
  1   1   186.35   199.86   49.59   6.91   659.33   656.36   0.0  
  2   2   198.34   183.35   49.07   8.67   655.43   652.97   0.0  
  3   4   200.73   189.37   49.69   5.23   656.14   660.33   0.0  
  4   2   164.15   196.17   49.01   13.38   654.8   661.78   0.0  
  5   2   166.79   187.66   48.57   8.02   658.54   653.52   0.0  
  6   2   166.32   187.73   49.0   6.6   660.57   653.83   0.0  
  1   3   193.14   197.7   50.25   13.69   659.28   656.88   0.0  
  2   1   183.0   169.34   48.28   15.62   656.72   655.64   0.0  
  3   1   185.71   176.46   48.76   7.51   656.19   652.65   0.0  
  4   4   187.56   191.48   48.48   7.52   659.53   660.3   0.0  
  5   3   186.14   199.12   49.22   7.17   656.61   653.91   85.0  
  6   1   180.12   191.11   49.23   6.15   652.09   647.22   0.0  
  1   3   195.04   193.76   52.1   38.62   660.66   656.11   0.0  
  2   1   193.09   181.05   48.67   14.83   660.75   653.96   0.0  
  3   1   190.19   184.26   48.84   11.09   658.24   661.31   0.0  
  4   4   198.12   196.95   49.61   11.79   656.86   666.52   0.0  
  5   3   192.39   195.95   52.1   101.73   660.47   656.18   0.0  
  6   1   187.67   191.76   50.22   13.5   660.13   647.73   0.0  
  1   3   189.26   173.16   48.78   14.44   664.57   662.7   0.0  
  2   1   193.36   199.88   49.64   19.65   658.61   662.08   0.0  
  3   1   192.25   197.12   49.98   7.84   656.99   649.71   0.0  
  4   4   197.91   187.66   50.18   5.42   656.76   659.25   34.0  
  5   3   187.34   170.41   48.05   5.76   657.43   659.18   0.0  
  6   1   184.74   171.82   48.17   16.95   654.25   651.32   0.0  
  1   1   188.32   195.44   51.34   8.49   657.29   655.63   0.0  
  2   2   195.45   183.57   49.92   8.07   657.13   652.33   124.0  
  3   4   193.18   190.04   51.29   33.17   654.67   656.99   0.0  
  4   2   174.83   200.97   49.21   10.84   652.02   658.73   0.0  
  5   2   169.2   193.88   49.06   8.54   655.82   655.84   0.0  
  6   2   170.96   191.42   50.04   153.45   658.28   651.38   0.0  
  1   2   185.26   183.83   48.84   3.99   656.32   653.6   0.0  
  2   4   177.66   198.71   51.29   19.48   655.53   652.64   0.0  
  3   3   178.0   186.78   48.89   10.42   655.69   653.85   0.0  
  4   1   185.33   181.22   52.9   17.67   649.65   645.17   0.0  
  5   4   202.53   189.24   48.44   8.28   655.98   655.95   0.0  
  6   3   195.97   176.24   54.05   182.88   658.52   655.21   0.0  
  1   1   183.01   190.69   49.2   40.91   653.98   657.66   122.0  
  2   2   191.49   182.83   49.43   7.63   655.1   655.19   0.0  
  3   4   187.34   185.59   49.14   16.1   655.11   666.21   0.0  
  4   2   177.14   191.33   52.71   19.75   652.71   656.37   0.0  
  5   2   178.43   192.4   51.83   27.57   660.55   656.97   202.0  
  6   2   181.29   190.0   51.24   13.06   655.01   649.64   0.0  
  1   2   182.6   192.5   53.27   283.34   659.54   658.18   0.0  
  2   4   181.39   188.08   48.76   9.41   656.72   656.1   0.0  
  3   3   184.84   187.4   49.78   6.37   655.03   655.61   0.0  
  4   1   184.02   185.14   48.15   7.7   649.62   651.85   0.0  
  5   4   184.85   195.19   49.62   11.41   656.84   656.39   0.0  
  6   3   181.88   183.67   48.72   9.28   658.03   655.53   0.0  
  1   1   190.78   197.83   50.12   9.05   658.18   658.0   0.0  
  2   2   192.1   190.66   50.26   8.8   657.84   657.39   0.0  
  3   4   197.9   195.29   51.77   185.61   660.99   657.02   0.0  
  4   2   171.49   186.58   49.0   12.29   656.76   656.03   0.0  
  5   2   177.17   183.38   48.48   5.22   657.7   657.44   37.0  
  6   2   163.2   194.58   49.2   4.96   663.28   660.73   0.0  
  1   4   195.85   194.71   49.99   15.46   659.31   659.59   0.0  
  2   3   197.99   194.57   49.92   7.62   658.25   657.98   0.0  
  3   2   181.13   197.79   48.4   7.19   656.85   657.03   0.0  
  4   3   190.39   191.07   49.19   9.93   660.12   660.27   0.0  
  5   1   192.25   199.45   49.15   13.7   670.1   672.94   0.0  
  6   4   196.2   194.14   49.09   5.43   656.33   655.12   0.0  
  1   3   187.17   190.14   49.7   43.3   655.82   653.69   0.0  
  2   1   182.89   155.02   46.8   84.34   655.07   654.31   0.0  
  3   1   185.24   170.94   48.49   4.58   658.27   658.31   0.0  
  4   4   184.73   158.67   48.36   9.7   656.69   654.56   0.0  
  5   3   179.71   188.33   49.64   24.58   656.65   657.33   70.0  
  6   1   188.17   189.19   50.42   116.28   655.99   653.36   0.0  
  1   1   186.68   196.07   49.58   10.62   654.57   655.87   0.0  
  2   2   200.91   190.73   49.52   11.33   657.27   658.63   0.0  
  3   4   199.89   188.24   49.64   10.84   656.34   653.03   0.0  
  4   2   185.94   196.74   48.72   8.9   659.01   660.35   233.0  
  5   2   180.22   192.26   48.58   18.14   659.31   657.16   0.0  
  6   2   182.81   195.66   49.06   4.54   657.87   659.16   0.0  
  1   3   180.42   178.59   50.22   340.11   658.96   657.97   0.0  
  2   1   184.96   197.91   49.67   10.56   661.46   657.52   132.0  
  3   1   186.39   187.77   50.21   25.24   657.67   659.36   0.0  
  4   4   192.07   186.9   50.17   7.15   657.09   655.95   105.0  
  5   3   186.41   176.64   48.47   6.92   662.57   660.56   0.0  
  6   1   175.06   175.99   48.06   6.07   655.08   652.3   0.0  
  1   2   184.65   192.21   49.65   8.99   654.12   652.6   0.0  
  2   4   188.46   191.32   50.19   11.67   654.51   653.63   0.0  
  3   3   192.98   185.39   49.05   7.01   655.68   653.37   0.0  
  4   1   174.74   193.87   50.42   12.65   647.86   648.34   0.0  
  5   4   176.24   193.18   48.9   5.62   652.16   652.24   0.0  
  6   3   188.42   185.3   50.14   9.79   656.23   656.24   0.0  
  1   2   167.48   189.04   48.3   9.42   656.85   655.27   0.0  
  2   4   193.2   190.23   49.39   3.56   655.4   655.52   0.0  
  3   3   189.38   182.58   48.18   6.89   657.43   656.67   0.0  
  4   1   182.59   196.93   49.46   13.04   652.87   652.42   0.0  
  5   4   169.34   190.62   48.3   9.87   657.12   656.62   0.0  
  6   3   191.14   195.52   49.2   7.21   654.33   653.0   0.0  
  1   2   182.54   186.86   49.11   10.45   653.63   656.02   0.0  
  2   4   178.0   190.88   48.6   7.76   652.61   656.14   0.0  
  3   3   187.99   187.77   51.11   69.29   655.54   653.19   0.0  
  4   1   179.24   181.4   48.65   13.4   645.06   645.87   0.0  
  5   4   183.37   191.78   49.2   7.08   655.43   655.32   0.0  
  6   3   190.17   190.47   49.31   9.49   656.56   656.22   0.0  
  1   4   171.64   185.75   48.89   5.12   660.28   656.39   0.0  
  2   3   178.76   176.32   48.06   19.05   657.0   652.83   86.0  
  3   2   193.84   190.31   49.88   32.42   656.01   660.07   0.0  
  4   3   186.7   193.39   49.6   8.41   656.61   656.77   0.0  
  5   1   192.39   192.62   50.05   4.99   666.44   667.11   0.0  
  6   4   159.47   195.71   48.49   6.43   660.13   656.48   0.0  
  1   2   175.47   188.27   48.39   7.67   655.5   655.7   0.0  
  2   4   197.24   197.23   49.4   6.47   657.12   657.07   0.0  
  3   3   201.98   176.05   49.37   13.81   656.7   658.14   0.0  
  4   1   184.33   205.64   49.85   5.18   652.76   655.08   0.0  
  5   4   185.34   195.8   48.61   4.05   658.27   654.95   8.0  
  6   3   193.83   202.47   48.33   98.69   659.39   658.71   0.0  
  1   1   186.84   193.72   49.69   8.51   655.71   659.79   0.0  
  2   2   190.44   195.06   48.49   19.03   657.74   660.32   0.0  
  3   4   208.82   196.33   48.65   10.61   657.82   655.42   0.0  
  4   2   192.13   202.01   53.29   24.2   654.54   657.72   0.0  
  5   2   194.47   196.66   49.23   67.62   662.59   658.59   0.0  
  6   2   192.93   200.82   51.86   40.69   658.69   654.74   0.0  
  1   1   192.06   187.03   48.84   9.16   647.61   654.23   0.0  
  2   2   172.63   188.58   48.42   16.41   652.42   650.68   0.0  
  3   4   176.52   191.79   48.95   8.33   650.86   651.3   0.0  
  4   2   185.24   193.47   52.66   173.25   653.24   655.42   0.0  
  5   2   190.87   185.6   50.27   12.96   651.55   649.36   0.0  
  6   2   190.89   191.73   49.65   57.04   655.5   652.66   0.0  
  1   4   195.71   199.7   49.71   19.89   658.97   655.84   68.0  
  2   3   201.11   202.53   50.83   12.95   657.67   655.17   213.0  
  3   2   191.03   208.32   48.81   3.61   656.96   652.41   0.0  
  4   3   196.56   194.82   48.8   8.07   656.22   651.23   0.0  
  5   1   209.66   211.8   49.27   4.64   667.14   669.91   530.0  
  6   4   203.2   202.7   50.07   14.6   658.48   659.51   295.0  
  1   4   184.03   188.8   48.65   8.84   654.77   655.16   0.0  
  2   3   185.33   188.15   52.08   311.91   657.03   657.34   0.0  
  3   2   184.01   193.68   49.41   6.6   656.19   654.72   0.0  
  4   3   189.7   195.09   50.36   6.85   656.74   660.41   0.0  
  5   1   188.48   196.43   51.38   106.35   668.62   666.53   0.0  
  6   4   185.71   175.45   48.24   5.0   660.16   655.06   0.0  
  1   4   199.27   196.96   50.11   9.3   659.33   657.28   0.0  
  2   3   191.49   198.57   49.54   10.61   656.63   655.29   0.0  
  3   2   180.77   197.98   48.51   10.31   654.38   655.53   0.0  
  4   3   192.14   191.29   49.22   16.94   654.45   656.28   0.0  
  5   1   201.14   196.7   50.27   100.26   666.37   666.37   0.0  
  6   4   194.22   197.15   49.16   7.0   655.8   651.95   0.0  
  1   4   182.0   174.26   50.37   77.71   660.79   657.44   214.0  
  2   3   178.69   186.53   54.55   231.48   659.69   657.2   0.0  
  3   2   164.44   174.61   45.41   458.13   659.63   658.33   0.0  
  4   4   162.73   186.28   48.74   6.41   657.89   656.92   0.0  
  5   3   182.94   197.72   49.23   7.5   656.0   657.03   0.0  
  6   1   182.06   194.21   49.22   11.1   654.95   654.86   0.0  
  1   1   187.04   163.84   48.64   4.73   658.31   662.2   0.0  
  2   2   182.8   182.94   48.68   5.03   656.56   658.57   0.0  
  3   4   176.86   173.48   48.89   8.2   657.62   654.92   0.0  
  4   2   198.26   187.88   51.12   41.6   655.53   656.65   0.0  
  5   2   196.25   190.62   49.78   27.41   659.87   654.45   0.0  
  6   2   188.58   191.12   50.89   30.32   659.99   658.72   0.0  
  1   1   185.75   193.87   49.55   4.2   659.35   658.49   0.0  
  2   2   191.95   185.94   49.28   14.05   656.61   656.94   0.0  
  3   4   193.83   188.14   49.08   6.57   660.21   657.33   0.0  
  4   2   167.15   188.82   49.23   10.33   658.14   658.95   0.0  
  5   2   167.32   185.3   48.71   6.81   658.56   660.03   0.0  
  6   2   167.91   189.34   48.57   18.67   660.52   655.96   0.0  
  1   2   201.1   189.65   50.16   8.08   656.0   656.84   0.0  
  2   4   158.83   195.72   48.72   7.44   657.95   656.38   0.0  
  3   3   200.0   195.96   50.27   12.87   659.26   658.47   0.0  
  4   1   190.64   168.8   48.16   9.76   650.46   653.48   0.0  
  5   4   204.92   200.12   49.93   8.08   661.31   659.71   0.0  
  6   3   181.38   188.76   49.23   219.2   659.19   656.96   0.0  
  1   1   180.32   169.06   48.17   15.75   657.85   651.41   0.0  
  2   2   167.56   181.8   48.17   24.25   655.93   653.95   0.0  
  3   4   167.26   179.53   48.95   5.54   658.57   653.42   0.0  
  4   2   177.98   184.87   52.34   113.6   660.23   657.49   0.0  
  5   2   176.9   178.79   50.77   10.61   655.97   653.91   0.0  
  6   2   174.18   177.8   51.14   12.79   654.82   656.26   106.0  
  1   2   181.58   191.58   48.75   7.52   652.22   657.93   483.0  
  2   4   187.42   193.51   51.03   7.98   654.78   654.97   186.0  
  3   3   181.43   192.05   48.76   17.59   656.34   655.09   222.0  
  4   1   187.05   184.58   49.13   321.78   642.85   647.6   151.0  
  5   4   187.64   172.55   48.76   8.08   660.27   656.02   225.0  
  6   3   192.56   185.59   51.33   14.08   659.01   655.55   340.0  
  1   3   174.47   175.43   48.6   12.13   654.4   657.23   58.0  
  2   1   181.31   190.22   50.01   5.9   655.74   651.31   0.0  
  3   1   180.32   192.68   49.5   8.63   655.23   659.54   0.0  
  4   4   188.14   182.69   50.07   7.57   653.26   653.16   0.0  
  5   3   174.9   176.26   48.42   12.68   654.01   659.11   0.0  
  6   1   182.8   175.2   48.1   11.29   655.35   646.59   0.0  
  1   2   200.44   185.07   49.17   12.15   658.07   655.05   0.0  
  2   4   192.44   200.41   51.21   4.52   655.04   649.95   0.0  
  3   3   195.34   196.68   49.24   126.31   654.1   658.49   0.0  
  4   1   196.22   181.7   53.48   20.07   649.15   649.93   0.0  
  5   4   189.22   197.47   48.56   11.58   653.7   658.44   0.0  
  6   3   203.59   192.19   50.18   22.31   654.49   646.85   0.0  
  1   3   202.75   195.86   49.17   11.91   658.9   654.52   0.0  
  2   1   202.45   202.96   49.5   9.91   658.77   653.01   0.0  
  3   1   197.41   201.11   50.69   33.03   657.54   654.79   0.0  
  4   4   201.39   200.97   49.95   21.38   658.61   657.78   0.0  
  5   3   203.29   204.08   48.63   12.99   656.51   658.47   0.0  
  6   1   201.69   197.5   48.42   9.38   653.26   654.5   0.0  
  1   4   179.35   176.4   48.61   8.1   655.9   661.26   80.0  
  2   3   189.51   178.11   48.59   9.33   658.62   659.73   0.0  
  3   2   197.26   200.72   50.05   5.67   660.12   660.34   0.0  
  4   3   192.02   181.69   50.99   10.81   654.57   661.49   0.0  
  5   1   194.14   204.44   50.2   21.86   672.41   668.59   0.0  
  6   4   183.68   196.87   48.61   7.48   660.93   657.55   0.0  
  1   4   189.41   195.91   50.09   8.47   657.14   657.06   0.0  
  2   3   186.48   204.2   49.7   10.26   657.1   656.18   0.0  
  3   2   184.69   194.79   48.84   6.36   658.7   656.67   0.0  
  4   3   177.19   183.87   49.27   8.05   659.36   657.96   0.0  
  5   1   178.62   176.34   49.56   32.45   671.17   671.03   168.0  
  6   4   197.55   200.52   49.46   7.68   655.22   655.98   0.0  
  1   1   176.33   181.1   49.1   21.04   660.49   655.41   0.0  
  2   2   180.84   179.33   49.21   13.86   657.44   656.56   0.0  
  3   4   173.71   185.02   49.73   45.97   659.36   655.71   0.0  
  4   2   181.42   187.47   52.31   6.84   658.61   654.9   0.0  
  5   2   187.3   186.67   53.07   248.06   658.78   661.7   0.0  
  6   2   185.03   184.81   49.33   94.01   657.07   657.71   0.0  
  1   2   201.17   190.22   49.63   3.96   655.46   655.2   0.0  
  2   4   181.02   189.42   49.93   107.1   658.1   653.49   0.0  
  3   3   188.84   187.35   49.85   4.74   652.7   655.47   562.0  
  4   1   198.23   189.21   50.76   18.21   663.3   665.4   0.0  
  5   4   182.84   193.34   49.46   7.59   651.13   656.91   603.0  
  6   3   186.97   185.98   49.22   6.34   661.83   653.64   320.0  
  1   1   195.41   188.71   47.83   43.83   658.34   658.85   0.0  
  2   2   186.52   196.7   48.75   10.53   657.5   655.93   0.0  
  3   4   188.39   194.03   48.42   7.75   657.33   656.95   0.0  
  4   2   198.8   197.18   49.91   16.75   656.66   651.49   0.0  
  5   2   201.96   192.9   49.67   14.33   659.51   662.8   0.0  
  6   2   199.25   192.39   50.0   4.74   659.46   657.79   0.0  
  1   4   166.15   187.83   49.37   23.65   660.53   658.11   0.0  
  2   3   183.64   170.43   49.24   10.6   656.34   652.68   0.0  
  3   2   190.17   195.96   49.51   9.55   659.08   662.91   0.0  
  4   3   187.7   200.33   49.85   12.09   658.55   660.83   0.0  
  5   1   193.37   201.53   49.96   18.99   668.62   667.16   0.0  
  6   4   171.22   191.06   48.35   7.85   660.96   656.11   0.0  
  1   2   197.5   189.82   49.61   2.39   658.53   655.49   0.0  
  2   4   163.35   190.02   48.49   15.9   656.82   654.67   0.0  
  3   3   181.13   202.59   49.81   11.57   655.51   657.36   0.0  
  4   1   182.72   181.63   48.63   18.01   653.02   655.7   0.0  
  5   4   195.87   190.76   49.19   6.4   657.31   657.63   0.0  
  6   3   188.87   162.89   48.61   12.6   655.15   652.11   0.0  
  1   1   189.36   197.53   50.07   4.58   656.35   657.73   0.0  
  2   2   199.41   186.34   49.81   6.32   658.44   656.04   85.0  
  3   4   195.56   186.84   49.7   15.84   658.45   655.96   37.0  
  4   2   169.24   189.88   49.49   6.75   660.26   659.99   0.0  
  5   2   161.21   186.88   49.37   18.91   656.96   659.76   0.0  
  6   2   163.46   181.72   49.5   20.59   661.18   657.35   0.0  
  1   1   192.62   200.8   49.69   4.91   656.93   655.8   0.0  
  2   2   200.06   191.62   49.58   5.53   658.97   656.04   0.0  
  3   4   200.71   188.26   50.09   8.87   656.99   656.9   0.0  
  4   2   183.18   197.97   48.86   11.66   656.93   656.19   0.0  
  5   2   187.77   195.82   48.22   4.96   659.22   658.48   0.0  
  6   2   179.82   195.68   49.1   6.63   661.14   656.02   0.0  
  1   1   188.05   193.81   49.15   17.72   655.17   655.7   0.0  
  2   2   186.55   194.09   50.96   227.42   656.46   657.11   0.0  
  3   4   190.26   190.66   49.02   22.07   654.92   656.79   0.0  
  4   2   186.98   198.2   50.43   27.7   655.06   656.85   0.0  
  5   2   198.22   192.42   49.61   9.57   658.51   657.48   0.0  
  6   2   193.06   194.58   49.83   9.55   658.34   652.4   0.0  
  1   2   180.13   190.78   48.35   22.6   656.92   653.29   186.0  
  2   4   182.62   189.73   49.33   9.12   653.82   654.27   0.0  
  3   3   154.11   181.82   48.7   17.55   657.92   652.79   210.0  
  4   1   181.89   187.08   49.87   60.71   650.41   648.21   96.0  
  5   4   179.22   198.25   48.64   7.2   656.41   655.62   0.0  
  6   3   183.31   186.09   48.87   5.04   655.77   653.68   41.0  
  1   1   170.33   191.26   49.5   101.06   660.77   659.97   0.0  
  2   2   173.35   191.86   48.71   19.77   658.32   657.66   0.0  
  3   4   181.09   186.06   49.02   7.16   656.13   653.55   0.0  
  4   2   198.82   204.05   52.15   119.68   657.8   660.99   0.0  
  5   2   200.76   189.45   49.43   114.0   655.67   654.88   0.0  
  6   2   193.71   192.61   50.78   8.63   658.66   655.62   0.0  
  1   1   190.17   204.87   49.33   4.23   656.96   659.1   0.0  
  2   2   209.8   192.56   49.18   8.23   663.49   654.7   48.0  
  3   4   206.78   191.27   49.6   7.41   655.86   657.56   334.0  
  4   2   180.87   201.71   48.79   8.12   654.29   654.29   0.0  
  5   2   186.23   199.1   48.08   8.33   657.85   657.53   0.0  
  6   2   186.5   200.21   49.18   7.93   658.34   654.78   0.0  
  1   4   185.33   199.77   48.96   12.13   654.91   656.97   0.0  
  2   3   199.58   188.95   48.9   6.76   657.85   654.93   49.0  
  3   2   201.76   202.31   49.56   9.31   656.45   658.93   0.0  
  4   3   191.09   205.75   50.32   9.49   655.67   657.48   0.0  
  5   1   197.61   206.69   49.84   9.82   668.03   665.79   0.0  
  6   4   197.22   207.85   48.35   5.1   661.16   657.61   0.0  
  1   4   190.78   190.87   49.76   8.91   662.17   661.87   0.0  
  2   3   189.56   192.74   49.94   16.94   658.01   656.25   0.0  
  3   2   142.83   190.06   48.55   2.81   656.55   654.74   0.0  
  4   3   180.06   176.12   49.07   3.46   653.3   654.24   0.0  
  5   1   182.41   183.15   49.4   10.27   667.36   669.35   0.0  
  6   4   195.08   188.49   49.06   4.68   651.93   651.87   0.0  
  1   4   173.3   192.56   48.34   7.69   657.9   655.95   0.0  
  2   3   183.88   180.33   48.16   11.36   655.45   652.84   0.0  
  3   2   178.42   190.86   49.59   7.08   655.85   655.79   0.0  
  4   3   189.05   199.41   49.43   4.99   660.05   657.18   0.0  
  5   1   192.39   198.9   50.27   8.43   666.96   669.94   0.0  
  6   4   171.15   178.69   47.68   14.22   661.12   659.31   0.0  
  1   3   199.57   188.97   49.88   20.93   655.17   656.82   0.0  
  2   1   198.94   185.2   47.89   7.52   657.57   652.56   0.0  
  3   1   195.91   193.3   48.61   7.23   654.1   659.1   0.0  
  4   4   204.1   191.04   48.88   6.53   655.98   655.01   0.0  
  5   3   194.2   200.14   49.39   10.57   656.82   658.75   0.0  
  6   1   242.4   179.22   60.53   460637.45   652.56   649.64   0.0  
  1   2   172.72   197.04   48.8   20.28   655.65   657.76   350.0  
  2   4   195.03   193.3   46.22   84.28   657.36   658.9   337.0  
  3   3   179.81   183.65   48.92   14.23   655.78   655.32   101.0  
  4   1   176.81   196.0   51.66   13.81   649.01   654.93   0.0  
  5   4   172.04   200.94   48.46   9.97   657.68   656.16   0.0  
  6   3   184.94   193.76   49.43   11.44   656.5   652.96   0.0  
  1   2   231.05   229.08   85.28   620857.91   655.85   656.39   0.0  
  2   4   180.56   191.74   48.6   30.82   659.41   654.13   45.0  
  3   3   190.27   188.82   51.98   8.14   654.93   654.57   0.0  
  4   1   178.51   192.16   48.54   56.33   647.76   649.44   0.0  
  5   4   180.4   203.9   51.03   20.33   654.84   659.45   0.0  
  6   3   186.44   178.6   48.99   8.09   660.98   651.66   0.0  
  1   1   179.67   178.45   48.59   13.04   657.73   656.95   0.0  
  2   2   172.03   184.87   48.55   11.44   657.26   655.28   92.0  
  3   4   169.16   186.85   48.9   9.5   659.17   657.17   0.0  
  4   2   190.41   196.9   49.98   8.09   659.57   659.08   0.0  
  5   2   192.78   186.96   49.18   2.77   655.51   652.47   0.0  
  6   2   193.7   189.8   50.14   9.05   660.69   658.36   0.0  
  1   4   204.72   194.92   49.17   8.15   661.47   657.98   0.0  
  2   3   190.8   201.01   49.42   10.09   658.89   653.24   0.0  
  3   2   182.81   203.52   48.63   10.42   659.47   659.55   0.0  
  4   3   198.04   189.52   48.66   7.36   658.15   655.93   0.0  
  5   1   201.53   195.51   48.96   11.65   669.18   671.54   0.0  
  6   4   202.23   195.37   49.03   14.24   659.62   656.31   103.0  
  1   1   186.56   193.59   49.26   5.56   656.25   658.19   0.0  
  2   2   199.09   188.24   49.56   11.77   654.1   656.46   0.0  
  3   4   197.24   194.07   49.08   9.82   658.09   657.54   0.0  
  4   2   181.02   191.16   48.65   9.82   655.71   657.67   0.0  
  5   2   177.08   200.51   48.16   13.52   657.39   655.48   0.0  
  6   2   195.06   196.61   49.03   8.93   661.02   661.69   0.0  
  1   2   171.03   181.62   48.88   4.75   659.78   660.08   0.0  
  2   4   183.55   191.96   49.65   9.2   657.4   655.77   96.0  
  3   3   180.21   174.92   48.65   6.36   658.08   660.88   0.0  
  4   1   183.71   184.94   49.88   12.68   654.06   651.95   0.0  
  5   4   172.34   188.12   48.38   12.89   660.26   663.5   0.0  
  6   3   186.09   191.07   49.49   5.05   655.37   654.34   0.0  
  1   1   185.13   195.94   49.57   10.37   660.41   659.64   0.0  
  2   2   200.49   180.63   49.35   7.77   658.22   656.14   101.0  
  3   4   193.81   184.69   49.85   6.54   656.42   656.64   80.0  
  4   2   169.35   193.11   49.1   9.76   659.5   663.86   0.0  
  5   2   160.41   191.52   48.34   46.75   656.63   658.81   96.0  
  6   2   164.77   189.29   49.33   8.05   661.01   656.61   0.0  
  1   1   192.89   203.33   49.2   11.71   656.6   657.07   0.0  
  2   2   194.35   194.02   48.77   13.86   657.29   651.33   0.0  
  3   4   187.31   190.35   49.16   15.62   652.4   658.13   0.0  
  4   2   192.39   199.17   51.91   36.52   654.12   654.45   0.0  
  5   2   192.4   193.93   50.79   11.57   653.86   656.85   0.0  
  6   2   193.5   195.53   51.26   14.97   660.61   653.54   0.0  
  1   3   199.69   191.38   49.05   10.07   656.07   656.45   18.0  
  2   1   189.79   205.34   49.13   10.26   657.64   657.36   0.0  
  3   1   196.86   203.13   49.76   8.25   656.85   658.24   0.0  
  4   4   202.45   192.33   49.87   3.7   656.13   659.08   0.0  
  5   3   196.69   185.34   48.2   13.07   657.79   657.98   0.0  
  6   1   200.74   195.63   48.1   6.41   655.17   650.69   0.0  
  1   4   197.65   192.45   49.61   8.44   656.32   653.77   0.0  
  2   3   193.49   199.56   50.13   18.37   659.75   655.99   0.0  
  3   2   179.45   198.81   48.55   7.26   654.31   657.34   0.0  
  4   3   196.98   186.89   48.83   9.61   655.48   655.81   0.0  
  5   1   196.75   194.71   48.93   11.4   668.03   672.84   0.0  
  6   4   197.6   194.2   49.14   3.22   658.9   656.04   0.0  
  1   2   180.97   189.1   49.26   4.49   659.29   658.35   0.0  
  2   4   194.49   190.66   49.14   9.79   656.8   657.64   0.0  
  3   3   184.26   164.71   49.43   12.07   658.07   659.2   0.0  
  4   3   182.82   172.61   50.07   10.42   660.98   659.33   0.0  
  5   1   190.38   188.36   49.65   7.63   671.48   671.57   0.0  
  6   4   192.45   192.61   49.73   14.38   659.45   655.6   0.0  
  1   4   194.09   192.64   50.07   8.18   657.03   654.39   0.0  
  2   3   193.96   198.05   50.14   10.54   658.83   658.09   0.0  
  3   2   180.2   200.04   48.62   5.48   657.94   658.45   0.0  
  4   3   187.72   186.33   49.28   52.72   652.6   654.19   0.0  
  5   1   197.21   203.87   49.31   7.02   674.35   668.4   0.0  
  6   4   194.88   194.28   49.67   9.27   658.56   654.94   0.0  
  1   3   196.46   188.93   48.74   6.65   656.04   656.17   0.0  
  2   1   188.79   203.5   49.39   5.63   657.72   655.82   0.0  
  3   1   191.23   205.8   49.06   24.34   656.05   656.85   0.0  
  4   4   206.6   195.94   50.57   276.19   658.33   658.42   0.0  
  5   3   197.59   186.05   48.25   8.08   655.73   655.56   0.0  
  6   1   197.85   185.58   47.66   8.41   652.49   648.45   0.0  
  1   4   184.43   198.14   48.97   16.48   654.61   657.2   0.0  
  2   3   185.24   198.56   49.48   12.04   655.53   656.66   0.0  
  3   2   191.79   206.05   51.4   8.42   656.47   656.97   20.0  
  4   3   199.01   202.32   52.23   382.7   654.36   656.4   0.0  
  5   1   206.4   202.34   51.89   24.62   669.51   670.07   0.0  
  6   4   161.89   182.54   30.83   239512.73   654.47   651.79   0.0  
  1   1   190.53   202.12   49.82   4.67   657.3   656.53   0.0  
  2   2   201.51   195.58   49.34   4.59   657.44   658.24   102.0  
  3   4   201.14   189.07   49.48   13.19   656.71   654.62   0.0  
  4   2   183.96   199.67   48.95   6.47   660.44   659.13   0.0  
  5   2   185.72   195.01   48.34   6.85   657.39   655.72   42.0  
  6   2   190.85   195.66   48.72   12.51   662.05   657.83   0.0  
  1   3   193.43   189.15   48.63   4.81   657.44   654.76   0.0  
  2   1   191.53   191.97   49.59   10.26   656.03   651.74   0.0  
  3   1   194.23   196.44   50.9   10.86   654.55   655.41   251.0  
  4   4   197.74   194.62   49.7   9.08   654.63   650.88   0.0  
  5   3   189.66   193.87   48.34   2.11   653.95   658.12   425.0  
  6   1   196.65   189.47   48.18   20.6   652.42   650.54   186.0  
  1   2   168.98   183.33   48.72   7.49   660.48   654.82   0.0  
  2   4   198.55   196.32   49.74   23.44   661.68   655.09   0.0  
  3   3   178.47   172.56   49.11   18.69   656.58   658.76   0.0  
  4   1   185.76   193.43   50.32   13.77   653.46   652.78   0.0  
  5   4   177.47   196.89   48.95   28.84   658.95   660.45   0.0  
  6   3   185.78   195.51   49.85   11.55   657.06   655.87   0.0  
  1   4   195.14   195.0   49.72   20.69   655.57   655.49   34.0  
  2   3   191.47   201.26   49.67   11.68   659.53   657.61   10.0  
  3   2   181.37   200.74   48.5   17.57   657.21   654.3   0.0  
  4   3   195.67   193.04   49.69   18.92   654.27   653.31   13.0  
  5   1   199.81   195.71   51.99   462.55   667.9   675.03   68.0  
  6   4   196.68   196.03   49.53   6.82   658.49   652.99   0.0  
  1   2   183.11   191.06   49.09   6.76   655.88   654.02   0.0  
  2   4   180.86   186.87   49.3   39.31   656.33   649.72   0.0  
  3   3   184.9   183.04   49.23   8.71   653.45   659.49   0.0  
  4   1   189.4   186.6   51.79   23.68   663.55   664.84   0.0  
  5   4   171.18   192.33   48.98   6.78   650.88   657.45   0.0  
  6   3   181.95   187.67   55.11   298.21   656.57   653.64   0.0  
  1   2   166.51   187.92   48.4   16.95   659.12   658.94   0.0  
  2   4   185.69   191.41   49.07   10.61   659.34   657.1   0.0  
  3   3   182.11   172.09   48.71   6.28   658.33   657.96   0.0  
  4   4   195.51   186.8   49.65   4.35   656.98   657.76   0.0  
  5   3   183.57   175.54   48.24   6.76   658.79   659.22   0.0  
  6   1   186.95   169.86   48.0   7.61   656.3   652.94   0.0  
  1   4   199.15   192.79   49.7   7.62   654.51   653.54   196.0  
  2   3   191.59   203.52   49.54   4.78   656.39   657.13   0.0  
  3   2   180.3   202.29   48.59   9.81   658.05   657.09   0.0  
  4   3   200.28   192.52   48.26   7.52   658.6   656.77   0.0  
  5   1   203.73   201.34   49.81   38.31   670.5   678.69   0.0  
  6   4   202.42   194.9   49.06   5.43   659.58   659.55   326.0  
  1   1   184.54   198.75   49.53   10.55   655.71   653.12   37.0  
  2   2   201.8   197.49   49.48   8.73   656.78   654.88   0.0  
  3   4   204.27   188.52   49.12   5.1   656.22   657.3   0.0  
  4   2   182.6   198.67   48.66   7.54   656.43   655.84   0.0  
  5   2   199.86   201.84   48.13   7.98   659.48   662.65   0.0  
  6   2   184.43   194.32   48.34   8.96   654.91   651.39   0.0  
  1   2   196.73   187.38   49.22   7.75   658.88   657.36   0.0  
  2   4   171.15   185.55   47.75   18.49   657.28   653.28   0.0  
  3   3   184.45   197.51   48.93   9.17   658.53   657.28   21.0  
  4   1   184.9   170.7   48.09   11.47   651.8   646.36   0.0  
  5   4   193.59   195.96   49.52   14.21   655.4   659.16   49.0  
  6   3   187.36   167.66   48.51   8.9   658.38   657.21   271.0  
  1   2   198.12   195.46   49.75   9.65   657.58   656.24   0.0  
  2   4   195.31   202.12   48.62   10.34   658.45   656.91   0.0  
  3   3   193.94   200.4   50.32   15.29   657.21   658.7   0.0  
  4   1   189.11   191.71   48.72   10.42   648.63   652.33   0.0  
  5   4   200.13   201.48   50.91   90.5   659.41   655.11   0.0  
  6   3   196.8   190.68   48.95   5.57   659.31   657.26   0.0  
  1   1   187.81   198.93   50.26   74.15   661.62   658.69   0.0  
  2   2   193.59   185.02   50.2   375.68   658.1   656.92   0.0  
  3   4   194.8   185.15   49.49   4.81   656.65   654.84   0.0  
  4   2   165.64   189.75   48.93   11.39   658.49   660.76   0.0  
  5   2   166.18   185.98   48.19   11.83   660.33   660.14   5.0  
  6   2   171.44   177.21   48.41   6.73   660.15   655.6   0.0  
  1   1   185.67   197.61   49.61   6.99   656.82   655.66   78.0  
  2   2   199.56   184.91   49.47   8.89   654.3   656.04   0.0  
  3   4   197.85   186.76   49.96   3.61   658.41   656.4   0.0  
  4   2   161.25   190.16   48.74   8.71   653.9   653.45   0.0  
  5   2   165.64   192.0   48.73   11.3   658.63   656.76   0.0  
  6   2   167.28   188.1   48.85   3.35   655.61   656.52   0.0  
  1   4   170.56   200.35   48.75   2.88   657.43   656.76   80.0  
  2   3   199.45   197.93   48.51   6.62   658.0   658.63   54.0  
  3   2   198.9   197.04   49.38   5.1   657.72   656.92   19.0  
  4   3   185.29   205.7   49.82   11.21   660.02   661.21   0.0  
  5   1   204.62   209.17   50.18   5.62   672.72   671.19   0.0  
  6   4   184.11   204.16   48.2   28.48   658.89   657.93   0.0  
  1   4   150.36   189.61   48.23   17.56   656.35   654.79   238.0  
  2   3   179.87   187.5   49.1   8.95   656.01   650.99   0.0  
  3   2   179.18   196.64   49.83   7.14   654.46   659.77   161.0  
  4   3   186.09   188.73   50.34   12.01   653.25   648.33   0.0  
  5   1   191.16   193.83   50.93   18.02   667.16   675.96   274.0  
  6   4   188.07   187.86   48.06   15.48   660.38   655.53   0.0  
  1   4   173.23   195.07   48.96   11.95   662.38   653.89   0.0  
  2   3   193.04   180.2   49.08   14.6   656.4   651.14   0.0  
  3   2   188.69   193.28   50.11   52.27   658.59   659.07   0.0  
  4   3   183.11   196.93   49.53   19.35   658.69   655.22   0.0  
  5   1   186.03   200.72   50.31   7.21   666.39   667.33   0.0  
  6   4   177.4   200.28   48.14   18.33   658.58   660.34   0.0  
  1   4   197.32   199.83   50.07   69.28   657.93   655.08   0.0  
  2   3   199.32   194.82   51.53   9.59   655.75   656.09   0.0  
  3   2   170.42   204.42   48.71   6.9   658.07   657.49   0.0  
  4   3   190.36   196.79   49.65   115.64   655.01   654.91   0.0  
  5   1   197.34   206.96   49.35   36.34   669.09   669.7   0.0  
  6   4   197.65   195.27   49.26   51.99   654.32   654.43   16.0  
  1   3   191.73   191.87   48.36   9.07   656.47   656.47   0.0  
  2   1   190.14   201.7   49.5   4.88   659.99   657.41   15.0  
  3   1   191.81   200.87   49.77   8.4   656.62   657.05   0.0  
  4   4   198.41   194.49   50.02   14.2   660.97   659.98   0.0  
  5   3   193.22   188.74   48.26   4.74   658.1   658.9   0.0  
  6   1   193.85   190.4   48.07   8.08   654.6   652.91   0.0  
  1   4   196.96   198.07   50.47   359.71   654.76   656.1   0.0  
  2   3   190.05   199.09   49.02   8.02   655.03   655.72   0.0  
  3   2   185.3   202.04   48.63   8.92   656.2   657.37   0.0  
  4   3   193.39   196.07   49.12   6.61   651.88   658.97   0.0  
  5   1   202.83   193.58   48.88   11.62   670.01   667.36   0.0  
  6   4   198.19   199.44   48.78   4.54   660.69   654.99   0.0  
  1   2   201.19   191.81   49.48   3.72   657.46   656.45   10.0  
  2   4   179.91   199.22   48.37   20.64   655.83   654.6   0.0  
  3   3   198.49   198.75   49.57   20.21   659.91   654.42   0.0  
  4   1   193.62   186.21   48.71   8.66   654.12   654.84   0.0  
  5   4   199.56   195.87   49.53   9.93   658.52   656.73   0.0  
  6   3   199.56   195.24   48.43   12.11   657.15   657.24   0.0  
  1   1   186.63   195.98   49.41   11.76   654.16   653.81   0.0  
  2   2   199.85   188.54   49.2   4.4   656.98   658.68   0.0  
  3   4   189.52   192.69   49.8   73.16   655.28   657.27   0.0  
  4   2   164.59   189.55   48.61   5.41   652.0   656.2   0.0  
  5   2   163.08   188.38   48.38   13.98   655.93   654.24   0.0  
  6   2   171.47   183.55   48.74   7.63   658.3   653.09   0.0  
  1   3   191.13   200.3   49.18   11.62   658.98   658.15   0.0  
  2   1   190.37   170.59   47.73   19.11   658.23   656.96   0.0  
  3   1   191.12   172.9   48.47   7.04   658.47   655.95   0.0  
  4   4   186.2   192.91   48.71   5.74   660.6   660.76   0.0  
  5   3   186.58   200.01   48.9   7.15   654.14   655.44   0.0  
  6   1   183.19   199.45   48.87   6.89   653.9   651.41   161.0  
  1   4   175.65   184.9   48.09   24.71   654.89   653.21   0.0  
  2   3   181.74   191.24   48.35   10.99   658.47   655.01   0.0  
  3   2   176.91   196.3   49.3   10.83   656.75   656.82   0.0  
  4   3   188.64   188.57   50.6   20.35   654.06   653.61   25.0  
  5   1   194.51   192.74   50.14   7.76   670.52   669.35   0.0  
  6   4   186.46   184.94   48.0   16.97   660.43   655.6   0.0  
  1   1   190.71   198.27   50.05   11.88   655.35   656.39   0.0  
  2   2   200.03   187.34   49.3   5.06   656.16   651.63   0.0  
  3   4   202.13   192.95   50.47   112.75   656.94   656.36   0.0  
  4   2   187.66   197.63   48.9   7.64   655.0   658.35   0.0  
  5   2   180.34   194.52   48.05   23.88   656.71   656.28   0.0  
  6   2   186.51   193.23   49.19   7.25   659.62   658.24   0.0  
  1   2   185.15   199.84   48.79   11.61   656.21   657.14   0.0  
  2   4   201.97   195.93   49.53   8.34   659.11   655.6   0.0  
  3   3   201.4   198.73   48.24   6.57   660.04   658.08   0.0  
  4   1   189.73   202.54   49.67   4.96   654.34   653.3   0.0  
  5   4   177.33   206.18   48.79   10.0   659.45   658.59   151.0  
  6   3   197.05   200.77   49.44   16.41   654.75   655.94   0.0  
  1   3   177.93   197.59   50.11   10.16   654.58   656.47   0.0  
  2   1   201.37   183.86   48.69   11.3   654.87   655.33   0.0  
  3   1   201.36   192.8   50.85   141.51   656.51   655.03   0.0  
  4   4   175.98   195.15   49.0   11.93   655.97   658.73   0.0  
  5   3   184.28   198.96   49.14   5.2   657.76   653.66   0.0  
  6   1   186.61   198.31   49.62   26.55   653.95   651.94   0.0  
  1   1   186.53   173.12   48.29   9.17   659.37   656.62   0.0  
  2   2   175.53   183.57   48.29   9.12   657.83   654.95   0.0  
  3   4   177.37   186.56   48.71   3.97   657.87   657.27   0.0  
  4   2   193.2   192.32   50.1   19.55   658.0   658.82   0.0  
  5   2   191.76   189.82   48.63   5.28   656.87   659.96   144.0  
  6   2   191.43   192.52   49.56   4.82   662.29   660.24   77.0  
  1   2   166.19   191.71   48.58   10.23   657.01   654.79   0.0  
  2   4   196.5   191.53   50.63   5.04   658.09   656.71   149.0  
  3   3   191.05   167.14   48.57   7.01   656.74   652.82   0.0  
  4   1   185.05   197.29   49.89   6.47   652.45   649.26   25.0  
  5   4   167.93   192.37   48.59   9.32   657.29   660.57   0.0  
  6   3   184.92   197.39   49.4   7.07   654.86   653.9   0.0  
  1   4   162.69   190.87   47.76   85.2   656.41   654.76   0.0  
  2   3   176.84   172.09   48.47   7.34   657.42   651.28   0.0  
  3   2   185.54   191.92   51.28   22.26   654.18   659.21   0.0  
  4   3   180.71   195.49   52.07   34.31   652.87   651.86   0.0  
  5   1   187.44   197.72   51.96   42.42   666.91   671.11   0.0  
  6   4   170.13   183.05   48.21   47.06   658.93   651.12   0.0  
  1   1   184.37   188.56   49.8   15.74   660.19   656.82   0.0  
  2   2   190.52   189.55   49.75   101.81   658.01   652.92   0.0  
  3   4   190.96   188.74   49.78   15.3   653.51   657.74   0.0  
  4   2   175.31   185.63   49.18   10.21   659.11   657.7   0.0  
  5   2   153.75   183.82   50.5   215.28   652.84   655.4   167.0  
  6   2   177.34   180.85   48.67   11.24   659.55   655.69   0.0  
  1   3   186.87   171.56   48.7   25.08   657.83   656.99   0.0  
  2   1   181.29   196.02   49.58   6.73   658.09   654.7   48.0  
  3   1   187.33   201.54   49.66   10.82   659.61   661.16   0.0  
  4   4   198.83   184.23   49.57   4.78   654.93   653.32   0.0  
  5   3   189.52   172.43   48.18   5.73   659.57   665.37   0.0  
  6   1   191.85   181.35   48.45   10.24   659.16   659.15   0.0  
  1   4   193.57   193.32   49.14   9.23   658.19   655.5   0.0  
  2   3   186.53   193.79   48.5   11.8   658.66   651.55   0.0  
  3   2   190.63   205.78   49.59   57.65   656.16   660.97   0.0  
  4   3   195.15   203.81   54.93   160.47   656.5   654.86   0.0  
  5   1   201.19   196.93   50.6   17.04   666.17   673.31   674.0  
  6   4   194.54   200.71   48.78   6.08   662.43   654.44   359.0  
  1   2   196.18   194.74   50.21   7.3   661.06   655.93   0.0  
  2   4   176.27   187.39   48.94   9.23   658.64   654.92   0.0  
  3   3   189.54   198.62   50.77   9.94   658.33   659.2   0.0  
  4   1   176.52   180.43   49.72   11.06   652.14   651.52   0.0  
  5   4   197.9   197.98   50.36   8.62   657.44   660.18   0.0  
  6   3   190.32   180.61   48.73   14.89   656.39   655.65   0.0  
  1   2   165.37   187.3   49.56   4.23   654.61   653.24   0.0  
  2   4   184.07   190.79   51.18   4.44   656.55   652.2   0.0  
  3   3   184.78   180.96   49.1   6.33   653.62   656.09   0.0  
  4   1   181.9   192.09   53.29   17.91   647.33   654.85   0.0  
  5   4   180.79   179.93   48.84   8.81   652.89   650.17   0.0  
  6   3   186.03   187.32   52.06   8.63   659.8   650.61   0.0  
  1   2   184.9   200.1   48.71   10.73   659.78   654.71   0.0  
  2   4   197.68   195.35   49.68   12.03   655.68   656.67   0.0  
  3   3   197.48   184.63   48.9   6.34   658.0   651.35   0.0  
  4   1   186.22   201.58   49.81   8.62   648.05   649.34   0.0  
  5   4   179.17   200.96   48.69   7.99   655.06   655.03   0.0  
  6   3   191.6   200.72   49.66   5.55   660.4   660.12   0.0  
  1   3   187.87   191.1   49.15   8.17   655.06   658.47   0.0  
  2   1   184.71   190.31   48.05   11.9   655.57   659.28   0.0  
  3   1   190.41   197.96   48.13   7.4   655.82   656.31   0.0  
  4   4   181.85   184.39   49.65   92.9   654.73   660.72   0.0  
  5   3   191.19   189.98   49.05   7.44   658.61   656.32   0.0  
  6   1   190.54   189.58   49.02   6.83   649.89   646.65   0.0  
  1   1   181.6   180.56   49.14   11.36   655.24   653.99   0.0  
  2   2   185.6   183.3   48.89   11.86   656.14   654.06   0.0  
  3   4   181.37   176.91   48.5   10.27   657.3   655.27   0.0  
  4   2   177.23   189.47   52.57   189.42   653.79   651.88   0.0  
  5   2   186.56   193.47   50.41   98.45   658.67   667.12   0.0  
  6   2   187.14   187.96   49.02   4.22   659.26   656.08   0.0  
  1   4   188.41   190.32   49.43   9.01   654.61   653.77   0.0  
  2   3   179.55   192.44   49.34   8.0   655.51   651.32   0.0  
  3   2   153.94   196.07   48.55   6.5   653.9   657.85   159.0  
  4   3   192.64   187.89   49.8   150.29   657.07   655.46   20.0  
  5   1   192.02   174.48   48.99   11.24   664.25   667.69   308.0  
  6   4   187.74   178.19   48.79   10.47   658.06   652.77   28.0  
  1   2   190.78   185.31   50.0   7.35   656.25   653.68   0.0  
  2   4   181.49   196.67   49.92   15.35   659.41   654.27   0.0  
  3   3   182.21   162.34   50.77   93.98   656.05   655.19   0.0  
  4   1   183.39   177.23   49.15   13.65   647.23   647.81   0.0  
  5   4   193.77   194.0   49.98   12.35   655.84   655.79   0.0  
  6   3   139.26   175.76   49.26   19.36   659.71   657.07   0.0  
  1   4   183.88   187.21   49.74   54.97   657.51   650.67   0.0  
  2   3   190.7   190.76   50.56   12.09   655.26   651.28   87.0  
  3   2   178.94   192.56   48.43   11.0   659.23   654.72   0.0  
  4   3   88.74   183.96   49.64   8.89   655.88   652.38   0.0  
  5   1   193.54   201.82   49.23   19.38   667.16   668.64   0.0  
  6   4   186.0   193.86   48.85   17.37   657.47   658.21   0.0  
  1   4   198.81   192.17   50.24   16.66   659.64   658.23   0.0  
  2   3   192.08   202.13   50.21   16.19   656.29   653.08   0.0  
  3   2   181.11   206.4   48.35   4.84   659.57   660.97   0.0  
  4   3   198.54   187.52   49.03   7.24   657.6   655.8   0.0  
  5   1   200.2   194.39   48.84   9.7   667.06   668.35   0.0  
  6   4   196.12   197.66   51.25   243.31   655.52   655.15   0.0  
  1   2   178.59   194.77   48.86   19.07   653.24   656.3   24.0  
  2   4   188.65   192.15   50.22   9.86   653.44   654.74   0.0  
  3   3   192.14   193.38   48.74   6.96   654.7   655.32   0.0  
  4   1   184.44   189.28   53.64   173.33   646.27   647.4   200.0  
  5   4   181.09   197.0   48.8   6.93   656.81   655.64   0.0  
  6   3   193.98   191.62   51.91   13.77   657.87   656.11   0.0  
  1   2   187.92   186.84   49.65   8.12   655.75   652.94   0.0  
  2   4   177.61   178.01   48.38   10.52   658.45   655.32   0.0  
  3   3   183.78   187.12   49.9   4.33   656.91   659.28   0.0  
  4   1   145.97   179.94   48.94   14.16   651.12   652.08   0.0  
  5   4   181.09   190.54   49.46   7.89   661.85   659.96   0.0  
  6   3   181.86   179.78   48.69   25.23   659.73   658.31   0.0  
  1   3   183.74   191.34   49.06   5.76   653.23   654.4   0.0  
  2   1   190.01   191.81   49.83   10.56   653.93   655.95   0.0  
  3   1   189.88   192.75   52.3   14.27   653.53   655.98   0.0  
  4   4   183.77   190.01   53.24   8.44   653.72   658.99   0.0  
  5   3   188.48   187.13   48.76   9.94   656.62   655.23   0.0  
  6   1   191.99   188.22   47.9   8.65   651.59   647.26   0.0  
  1   2   196.22   188.57   49.42   7.67   656.32   656.45   16.0  
  2   4   167.22   186.04   48.67   11.5   659.25   657.36   0.0  
  3   3   189.58   195.95   49.67   7.33   656.52   657.47   0.0  
  4   1   181.79   171.34   48.51   7.51   647.88   649.08   0.0  
  5   4   194.99   194.54   49.47   9.43   660.77   660.89   0.0  
  6   3   182.42   170.41   48.75   4.62   659.12   655.9   161.0  
  1   1   167.99   188.37   49.65   32.35   658.03   659.64   202.0  
  2   2   188.33   171.34   50.64   6.76   656.68   659.03   152.0  
  3   4   185.48   177.63   53.01   83.03   657.73   659.71   0.0  
  4   2   154.04   188.54   49.17   7.0   657.59   659.02   45.0  
  5   2   167.29   165.09   44.56   508.48   658.67   656.79   0.0  
  6   2   161.87   181.94   49.08   14.41   660.37   659.07   390.0  
  1   3   168.99   184.61   48.79   9.46   657.26   658.27   161.0  
  2   1   190.15   181.44   50.56   15.88   658.03   656.31   377.0  
  3   1   190.84   175.84   51.63   15.59   657.51   657.86   0.0  
  4   4   172.12   189.61   52.11   25.62   653.0   655.48   0.0  
  5   3   174.02   184.8   50.25   164.24   659.32   658.9   0.0  
  6   1   167.08   187.71   48.45   6.74   655.86   651.92   0.0  
  1   4   182.56   186.87   48.83   6.51   655.2   653.41   138.0  
  2   3   176.63   175.87   49.99   9.08   653.11   654.88   202.0  
  3   2   176.86   193.46   48.48   34.08   654.68   656.58   79.0  
  4   3   188.4   189.55   50.31   17.19   651.47   654.57   111.0  
  5   1   188.33   191.67   50.32   11.25   669.48   666.69   0.0  
  6   4   186.12   188.49   49.58   6.37   658.52   655.49   0.0  
  1   2   192.9   192.03   50.67   59.55   657.44   651.88   0.0  
  2   4   159.28   198.31   49.05   9.74   655.19   654.63   0.0  
  3   3   189.06   194.43   51.73   85.66   655.31   654.26   0.0  
  4   1   185.62   177.83   48.81   5.93   650.9   648.52   0.0  
  5   4   188.54   200.27   52.96   504.07   657.52   658.58   0.0  
  6   3   190.1   177.21   47.2   176.59   651.66   651.31   0.0  
  1   3   185.56   167.64   48.68   9.52   656.52   656.46   0.0  
  2   1   181.94   200.53   49.44   13.21   655.91   656.56   0.0  
  3   1   188.84   199.07   49.75   9.5   657.35   656.01   0.0  
  4   4   -48.18   55.29   71.0   673284.81   656.82   657.66   0.0  
  5   3   183.42   162.06   48.41   9.34   655.95   655.74   0.0  
  6   1   174.93   185.9   48.15   11.45   655.44   655.69   0.0  
  1   1   189.39   174.25   48.76   6.58   660.68   658.46   0.0  
  2   2   178.4   151.38   48.8   9.75   655.9   655.28   0.0  
  3   4   180.31   179.15   49.08   13.93   658.68   659.31   0.0  
  4   2   195.6   198.83   50.46   18.34   658.19   655.0   0.0  
  5   2   187.87   195.15   50.25   5.12   659.55   662.02   394.0  
  6   2   187.77   194.24   51.25   14.38   660.86   656.01   294.0  
  1   1   186.47   197.65   49.49   13.03   658.18   658.61   0.0  
  2   2   198.69   192.95   49.54   12.23   658.6   657.51   0.0  
  3   4   198.11   191.78   49.9   8.39   658.56   662.44   0.0  
  4   2   165.56   193.97   48.85   9.4   658.34   659.03   0.0  
  5   2   158.27   182.26   48.62   8.25   658.8   658.99   0.0  
  6   2   166.18   191.11   48.55   11.56   658.58   654.24   0.0  
  1   2   186.06   190.89   50.44   43.63   655.74   656.49   0.0  
  2   4   180.03   190.36   48.87   29.39   657.33   655.24   0.0  
  3   3   194.56   189.99   49.97   10.13   654.56   657.32   0.0  
  4   1   181.52   185.29   48.81   6.76   648.25   650.61   0.0  
  5   4   183.97   190.9   49.52   5.8   654.87   653.63   0.0  
  6   3   161.86   200.09   48.33   21.97   658.88   654.01   16.0  
  1   4   189.4   201.92   49.64   4.65   654.72   656.54   0.0  
  2   3   190.59   194.6   49.4   15.19   655.82   658.76   0.0  
  3   2   192.6   204.79   52.18   38.49   655.47   652.43   0.0  
  4   3   198.86   206.76   52.15   16.1   654.69   662.71   0.0  
  5   1   202.74   204.96   50.56   20.47   667.89   667.76   0.0  
  6   4   208.88   197.99   49.58   59.19   659.9   653.64   0.0  
  1   2   193.49   188.65   49.19   6.91   654.63   658.2   0.0  
  2   4   160.28   188.89   47.7   11.0   657.85   655.19   0.0  
  3   3   185.38   195.51   49.76   5.28   655.54   655.8   0.0  
  4   1   176.78   178.11   48.55   7.92   648.82   652.47   0.0  
  5   4   195.08   190.57   49.35   13.01   659.77   657.98   0.0  
  6   3   185.85   169.98   48.34   11.17   659.4   656.37   0.0  
  1   3   185.7   191.12   48.27   8.4   657.28   657.49   179.0  
  2   1   183.7   187.98   48.88   28.0   655.51   656.79   0.0  
  3   1   187.92   192.36   49.38   5.05   657.57   653.45   127.0  
  4   4   183.22   190.42   49.6   3.17   654.76   658.44   217.0  
  5   3   100.17   182.58   48.35   18.16   658.92   651.27   0.0  
  6   1   185.86   190.46   49.56   121.41   649.75   648.69   297.0  
  1   2   181.86   160.87   49.65   10.84   656.52   657.25   0.0  
  2   4   199.78   194.93   50.7   7.08   654.6   655.33   0.0  
  3   3   147.3   187.76   49.05   10.58   655.88   653.83   0.0  
  4   1   196.25   200.74   51.91   20.0   651.12   653.63   0.0  
  5   4   180.57   204.74   48.92   6.43   658.4   657.63   0.0  
  6   3   192.0   200.87   50.06   8.18   653.77   650.81   0.0  
  1   4   187.01   189.32   49.5   5.83   655.81   656.0   0.0  
  2   3   183.4   197.2   49.53   8.39   656.54   655.25   77.0  
  3   2   162.89   193.18   48.88   8.95   659.64   657.59   101.0  
  4   3   178.31   172.68   48.63   6.77   656.91   658.09   0.0  
  5   1   189.48   170.32   49.77   9.22   667.3   667.58   0.0  
  6   4   197.77   194.0   49.27   6.0   662.14   661.16   0.0  
  1   1   181.8   174.33   48.54   3.38   658.27   656.09   0.0  
  2   2   170.03   187.33   48.77   6.37   659.97   655.48   0.0  
  3   4   171.86   181.26   48.44   4.59   656.59   656.75   0.0  
  4   2   191.48   192.74   49.86   2.2   656.9   654.07   0.0  
  5   2   199.51   188.26   49.57   15.1   658.96   661.96   0.0  
  6   2   194.0   191.03   49.49   6.22   662.78   658.83   0.0  
  1   4   196.06   207.41   50.92   71.08   656.56   653.9   0.0  
  2   3   191.43   200.73   52.18   450.73   657.52   655.5   0.0  
  3   2   184.11   195.12   48.46   26.68   652.88   658.08   0.0  
  4   3   197.29   198.7   49.55   8.42   657.04   654.55   0.0  
  5   1   194.56   194.73   49.3   27.02   667.68   671.22   0.0  
  6   4   192.26   200.36   49.84   5.12   656.99   652.85   0.0  
  1   1   188.16   179.86   48.75   11.63   656.01   650.48   0.0  
  2   2   183.79   193.03   49.26   27.65   656.31   652.8   0.0  
  3   4   174.29   187.52   48.89   13.27   653.95   656.4   0.0  
  4   2   189.73   192.15   51.65   16.95   657.03   648.69   0.0  
  5   2   187.81   188.82   51.01   32.98   654.53   659.07   0.0  
  6   2   189.35   189.34   51.55   65.56   655.47   655.5   0.0  
  1   1   186.82   177.5   48.9   5.97   658.49   653.06   0.0  
  2   2   193.8   191.62   51.43   30.29   656.35   654.36   0.0  
  3   4   180.38   186.55   48.74   10.63   658.13   658.05   0.0  
  4   2   186.58   192.15   51.78   26.23   660.79   659.25   0.0  
  5   2   191.29   195.69   52.52   24.82   656.39   656.1   0.0  
  6   2   188.11   187.59   51.69   21.04   658.67   657.61   0.0  
  1   2   173.7   188.21   48.38   15.02   656.66   657.45   52.0  
  2   4   191.3   191.29   49.17   7.64   657.83   656.67   0.0  
  3   3   186.21   171.59   48.62   7.04   657.01   656.27   29.0  
  4   4   194.69   184.39   49.5   5.84   652.09   652.87   0.0  
  5   3   183.03   176.92   48.56   11.55   656.03   656.44   38.0  
  6   1   185.98   175.86   48.16   10.74   654.71   651.13   0.0  
  1   3   187.12   195.0   49.74   6.59   657.28   656.73   41.0  
  2   1   185.52   184.63   48.64   7.64   660.23   653.98   0.0  
  3   1   186.09   186.83   48.63   6.37   657.33   659.61   0.0  
  4   4   177.14   186.25   48.65   10.52   655.88   655.25   0.0  
  5   3   187.63   193.05   49.17   8.5   657.4   659.08   0.0  
  6   1   187.1   190.71   48.86   4.05   655.98   647.98   0.0  
  1   4   182.26   197.36   48.91   13.85   658.28   656.64   0.0  
  2   3   196.6   187.49   48.06   6.77   657.62   656.46   0.0  
  3   2   188.44   202.14   49.36   6.62   661.03   661.54   0.0  
  4   3   193.49   201.29   49.68   11.25   655.16   654.6   0.0  
  5   1   193.85   207.35   50.1   10.69   668.48   669.45   0.0  
  6   4   194.18   191.78   48.44   3.84   659.45   653.41   0.0  
  1   3   191.15   199.76   49.86   4.54   657.55   656.44   0.0  
  2   1   199.0   187.21   48.02   13.26   658.44   655.99   0.0  
  3   1   194.35   191.38   50.04   117.48   659.57   657.86   0.0  
  4   4   182.77   194.86   49.43   7.74   658.52   657.2   0.0  
  5   3   189.96   202.32   49.15   9.96   655.41   657.16   0.0  
  6   1   190.82   202.87   48.82   12.98   657.8   655.59   0.0  
  1   4   179.88   189.02   50.83   13.37   654.23   652.44   0.0  
  2   3   187.18   193.42   49.02   178.36   656.49   656.82   107.0  
  3   2   181.28   176.71   50.15   6.55   655.07   655.35   0.0  
  4   3   180.09   189.57   50.13   33.23   652.88   656.29   0.0  
  5   1   194.94   186.82   51.45   61.87   669.41   667.54   173.0  
  6   4   179.6   184.86   49.26   213.35   661.51   656.38   138.0  
  1   3   182.18   195.52   50.35   7.0   655.12   653.69   0.0  
  2   1   194.22   180.27   48.59   11.26   655.61   651.78   153.0  
  3   1   190.34   178.5   48.92   11.28   652.06   654.89   0.0  
  4   4   176.7   192.85   48.99   22.34   655.94   654.13   0.0  
  5   3   180.06   191.75   49.95   20.46   652.58   655.74   0.0  
  6   1   174.4   193.85   48.9   5.26   650.0   645.29   0.0  
  1   2   167.95   185.73   49.12   5.53   657.26   654.28   0.0  
  2   4   196.35   190.02   51.05   244.24   662.31   656.39   0.0  
  3   3   181.87   177.46   48.55   9.67   657.35   659.29   0.0  
  4   1   178.93   192.7   50.28   26.23   649.92   648.44   0.0  
  5   4   163.26   193.55   48.57   3.5   658.97   661.0   0.0  
  6   3   187.96   194.67   49.38   16.22   660.14   656.98   0.0  
  1   2   193.66   190.35   49.85   9.32   657.89   655.73   0.0  
  2   4   168.68   184.78   48.85   23.11   660.36   657.26   0.0  
  3   3   189.94   192.2   49.44   4.0   655.77   654.56   0.0  
  4   1   189.98   169.64   48.98   18.53   665.52   662.84   0.0  
  5   4   196.05   205.93   49.46   9.34   659.65   669.32   0.0  
  6   3   179.47   170.3   48.91   11.58   660.45   656.46   0.0  
  1   1   185.96   173.87   48.28   18.99   655.34   653.93   0.0  
  2   2   173.92   189.87   48.84   31.45   657.79   654.64   0.0  
  3   4   164.47   189.12   50.67   48.85   658.86   666.92   0.0  
  4   2   194.03   191.39   49.94   8.3   655.98   654.98   0.0  
  5   2   190.97   183.77   49.52   10.58   657.24   656.42   0.0  
  6   2   199.04   184.03   50.36   6.7   661.29   657.84   0.0  
  1   4   160.39   181.8   48.99   10.76   656.52   657.04   48.0  
  2   3   178.63   167.46   49.56   34.35   660.73   654.25   0.0  
  3   2   178.34   189.14   48.76   155.52   657.46   662.07   0.0  
  4   3   173.53   184.78   52.23   10.71   656.89   657.24   0.0  
  5   1   181.01   190.36   48.91   176.42   668.57   672.98   0.0  
  6   4   162.28   163.7   50.87   491.64   664.78   657.88   0.0  
  1   4   161.94   188.93   48.48   11.12   656.8   656.16   14.0  
  2   3   183.5   168.83   49.01   5.7   655.27   654.37   0.0  
  3   2   194.64   197.66   49.31   8.89   659.0   659.59   41.0  
  4   3   183.98   198.17   49.69   4.9   653.56   656.3   0.0  
  5   1   190.94   199.9   49.91   6.09   667.96   666.98   0.0  
  6   4   172.27   192.85   47.72   11.66   653.86   652.37   0.0  
  1   1   198.65   204.71   49.54   8.23   657.03   657.88   0.0  
  2   2   206.99   189.65   49.14   3.99   656.71   655.48   0.0  
  3   4   202.74   191.97   48.84   40.22   656.28   655.34   0.0  
  4   2   198.36   208.15   48.91   6.14   658.19   660.3   0.0  
  5   2   184.14   197.44   48.84   13.18   656.51   657.14   175.0  
  6   2   185.69   197.94   49.06   6.34   659.15   654.31   0.0  
  1   3   169.25   187.9   48.67   7.49   654.84   650.93   0.0  
  2   1   193.09   180.88   50.77   9.19   655.57   650.23   0.0  
  3   1   197.13   197.9   50.31   134.33   654.09   649.18   0.0  
  4   4   189.21   193.59   50.97   55.43   652.77   649.97   101.0  
  5   3   163.61   188.05   48.44   23.63   653.35   656.07   282.0  
  6   1   188.98   194.64   48.69   32.18   650.99   652.47   0.0  
  1   4   176.98   174.25   54.71   254.51   656.22   660.03   0.0  
  2   3   172.43   186.31   49.88   72.79   656.37   661.39   0.0  
  3   2   151.45   181.5   48.73   7.99   654.81   656.43   0.0  
  4   3   162.3   170.77   47.85   79.95   656.47   661.28   0.0  
  5   1   178.85   170.65   49.3   19.38   671.98   666.62   0.0  
  6   4   178.44   176.36   49.71   21.39   655.62   652.7   93.0  
  1   2   170.6   187.94   48.85   9.23   655.85   656.92   0.0  
  2   4   194.71   195.49   49.59   5.54   658.2   658.22   77.0  
  3   3   188.2   166.58   49.13   8.0   656.14   655.42   0.0  
  4   1   184.96   196.83   50.56   15.41   648.09   652.57   0.0  
  5   4   171.6   190.4   48.87   9.77   661.8   656.35   27.0  
  6   3   187.65   194.83   49.92   9.68   657.31   653.46   0.0  
  1   2   177.07   181.01   48.83   6.69   656.49   657.05   0.0  
  2   4   187.89   196.16   49.39   29.48   659.54   655.16   0.0  
  3   3   189.33   182.69   48.92   11.58   656.24   655.76   0.0  
  4   1   196.5   202.12   51.16   15.23   667.9   665.48   0.0  
  5   4   177.84   176.07   48.28   12.39   655.14   659.52   0.0  
  6   3   191.93   202.77   51.25   19.38   660.75   661.08   0.0  
  1   4   183.52   191.54   48.3   14.21   656.4   653.97   0.0  
  2   3   183.98   178.05   48.28   14.45   656.71   651.26   0.0  
  3   2   173.35   193.01   50.13   24.0   653.78   659.41   0.0  
  4   3   185.87   187.17   50.2   6.34   652.8   650.41   0.0  
  5   1   186.4   198.4   48.66   976.52   664.75   668.84   0.0  
  6   4   178.89   162.64   48.14   9.57   657.52   652.96   0.0  
  1   2   191.11   186.01   50.0   83.5   656.74   658.06   0.0  
  2   4   157.87   192.8   47.96   20.82   655.77   656.13   213.0  
  3   3   187.85   197.37   49.92   6.63   657.25   657.71   0.0  
  4   1   179.07   170.95   49.21   14.75   652.34   656.93   0.0  
  5   4   193.37   186.65   49.4   8.22   658.35   654.46   259.0  
  6   3   174.85   172.93   48.85   17.52   661.63   656.97   96.0  
  0   0   -30.11   5.14   12.26   0.0   0.0   0.0   0.0  
  1   4   -29.14   2.42   49.72   5.28   0.0   0.0   0.0  
  2   2   193.95   188.35   49.31   2.65   659.53   660.65   0.0  
  3   4   197.36   186.64   49.13   4.48   655.76   660.29   0.0  
  4   2   182.93   200.24   48.57   9.34   658.35   661.77   0.0  
  5   2   164.12   186.9   48.49   63.94   658.51   659.51   0.0  
  6   2   165.54   184.14   48.37   9.37   656.77   653.9   291.0  
  1   4   200.65   200.38   50.41   9.0   658.21   655.39   0.0  
  2   3   194.11   200.3   48.57   18.42   658.87   657.02   0.0  
  3   2   184.86   198.02   48.49   14.67   657.88   655.8   0.0  
  4   3   202.99   204.08   48.93   8.37   659.52   659.75   0.0  
  5   1   196.78   193.86   49.77   11.47   666.92   668.04   0.0  
  6   4   195.29   197.75   48.92   5.59   659.41   655.72   0.0  
  1   3   187.83   187.13   49.88   22.94   656.84   656.02   0.0  
  2   1   180.41   187.32   48.57   12.28   657.57   656.37   0.0  
  3   1   163.52   187.08   49.29   8.14   659.56   657.2   17.0  
  4   4   184.12   165.01   49.37   48.96   657.09   654.08   0.0  
  5   3   185.72   185.76   47.05   127.94   656.31   656.97   0.0  
  6   1   188.5   188.56   46.68   74.77   655.43   652.18   0.0  
  1   1   191.47   200.91   50.5   12.08   656.3   658.47   0.0  
  2   2   199.14   190.13   50.32   13.81   656.44   655.34   0.0  
  3   4   199.03   188.82   50.03   17.96   656.21   656.25   0.0  
  4   2   189.63   203.04   50.56   50.6   658.43   658.49   0.0  
  5   2   181.86   197.59   49.25   4.23   657.77   660.3   0.0  
  6   2   185.17   197.14   49.02   9.33   659.27   654.16   0.0  
  1   3   201.92   189.01   48.44   12.33   659.69   658.29   0.0  
  2   1   191.18   199.38   49.55   11.31   657.14   655.55   0.0  
  3   1   192.3   201.79   50.21   9.49   656.15   658.3   245.0  
  4   4   198.15   190.33   50.21   10.9   652.26   653.33   393.0  
  5   3   196.24   188.04   48.61   6.6   659.55   657.8   0.0  
  6   1   194.64   189.97   48.44   6.28   653.99   650.22   0.0  
  1   4   182.66   183.07   48.45   11.5   656.9   652.76   0.0  
  2   3   151.17   197.37   48.46   8.98   658.08   654.96   0.0  
  3   2   181.72   195.72   52.32   18.04   656.56   652.71   0.0  
  4   3   187.52   192.2   49.54   34.41   659.98   658.38   0.0  
  5   1   197.58   195.84   50.96   18.51   668.47   670.36   0.0  
  6   4   186.21   191.71   47.97   9.58   658.62   657.31   0.0  
  1   1   187.2   194.38   49.16   11.83   660.45   659.83   0.0  
  2   2   197.57   188.04   49.61   7.69   658.14   656.84   0.0  
  3   4   194.68   190.41   49.48   7.33   659.73   659.12   0.0  
  4   2   169.67   190.81   48.98   7.83   656.94   658.9   0.0  
  5   2   161.9   189.91   48.61   8.37   660.85   663.45   0.0  
  6   2   171.62   183.69   49.04   8.24   660.45   657.96   0.0  
  1   1   188.38   192.93   49.9   13.4   657.45   657.0   0.0  
  2   2   197.24   189.28   50.24   3.38   660.65   658.2   0.0  
  3   4   194.48   187.6   49.58   6.37   657.75   657.52   0.0  
  4   2   167.3   185.31   49.4   6.26   656.23   660.64   199.0  
  5   2   166.63   184.61   48.83   9.63   659.82   659.93   161.0  
  6   2   158.6   186.04   49.32   9.49   663.27   659.61   163.0  
  1   4   183.06   199.34   48.97   8.1   656.81   655.43   0.0  
  2   3   197.33   190.59   48.62   9.21   657.4   657.11   0.0  
  3   2   190.9   197.4   50.04   24.31   658.98   656.31   0.0  
  4   3   192.45   203.0   49.95   8.95   656.87   656.52   0.0  
  5   1   194.92   207.74   50.16   8.58   669.34   670.89   0.0  
  6   4   187.33   193.36   48.47   9.25   656.08   653.41   0.0  
  1   1   193.89   198.57   49.48   6.63   655.0   653.47   0.0  
  2   2   202.74   198.8   47.33   279.76   656.92   655.0   0.0  
  3   4   196.76   193.26   49.79   12.59   656.33   655.41   0.0  
  4   2   192.31   199.0   49.9   103.47   659.01   657.26   0.0  
  5   2   203.91   202.73   48.31   12.13   654.99   654.92   0.0  
  6   2   187.45   194.69   49.17   6.47   658.29   658.24   0.0  
  1   1   196.24   189.97   48.72   2.44   652.53   654.89   12.0  
  2   2   186.79   197.55   48.76   5.57   654.47   653.98   0.0  
  3   4   192.68   202.84   48.77   3.58   654.88   657.54   20.0  
  4   2   199.2   195.48   49.41   6.26   652.86   651.7   0.0  
  5   2   201.12   192.68   48.95   11.31   654.96   654.74   132.0  
  6   2   205.49   197.68   49.77   18.5   660.18   655.63   0.0  
  1   4   190.21   201.06   49.24   5.42   657.15   652.55   0.0  
  2   3   192.58   192.28   48.41   5.49   658.43   655.44   0.0  
  3   2   191.26   199.01   49.99   12.19   656.19   660.47   0.0  
  4   3   192.14   202.65   51.03   39.13   656.72   656.76   0.0  
  5   1   197.61   196.52   50.4   13.54   666.85   668.67   0.0  
  6   4   185.74   193.41   48.04   12.58   658.37   650.96   0.0  
  1   3   182.51   173.5   49.31   5.42   655.6   657.2   0.0  
  2   1   186.27   191.68   49.44   10.95   654.38   654.99   0.0  
  3   1   187.28   196.83   49.93   70.05   659.41   652.78   0.0  
  4   4   192.62   183.86   50.5   8.87   651.63   655.83   0.0  
  5   3   188.02   180.61   48.43   14.56   658.13   658.45   0.0  
  6   1   174.24   169.22   48.27   15.66   652.81   648.46   0.0  
  1   3   184.84   198.67   52.6   52.39   657.35   655.63   0.0  
  2   1   186.45   178.04   48.8   11.69   660.5   658.06   0.0  
  3   1   184.49   175.29   49.18   11.17   655.06   654.47   0.0  
  4   4   164.47   193.03   50.01   9.39   660.31   660.61   314.0  
  5   3   190.19   198.67   49.43   5.45   656.9   656.8   0.0  
  6   1   186.47   199.67   49.08   9.87   655.91   654.56   146.0  
  1   2   192.87   179.75   48.15   133.7   654.86   653.91   0.0  
  2   4   162.46   187.08   48.39   8.89   658.31   651.2   0.0  
  3   3   171.83   180.99   50.64   8.83   655.63   658.95   42.0  
  4   1   179.94   176.79   48.44   10.29   647.37   646.74   0.0  
  5   4   186.14   176.95   50.55   10.04   654.6   658.06   0.0  
  6   3   176.98   170.13   48.32   10.0   660.4   655.95   0.0  
