 1       3   193.09   192.56   52.2   8.55   673.98   669.51   0  678.35  670.33
 1       3   197.46   186.18   51.12   8.55   679.15   672.83   0  681.41  672.33
 1       3   192.79   200.47   51.76   5.54   671.03   673.67   0  673.12  674.01
 1       3   197.97   184.95   51.05   7.54   670.35   674.7   0  670.32  677.2
 1       3   197.0   191.28   51.17   8.74   672.46   672.16   0  672.94  672.49
 1       3   197.14   196.57   53.61   22.92   672.08   673.0   0  673.56  673.15
 1       3   194.75   188.04   50.52   11.26   673.87   674.48   0  676.92  675.17
 1       3   191.28   187.36   50.28   4.9   673.87   675.7   0  677.95  677.13
 1       3   193.68   194.43   51.7   3.44   675.77   672.34   0  679.43  674.64
 1       3   193.13   197.92   51.62   4.85   674.84   676.95   0  676.42  679.0
 1       3   193.23   196.1   51.24   6.43   676.3   675.92   0  677.32  678.25
 1       3   192.18   196.94   51.17   6.03   677.44   673.09   11  679.53  680.43
 1       3   200.58   195.45   53.79   9.31   673.73   674.25   0  675.28  675.49
 1       3   193.65   197.44   51.71   5.83   676.44   677.32   0  677.91  677.78
 1       3   198.29   198.54   51.13   6.77   675.89   677.76   0  677.8  678.36
 1       3   186.31   194.72   53.74   19.33   671.3   675.72   0  673.1  675.77
 1       3   194.94   197.25   51.12   4.05   673.52   677.41   83  689.99  683.88
 1       3   191.02   185.17   51.27   7.46   674.78   675.01   0  677.19  677.46
 1       3   193.85   195.98   51.3   6.09   674.75   673.07   0  675.7  674.01
 1       3   201.19   202.61   50.59   3.94   677.41   675.7   102  677.92  703.5
 1       3   203.56   192.05   50.77   9.48   675.27   673.46   0  674.86  672.74
 1       3   198.3   185.12   50.86   7.52   673.1   671.24   0  673.13  671.46
 1       3   193.36   198.04   51.4   4.88   672.92   679.01   16  677.38  687.12
 1       3   198.49   181.2   50.45   7.25   675.35   671.85   0  676.83  671.43
 1       3   192.76   201.49   52.31   44.2   679.8   675.18   0  679.81  675.78
 1       3   195.63   195.17   50.14   7.36   677.73   678.61   0  680.53  680.7
 1       3   198.3   198.09   51.43   7.55   675.79   675.61   0  675.77  675.54
 1       3   193.21   198.11   52.16   6.73   674.0   675.5   103  674.91  687.08
 1       3   193.27   195.99   51.37   4.3   674.41   675.81   0  677.11  679.62
 1       3   195.39   185.13   50.39   8.61   675.66   676.56   0  676.79  677.32
 1       3   199.66   198.41   51.45   3.37   677.51   678.07   0  680.87  678.08
 1       3   191.28   186.9   50.61   9.82   677.17   673.49   0  679.87  678.47
 1       3   191.18   199.19   51.79   6.85   679.01   677.16   0  678.15  679.82
 1       3   190.49   185.87   50.51   5.47   674.42   678.1   0  675.5  681.28
 1       3   200.39   194.45   49.83   5.61   677.93   678.88   0  678.05  679.9
 1       3   192.22   192.02   50.31   5.9   675.96   675.38   0  676.18  674.52
 1       3   191.8   191.02   51.51   10.16   671.22   674.58   149  685.45  681.21
 1       3   192.39   189.68   51.12   6.83   676.34   672.7   0  679.7  671.31
 1       3   194.82   186.33   50.19   7.48   680.71   675.21   0  681.34  674.78
 1       3   195.23   184.21   50.45   4.36   673.27   679.01   0  675.4  679.95
 1       3   199.39   198.89   50.86   3.77   674.58   675.56   0  674.2  676.51
 1       3   193.25   192.1   49.64   22.51   677.62   677.03   0  679.56  681.43
 1       3   191.68   196.09   51.17   5.78   674.29   677.56   269  674.24  686.83
 1       3   196.68   198.24   52.32   8.45   675.13   675.02   0  675.15  675.08
 1       3   194.58   196.62   51.14   9.14   676.88   677.22   0  679.49  684.13
 1       3   198.42   196.49   50.39   3.58   675.49   674.31   0  675.34  680.28
 1       3   195.26   184.66   50.65   6.28   677.1   673.61   0  678.62  676.76
 1       3   193.49   183.4   50.59   4.94   678.4   676.67   0  678.52  677.69
 1       3   199.37   190.32   50.96   9.19   678.02   678.01   113  684.07  678.03
 1       3   196.72   196.48   51.47   5.05   683.03   675.16   0  685.53  674.75
 1       3   199.81   185.19   50.92   7.42   673.2   670.71   0  675.08  673.08
 1       3   198.15   178.21   50.39   3.46   674.78   677.57   65  683.37  679.11
 1       3   194.2   194.57   51.11   8.09   675.89   676.76   0  676.69  677.19
 1       3   193.76   198.51   51.48   5.47   674.87   676.32   65  676.08  711.6
 1       3   196.07   188.48   51.21   3.83   673.2   673.58   0  673.81  674.98
 1       3   193.86   184.24   50.06   7.47   678.19   673.25   0  679.74  674.1
 1       3   200.36   200.66   50.77   17.98   679.08   678.89   0  680.22  679.88
 1       3   198.35   192.85   50.39   24.96   673.36   674.49   0  675.95  675.72
 1       3   194.07   198.68   51.12   8.84   675.56   677.15   0  676.79  676.05
 1       3   200.34   182.8   51.16   4.05   674.87   671.06   0  674.68  671.25
 1       3   197.11   190.28   50.9   11.35   675.13   671.42   0  675.33  671.41
 1       3   199.41   194.26   50.35   6.35   676.81   677.04   62  712.51  677.07
 1       3   194.91   183.31   50.38   9.81   678.99   675.01   0  678.34  676.94
 1       3   194.68   184.88   50.68   4.63   676.4   673.16   147  739.59  674.32
 1       3   191.67   183.79   50.19   6.86   675.03   672.94   24  676.59  682.15
 1       3   199.69   189.51   51.29   5.17   677.01   676.0   43  678.99  689.02
 1       3   195.09   187.42   50.17   8.96   675.12   676.15   0  679.79  676.79
 1       3   194.23   185.2   51.24   3.91   678.76   672.98   0  681.48  673.54
 1       3   195.71   185.52   50.08   4.79   676.09   674.27   0  676.35  678.99
 1       3   193.43   184.52   50.32   9.02   678.99   676.36   0  680.78  683.98
 1       3   195.53   187.64   50.38   11.14   675.27   671.58   0  675.34  674.38
 1       3   191.97   189.26   51.12   7.05   678.52   673.71   0  679.37  677.0
 1       3   196.02   199.12   51.04   5.15   676.49   678.35   11  683.47  683.29
 1       3   195.73   186.23   50.74   4.74   675.47   674.73   0  675.96  677.65
 1       3   192.29   196.11   51.49   6.4   673.01   676.8   51  674.1  706.52
 1       3   193.13   196.6   51.45   1.29   675.84   679.38   0  676.99  680.41
 1       3   193.78   186.26   49.9   13.33   675.43   674.96   0  677.01  678.9
 1       3   196.28   199.6   51.41   3.34   677.0   675.03   0  676.72  677.2
 1       3   192.75   179.93   50.71   16.1   681.03   675.84   112  686.86  676.53
 1       3   198.25   195.42   50.79   7.64   674.66   673.89   0  676.82  674.37
 1       3   198.27   195.53   53.99   36.23   674.07   673.0   0  673.2  672.02
 1       3   193.68   198.59   51.92   13.95   670.34   672.83   0  676.93  674.36
 1       3   192.63   197.73   52.52   68.34   679.27   674.9   0  680.37  676.86
 1       3   190.18   197.77   51.69   6.56   677.95   673.37   0  677.7  676.34
 1       3   197.12   202.0   51.72   96.66   676.62   677.57   0  677.72  677.8
 1       3   194.37   196.32   52.13   13.38   675.53   671.57   0  677.31  672.86
 1       3   197.41   196.69   51.22   10.04   673.6   673.31   0  674.97  673.78
 1       3   192.48   195.81   51.64   6.34   673.56   677.89   37  683.49  679.41
 1       3   194.42   198.37   50.59   18.97   677.24   674.68   0  678.82  679.99
 1       3   193.15   186.92   50.24   10.93   677.37   674.09   0  680.28  675.17
 1       3   193.75   198.01   51.28   8.63   674.63   678.01   0  674.31  680.92
 1       3   191.97   195.64   50.95   5.04   678.4   674.03   40  678.56  690.74
 1       3   193.25   198.48   51.25   3.18   675.55   677.82   0  680.42  676.96
 1       3   198.99   199.36   51.78   5.24   678.1   677.04   0  678.74  679.41
 1       3   193.7   198.39   51.24   10.18   674.05   677.3   0  675.33  683.59
 1       3   197.05   199.19   51.27   5.19   676.92   676.18   0  677.31  679.68
 1       3   193.66   183.28   50.89   5.4   674.78   675.04   0  675.6  679.44
 1       3   195.56   186.32   51.33   3.04   673.59   678.47   0  673.69  679.67
 1       3   193.48   196.47   51.87   5.9   676.04   674.68   0  676.97  676.13
 1       3   194.97   197.23   51.74   7.63   674.69   671.87   0  678.42  671.53
 1       3   193.82   187.78   50.31   8.72   678.68   673.85   0  681.6  674.48
 1       3   189.83   188.2   50.19   10.96   675.11   678.58   26  680.73  691.93
 1       3   195.74   196.63   50.67   10.52   674.77   675.57   0  675.97  676.89
 1       3   193.98   188.04   50.2   7.95   670.73   674.84   0  671.54  678.83
 1       3   196.74   198.04   51.82   18.81   674.11   674.53   0  675.68  673.86
 1       3   193.53   196.74   51.43   7.0   676.02   676.17   0  676.99  677.81
 1       3   193.04   196.48   51.45   4.79   674.56   677.18   0  675.36  679.24
 1       3   193.4   196.63   51.32   9.44   675.84   675.79   50  678.23  686.32
 1       3   193.8   197.67   51.24   6.43   678.14   675.35   0  679.52  675.35
 1       3   195.3   193.79   53.05   9.12   673.26   670.99   0  676.07  671.02
 1       3   193.67   195.72   53.52   20.05   673.91   673.03   0  675.65  674.53
 1       3   188.19   199.33   53.51   9.1   669.07   676.78   0  670.87  680.56
 1       3   194.32   198.24   51.3   12.0   674.89   674.93   31  676.1  686.83
