cube1cam1_11   0   0  192.54   468.73   49.27   8.46   662.07   662.9   0.26179 667.29  664.76
cube1cam1_12   0   1  191.71   193.46   49.27   6.01   662.2   663.59   0 664.42  661.9
cube1cam1_13   0   2  465.82   189.68   49.4   9.26   662.67   661.71   0 662.72  663.91
cube1cam1_14   0   3  468.49   465.76   49.28   4.04   662.0   663.39   0.06228 663.04  668.79
cube1cam2_11   1   0  463.12   464.67   48.79   6.26   656.01   655.94   0.08619 657.86  655.12
cube1cam2_12   1   1  465.08   192.75   48.95   3.54   655.85   656.04   0.32913 656.65  655.8
cube1cam2_13   1   2  192.52   189.87   48.83   20.67   655.68   655.34   0 656.3  660.08
cube1cam2_14   1   3  190.03   462.62   48.56   7.41   655.38   656.02   0.14359 663.07  655.76
cube1cam3_11   2   0  194.25   191.72   49.77   5.14   664.19   664.05   0 665.21  664.11
cube1cam3_12   2   1  190.52   468.77   49.83   7.86   664.99   664.02   0 663.96  664.99
cube1cam3_13   2   2  468.42   471.73   50.12   14.94   664.32   664.53   0 665.47  663.98
cube1cam3_14   2   3  471.75   193.49   50.16   4.32   664.87   664.09   0 665.29  663.14
cube1cam1_21   0   0  192.4   471.13   49.5   8.28   666.09   660.82   0.26513 667.04  664.57
cube1cam1_22   0   1  184.3   191.19   49.3   10.67   660.71   665.16   0.18832 661.48  672.68
cube1cam1_23   0   2  469.22   182.41   49.46   10.12   664.7   659.39   0.17494 668.66  662.63
cube1cam1_24   0   3  471.69   469.22   49.18   9.0   660.04   664.82   0.29976 661.5  673.42
cube1cam2_21   1   0  466.42   468.34   48.71   3.88   658.24   653.56   0.02698 691.66  654.68
cube1cam2_22   1   1  468.51   191.08   49.01   6.75   653.2   659.18   0.02744 653.44  662.57
cube1cam2_23   1   2  191.55   184.21   49.01   9.27   658.96   654.08   0.29327 659.08  654.03
cube1cam2_24   1   3  183.94   466.26   48.63   13.17   653.25   657.94   0.0347 653.66  671.52
cube1cam3_21   2   0  193.3   186.36   50.23   6.98   667.97   662.05   0.09173 667.97  666.97
cube1cam3_22   2   1  185.08   472.13   49.82   8.32   662.02   666.16   0.02707 662.97  680.2
cube1cam3_23   2   2  472.32   474.79   50.13   7.93   667.17   661.94   0.02868 670.22  661.84
cube1cam3_24   2   3  475.04   193.53   50.26   4.76   662.41   667.11   0 664.26  668.42
cube1cam1_31   0   0  188.13   476.73   49.31   4.76   660.94   666.51   0.34377 665.21  666.25
cube1cam1_32   0   1  185.55   188.55   48.88   5.17   664.27   661.57   0 667.16  660.28
cube1cam1_33   0   2  468.3   184.69   49.07   7.24   660.32   666.99   0.31588 664.48  669.11
cube1cam1_34   0   3  477.49   466.15   49.35   3.23   665.98   660.83   0.24222 668.26  661.16
cube1cam2_31   1   0  463.61   473.79   49.06   7.17   652.83   658.91   0 653.73  659.15
cube1cam2_32   1   1  473.17   187.3   48.95   8.73   658.61   653.16   0.26173 659.86  653.7
cube1cam2_33   1   2  188.46   184.35   49.01   5.58   654.51   656.97   0 653.89  682.6
cube1cam2_34   1   3  183.98   464.24   48.68   8.82   657.79   652.03   0.04034 665.34  657.24
cube1cam3_31   2   0  189.61   186.78   50.11   7.17   662.24   666.67   0.28864 663.12  675.96
cube1cam3_32   2   1  185.49   470.06   50.22   8.02   667.26   660.97   0 669.15  661.84
cube1cam3_33   2   2  469.42   479.74   50.1   11.92   661.72   667.42   0 663.03  668.09
cube1cam3_34   2   3  479.98   190.57   50.41   4.77   668.04   662.11   0 668.23  662.25
cube1cam1_41   0   0  193.21   463.52   50.1   7.89   661.96   662.13   0 661.12  662.15
cube1cam1_42   0   1  196.4   192.12   50.33   4.65   662.86   661.81   0 662.05  661.92
cube1cam1_43   0   2  466.45   194.46   50.48   8.51   662.09   662.45   0.34443 663.35  665.69
cube1cam1_44   0   3  464.02   465.79   50.06   7.37   662.26   663.02   0 661.98  663.42
cube1cam2_41   1   0  462.62   460.48   49.39   9.5   655.36   654.95   0 654.0  654.99
cube1cam2_42   1   1  460.74   191.89   49.34   9.0   655.45   655.35   0 655.21  655.15
cube1cam2_43   1   2  192.3   194.59   49.2   10.42   655.84   655.86   0.08762 659.87  664.26
cube1cam2_44   1   3  194.49   463.27   49.35   11.11   654.94   655.92   0.14547 659.08  655.01
cube1cam3_41   2   0  193.89   196.95   50.93   7.62   664.63   663.93   0.09811 679.66  665.19
cube1cam3_42   2   1  195.79   469.8   51.32   10.14   664.85   664.94   0 664.95  663.99
cube1cam3_43   2   2  469.71   466.47   51.32   8.79   664.98   663.26   0 664.62  662.97
cube1cam3_44   2   3  466.12   194.2   51.12   9.09   663.93   664.14   0.07242 664.17  666.3
cube1cam1_51   0   0  190.68   463.27   49.66   6.56   665.77   661.09   0.21964 666.17  662.02
cube1cam1_52   0   1  194.09   189.21   49.44   3.15   663.17   664.11   0.2441 662.98  671.6
cube1cam1_53   0   2  471.0   191.81   49.8   11.39   664.39   662.61   0 664.57  661.74
cube1cam1_54   0   3  465.65   471.15   49.62   6.7   662.66   665.9   0.11052 662.15  670.21
cube1cam2_51   1   0  468.5   461.81   49.42   8.77   657.74   655.16   0 657.97  655.64
cube1cam2_52   1   1  461.15   188.93   49.45   1.96   654.02   657.93   0.14547 661.27  662.7
cube1cam2_53   1   2  188.81   191.14   49.31   7.02   657.03   654.15   0 659.54  655.09
cube1cam2_54   1   3  192.91   467.93   49.38   5.26   655.09   657.45   0 656.02  659.03
cube1cam3_51   2   0  190.51   194.3   51.28   3.65   666.14   663.01   0 668.0  663.12
cube1cam3_52   2   1  193.56   473.94   51.17   5.28   663.31   666.37   0 664.34  667.08
cube1cam3_53   2   2  474.42   467.55   51.64   6.46   667.28   662.79   0 667.44  661.76
cube1cam3_54   2   3  467.35   190.36   51.3   5.43   663.13   665.25   0 665.91  666.06
cube1cam1_61   0   0  190.11   467.3   49.65   4.09   661.05   666.05   0 662.04  666.07
cube1cam1_62   0   1  195.06   189.76   50.39   6.16   664.23   662.23   0 664.02  661.07
cube1cam1_63   0   2  467.34   193.38   49.98   9.97   662.0   665.0   0.22936 661.06  670.07
cube1cam1_64   0   3  467.42   466.52   50.38   3.26   664.86   661.33   0 666.05  661.5
cube1cam2_61   1   0  463.61   464.05   49.26   8.91   654.99   658.03   0 654.58  658.05
cube1cam2_62   1   1  463.57   189.62   49.44   4.12   657.82   654.99   0 657.7  654.82
cube1cam2_63   1   2  189.83   194.24   49.42   9.14   654.36   658.75   0 654.51  658.25
cube1cam2_64   1   3  193.88   463.39   49.02   11.87   657.5   654.0   0.14735 659.99  654.0
cube1cam3_61   2   0  192.06   196.75   51.02   6.15   664.0   667.14   0 664.11  667.05
cube1cam3_62   2   1  195.61   470.4   51.1   7.21   668.18   663.13   0.02545 672.06  663.08
cube1cam3_63   2   2  470.33   470.58   51.12   4.68   664.2   667.89   0 665.21  666.24
cube1cam3_64   2   3  470.08   192.0   51.04   5.76   667.8   663.68   0 668.26  662.79
cube2cam1_11   0   0  188.52   475.17   49.51   4.74   663.21   664.3   0 664.62  664.04
cube2cam1_12   0   1  185.08   189.13   48.78   13.53   664.65   664.65   0 665.64  664.42
cube2cam1_13   0   2  471.04   182.72   49.48   14.06   663.75   664.19   0 663.87  665.29
cube2cam1_14   0   3  476.92   470.09   49.2   5.84   664.73   664.31   0 665.91  663.3
cube2cam2_11   1   0  468.75   472.3   48.64   4.51   657.77   657.86   0 658.92  658.36
cube2cam2_12   1   1  473.0   188.21   48.83   7.41   657.77   656.9   0.05667 658.97  657.01
cube2cam2_13   1   2  188.74   183.81   48.66   11.86   658.1   657.81   0.0203 666.17  659.26
cube2cam2_14   1   3  184.23   468.06   48.54   7.21   657.73   656.68   0.02248 663.84  657.54
cube2cam3_11   2   0  190.07   185.14   49.77   7.81   666.63   665.38   0.06965 671.85  673.08
cube2cam3_12   2   1  184.56   474.54   50.18   4.0   666.25   665.94   0 666.53  665.64
cube2cam3_13   2   2  473.95   479.64   50.14   10.95   666.04   666.02   0 666.99  666.01
cube2cam3_14   2   3  479.19   190.5   50.21   6.08   666.87   666.13   0.08607 668.31  675.48
cube2cam1_21   0   0  186.96   477.2   49.74   16.55   666.67   661.92   0 667.6  662.83
cube2cam1_22   0   1  178.95   186.29   49.63   6.42   661.93   666.75   0 663.61  667.84
cube2cam1_23   0   2  476.15   178.02   49.07   11.24   667.99   663.02   0 668.04  662.04
cube2cam1_24   0   3  480.13   476.04   49.27   3.67   664.06   667.93   0.09981 665.02  669.28
cube2cam2_21   1   0  473.3   475.26   48.95   12.98   660.35   655.56   0.06488 666.89  656.83
cube2cam2_22   1   1  475.63   185.94   49.18   12.41   655.45   659.42   0.27753 658.05  661.89
cube2cam2_23   1   2  187.23   178.84   48.88   6.62   660.61   655.41   0.08367 663.69  657.2
cube2cam2_24   1   3  178.87   472.18   48.68   9.41   654.87   659.98   0.17797 656.71  672.12
cube2cam3_21   2   0  188.14   179.97   50.2   10.07   668.95   663.16   0 671.87  664.13
cube2cam3_22   2   1  179.69   479.23   49.91   8.14   664.3   669.68   0.05291 666.4  674.74
cube2cam3_23   2   2  478.45   481.85   50.33   10.83   668.97   663.08   0.01005 671.93  663.15
cube2cam3_24   2   3  481.08   187.72   50.52   16.84   664.22   667.89   0.16769 666.23  670.78
cube2cam1_31   0   0  188.96   479.52   49.27   6.65   662.93   666.19   0.32492 664.17  666.28
cube2cam1_32   0   1  182.47   187.65   48.78   15.66   668.0   663.08   0 669.26  663.99
cube2cam1_33   0   2  470.26   180.31   49.32   8.39   662.08   666.99   0.26091 662.03  671.95
cube2cam1_34   0   3  479.81   468.34   49.61   5.21   664.7   661.41   0.14383 665.0  663.16
cube2cam2_31   1   0  466.4   476.41   48.6   7.18   654.77   658.22   0.39942 657.19  658.85
cube2cam2_32   1   1  477.23   187.23   48.68   5.78   659.46   655.43   0 659.97  656.28
cube2cam2_33   1   2  188.12   182.17   48.8   10.35   655.75   661.08   0.03938 656.05  665.23
cube2cam2_34   1   3  182.41   466.43   48.53   4.75   661.15   654.83   0.06679 664.66  656.0
cube2cam3_31   2   0  189.16   182.97   50.42   12.74   664.05   668.48   0 665.03  668.2
cube2cam3_32   2   1  182.81   473.84   50.21   10.74   669.01   663.76   0 670.12  664.39
cube2cam3_33   2   2  472.83   482.91   50.58   8.98   664.19   666.64   0.01185 669.03  666.17
cube2cam3_34   2   3  484.09   190.6   50.3   7.86   669.14   664.69   0 668.09  664.51
cube2cam1_41   0   0  190.77   464.89   50.31   6.35   662.12   662.61   0.30881 662.74  668.73
cube2cam1_42   0   1  193.34   191.1   50.18   7.35   663.29   665.68   0 663.33  666.0
cube2cam1_43   0   2  467.63   192.22   50.48   4.82   661.35   663.76   0 663.66  663.18
cube2cam1_44   0   3  468.0   467.33   49.8   5.51   664.03   662.65   0.01623 672.32  661.99
cube2cam2_41   1   0  464.56   462.26   49.24   12.52   655.35   655.49   0 656.0  656.1
cube2cam2_42   1   1  463.29   190.47   49.56   9.69   655.4   656.03   0.17828 663.96  655.49
cube2cam2_43   1   2  189.76   191.61   49.64   8.11   655.78   656.37   0 655.99  655.03
cube2cam2_44   1   3  191.76   465.23   49.38   5.24   656.0   655.73   0 656.43  655.07
cube2cam3_41   2   0  192.32   194.46   51.14   8.14   664.97   664.97   0 665.1  663.91
cube2cam3_42   2   1  193.5   471.83   51.31   5.23   665.76   664.3   0 666.82  664.47
cube2cam3_43   2   2  470.18   469.41   51.6   11.96   664.26   663.58   0.21746 664.38  664.75
cube2cam3_44   2   3  468.63   192.5   51.3   7.23   664.01   664.0   0 664.01  664.0
cube2cam1_51   0   0  187.9   465.4   50.13   5.93   665.67   661.78   0.10809 669.57  666.49
cube2cam1_52   0   1  191.05   188.19   49.77   6.31   662.2   667.26   0.36967 663.83  671.93
cube2cam1_53   0   2  474.69   189.82   49.81   10.42   666.37   662.46   0 668.99  663.93
cube2cam1_54   0   3  467.31   473.31   49.92   6.67   663.0   669.01   0 669.0  666.02
cube2cam2_51   1   0  471.0   463.45   49.51   8.54   659.2   655.72   0 659.0  657.7
cube2cam2_52   1   1  462.87   186.85   49.65   4.09   654.51   659.81   0.1954 658.54  661.1
cube2cam2_53   1   2  187.02   189.91   49.57   4.35   659.17   654.42   0.06549 662.27  655.17
cube2cam2_54   1   3  191.92   470.72   49.08   9.37   656.04   658.89   0 656.4  659.74
cube2cam3_51   2   0  188.9   193.27   51.2   8.36   667.99   663.84   0 669.11  664.67
cube2cam3_52   2   1  192.63   477.21   51.28   5.23   664.12   666.84   0 665.76  666.64
cube2cam3_53   2   2  476.57   469.73   51.28   6.46   666.87   662.69   0.39785 668.54  665.48
cube2cam3_54   2   3  469.31   189.68   51.08   6.11   664.17   668.03   0.25325 670.98  669.78
cube2cam1_61   0   0  187.3   469.76   49.62   4.7   663.02   669.67   0.03316 665.56  670.19
cube2cam1_62   0   1  192.02   186.97   49.71   6.73   665.86   663.66   0.09931 667.61  679.22
cube2cam1_63   0   2  471.53   190.51   49.86   6.41   662.96   670.19   0 663.75  668.66
cube2cam1_64   0   3  470.15   470.27   49.71   9.54   665.04   663.97   0.02534 668.93  663.53
cube2cam2_61   1   0  468.65   466.12   49.38   4.24   656.25   658.46   0.04087 656.37  668.58
cube2cam2_62   1   1  466.34   185.99   49.65   9.4   657.57   655.47   0.06385 667.29  663.33
cube2cam2_63   1   2  186.11   191.11   49.45   8.9   655.51   658.29   0.17757 663.23  670.27
cube2cam2_64   1   3  190.66   467.93   49.65   8.59   657.19   655.58   0.11795 659.69  655.38
cube2cam3_61   2   0  187.98   192.94   51.27   3.21   664.6   666.29   0.01798 667.0  666.8
cube2cam3_62   2   1  192.39   475.19   51.37   5.97   666.19   664.51   0 667.32  664.81
cube2cam3_63   2   2  474.23   472.86   51.72   8.42   664.02   665.94   0 666.59  667.73
cube2cam3_64   2   3  472.78   188.0   51.31   8.84   667.24   663.57   0.29445 667.51  666.09
cube3cam1_11   0   0  195.59   465.51   50.86   8.02   663.73   665.9   0 665.3  668.76
cube3cam1_12   0   1  194.49   195.64   50.72   10.41   664.0   665.51   0 663.01  665.01
cube3cam1_13   0   2  462.06   192.29   51.2   12.47   660.62   661.9   0 662.21  662.57
cube3cam1_14   0   3  465.53   461.77   51.22   8.23   663.47   661.26   0 664.5  661.72
cube3cam2_11   1   0  459.84   462.54   49.85   7.4   655.3   656.83   0.25429 656.85  657.87
cube3cam2_12   1   1  463.25   194.71   50.45   8.0   657.17   655.78   0 657.27  657.53
cube3cam2_13   1   2  194.68   192.19   49.58   8.61   656.01   656.64   0 657.63  661.48
cube3cam2_14   1   3  193.72   459.89   49.62   11.26   657.1   654.69   0 658.01  656.1
cube3cam3_11   2   0  196.23   195.85   52.17   16.38   665.13   664.89   0.28362 667.02  666.98
cube3cam3_12   2   1  194.84   465.05   52.08   12.74   664.97   662.33   0 666.41  663.43
cube3cam3_13   2   2  464.44   469.46   52.4   13.77   663.52   665.52   0 664.28  665.64
cube3cam3_14   2   3  468.42   197.69   52.59   10.44   666.01   664.05   0 667.02  665.16
cube3cam1_21   0   0  187.32   463.6   50.36   9.43   664.84   661.49   0 666.3  662.96
cube3cam1_22   0   1  190.46   186.56   50.55   12.96   657.0   666.33   0 658.82  665.57
cube3cam1_23   0   2  474.13   190.51   50.33   13.2   665.86   659.25   0 666.93  661.25
cube3cam1_24   0   3  464.28   471.56   50.62   6.5   660.08   666.08   0.03396 663.06  666.76
cube3cam2_21   1   0  469.57   460.92   49.74   5.54   657.5   653.25   0.01953 658.52  655.25
cube3cam2_22   1   1  461.99   187.74   49.79   8.73   652.41   658.6   0.27958 661.48  658.99
cube3cam2_23   1   2  187.58   190.99   49.71   10.73   658.93   652.85   0.15435 663.73  656.16
cube3cam2_24   1   3  192.79   470.62   49.44   8.12   654.21   658.37   0.03324 656.36  658.42
cube3cam3_21   2   0  188.33   192.46   51.53   5.61   667.01   660.68   0 667.92  660.38
cube3cam3_22   2   1  193.17   476.88   51.58   7.13   661.74   665.53   0.31965 666.56  667.31
cube3cam3_23   2   2  475.72   467.59   51.64   7.22   666.2   661.42   0.10584 668.76  663.92
cube3cam3_24   2   3  467.27   189.45   51.38   9.98   660.88   666.75   0.16545 666.26  669.03
cube3cam1_31   0   0  190.63   467.05   50.33   6.89   661.19   665.39   0 661.68  666.48
cube3cam1_32   0   1  192.89   190.01   49.84   10.14   665.77   663.59   0 666.85  663.58
cube3cam1_33   0   2  464.89   192.68   50.08   12.52   658.96   667.11   0.01693 662.22  666.43
cube3cam1_34   0   3  468.48   465.28   49.86   12.42   666.53   661.53   0 668.59  659.64
cube3cam2_31   1   0  462.68   465.17   49.39   8.77   653.34   658.64   0.2652 654.43  658.17
cube3cam2_32   1   1  465.26   188.67   49.75   17.11   658.39   654.42   0 659.87  655.6
cube3cam2_33   1   2  189.24   192.57   49.59   7.91   653.39   658.06   0.05004 669.67  659.22
cube3cam2_34   1   3  193.29   462.55   49.22   21.25   659.25   652.99   0 658.49  654.05
cube3cam3_31   2   0  191.31   194.9   51.0   14.73   661.98   667.26   0.02137 664.12  666.33
cube3cam3_32   2   1  193.55   468.33   51.13   9.1   666.83   660.98   0 667.28  661.22
cube3cam3_33   2   2  468.23   471.72   50.98   8.97   661.97   667.2   0 663.0  667.16
cube3cam3_34   2   3  470.38   191.74   51.43   9.25   666.81   661.8   0.33394 668.43  663.74
cube3cam1_41   0   0  193.06   467.02   50.02   7.09   663.0   662.08   0.03714 663.91  670.98
cube3cam1_42   0   1  191.01   192.31   49.78   7.24   661.99   663.06   0.12395 664.92  666.05
cube3cam1_43   0   2  466.27   190.18   50.17   9.77   664.0   664.7   0 664.25  665.3
cube3cam1_44   0   3  468.16   466.12   49.66   6.78   662.15   667.63   0.01173 670.37  668.36
cube3cam2_41   1   0  463.47   464.32   49.1   11.54   656.64   655.31   0.06718 666.95  676.58
cube3cam2_42   1   1  464.59   192.17   49.18   10.13   655.29   657.01   0.02381 666.04  658.2
cube3cam2_43   1   2  191.88   190.59   49.62   68.54   656.92   656.51   0.1095 658.98  657.52
cube3cam2_44   1   3  190.37   463.36   49.03   9.45   655.19   656.93   0.12581 658.94  657.78
cube3cam3_41   2   0  194.85   192.56   50.47   12.19   666.7   663.19   0.25567 666.97  665.67
cube3cam3_42   2   1  192.62   470.46   51.25   20.47   664.38   664.78   0 668.2  665.75
cube3cam3_43   2   2  469.4   470.51   50.99   7.14   665.96   662.81   0.04415 666.73  668.29
cube3cam3_44   2   3  470.35   195.35   50.68   17.55   664.15   665.97   0.28889 664.86  668.09
cube3cam1_51   0   0  195.49   473.22   49.62   6.33   665.95   662.96   0 669.69  663.69
cube3cam1_52   0   1  181.05   195.1   49.92   6.67   659.78   667.33   0 661.37  668.58
cube3cam1_53   0   2  466.88   181.0   50.26   2.88   666.08   661.49   0 668.01  661.93
cube3cam1_54   0   3  472.65   465.49   49.74   5.54   659.43   665.68   0 660.79  666.78
cube3cam2_51   1   0  463.02   469.01   49.16   6.35   658.26   651.0   0.23592 659.27  652.93
cube3cam2_52   1   1  469.12   193.56   49.32   7.14   653.02   658.92   0.34144 655.92  661.56
cube3cam2_53   1   2  195.92   182.34   49.09   8.59   660.05   655.25   0.06594 663.06  655.85
cube3cam2_54   1   3  181.76   463.48   49.03   9.02   652.93   659.11   0.1123 655.08  660.33
cube3cam3_51   2   0  196.8   183.95   50.95   5.54   667.95   661.47   0 668.9  662.63
cube3cam3_52   2   1  182.5   469.72   51.23   6.0   660.88   666.7   0 663.82  667.05
cube3cam3_53   2   2  469.13   476.51   51.14   4.97   667.08   660.01   0 669.59  661.05
cube3cam3_54   2   3  475.99   196.3   51.1   4.46   660.43   666.95   0.34158 664.69  669.27
cube3cam1_61   0   0  189.96   478.68   49.32   5.89   662.48   673.27   0.39431 663.87  674.18
cube3cam1_62   0   1  184.41   187.62   49.37   12.56   666.99   660.98   0 667.04  661.89
cube3cam1_63   0   2  467.87   183.65   49.42   7.64   663.14   668.21   0 665.17  669.18
cube3cam1_64   0   3  477.46   466.75   49.54   7.43   666.2   664.43   0 668.24  666.47
cube3cam2_61   1   0  464.56   474.24   49.26   4.41   655.42   658.94   0.18702 657.4  660.65
cube3cam2_62   1   1  474.74   189.25   48.89   13.98   659.0   655.79   0.30549 661.2  655.73
cube3cam2_63   1   2  188.43   183.39   49.03   11.53   654.01   659.01   0.38475 655.1  659.22
cube3cam2_64   1   3  184.47   464.91   48.91   13.17   659.6   656.08   0.23722 662.69  657.16
cube3cam3_61   2   0  190.79   185.24   50.47   4.13   663.51   667.51   0.19756 665.72  669.12
cube3cam3_62   2   1  184.21   471.37   50.35   7.47   667.48   663.63   0 671.05  665.81
cube3cam3_63   2   2  471.4   480.48   50.61   9.05   664.54   667.1   0.33937 666.42  669.81
cube3cam3_64   2   3  480.2   191.47   50.21   14.12   668.48   664.12   0 671.74  665.07
cube4cam1_11   0   0  188.26   464.37   50.13   8.59   665.19   662.26   0.09104 666.04  670.1
cube4cam1_12   0   1  194.17   188.48   50.01   9.87   663.91   666.22   0 665.02  665.37
cube4cam1_13   0   2  473.03   191.28   50.15   11.04   665.82   662.67   0.07755 665.69  669.59
cube4cam1_14   0   3  466.5   471.82   50.41   10.41   662.19   666.02   0.09879 668.13  667.65
cube4cam2_11   1   0  469.74   462.97   49.3   7.29   658.12   655.94   0.06634 658.21  667.98
cube4cam2_12   1   1  462.99   187.18   49.8   11.31   655.89   658.65   0 655.65  658.84
cube4cam2_13   1   2  188.66   192.1   49.77   5.81   659.09   655.83   0.04141 658.15  659.02
cube4cam2_14   1   3  191.54   469.66   49.51   12.08   655.35   658.53   0.30787 659.17  657.53
cube4cam3_11   2   0  189.44   194.85   51.42   5.6   667.94   664.31   0 668.09  665.97
cube4cam3_12   2   1  194.14   476.49   51.73   8.04   664.87   667.23   0 666.49  665.69
cube4cam3_13   2   2  476.16   469.56   51.75   7.25   667.66   664.37   0 667.19  663.63
cube4cam3_14   2   3  469.0   190.05   51.6   9.46   664.81   667.84   0 664.31  667.55
cube4cam1_21   0   0  187.36   466.48   50.16   4.07   660.99   665.13   0.06936 661.92  668.19
cube4cam1_22   0   1  193.99   187.58   50.38   3.01   664.34   661.63   0 665.27  661.23
cube4cam1_23   0   2  469.53   192.22   50.39   8.97   660.8   664.24   0 660.3  667.15
cube4cam1_24   0   3  467.58   469.08   49.88   11.41   664.81   661.83   0.29697 665.56  664.11
cube4cam2_21   1   0  466.32   464.01   49.23   8.44   654.14   657.72   0.05872 656.03  657.08
cube4cam2_22   1   1  464.12   186.2   49.71   6.79   657.94   653.96   0.05009 665.2  654.8
cube4cam2_23   1   2  186.8   193.97   49.56   5.65   654.12   657.96   0.32478 654.17  660.99
cube4cam2_24   1   3  192.78   466.2   49.44   3.19   658.01   654.14   0 658.26  656.79
cube4cam3_21   2   0  188.98   195.46   51.2   6.36   663.6   666.03   0 664.54  665.72
cube4cam3_22   2   1  194.28   473.1   51.28   5.86   666.08   662.75   0.16877 666.9  663.77
cube4cam3_23   2   2  472.53   469.61   51.6   3.41   662.15   665.76   0 662.0  665.35
cube4cam3_24   2   3  468.91   187.67   51.15   8.98   664.99   661.86   0 666.11  661.32
cube4cam1_31   0   0  195.37   463.98   50.04   8.75   663.23   662.88   0.07465 680.21  664.51
cube4cam1_32   0   1  195.85   194.67   50.54   3.62   663.75   663.79   0.07953 665.81  702.15
cube4cam1_33   0   2  464.61   194.86   50.28   5.65   662.86   663.86   0.11078 667.36  685.81
cube4cam1_34   0   3  465.25   465.13   49.62   5.58   663.05   664.01   0.14167 663.07  675.96
cube4cam2_31   1   0  460.9   461.01   49.56   6.15   655.88   655.11   0.12484 663.14  656.81
cube4cam2_32   1   1  461.99   194.39   49.85   10.9   656.17   656.84   0.04043 657.16  704.01
cube4cam2_33   1   2  194.94   193.83   49.75   6.6   656.39   655.89   0.12363 685.94  673.83
cube4cam2_34   1   3  194.58   461.28   49.3   6.06   656.99   656.03   0.05274 674.26  682.76
cube4cam3_31   2   0  196.44   195.75   51.26   7.58   665.44   664.99   0.06335 674.96  665.75
cube4cam3_32   2   1  195.73   467.25   51.03   10.03   665.02   665.11   0.38105 666.72  666.47
cube4cam3_33   2   2  467.46   467.44   51.33   3.04   666.0   664.14   0.11048 667.84  665.18
cube4cam3_34   2   3  467.37   197.72   51.05   6.41   664.31   665.73   0.15306 667.21  676.06
cube4cam1_41   0   0  188.5   477.89   49.47   11.3   661.0   666.01   0.02886 664.1  675.74
cube4cam1_42   0   1  184.26   188.56   49.54   6.93   667.31   662.42   0.13831 670.35  695.69
cube4cam1_43   0   2  467.86   181.57   49.88   5.6   661.17   664.92   0.08325 667.35  677.93
cube4cam1_44   0   3  479.22   467.55   49.95   9.04   665.75   663.09   0.24206 669.8  678.31
cube4cam2_41   1   0  465.52   475.22   49.28   5.28   655.06   659.3   0.30675 662.81  665.16
cube4cam2_42   1   1  475.84   187.88   49.49   31.33   659.41   654.03   0.31598 662.64  666.22
cube4cam2_43   1   2  188.42   182.32   49.32   7.39   654.75   658.73   0.12239 664.79  675.47
cube4cam2_44   1   3  182.27   464.87   48.82   14.85   658.45   654.81   0.27664 666.26  679.67
cube4cam3_41   2   0  190.34   184.84   50.48   2.69   663.83   667.24   0.21696 675.9  669.44
cube4cam3_42   2   1  183.67   470.71   50.45   2.68   667.18   662.14   0.09683 669.93  667.1
cube4cam3_43   2   2  471.45   481.68   50.4   22.36   664.06   667.96   0.32102 664.06  671.93
cube4cam3_44   2   3  481.62   190.97   50.24   11.3   668.15   663.1   0.15919 670.68  667.12
cube4cam1_51   0   0  191.93   464.35   49.56   2.65   664.47   666.47   0.08185 664.26  677.44
cube4cam1_52   0   1  196.67   192.15   49.65   8.65   664.95   664.74   0.2767 668.93  664.63
cube4cam1_53   0   2  469.04   196.21   48.99   12.11   664.37   666.01   0.18998 665.39  673.84
cube4cam1_54   0   3  464.36   468.15   49.74   9.17   663.72   664.24   0 663.31  663.97
cube4cam2_51   1   0  465.63   461.47   49.09   4.25   657.95   657.0   0.0585 659.39  673.33
cube4cam2_52   1   1  462.12   190.73   49.09   13.21   657.12   657.62   0.13193 668.29  656.04
cube4cam2_53   1   2  191.49   195.96   49.05   11.23   657.72   658.61   0.03815 668.91  664.03
cube4cam2_54   1   3  195.45   466.74   48.95   7.09   658.03   658.24   0 657.99  658.83
cube4cam3_51   2   0  193.0   198.44   50.2   7.3   666.06   667.0   0.05313 667.08  669.01
cube4cam3_52   2   1  198.06   472.21   50.51   3.35   666.99   666.55   0 667.36  666.76
cube4cam3_53   2   2  471.87   467.76   50.04   7.37   666.47   666.11   0 667.89  666.2
cube4cam3_54   2   3  467.22   193.39   50.36   14.34   666.57   666.33   0 668.1  666.24
cube4cam1_61   0   0  189.06   477.03   49.24   7.27   668.98   662.92   0.1575 672.34  677.15
cube4cam1_62   0   1  179.82   187.82   49.51   4.74   661.57   668.86   0.02803 662.35  672.53
cube4cam1_63   0   2  475.74   178.17   49.93   6.05   666.99   660.84   0 667.71  662.32
cube4cam1_64   0   3  478.91   475.76   49.35   5.34   662.87   667.66   0.28351 663.66  677.29
cube4cam2_61   1   0  472.62   475.5   48.86   6.64   661.0   656.0   0.08078 672.0  671.0
cube4cam2_62   1   1  475.26   186.47   49.18   10.25   656.0   661.32   0.1518 669.86  667.31
cube4cam2_63   1   2  187.16   179.73   49.19   3.8   661.01   655.52   0.1759 666.89  656.67
cube4cam2_64   1   3  179.78   471.99   48.8   8.73   654.79   659.61   0.037 655.84  666.02
cube4cam3_61   2   0  189.04   181.78   50.14   11.2   669.48   664.03   0.05433 673.98  664.03
cube4cam3_62   2   1  180.62   478.36   50.62   10.75   664.41   668.86   0.19901 665.66  672.49
cube4cam3_63   2   2  479.24   481.81   50.27   15.36   669.96   665.03   0 669.99  666.02
cube4cam3_64   2   3  481.78   188.83   50.45   12.25   665.31   668.92   0.14712 667.03  674.28
cube5cam1_11   0   0  197.36   467.41   49.86   7.16   659.98   661.11   0 660.03  660.14
cube5cam1_12   0   1  188.51   197.26   50.04   9.37   660.12   661.03   0.26319 660.23  663.21
cube5cam1_13   0   2  458.59   188.51   49.9   6.73   659.26   661.38   0 661.31  661.55
cube5cam1_14   0   3  468.23   459.13   49.68   5.71   660.74   661.53   0.07816 660.27  667.65
cube5cam2_11   1   0  455.46   464.35   48.8   8.3   652.07   653.32   0 652.2  653.91
cube5cam2_12   1   1  464.39   195.43   49.42   10.14   653.07   651.99   0 653.0  652.11
cube5cam2_13   1   2  196.47   188.23   49.33   3.88   652.84   653.17   0 652.62  653.93
cube5cam2_14   1   3  188.83   455.38   48.96   8.09   653.9   652.96   0 653.36  652.84
cube5cam3_11   2   0  198.87   189.94   50.52   9.39   662.09   661.35   0 662.66  661.38
cube5cam3_12   2   1  189.65   461.48   50.86   7.77   662.27   659.74   0 662.69  660.04
cube5cam3_13   2   2  461.49   471.44   50.95   6.03   661.99   662.0   0 661.07  660.97
cube5cam3_14   2   3  470.29   198.57   51.01   5.5   662.03   660.19   0 662.94  661.27
cube5cam1_21   0   0  195.09   474.41   49.88   5.95   660.84   660.08   0 662.7  660.28
cube5cam1_22   0   1  179.19   195.34   49.82   6.33   658.04   662.03   0.34148 659.0  665.0
cube5cam1_23   0   2  462.34   179.25   49.42   9.14   661.94   659.41   0.2879 661.77  663.55
cube5cam1_24   0   3  475.15   462.02   49.46   5.81   659.93   664.95   0 660.15  665.06
cube5cam2_21   1   0  459.67   470.86   49.19   7.93   654.03   652.18   0 654.21  652.06
cube5cam2_22   1   1  471.45   194.63   49.27   7.21   652.01   654.49   0.0375 655.0  656.99
cube5cam2_23   1   2  195.03   179.18   49.14   7.39   653.54   651.62   0.03843 656.06  651.19
cube5cam2_24   1   3  180.78   458.87   48.92   8.74   652.71   654.93   0 651.21  656.94
cube5cam3_21   2   0  196.67   180.91   50.5   6.98   662.37   659.77   0 664.61  659.37
cube5cam3_22   2   1  180.55   465.22   50.53   6.81   660.19   663.08   0 660.2  663.63
cube5cam3_23   2   2  464.33   477.58   51.08   19.45   662.51   659.87   0 663.03  660.21
cube5cam3_24   2   3  477.61   196.63   50.78   8.07   659.83   661.93   0 662.29  663.36
cube5cam1_31   0   0  194.12   472.31   49.98   7.08   658.0   662.0   0 659.0  665.0
cube5cam1_32   0   1  185.0   195.58   49.89   7.57   662.91   661.2   0 664.07  660.6
cube5cam1_33   0   2  459.81   184.18   49.5   4.28   660.07   663.54   0 660.5  663.14
cube5cam1_34   0   3  474.77   459.32   49.68   8.03   663.04   661.13   0 664.82  660.01
cube5cam2_31   1   0  457.7   470.35   48.97   5.73   652.9   656.14   0.38969 651.91  657.13
cube5cam2_32   1   1  471.08   194.02   49.35   6.61   656.14   652.72   0 657.37  653.26
cube5cam2_33   1   2  195.54   184.12   49.28   5.54   653.81   655.76   0 652.76  656.8
cube5cam2_34   1   3  183.85   457.54   49.3   4.55   655.21   653.25   0.30891 656.9  653.71
cube5cam3_31   2   0  197.72   186.8   50.62   4.71   662.5   664.21   0.17627 662.11  665.41
cube5cam3_32   2   1  184.65   463.07   50.89   10.93   664.38   661.23   0.28046 666.27  661.84
cube5cam3_33   2   2  462.25   476.36   51.3   11.65   661.11   662.98   0.26841 662.14  666.97
cube5cam3_34   2   3  476.31   195.53   51.13   6.36   663.72   659.91   0.14757 666.84  662.77
cube5cam1_41   0   0  191.05   462.61   50.98   5.11   659.89   661.38   0 661.79  661.42
cube5cam1_42   0   1  193.88   189.97   51.21   6.41   659.55   660.4   0 662.64  661.26
cube5cam1_43   0   2  466.62   193.69   50.92   5.92   661.21   661.89   0 661.79  663.85
cube5cam1_44   0   3  463.1   466.3   50.43   5.24   660.95   662.06   0 662.16  662.29
cube5cam2_41   1   0  463.35   459.25   49.77   5.89   653.55   652.93   0 653.42  655.55
cube5cam2_42   1   1  458.89   190.04   49.77   6.64   653.0   653.99   0.24078 655.9  654.77
cube5cam2_43   1   2  189.39   192.55   50.03   6.37   653.79   652.89   0.03885 655.53  655.44
cube5cam2_44   1   3  193.92   463.64   49.76   6.53   653.83   654.47   0.07778 657.57  653.94
cube5cam3_41   2   0  192.06   194.77   51.76   4.42   662.94   661.01   0.10834 663.23  663.8
cube5cam3_42   2   1  194.25   469.39   51.84   7.8   661.14   661.83   0.36834 665.32  662.79
cube5cam3_43   2   2  468.17   465.08   52.12   11.9   662.16   661.18   0.18395 663.18  663.67
cube5cam3_44   2   3  465.43   191.71   51.72   7.91   662.76   661.34   0.24429 664.84  663.39
cube5cam1_51   0   0  190.46   462.96   52.21   313.67   660.88   658.89   0 661.09  657.79
cube5cam1_52   0   1  193.08   188.36   50.27   8.95   659.96   663.26   0 661.03  664.99
cube5cam1_53   0   2  467.29   190.59   51.18   4.35   659.99   659.34   0 660.52  659.71
cube5cam1_54   0   3  464.28   468.17   50.53   4.81   660.04   662.85   0 659.5  662.02
cube5cam2_51   1   0  464.29   460.17   49.89   6.57   652.67   651.71   0 653.23  652.04
cube5cam2_52   1   1  459.41   187.68   50.27   5.11   651.46   653.55   0 651.5  655.02
cube5cam2_53   1   2  187.96   191.68   49.83   5.61   653.29   652.49   0 654.11  654.29
cube5cam2_54   1   3  191.73   463.85   49.86   7.16   651.87   653.42   0 651.14  653.55
cube5cam3_51   2   0  189.09   193.57   51.54   13.29   661.98   660.15   0.38754 664.0  660.22
cube5cam3_52   2   1  192.25   470.92   52.04   7.44   660.02   661.14   0 660.18  661.14
cube5cam3_53   2   2  471.12   466.65   52.02   6.53   662.25   660.36   0 662.59  660.11
cube5cam3_54   2   3  465.9   190.7   53.04   246.93   660.43   662.05   0 660.72  662.24
cube5cam1_61   0   0  188.52   466.23   50.33   2.23   661.03   664.74   0.32757 662.29  664.89
cube5cam1_62   0   1  193.07   186.9   50.73   13.39   661.95   660.06   0 662.05  659.9
cube5cam1_63   0   2  467.9   193.15   50.57   3.78   659.64   662.86   0 660.51  663.71
cube5cam1_64   0   3  465.24   466.53   51.31   5.06   662.12   659.15   0 664.81  659.37
cube5cam2_61   1   0  464.77   462.26   49.83   6.86   653.09   655.29   0.09124 654.15  656.07
cube5cam2_62   1   1  461.4   188.05   50.05   8.15   654.48   653.74   0.26766 656.96  654.54
cube5cam2_63   1   2  186.96   192.21   49.84   9.06   652.35   654.75   0 653.53  656.14
cube5cam2_64   1   3  192.76   464.78   49.71   7.66   655.15   653.18   0.113 658.0  655.21
cube5cam3_61   2   0  188.43   194.56   51.73   5.21   661.03   663.06   0 662.01  665.0
cube5cam3_62   2   1  193.65   470.75   52.03   9.46   663.89   660.15   0.33184 665.71  662.55
cube5cam3_63   2   2  471.34   467.7   52.2   4.35   661.24   663.27   0.30511 664.2  665.45
cube5cam3_64   2   3  469.04   189.71   52.08   8.2   664.98   661.19   0 665.08  661.32
cube6cam1_11   0   0  191.81   474.76   49.47   6.59   662.52   665.71   0.28212 664.61  670.92
cube6cam1_12   0   1  183.7   190.56   50.13   6.77   663.06   661.56   0 663.71  662.38
cube6cam1_13   0   2  465.69   183.34   49.95   5.12   661.93   664.48   0 664.52  664.8
cube6cam1_14   0   3  475.88   463.79   49.31   3.3   664.92   661.94   0 664.92  665.92
cube6cam2_11   1   0  461.35   471.6   48.99   7.5   653.69   656.35   0.09435 655.66  658.79
cube6cam2_12   1   1  471.71   190.49   49.44   4.37   655.69   653.75   0 657.0  655.16
cube6cam2_13   1   2  190.77   183.14   49.21   8.87   653.05   656.48   0 654.69  656.85
cube6cam2_14   1   3  182.56   462.04   49.09   4.81   656.1   654.58   0 656.97  656.14
cube6cam3_11   2   0  193.44   184.95   50.63   7.08   662.99   664.38   0.39711 662.99  666.07
cube6cam3_12   2   1  184.48   467.82   50.74   4.22   664.98   661.84   0.25755 665.35  666.14
cube6cam3_13   2   2  467.09   477.83   50.79   7.55   662.56   664.15   0 666.19  663.91
cube6cam3_14   2   3  477.68   193.57   50.56   5.48   665.06   662.0   0.14798 665.09  664.01
cube6cam1_21   0   0  189.43   472.74   48.94   11.35   662.21   665.95   0 662.36  667.16
cube6cam1_22   0   1  182.97   189.22   49.4   7.32   659.79   663.18   0 659.79  660.99
cube6cam1_23   0   2  469.13   183.1   49.31   13.53   662.78   663.46   0 663.92  665.6
cube6cam1_24   0   3  472.33   466.7   49.4   10.2   659.4   662.67   0 662.22  662.51
cube6cam2_21   1   0  465.45   469.85   48.4   38.5   655.02   652.99   0 655.25  655.52
cube6cam2_22   1   1  470.53   188.82   48.72   16.45   654.09   655.38   0 654.86  655.1
cube6cam2_23   1   2  188.76   182.37   48.59   10.56   655.02   653.28   0 655.19  654.24
cube6cam2_24   1   3  183.83   464.38   48.3   9.46   652.97   655.17   0.19969 654.19  654.03
cube6cam3_21   2   0  190.27   184.89   50.12   7.98   663.95   661.31   0 666.16  661.28
cube6cam3_22   2   1  183.62   471.3   50.38   16.93   661.47   663.16   0 662.68  662.22
cube6cam3_23   2   2  471.3   476.77   50.52   8.29   664.07   662.93   0 664.1  661.97
cube6cam3_24   2   3  476.12   190.92   50.19   10.96   662.79   663.11   0 662.82  663.04
cube6cam1_31   0   0  194.46   474.02   49.77   9.31   665.73   660.76   0.31515 666.55  662.83
cube6cam1_32   0   1  180.68   194.37   49.32   10.67   661.99   667.18   0 663.53  667.31
cube6cam1_33   0   2  467.53   179.77   49.83   6.36   665.9   661.67   0.04579 666.03  673.34
cube6cam1_34   0   3  475.79   466.23   49.12   33.18   662.22   665.53   0 662.55  665.23
cube6cam2_31   1   0  463.84   471.13   49.01   12.58   657.92   653.25   0 657.77  653.05
cube6cam2_32   1   1  473.17   192.93   49.18   9.84   654.94   657.87   0.09251 666.45  661.05
cube6cam2_33   1   2  193.35   179.96   48.82   12.63   658.0   653.76   0 659.74  661.37
cube6cam2_34   1   3  181.67   464.08   48.75   13.66   654.95   657.97   0.05861 669.36  657.96
cube6cam3_31   2   0  195.79   181.58   50.63   9.88   667.19   660.98   0 668.73  662.32
cube6cam3_32   2   1  181.21   469.25   50.22   12.62   662.46   665.52   0 662.13  666.06
cube6cam3_33   2   2  468.31   478.61   50.45   12.82   666.09   661.03   0 667.0  662.02
cube6cam3_34   2   3  478.91   195.63   50.71   4.45   663.59   665.99   0.30188 671.05  667.33
cube6cam1_41   0   0  189.14   463.87   50.41   3.77   666.45   663.19   0 666.46  663.6
cube6cam1_42   0   1  192.19   188.63   50.8   5.12   661.03   666.9   0 662.53  665.68
cube6cam1_43   0   2  473.47   191.15   51.38   4.48   665.88   660.78   0 667.3  680.0
cube6cam1_44   0   3  462.83   472.43   50.98   8.09   659.96   666.25   0 663.1  692.39
cube6cam2_41   1   0  470.5   459.29   49.71   9.11   659.87   652.76   0.08059 662.95  654.8
cube6cam2_42   1   1  460.0   187.3   49.95   9.89   653.61   660.65   0.17604 656.28  659.83
cube6cam2_43   1   2  187.5   191.53   49.94   9.62   658.38   653.05   0.03642 658.21  661.2
cube6cam2_44   1   3  191.73   470.04   49.68   7.46   653.1   658.93   0.2143 654.97  679.58
cube6cam3_41   2   0  189.64   194.47   51.76   4.79   667.46   661.74   0 666.82  662.94
cube6cam3_42   2   1  192.4   475.72   52.28   11.09   661.19   666.72   0.02716 665.04  666.25
cube6cam3_43   2   2  476.14   466.57   52.22   9.41   667.75   660.94   0.36966 669.34  663.43
cube6cam3_44   2   3  466.19   190.48   52.16   11.48   662.63   667.09   0 663.59  666.77
cube6cam1_51   0   0  186.27   467.53   51.22   8.15   660.64   665.08   0.20354 661.67  666.62
cube6cam1_52   0   1  193.62   186.93   50.39   10.29   664.84   662.09   0 666.05  662.6
cube6cam1_53   0   2  470.39   192.89   50.46   8.89   662.0   666.07   0.36966 665.02  668.08
cube6cam1_54   0   3  467.12   467.48   50.82   18.27   664.09   661.57   0 666.17  661.26
cube6cam2_51   1   0  466.1   463.43   49.92   7.69   653.31   657.25   0 653.57  658.12
cube6cam2_52   1   1  464.21   185.8   50.22   6.0   657.45   654.18   0 658.95  654.99
cube6cam2_53   1   2  186.23   192.26   50.19   6.05   654.16   657.04   0.10114 656.11  659.1
cube6cam2_54   1   3  192.54   465.97   49.83   7.73   656.96   654.0   0.39409 658.3  656.0
cube6cam3_51   2   0  188.44   194.74   51.67   7.37   662.98   665.06   0.13217 663.08  667.0
cube6cam3_52   2   1  193.4   472.3   51.76   6.28   665.05   661.57   0 667.49  661.94
cube6cam3_53   2   2  470.41   469.64   51.95   7.01   661.05   665.0   0.12338 662.01  668.06
cube6cam3_54   2   3  470.78   188.58   51.99   9.34   667.04   661.79   0 666.18  662.78
cube6cam1_61   0   0  188.89   464.27   49.89   10.07   663.87   664.03   0 664.52  664.11
cube6cam1_62   0   1  192.78   189.95   50.39   3.46   661.25   664.82   0 661.65  663.57
cube6cam1_63   0   2  470.8   193.37   50.39   3.46   663.8   663.95   0 664.16  663.53
cube6cam1_64   0   3  464.87   469.29   50.74   9.66   660.95   663.25   0 662.12  662.84
cube6cam2_61   1   0  466.48   461.32   49.38   9.62   653.89   653.9   0 655.81  655.46
cube6cam2_62   1   1  462.05   188.67   49.53   7.43   654.48   656.89   0.31159 655.66  658.88
cube6cam2_63   1   2  189.0   192.34   49.68   8.46   656.95   654.28   0 657.21  653.86
cube6cam2_64   1   3  192.54   466.29   49.68   5.71   654.8   654.62   0 655.19  656.61
cube6cam3_61   2   0  190.08   194.74   51.58   9.03   665.1   662.92   0 666.08  662.24
cube6cam3_62   2   1  193.42   473.29   51.78   5.74   662.9   663.99   0 663.88  664.09
cube6cam3_63   2   2  472.69   468.45   51.84   7.8   664.87   662.27   0.26795 664.91  663.66
cube6cam3_64   2   3  467.21   190.23   51.69   6.82   662.9   665.03   0 663.89  664.92
cube7cam1_11   0   0  197.91   460.82   49.28   13.95   664.18   665.42   0.14161 671.9  665.77
cube7cam1_12   0   1  200.34   197.03   49.01   11.18   666.86   664.64   0 667.07  667.23
cube7cam1_13   0   2  463.13   198.41   49.58   8.61   663.79   666.42   0.02643 668.13  667.75
cube7cam1_14   0   3  462.16   462.32   49.13   9.78   665.88   665.04   0.18845 665.97  668.45
cube7cam2_11   1   0  459.89   458.42   48.86   9.89   657.38   658.02   0.07088 667.05  658.23
cube7cam2_12   1   1  458.51   196.66   48.82   12.94   658.21   657.85   0.38409 668.84  661.44
cube7cam2_13   1   2  196.73   198.79   48.97   8.9   657.36   659.29   0.0118 658.03  669.31
cube7cam2_14   1   3  199.47   459.83   48.75   12.19   659.84   656.86   0 660.18  676.13
cube7cam3_11   2   0  198.7   201.51   50.02   10.53   667.21   668.03   0 667.47  668.02
cube7cam3_12   2   1  199.89   466.45   49.86   8.05   667.98   666.05   0.31364 668.33  666.62
cube7cam3_13   2   2  465.34   465.61   49.89   11.57   665.49   667.45   0 667.6  667.73
cube7cam3_14   2   3  464.91   198.67   50.29   7.51   667.87   665.98   0 668.39  666.26
cube7cam1_21   0   0  188.1   477.23   49.65   5.9   665.77   662.01   0 665.96  662.0
cube7cam1_22   0   1  180.68   187.18   49.57   7.48   662.66   665.83   0 663.29  666.97
cube7cam1_23   0   2  473.41   179.13   49.56   7.69   666.0   662.51   0 668.98  664.03
cube7cam1_24   0   3  479.02   472.01   49.71   6.23   662.35   666.6   0 664.51  667.09
cube7cam2_21   1   0  469.72   474.22   49.01   5.02   659.42   655.61   0.02782 659.15  659.2
cube7cam2_22   1   1  475.04   186.94   49.08   8.37   655.29   659.39   0.33855 658.33  658.34
cube7cam2_23   1   2  187.48   180.76   49.17   9.4   658.71   656.38   0 658.95  655.82
cube7cam2_24   1   3  180.25   469.99   48.91   5.97   655.43   660.27   0 656.83  659.22
cube7cam3_21   2   0  189.5   182.22   50.46   10.31   668.18   663.99   0 667.58  665.42
cube7cam3_22   2   1  181.21   476.74   50.12   9.34   664.99   667.54   0 666.01  669.03
cube7cam3_23   2   2  476.26   481.68   50.54   9.99   668.5   664.05   0.0587 670.06  665.98
cube7cam3_24   2   3  480.94   189.9   50.68   5.69   665.01   668.01   0 665.67  667.23
cube7cam1_31   0   0  189.24   478.28   49.59   7.77   663.57   667.03   0.26777 664.21  673.27
cube7cam1_32   0   1  183.01   188.43   48.75   14.83   665.92   665.11   0 669.46  665.25
cube7cam1_33   0   2  469.01   181.95   49.16   7.23   662.95   669.83   0 666.0  667.9
cube7cam1_34   0   3  477.89   467.63   49.27   3.53   665.7   665.71   0 669.65  667.93
cube7cam2_31   1   0  467.3   474.85   48.77   8.08   656.83   658.47   0 657.91  661.36
cube7cam2_32   1   1  476.08   188.47   49.13   15.35   659.2   656.01   0 660.05  656.92
cube7cam2_33   1   2  188.63   181.95   48.91   8.74   655.49   657.98   0 656.02  661.31
cube7cam2_34   1   3  183.52   465.53   48.74   6.08   659.54   655.35   0.20164 659.6  656.12
cube7cam3_31   2   0  190.06   184.09   49.95   9.01   664.48   666.88   0.22951 665.18  669.79
cube7cam3_32   2   1  184.07   472.64   49.85   8.99   667.99   664.02   0 669.99  664.99
cube7cam3_33   2   2  472.42   480.64   50.5   6.49   664.98   667.12   0 668.01  667.03
cube7cam3_34   2   3  482.28   190.65   50.09   7.83   668.28   663.53   0.29355 671.24  666.0
cube7cam1_41   0   0  197.51   462.71   50.82   9.26   664.16   663.9   0.21628 665.1  668.28
cube7cam1_42   0   1  197.95   197.85   51.17   13.03   664.01   665.92   0 664.05  665.51
cube7cam1_43   0   2  462.61   196.41   50.26   12.73   664.7   664.62   0.09524 665.81  680.3
cube7cam1_44   0   3  464.13   461.6   50.55   9.8   663.97   665.42   0.3632 664.4  667.6
cube7cam2_41   1   0  459.65   461.3   51.27   270.76   658.2   656.74   0 659.03  657.15
cube7cam2_42   1   1  460.83   197.42   50.7   44.98   657.02   657.43   0 656.89  656.33
cube7cam2_43   1   2  197.58   197.0   50.1   9.26   658.05   658.39   0 658.21  661.94
cube7cam2_44   1   3  196.57   459.11   49.71   4.36   656.85   656.92   0.26915 660.98  657.61
cube7cam3_41   2   0  198.89   198.89   52.07   22.46   666.73   666.14   0 667.58  666.7
cube7cam3_42   2   1  197.85   465.41   52.48   68.56   666.04   665.03   0 667.03  666.01
cube7cam3_43   2   2  465.13   466.75   52.68   96.92   665.99   664.03   0.33424 666.02  666.02
cube7cam3_44   2   3  487.39   179.75   53.92   191483.1   665.96   665.06   0 667.04  665.07
cube7cam1_51   0   0  189.1   466.53   50.36   7.18   667.57   663.4   0 669.02  665.33
cube7cam1_52   0   1  192.47   189.54   50.03   9.64   664.92   669.95   0 666.04  677.77
cube7cam1_53   0   2  475.55   190.61   49.84   11.56   668.95   665.88   0 669.6  665.34
cube7cam1_54   0   3  468.03   474.27   49.98   9.08   664.54   669.22   0 666.04  669.36
cube7cam2_51   1   0  471.77   464.18   49.45   2.85   660.87   656.5   0 660.33  658.8
cube7cam2_52   1   1  465.23   188.93   49.76   11.35   656.59   660.95   0.2315 659.53  672.61
cube7cam2_53   1   2  188.04   191.16   49.54   6.51   660.53   656.36   0 661.68  657.79
cube7cam2_54   1   3  191.8   471.84   49.47   11.71   657.22   661.07   0 657.38  660.86
cube7cam3_51   2   0  190.23   193.51   51.53   8.85   669.12   664.99   0.3145 670.13  665.98
cube7cam3_52   2   1  193.72   478.24   51.7   5.82   665.87   669.38   0 666.23  670.12
cube7cam3_53   2   2  478.0   470.43   51.66   4.0   669.85   664.71   0.31714 669.97  667.84
cube7cam3_54   2   3  470.33   191.55   51.61   7.04   665.95   670.04   0 666.96  669.1
cube7cam1_61   0   0  188.95   470.42   50.02   4.05   664.47   667.59   0.30563 666.46  673.2
cube7cam1_62   0   1  192.44   189.05   49.77   6.31   667.32   665.76   0 668.11  665.69
cube7cam1_63   0   2  470.19   190.44   50.86   5.02   662.33   666.02   0 664.27  666.04
cube7cam1_64   0   3  472.18   471.23   49.89   6.57   668.92   664.85   0.01591 668.51  666.91
cube7cam2_61   1   0  469.26   467.32   49.51   9.95   657.68   660.29   0.0111 657.62  667.34
cube7cam2_62   1   1  468.11   188.14   49.54   9.86   660.81   656.88   0.1525 664.86  659.51
cube7cam2_63   1   2  188.53   191.44   49.77   6.31   657.7   660.27   0.09075 661.34  660.37
cube7cam2_64   1   3  191.5   467.76   49.51   8.85   659.89   656.65   0 659.94  656.48
cube7cam3_61   2   0  189.39   192.82   51.21   8.43   665.06   668.0   0 666.97  668.08
cube7cam3_62   2   1  193.12   474.62   51.15   9.35   669.15   664.92   0 669.83  665.42
cube7cam3_63   2   2  474.58   474.2   51.32   7.48   666.23   669.17   0.38801 665.89  670.47
cube7cam3_64   2   3  473.65   189.57   51.45   4.79   669.16   665.02   0 671.05  665.12
cube8cam1_11   0   0  188.53   463.58   49.92   6.67   663.24   660.21   0.13579 664.05  668.28
cube8cam1_12   0   1  193.75   188.52   50.28   7.23   660.96   663.98   0 661.24  663.52
cube8cam1_13   0   2  469.88   192.02   49.83   6.86   662.94   661.13   0 664.69  662.06
cube8cam1_14   0   3  464.82   469.67   49.74   5.54   660.15   667.06   0 661.87  666.45
cube8cam2_11   1   0  467.54   460.76   49.4   9.54   656.39   653.19   0 655.0  656.86
cube8cam2_12   1   1  461.25   187.83   49.62   7.2   652.76   656.6   0.11431 660.83  655.74
cube8cam2_13   1   2  188.26   191.45   49.44   6.62   657.01   653.0   0.01546 656.57  657.31
cube8cam2_14   1   3  192.54   467.8   49.04   8.34   654.2   656.76   0.02379 672.54  654.41
cube8cam3_11   2   0  190.15   194.05   51.24   3.61   665.7   662.03   0 666.47  663.75
cube8cam3_12   2   1  193.1   472.62   51.24   5.11   662.0   664.12   0 666.13  663.2
cube8cam3_13   2   2  472.27   467.6   51.09   6.49   664.35   661.81   0.12439 664.59  663.68
cube8cam3_14   2   3  467.02   190.3   51.09   7.24   662.44   664.77   0.01102 668.16  664.09
cube8cam1_21   0   0  189.27   467.93   50.42   9.4   659.91   664.69   0 659.6  666.77
cube8cam1_22   0   1  192.17   188.76   49.74   5.54   664.26   659.54   0.07294 665.06  672.87
cube8cam1_23   0   2  466.54   189.52   50.36   13.22   660.63   662.81   0.31947 661.79  663.23
cube8cam1_24   0   3  469.31   465.4   49.71   8.54   665.8   660.42   0.24786 668.88  660.14
cube8cam2_21   1   0  463.83   465.1   49.29   9.59   652.86   657.27   0 653.18  659.96
cube8cam2_22   1   1  465.7   187.91   49.74   5.67   657.19   652.18   0.16785 659.0  657.98
cube8cam2_23   1   2  189.18   190.22   49.55   10.78   653.76   656.67   0.26796 655.35  657.62
cube8cam2_24   1   3  190.8   462.15   49.31   2.91   656.97   652.0   0.29692 658.88  655.31
cube8cam3_21   2   0  190.28   192.51   51.47   49.56   661.24   665.3   0.12942 666.03  667.17
cube8cam3_22   2   1  192.46   469.33   51.32   10.2   666.05   661.85   0 667.41  661.86
cube8cam3_23   2   2  468.11   471.79   51.81   40.82   662.1   665.97   0.07856 663.12  669.65
cube8cam3_24   2   3  472.19   191.75   52.02   23.44   667.01   661.99   0.32741 669.0  672.0
cube8cam1_31   0   0  189.5   466.58   49.74   9.04   661.21   663.46   0 662.47  662.48
cube8cam1_32   0   1  192.22   190.31   49.71   6.73   662.12   661.89   0 661.01  661.88
cube8cam1_33   0   2  467.42   191.57   50.32   14.04   661.06   662.07   0 663.07  661.11
cube8cam1_34   0   3  466.95   469.02   49.4   3.31   663.19   663.07   0.10375 669.34  663.23
cube8cam2_31   1   0  465.11   462.22   49.41   9.93   654.65   654.75   0 655.93  654.42
cube8cam2_32   1   1  463.01   189.09   49.46   7.19   654.88   654.84   0 653.98  654.26
cube8cam2_33   1   2  189.52   191.48   49.53   5.15   654.9   654.25   0 655.56  654.5
cube8cam2_34   1   3  191.77   465.35   48.99   5.12   654.59   656.08   0.11821 659.1  656.91
cube8cam3_31   2   0  191.26   194.46   51.11   8.62   664.9   664.05   0 664.92  662.92
cube8cam3_32   2   1  192.42   472.98   51.31   7.54   662.81   664.08   0 664.62  665.36
cube8cam3_33   2   2  471.63   469.65   51.67   18.0   663.35   664.08   0 665.93  663.24
cube8cam3_34   2   3  468.92   190.64   51.53   4.98   663.83   663.0   0 664.17  663.55
cube8cam1_41   0   0  189.21   476.87   49.32   4.89   661.96   666.27   0.09993 662.25  672.24
cube8cam1_42   0   1  184.89   188.59   49.19   10.8   666.31   662.64   0 667.21  661.46
cube8cam1_43   0   2  469.39   183.27   49.22   9.39   661.8   665.83   0 663.01  669.95
cube8cam1_44   0   3  477.98   468.21   49.71   6.23   665.72   660.92   0.07487 667.32  664.54
cube8cam2_41   1   0  466.09   474.01   49.03   16.02   654.06   659.11   0.0944 659.68  662.94
cube8cam2_42   1   1  473.8   186.74   49.16   9.08   658.05   653.4   0 660.43  656.43
cube8cam2_43   1   2  188.5   182.95   49.02   12.05   654.96   658.62   0 655.11  660.45
cube8cam2_44   1   3  183.45   465.43   48.6   3.43   658.76   653.66   0.07957 660.37  684.85
cube8cam3_41   2   0  189.7   185.01   50.51   6.35   663.24   666.52   0.20768 663.1  667.96
cube8cam3_42   2   1  183.67   472.23   50.35   12.73   666.24   662.45   0.09606 669.95  668.03
cube8cam3_43   2   2  471.56   480.55   50.78   9.92   662.96   667.02   0.0835 666.01  667.99
cube8cam3_44   2   3  480.26   189.38   50.8   7.51   666.61   662.31   0 667.93  663.06
cube8cam1_51   0   0  189.63   473.81   49.42   6.89   664.1   663.67   0 664.48  662.16
cube8cam1_52   0   1  185.32   188.26   49.23   10.04   662.0   663.16   0 662.77  662.69
cube8cam1_53   0   2  469.46   184.71   49.26   6.62   662.3   662.65   0.07554 663.02  675.24
cube8cam1_54   0   3  474.27   469.07   49.5   3.03   662.39   663.29   0 662.54  662.08
cube8cam2_51   1   0  467.28   470.18   48.8   7.28   656.27   654.75   0 657.39  655.17
cube8cam2_52   1   1  470.49   188.15   49.0   7.67   655.13   655.87   0 655.07  657.03
cube8cam2_53   1   2  188.28   184.69   48.8   6.22   655.72   655.9   0.12913 662.53  667.64
cube8cam2_54   1   3  184.58   466.52   48.56   7.83   655.35   655.56   0.23064 656.61  656.6
cube8cam3_51   2   0  189.66   186.47   50.32   3.9   664.1   664.08   0 665.11  664.91
cube8cam3_52   2   1  185.81   472.72   50.28   8.98   664.91   664.25   0.14248 665.28  664.34
cube8cam3_53   2   2  472.38   476.69   49.98   8.69   665.01   664.0   0 665.02  664.01
cube8cam3_54   2   3  476.9   190.61   50.38   3.01   664.4   665.07   0.29605 664.31  666.43
cube8cam1_61   0   0  187.91   471.85   49.39   3.72   665.17   660.93   0 664.78  662.03
cube8cam1_62   0   1  185.6   186.69   49.03   8.02   661.91   664.42   0.19596 662.07  669.02
cube8cam1_63   0   2  473.48   182.94   49.77   7.89   664.0   660.44   0 664.14  660.55
cube8cam1_64   0   3  473.08   473.76   49.18   8.75   660.54   665.58   0 664.67  667.7
cube8cam2_61   1   0  469.93   469.32   48.79   7.38   657.01   653.87   0.07212 661.89  656.14
cube8cam2_62   1   1  470.28   185.99   49.02   11.25   654.01   657.24   0 656.13  659.06
cube8cam2_63   1   2  185.48   183.79   48.83   6.21   656.96   653.92   0 657.25  654.78
cube8cam2_64   1   3  184.09   470.09   48.7   11.69   654.41   658.44   0 653.9  668.8
cube8cam3_61   2   0  188.18   185.3   50.21   5.7   665.97   662.77   0 667.39  661.88
cube8cam3_62   2   1  185.34   476.71   50.22   3.37   663.01   666.03   0.03341 662.96  672.02
cube8cam3_63   2   2  476.62   476.01   50.5   6.6   666.98   662.53   0.13395 667.11  663.1
cube8cam3_64   2   3  475.35   187.69   50.45   5.61   662.08   665.09   0 663.89  664.93
cube9cam1_11   0   0  187.49   467.19   49.77   9.81   663.17   666.1   0.39945 664.42  671.81
cube9cam1_12   0   1  192.81   186.49   49.92   6.67   665.35   663.09   0 666.52  662.47
cube9cam1_13   0   2  469.33   191.69   49.74   8.04   662.29   666.47   0.10545 664.9  669.85
cube9cam1_14   0   3  469.22   468.38   49.98   8.69   666.19   662.58   0.23127 671.08  665.35
cube9cam2_11   1   0  467.73   466.17   49.35   11.31   655.96   659.7   0.2662 657.04  664.21
cube9cam2_12   1   1  465.38   187.06   49.56   7.69   658.46   656.02   0.04901 664.26  655.02
cube9cam2_13   1   2  186.97   192.63   49.58   12.66   655.43   659.56   0.26665 655.94  659.86
cube9cam2_14   1   3  191.97   466.03   49.01   13.25   657.85   654.98   0.36734 660.53  658.43
cube9cam3_11   2   0  188.2   194.87   51.23   7.25   664.16   667.08   0.2232 665.37  668.37
cube9cam3_12   2   1  193.73   473.23   51.05   12.18   667.57   663.32   0 668.9  664.92
cube9cam3_13   2   2  473.15   471.68   51.17   5.66   664.15   667.3   0.14716 665.87  672.19
cube9cam3_14   2   3  471.09   189.37   50.99   7.52   666.54   663.82   0.27961 670.72  665.45
cube9cam1_21   0   0  189.34   465.3   49.77   10.14   663.95   664.32   0 664.92  664.12
cube9cam1_22   0   1  194.5   188.92   49.58   6.41   663.97   664.76   0 664.54  663.84
cube9cam1_23   0   2  470.23   193.52   49.8   9.06   663.87   664.59   0.25389 665.66  666.8
cube9cam1_24   0   3  467.97   470.31   49.56   2.65   664.49   665.53   0 664.08  663.86
cube9cam2_21   1   0  468.66   463.05   49.12   19.25   657.21   657.74   0.18981 658.21  664.83
cube9cam2_22   1   1  463.3   187.7   49.31   8.3   655.98   656.69   0 657.2  654.97
cube9cam2_23   1   2  188.36   194.17   49.43   8.31   656.66   657.45   0.23113 658.04  658.03
cube9cam2_24   1   3  193.61   467.84   49.24   13.77   656.95   657.43   0.29799 658.67  656.96
cube9cam3_21   2   0  189.08   196.47   51.06   6.55   665.45   666.66   0 665.64  666.44
cube9cam3_22   2   1  195.47   473.72   51.28   5.71   666.2   665.15   0 667.68  665.02
cube9cam3_23   2   2  473.25   468.78   51.01   6.64   665.19   665.01   0 666.26  665.02
cube9cam3_24   2   3  468.4   189.58   51.12   6.33   665.97   665.06   0 666.03  664.71
cube9cam1_31   0   0  190.04   465.83   49.63   12.09   667.49   663.31   0 667.63  663.14
cube9cam1_32   0   1  192.13   188.27   50.74   4.99   661.66   665.68   0 662.61  666.33
cube9cam1_33   0   2  473.41   189.94   49.78   5.24   666.05   662.09   0 667.2  662.99
cube9cam1_34   0   3  467.1   473.04   49.57   6.98   662.67   666.72   0.39757 662.53  670.16
cube9cam2_31   1   0  470.02   462.96   49.37   3.18   658.87   655.42   0 659.82  656.54
cube9cam2_32   1   1  463.51   188.73   49.39   13.98   656.09   659.49   0 655.96  660.13
cube9cam2_33   1   2  187.56   190.72   49.39   10.58   658.48   655.38   0.13581 663.1  656.25
cube9cam2_34   1   3  192.16   469.96   49.35   9.35   656.5   658.94   0 656.27  660.26
cube9cam3_31   2   0  189.4   193.84   51.57   7.74   667.76   663.4   0 668.27  664.73
cube9cam3_32   2   1  192.93   477.01   51.51   17.97   663.86   667.41   0 665.12  667.77
cube9cam3_33   2   2  476.32   469.67   51.5   7.06   668.07   663.99   0 669.07  664.13
cube9cam3_34   2   3  468.64   190.25   51.36   12.5   664.42   667.62   0 664.9  668.24
cube9cam1_41   0   0  188.14   475.38   49.32   7.3   667.0   662.55   0.01961 671.99  664.09
cube9cam1_42   0   1  181.82   189.52   48.65   6.03   664.62   668.3   0.30391 665.94  671.88
cube9cam1_43   0   2  472.89   179.0   49.13   6.24   666.07   663.0   0.19524 674.09  663.96
cube9cam1_44   0   3  477.06   471.15   49.38   7.12   662.1   666.33   0.30634 663.75  675.18
cube9cam2_41   1   0  470.34   474.06   48.62   6.82   659.9   656.51   0.05391 664.88  657.3
cube9cam2_42   1   1  474.08   187.25   48.73   8.76   656.17   659.36   0.17081 657.9  664.49
cube9cam2_43   1   2  188.84   181.04   48.63   4.63   661.78   656.72   0.07894 665.72  658.21
cube9cam2_44   1   3  180.91   469.01   48.38   8.37   655.87   659.06   0.36892 656.89  666.24
cube9cam3_41   2   0  189.34   183.79   49.83   5.61   668.95   666.05   0.0301 674.96  665.05
cube9cam3_42   2   1  181.79   474.95   49.96   9.11   664.9   666.61   0.30867 666.6  675.5
cube9cam3_43   2   2  475.35   480.74   50.06   10.47   668.23   664.75   0.22362 678.32  666.69
cube9cam3_44   2   3  480.2   189.86   49.68   4.96   665.28   668.95   0.07385 667.1  673.7
cube9cam1_51   0   0  188.11   477.34   49.18   6.63   662.08   666.33   0 663.24  667.98
cube9cam1_52   0   1  183.57   186.15   49.24   8.91   665.08   661.89   0.2286 671.67  662.45
cube9cam1_53   0   2  470.78   182.34   48.75   6.91   663.28   664.53   0 664.26  670.88
cube9cam1_54   0   3  477.47   467.19   49.38   9.18   664.85   661.1   0.02069 669.05  662.49
cube9cam2_51   1   0  467.46   474.27   48.75   6.41   655.96   658.82   0.02298 656.37  662.69
cube9cam2_52   1   1  474.32   187.2   49.04   9.35   658.11   654.99   0.21151 661.97  655.41
cube9cam2_53   1   2  187.07   182.73   49.02   8.05   655.7   658.24   0.29109 657.47  664.33
cube9cam2_54   1   3  182.79   466.51   48.58   9.21   657.66   655.34   0.08279 663.04  654.78
cube9cam3_51   2   0  189.16   183.44   49.83   5.86   663.97   665.76   0.17615 666.59  671.33
cube9cam3_52   2   1  183.46   473.19   49.92   5.72   666.6   663.96   0 673.69  664.15
cube9cam3_53   2   2  472.13   480.62   49.77   6.31   664.35   665.74   0.26137 665.33  670.91
cube9cam3_54   2   3  480.25   189.07   50.01   9.74   667.0   662.43   0.03446 671.73  664.28
cube9cam1_61   0   0  188.42   477.32   49.32   11.14   665.21   664.41   0 665.56  664.57
cube9cam1_62   0   1  182.77   188.39   49.43   8.6   664.82   665.39   0 664.53  665.73
cube9cam1_63   0   2  471.97   180.48   49.06   12.61   664.3   664.92   0 665.67  664.48
cube9cam1_64   0   3  477.94   470.81   49.24   6.02   664.28   664.31   0 664.77  664.47
cube9cam2_61   1   0  467.76   474.59   49.87   230.86   656.71   656.62   0 657.33  656.88
cube9cam2_62   1   1  473.43   188.32   49.27   5.63   656.78   657.12   0 657.0  656.92
cube9cam2_63   1   2  188.01   181.54   48.9   8.9   657.52   657.55   0 657.5  657.29
cube9cam2_64   1   3  181.65   467.79   48.93   4.73   657.01   656.63   0 656.85  656.66
cube9cam3_61   2   0  189.67   183.42   50.11   15.94   666.09   665.01   0 667.36  664.18
cube9cam3_62   2   1  182.56   474.2   50.12   8.34   665.87   665.52   0 666.74  664.82
cube9cam3_63   2   2  473.99   480.37   50.41   10.08   665.02   664.46   0 666.39  664.98
cube9cam3_64   2   3  481.0   190.94   50.56   5.5   665.89   666.38   0 667.67  666.38
cube10cam1_11   0   0  195.96   472.72   49.74   8.74   661.29   665.19   0 661.6  667.72
cube10cam1_12   0   1  185.82   194.13   49.23   7.77   662.54   661.38   0 663.38  663.21
cube10cam1_13   0   2  461.48   185.33   49.45   9.13   660.98   666.29   0 662.24  665.44
cube10cam1_14   0   3  472.37   459.86   49.43   5.72   663.2   660.43   0 663.24  661.16
cube10cam2_11   1   0  457.9   469.14   49.14   15.51   653.0   655.77   0 653.62  657.34
cube10cam2_12   1   1  469.75   194.8   49.14   9.71   655.73   653.85   0 656.7  654.82
cube10cam2_13   1   2  194.62   184.73   49.03   8.21   653.11   655.23   0 653.77  656.25
cube10cam2_14   1   3  186.08   457.44   48.92   10.44   656.0   652.78   0 656.18  654.34
cube10cam3_11   2   0  196.6   187.32   50.78   7.8   662.85   664.04   0.38193 663.73  664.07
cube10cam3_12   2   1  187.54   463.93   50.46   10.56   666.52   661.65   0.2978 665.97  662.78
cube10cam3_13   2   2  462.57   476.43   51.11   9.87   660.2   664.37   0.34853 662.51  665.65
cube10cam3_14   2   3  476.42   197.28   50.97   4.1   665.34   661.83   0 666.73  663.5
cube10cam1_21   0   0  194.43   472.49   49.63   6.65   661.27   661.79   0.22274 661.76  672.52
cube10cam1_22   0   1  182.78   194.9   49.82   8.82   659.98   662.98   0 659.98  662.77
cube10cam1_23   0   2  462.96   182.26   50.31   5.46   660.89   660.6   0.39973 662.01  662.13
cube10cam1_24   0   3  473.52   462.08   49.65   9.15   660.01   663.73   0 661.25  663.4
cube10cam2_21   1   0  460.15   470.03   48.98   10.24   654.42   653.31   0 655.37  653.28
cube10cam2_22   1   1  470.24   193.19   49.47   6.71   652.99   654.04   0.13576 659.09  654.13
cube10cam2_23   1   2  193.62   182.23   49.03   8.86   654.1   652.99   0 654.17  653.01
cube10cam2_24   1   3  182.42   459.98   49.03   11.71   653.18   654.96   0 654.03  654.1
cube10cam3_21   2   0  195.64   185.04   50.71   8.48   663.55   661.98   0 663.27  662.8
cube10cam3_22   2   1  183.9   466.59   51.01   11.28   662.59   663.4   0 662.59  662.45
cube10cam3_23   2   2  465.42   477.55   51.2   6.36   663.02   661.94   0 664.22  661.18
cube10cam3_24   2   3  476.47   196.31   50.82   8.79   661.99   663.02   0 662.08  662.06
cube10cam1_31   0   0  191.4   471.83   49.62   7.83   663.29   660.59   0 663.8  660.62
cube10cam1_32   0   1  182.52   190.75   49.86   7.16   659.81   663.74   0 658.91  662.88
cube10cam1_33   0   2  467.53   182.12   49.5   7.28   663.02   661.97   0 665.01  661.0
cube10cam1_34   0   3  472.47   467.54   49.5   7.03   660.13   664.06   0 661.42  665.5
cube10cam2_31   1   0  464.57   468.88   48.99   8.08   655.49   652.72   0 655.97  653.85
cube10cam2_32   1   1  469.8   190.1   49.35   7.09   653.18   654.93   0 653.76  657.13
cube10cam2_33   1   2  190.32   182.45   49.27   4.46   655.69   653.01   0 656.75  653.3
cube10cam2_34   1   3  181.69   464.34   48.8   6.72   651.99   655.15   0 652.07  656.03
cube10cam3_31   2   0  191.54   183.78   50.71   4.67   664.08   660.99   0 666.02  659.87
cube10cam3_32   2   1  184.01   470.67   50.7   9.55   661.91   662.98   0 661.77  664.31
cube10cam3_33   2   2  469.85   474.3   50.95   7.78   663.25   659.28   0 665.12  660.59
cube10cam3_34   2   3  475.2   192.44   50.97   9.22   661.09   663.87   0.06425 662.8  669.75
cube10cam1_41   0   0  190.53   462.31   50.62   6.5   663.58   662.29   0 665.54  662.41
cube10cam1_42   0   1  194.12   190.18   51.04   4.03   660.5   664.99   0 661.99  663.04
cube10cam1_43   0   2  470.01   193.39   51.5   8.72   662.59   661.03   0 665.8  663.05
cube10cam1_44   0   3  461.93   469.92   51.51   5.41   658.59   664.63   0.04752 660.25  667.46
cube10cam2_41   1   0  466.84   459.06   49.66   8.78   656.54   653.11   0 656.78  653.02
cube10cam2_42   1   1  458.56   189.04   49.83   6.86   652.5   655.95   0.24319 652.97  666.88
cube10cam2_43   1   2  189.5   193.1   50.18   10.4   655.81   652.76   0 655.78  654.6
cube10cam2_44   1   3  193.67   466.2   49.92   6.67   653.98   655.99   0 653.15  656.13
cube10cam3_41   2   0  190.96   195.88   52.46   16.51   665.29   660.8   0.05675 665.23  662.84
cube10cam3_42   2   1  194.53   474.31   52.38   8.86   662.4   665.55   0 662.49  664.43
cube10cam3_43   2   2  472.88   467.2   52.8   15.85   665.7   661.97   0 666.49  661.25
cube10cam3_44   2   3  465.76   191.65   52.74   12.83   661.19   664.74   0 662.15  664.03
cube10cam1_51   0   0  188.07   469.06   50.45   4.11   661.07   664.71   0 662.3  665.73
cube10cam1_52   0   1  191.24   188.32   50.45   4.0   666.0   662.0   0 669.0  663.0
cube10cam1_53   0   2  468.78   188.81   50.74   5.24   660.99   664.85   0.05336 663.34  668.78
cube10cam1_54   0   3  471.09   467.81   50.59   2.94   663.82   662.36   0.13216 663.71  675.27
cube10cam2_51   1   0  464.95   466.54   49.91   8.51   652.89   655.88   0.26158 659.06  658.05
cube10cam2_52   1   1  466.52   187.28   49.98   9.08   656.08   653.53   0 656.49  656.42
cube10cam2_53   1   2  187.6   189.87   50.22   10.37   654.12   656.69   0 656.34  658.96
cube10cam2_54   1   3  188.74   464.99   49.83   6.86   656.14   653.72   0.0132 657.23  665.07
cube10cam3_51   2   0  189.35   192.06   52.13   8.49   662.17   664.53   0 664.81  664.02
cube10cam3_52   2   1  190.62   471.18   52.09   9.21   665.11   661.91   0 665.97  662.09
cube10cam3_53   2   2  470.79   473.64   52.53   12.72   661.89   664.2   0.01069 667.16  664.42
cube10cam3_54   2   3  471.57   189.79   52.73   8.14   664.97   662.16   0.01329 665.32  663.78
cube10cam1_61   0   0  189.44   465.56   50.27   2.98   661.1   663.57   0 662.15  662.52
cube10cam1_62   0   1  194.78   190.11   50.53   5.31   663.56   663.72   0 664.84  662.29
cube10cam1_63   0   2  468.26   193.33   50.54   9.93   662.01   664.49   0 661.9  668.0
cube10cam1_64   0   3  466.42   467.66   50.98   5.83   662.84   661.89   0 662.75  663.13
cube10cam2_61   1   0  464.86   461.77   49.97   7.84   654.25   655.18   0 653.35  656.01
cube10cam2_62   1   1  462.84   188.41   49.83   7.27   655.55   653.97   0.33929 656.4  653.81
cube10cam2_63   1   2  188.92   192.99   49.86   12.07   654.19   657.61   0 654.81  657.51
cube10cam2_64   1   3  193.19   464.91   49.76   9.1   656.78   653.74   0 656.62  654.61
cube10cam3_61   2   0  190.98   195.42   51.7   4.44   663.7   664.83   0.18518 663.34  665.93
cube10cam3_62   2   1  194.49   471.51   51.72   11.67   664.73   661.91   0.31 666.27  663.02
cube10cam3_63   2   2  471.32   470.27   51.93   6.54   663.26   665.39   0 663.45  664.9
cube10cam3_64   2   3  468.05   190.9   51.94   9.51   664.05   663.03   0 665.99  662.1
