3    1    183.78   179.88   49.88   9.0   653.94   650.27   0  654.68  652.02
3    1    187.53   189.55   51.23   10.98   657.02   652.03   0  657.99  656.97
3    1    192.34   191.23   49.31   8.13   652.98   653.19   0  652.95  653.35
3    1    194.45   190.71   53.44   17.64   652.99   654.02   93  652.99  667.04
3    1    190.03   192.24   51.34   8.38   652.96   653.05   0  653.35  657.08
3    1    189.93   177.41   50.39   5.41   651.85   655.96   0  654.04  658.25
3    1    189.15   191.13   49.89   8.07   650.24   656.09   36  659.0  675.04
3    1    188.05   191.69   50.18   8.02   655.55   657.9   0  655.68  658.26
3    1    181.03   174.14   48.19   64.36   655.28   653.35   108  665.33  653.51
 3    1    190.52   182.78   49.9   8.98   656.08   655.28   0  657.89  655.95
 3    1    186.4   181.02   49.44   6.56   653.58   659.36   0  657.06  665.66
 3    1    187.87   180.41   49.26   15.01   657.92   652.27   0  658.36  653.93
 3    1    192.72   184.2   50.5   6.74   652.9   653.15   0  653.88  653.44
 3    1    190.47   189.81   51.03   11.05   654.95   656.02   0  657.13  656.95
 3    1    190.12   190.66   50.61   6.93   655.26   659.86   0  655.4  659.05
 3    1    192.67   179.6   49.92   7.69   652.53   653.91   0  653.08  653.92
 3    1    196.4   194.9   49.44   6.12   654.99   656.04   50  655.99  664.11
 3    1    181.97   188.91   51.33   9.72   653.89   656.79   0  655.48  659.55
 3    1    189.24   179.61   49.63   7.17   656.18   652.99   0  657.23  652.97
 3    1    188.48   190.24   50.79   13.8   656.11   662.26   152  657.07  679.02
 3    1    192.91   199.47   50.16   9.36   655.68   652.04   0  657.46  652.61
 3    1    188.64   192.76   51.89   32.89   654.75   650.98   0  655.2  652.63
 3    1    193.29   185.94   49.17   5.0   654.4   654.53   41  655.49  660.46
 3    1    189.12   190.31   53.42   66.53   655.01   652.9   0  657.3  653.3
 3    1    187.21   178.77   49.66   9.11   659.39   655.01   0  659.54  654.2
 3    1    189.42   189.72   50.36   4.43   656.29   658.94   0  656.94  660.26
 3    1    188.29   179.61   49.32   11.68   654.75   657.3   0  654.51  657.27
 3    1    189.41   182.48   49.56   4.65   653.77   655.97   0  654.04  655.49
 3    1    192.1   191.73   48.91   11.36   655.58   658.04   0  656.73  661.33
 3    1    190.37   191.36   50.74   7.66   657.0   657.97   0  657.02  659.02
 3    1    188.37   190.42   51.11   10.42   654.01   655.55   39  668.28  658.17
 3    1    186.93   189.72   50.88   7.05   657.91   654.0   0  661.33  656.35
 3    1    187.18   178.59   49.46   7.41   659.93   654.9   0  660.67  656.33
 3    1    189.57   189.45   50.41   5.44   655.06   656.05   0  657.02  658.96
 3    1    187.87   187.38   50.87   6.74   653.98   658.37   0  654.18  658.05
 3    1    188.43   189.69   49.89   6.82   653.06   657.08   0  653.1  658.15
 3    1    189.38   179.62   50.13   12.58   651.08   651.78   57  653.7  662.0
 3    1    189.26   189.41   50.54   6.87   655.37   651.14   0  656.36  651.92
 3    1    189.74   189.53   50.36   12.01   661.22   652.79   0  661.41  653.4
 3    1    192.43   191.41   50.38   9.96   656.96   657.05   0  657.96  658.95
 3    1    187.7   186.34   54.15   38.33   652.12   656.82   38  660.92  657.02
 3    1    188.33   188.76   50.34   10.68   656.07   661.0   0  657.95  665.01
 3    1    195.15   188.64   49.51   2.86   657.46   656.63   0  658.99  655.45
 3    1    189.18   181.86   49.76   7.28   653.97   655.01   0  655.0  656.28
 3    1    184.16   180.96   49.38   2.99   655.92   660.08   15  655.15  666.1
 3    1    188.16   189.78   50.56   7.75   653.64   655.79   0  653.29  656.41
 3    1    187.49   190.72   50.52   12.03   658.07   654.93   0  659.2  656.07
 3    1    188.98   187.34   50.81   5.59   657.05   658.16   0  657.24  659.22
 3    1    192.92   191.21   51.2   8.73   657.39   660.07   0  659.95  661.94
 3    1    187.35   177.92   49.98   9.08   658.83   654.95   0  660.32  655.39
 3    1    190.7   190.7   50.68   8.85   656.95   650.98   0  656.92  650.86
 3    1    194.72   191.86   50.25   11.96   656.08   654.58   0  660.52  656.59
 3    1    188.3   179.28   49.07   20.69   655.77   656.55   0  656.62  657.1
 3    1    187.13   178.58   49.47   4.76   654.2   659.75   0  655.56  660.86
 3    1    190.12   189.72   50.96   10.03   651.01   655.31   0  654.89  656.62
 3    1    188.13   192.23   50.22   8.68   659.5   658.49   0  661.58  659.49
 3    1    186.0   191.42   51.37   14.33   655.29   660.07   0  656.9  661.11
 3    1    188.11   190.78   51.92   9.4   652.22   654.01   0  654.08  656.04
 3    1    193.85   192.87   49.29   7.84   656.82   656.84   0  656.9  658.46
 3    1    188.25   190.51   51.33   10.69   654.96   653.11   0  655.04  652.13
 3    1    188.94   188.25   51.7   8.94   654.28   650.81   0  656.12  651.39
 3    1    185.9   188.59   50.24   10.28   654.66   660.03   0  656.81  661.74
 3    1    186.58   190.33   50.74   4.72   657.72   653.34   0  660.29  654.43
 3    1    189.17   190.56   49.84   8.91   659.0   654.0   37  665.99  676.99
 3    1    188.42   189.61   50.26   13.03   656.97   654.05   0  658.89  655.96
 3    1    187.99   191.12   50.92   5.79   653.1   657.38   0  654.51  658.17
 3    1    188.11   190.94   50.83   12.69   654.65   658.92   40  661.87  660.13
 3    1    189.02   187.63   51.42   41.53   658.48   651.98   0  661.93  656.92
 3    1    189.19   190.54   50.25   7.72   655.87   658.48   0  657.06  660.3
 3    1    188.4   189.14   51.2   18.32   658.29   655.17   27  659.76  661.38
 3    1    189.36   188.78   51.04   4.03   653.98   649.98   41  656.95  657.16
 3    1    185.94   188.37   51.31   7.37   656.5   654.0   0  656.0  658.0
 3    1    188.14   189.56   50.47   10.94   656.0   657.05   0  656.08  658.96
 3    1    186.69   190.27   50.82   18.26   653.09   658.95   0  654.41  661.8
 3    1    192.22   189.69   49.45   7.95   654.09   654.99   0  656.07  657.97
 3    1    184.61   180.61   48.9   5.93   654.98   655.25   34  656.02  669.84
 3    1    187.38   189.56   50.34   13.81   653.0   658.0   0  653.0  660.0
 3    1    182.73   174.12   49.2   4.71   656.17   656.12   0  656.46  656.66
 3    1    187.41   191.26   51.4   7.91   663.7   659.28   0  670.47  662.34
 3    1    190.36   191.93   50.47   4.13   653.12   656.69   0  654.26  658.44
 3    1    194.42   187.25   50.25   6.97   650.24   653.6   0  652.86  658.88
 3    1    193.08   194.56   49.82   9.2   652.99   653.5   0  658.04  653.02
 3    1    190.48   177.2   51.05   8.43   658.84   652.9   0  664.01  654.4
 3    1    185.8   180.49   49.54   65.13   658.09   656.84   0  662.32  659.55
 3    1    192.43   178.84   50.44   8.54   653.02   658.38   0  654.3  658.83
 3    1    190.52   180.82   49.98   11.69   655.01   652.12   0  655.09  652.25
 3    1    188.42   189.93   50.36   11.76   651.8   654.5   0  651.55  654.93
 3    1    189.36   186.93   49.56   5.65   656.38   657.14   0  656.79  658.52
 3    1    188.67   175.22   49.9   8.6   656.39   654.9   0  658.44  655.73
 3    1    186.89   188.98   49.89   7.57   656.72   650.88   0  659.63  653.32
 3    1    188.3   180.75   49.62   6.83   654.0   655.05   0  654.95  656.01
 3    1    189.93   176.78   49.23   9.01   660.57   653.94   0  661.44  654.74
 3    1    187.85   179.75   49.36   6.78   654.36   654.32   0  654.97  653.63
 3    1    189.43   179.84   49.18   4.39   654.95   658.08   0  657.91  658.88
 3    1    196.3   191.69   49.32   5.68   654.12   656.04   0  654.94  655.11
 3    1    187.73   178.16   49.38   10.24   655.9   659.15   17  655.7  672.14
 3    1    188.5   189.22   50.54   3.12   655.53   654.13   24  656.08  660.53
 3    1    192.13   190.78   51.47   6.13   656.05   655.03   0  657.56  657.64
 3    1    184.74   180.42   49.14   7.69   654.81   656.77   0  655.86  658.11
 3    1    192.75   185.05   49.67   5.5   655.61   651.8   0  659.48  653.56
 3    1    188.89   189.64   50.71   6.05   657.9   653.04   0  658.54  653.53
 3    1    193.35   191.91   50.31   8.24   656.15   655.15   0  660.05  657.1
 3    1    188.79   191.96   50.16   6.32   652.96   659.29   0  653.4  658.31
 3    1    191.18   189.69   51.16   6.91   653.99   653.02   41  651.93  661.2
 3    1    191.71   180.52   50.06   12.97   653.39   654.9   0  655.59  656.19
 3    1    186.72   178.85   49.3   7.55   655.0   659.24   0  655.14  661.2
 3    1    188.42   177.84   49.24   16.18   657.14   657.09   0  656.96  657.99
 3    1    189.96   191.7   49.0   12.53   656.77   657.98   0  657.76  661.05
 3    1    187.18   177.68   50.34   8.89   658.25   653.74   0  660.43  656.72
 3    1    196.35   179.92   49.71   6.79   654.05   650.06   0  654.31  654.88
 3    1    193.3   180.54   50.82   8.28   653.07   656.64   0  654.0  657.93
 3    1    195.72   179.21   49.4   6.64   654.06   652.03   0  654.1  651.7
 3    1    186.93   181.84   49.33   5.63   653.95   658.31   0  653.92  660.91
