cube1cam1 icam: 1 direction: 2 [2, 191.91, 197.23, 51.62, 3.85, 679.39, 679.16, 0]
cube1cam2 icam: 2 direction: 4 [4, 185.69, 182.69, 48.48, 6.69, 660.04, 657.6, 0]
cube1cam3 icam: 3 direction: 3 [3, 195.72, 193.57, 51.22, 10.65, 660.09, 659.32, 0]
cube1cam4 icam: 4 direction: 1 [1, 188.68, 184.49, 49.04, 6.29, 664.87, 669.44, 0]
cube1cam5 icam: 5 direction: 4 [4, 198.32, 196.5, 51.46, 11.62, 680.13, 682.52, 0]
cube1cam6 icam: 6 direction: 3 [3, 194.0, 196.58, 50.87, 8.52, 676.17, 672.97, 0]
cube2cam1 icam: 1 direction: 2 [2, 194.82, 192.12, 50.45, 4.0, 675.13, 675.88, 0]
cube2cam2 icam: 2 direction: 4 [4, 191.47, 191.91, 49.48, 8.51, 655.88, 660.7, 0]
cube2cam3 icam: 3 direction: 3 [3, 188.6, 185.39, 49.79, 12.93, 655.46, 657.97, 0]
cube2cam4 icam: 4 direction: 1 [1, 194.0, 194.66, 50.59, 19.12, 667.76, 667.42, 0]
cube2cam5 icam: 5 direction: 4 [4, 196.51, 187.43, 50.62, 8.21, 680.96, 674.93, 0]
cube2cam6 icam: 6 direction: 3 [3, 196.49, 195.02, 51.62, 7.93, 678.69, 671.59, 0]
cube3cam1 icam: 1 direction: 1 [1, 187.43, 184.69, 50.02, 8.51, 676.17, 674.65, 0]
cube3cam2 icam: 2 direction: 2 [2, 188.07, 191.08, 49.04, 6.22, 660.85, 663.72, 0]
cube3cam3 icam: 3 direction: 4 [4, 181.54, 178.68, 48.91, 12.28, 656.46, 658.96, 0]
cube3cam4 icam: 4 direction: 2 [2, 188.93, 189.01, 49.9, 9.98, 666.46, 671.57, 0]
cube3cam5 icam: 5 direction: 2 [2, 196.15, 193.6, 51.7, 13.44, 679.92, 678.94, 0]
cube3cam6 icam: 6 direction: 2 [2, 188.17, 193.08, 51.41, 10.01, 670.97, 671.86, 0]
cube4cam1 icam: 1 direction: 2 [2, 192.74, 189.19, 49.89, 10.07, 673.28, 675.89, 0]
cube4cam2 icam: 2 direction: 4 [4, 196.72, 192.08, 49.19, 7.27, 655.79, 657.72, 78]
cube4cam3 icam: 3 direction: 3 [3, 188.83, 184.72, 49.43, 6.34, 658.31, 656.96, 0]
cube4cam4 icam: 4 direction: 1 [1, 194.63, 193.0, 50.62, 3.5, 668.01, 667.3, 0]
cube4cam5 icam: 5 direction: 4 [4, 199.55, 197.71, 50.24, 7.88, 677.79, 678.71, 0]
cube4cam6 icam: 6 direction: 3 [3, 192.6, 193.58, 51.92, 11.5, 674.09, 674.81, 0]
cube5cam1 icam: 1 direction: 1 [1, 187.88, 186.48, 49.83, 6.86, 677.69, 672.73, 0]
cube5cam2 icam: 2 direction: 2 [2, 182.82, 182.29, 48.92, 6.71, 656.18, 656.66, 0]
cube5cam3 icam: 3 direction: 4 [4, 178.84, 179.71, 49.1, 5.54, 653.18, 659.15, 0]
cube5cam4 icam: 4 direction: 2 [2, 190.1, 185.73, 49.83, 6.86, 662.87, 668.31, 0]
cube5cam5 icam: 5 direction: 2 [2, 193.06, 191.96, 51.57, 7.49, 678.03, 678.51, 0]
cube5cam6 icam: 6 direction: 2 [2, 190.25, 190.51, 51.01, 5.64, 675.56, 672.31, 0]
cube6cam1 icam: 1 direction: 2 [2, 187.19, 183.56, 49.83, 11.23, 676.0, 680.01, 0]
cube6cam2 icam: 2 direction: 4 [4, 189.7, 184.23, 48.87, 11.87, 657.64, 659.33, 0]
cube6cam3 icam: 3 direction: 3 [3, 179.42, 181.36, 49.39, 9.65, 659.73, 654.95, 0]
cube6cam4 icam: 4 direction: 1 [1, 186.13, 183.56, 50.39, 6.11, 668.64, 666.77, 0]
cube6cam5 icam: 5 direction: 4 [4, 188.36, 189.06, 50.37, 7.41, 680.22, 679.75, 0]
cube6cam6 icam: 6 direction: 3 [3, 186.99, 183.47, 51.61, 10.1, 670.87, 672.97, 0]
cube7cam1 icam: 1 direction: 3 [3, 196.55, 196.14, 51.28, 11.61, 682.24, 677.51, 0]
cube7cam2 icam: 2 direction: 1 [1, 192.42, 195.74, 48.88, 11.56, 659.64, 657.57, 0]
cube7cam3 icam: 3 direction: 1 [1, 188.68, 180.35, 50.86, 12.56, 659.07, 657.81, 0]
cube7cam4 icam: 4 direction: 4 [4, 188.58, 182.71, 51.9, 35.54, 666.73, 667.3, 65]
cube7cam5 icam: 5 direction: 3 [3, 205.77, 198.14, 53.53, 42.47, 679.48, 680.53, 0]
cube7cam6 icam: 6 direction: 1 [1, 196.78, 197.8, 51.96, 29.33, 674.72, 673.7, 0]
cube8cam1 icam: 1 direction: 4 [4, 194.6, 188.76, 49.87, 9.21, 675.8, 680.48, 0]
cube8cam2 icam: 2 direction: 3 [3, 191.31, 189.32, 48.76, 27.92, 659.1, 655.85, 0]
cube8cam3 icam: 3 direction: 2 [2, 192.4, 189.45, 50.33, 4.23, 655.77, 660.99, 0]
cube8cam4 icam: 4 direction: 3 [3, 197.62, 197.04, 50.52, 11.26, 674.85, 669.19, 0]
cube8cam5 icam: 5 direction: 1 [1, 200.24, 199.47, 52.13, 10.8, 679.41, 679.39, 0]
cube8cam6 icam: 6 direction: 4 [4, 191.65, 186.72, 50.51, 14.6, 680.43, 679.7, 0]
cube9cam1 icam: 1 direction: 2 [2, 197.05, 193.61, 51.45, 16.43, 681.49, 677.27, 51]
cube9cam2 icam: 2 direction: 4 [4, 187.11, 181.89, 48.65, 15.44, 658.81, 656.32, 0]
cube9cam3 icam: 3 direction: 3 [3, 195.15, 189.61, 50.59, 11.69, 657.81, 657.06, 0]
cube9cam4 icam: 4 direction: 1 [1, 188.97, 187.97, 49.13, 7.45, 663.89, 667.38, 0]
cube9cam5 icam: 5 direction: 4 [4, 193.71, 193.21, 51.87, 13.9, 676.0, 682.02, 0]
cube9cam6 icam: 6 direction: 3 [3, 198.73, 199.13, 50.51, 7.29, 676.02, 671.1, 0]
cube10cam1 icam: 1 direction: 2 [2, 193.17, 185.54, 49.85, 13.15, 673.05, 678.45, 0]
cube10cam2 icam: 2 direction: 4 [4, 193.69, 193.51, 49.39, 6.47, 654.62, 657.0, 0]
cube10cam3 icam: 3 direction: 3 [3, 190.28, 184.36, 49.22, 8.11, 660.17, 653.8, 0]
cube10cam4 icam: 4 direction: 1 [1, 192.84, 193.44, 50.41, 5.77, 669.72, 666.28, 0]
cube10cam5 icam: 5 direction: 4 [4, 201.89, 199.63, 50.25, 6.72, 679.25, 680.94, 0]
cube10cam6 icam: 6 direction: 3 [3, 193.44, 194.78, 52.1, 6.42, 672.4, 672.52, 0]
cube11cam1 icam: 1 direction: 4 [4, 189.29, 187.43, 50.97, 7.85, 672.23, 676.08, 0]
cube11cam2 icam: 2 direction: 3 [3, 189.77, 180.41, 50.89, 20.01, 664.87, 657.7, 0]
cube11cam3 icam: 3 direction: 2 [2, 184.14, 184.2, 49.63, 15.16, 659.12, 654.8, 0]
cube11cam4 icam: 4 direction: 3 [3, 185.5, 174.14, 49.92, 15.32, 665.77, 666.77, 0]
cube11cam5 icam: 5 direction: 1 [1, 186.5, 186.82, 50.75, 15.69, 679.16, 686.76, 0]
cube11cam6 icam: 6 direction: 4 [4, 192.55, 191.78, 51.52, 10.7, 667.05, 672.91, 0]
cube12cam1 icam: 1 direction: 3 [3, 190.18, 184.14, 49.74, 14.56, 675.32, 676.71, 0]
cube12cam2 icam: 2 direction: 1 [1, 187.43, 192.39, 49.24, 5.02, 660.59, 656.82, 0]
cube12cam3 icam: 3 direction: 1 [1, 182.68, 189.79, 51.11, 11.47, 657.76, 661.75, 0]
cube12cam4 icam: 4 direction: 4 [4, 187.38, 195.34, 51.3, 15.94, 669.54, 669.05, 0]
cube12cam5 icam: 5 direction: 3 [3, 188.22, 176.23, 50.62, 15.7, 678.52, 682.01, 0]
cube12cam6 icam: 6 direction: 1 [1, 197.97, 179.88, 50.98, 47.55, 684.92, 672.26, 0]
cube13cam1 icam: 1 direction: 3 [3, 189.81, 190.88, 51.59, 4.77, 677.83, 678.17, 0]
cube13cam2 icam: 2 direction: 1 [1, 177.45, 174.77, 48.37, 11.66, 661.54, 659.29, 0]
cube13cam3 icam: 3 direction: 1 [1, 174.88, 180.56, 49.64, 12.47, 659.68, 664.32, 0]
cube13cam4 icam: 4 direction: 4 [4, 179.16, 176.53, 50.31, 12.29, 677.15, 665.06, 0]
cube13cam5 icam: 5 direction: 3 [3, 195.01, 193.43, 52.84, 34.8, 681.49, 680.43, 0]
cube13cam6 icam: 6 direction: 1 [1, 194.35, 189.76, 51.87, 18.76, 677.0, 670.02, 0]
cube14cam1 icam: 1 direction: 2 [2, 196.09, 193.73, 51.21, 17.35, 678.3, 678.75, 0]
cube14cam2 icam: 2 direction: 4 [4, 184.47, 168.24, 48.41, 17.44, 658.86, 663.08, 0]
cube14cam3 icam: 3 direction: 3 [3, 190.63, 190.15, 50.5, 3.04, 659.85, 655.86, 0]
cube14cam4 icam: 4 direction: 1 [1, 190.88, 182.01, 49.44, 10.12, 670.22, 666.75, 0]
cube14cam5 icam: 5 direction: 4 [4, 188.29, 195.41, 52.21, 13.47, 679.73, 683.93, 185]
cube14cam6 icam: 6 direction: 3 [3, 184.68, 184.27, 51.01, 6.64, 672.6, 672.16, 0]
cube15cam1 icam: 1 direction: 3 [3, 189.23, 188.79, 51.46, 9.62, 682.69, 676.32, 0]
cube15cam2 icam: 2 direction: 1 [1, 192.88, 183.39, 48.01, 45.57, 662.48, 654.9, 158]
cube15cam3 icam: 3 direction: 1 [1, 188.7, 183.3, 51.41, 17.43, 660.62, 661.07, 0]
cube15cam4 icam: 4 direction: 4 [4, 184.34, 174.56, 50.03, 17.01, 671.82, 668.44, 0]
cube15cam5 icam: 5 direction: 3 [3, 197.52, 189.43, 52.11, 31.4, 679.8, 681.68, 8]
cube15cam6 icam: 6 direction: 1 [1, 185.78, 188.29, 50.7, 28.11, 677.96, 673.28, 0]
cube16cam1 icam: 1 direction: 2 [2, 187.2, 185.18, 49.94, 59.91, 677.05, 674.21, 15]
cube16cam2 icam: 2 direction: 4 [4, 187.87, 183.23, 49.31, 6.17, 656.05, 655.76, 0]
cube16cam3 icam: 3 direction: 3 [3, 186.45, 182.05, 49.25, 4.92, 660.15, 658.88, 0]
cube16cam4 icam: 4 direction: 1 [1, 187.07, 187.6, 50.57, 15.93, 665.65, 672.36, 0]
cube16cam5 icam: 5 direction: 4 [4, 188.22, 188.2, 51.19, 8.8, 677.86, 679.0, 0]
cube16cam6 icam: 6 direction: 3 [3, 191.43, 190.82, 53.08, 37.5, 675.07, 672.98, 0]
cube17cam1 icam: 1 direction: 4 [4, 198.52, 196.92, 51.45, 3.0, 682.24, 678.67, 0]
cube17cam2 icam: 2 direction: 3 [3, 192.6, 189.99, 49.58, 9.09, 658.24, 660.74, 0]
cube17cam3 icam: 3 direction: 2 [2, 186.83, 182.33, 49.34, 5.24, 657.28, 659.64, 13]
cube17cam4 icam: 4 direction: 3 [3, 190.6, 188.51, 50.01, 20.14, 665.09, 668.37, 0]
cube17cam5 icam: 5 direction: 1 [1, 195.07, 195.02, 51.03, 15.76, 682.6, 677.85, 398]
cube17cam6 icam: 6 direction: 4 [4, 195.69, 195.29, 51.12, 14.3, 671.44, 674.71, 0]
cube18cam1 icam: 1 direction: 4 [4, 191.29, 179.91, 49.32, 11.3, 673.92, 679.58, 0]
cube18cam2 icam: 2 direction: 3 [3, 194.9, 194.13, 49.0, 10.78, 658.28, 657.09, 0]
cube18cam3 icam: 3 direction: 2 [2, 192.06, 190.76, 50.27, 8.28, 653.38, 659.36, 0]
cube18cam4 icam: 4 direction: 3 [3, 187.79, 194.8, 50.2, 34.78, 668.09, 664.42, 0]
cube18cam5 icam: 5 direction: 1 [1, 203.25, 201.83, 52.04, 8.27, 678.19, 678.12, 0]
cube18cam6 icam: 6 direction: 4 [4, 193.85, 185.95, 50.42, 11.16, 674.31, 671.93, 0]
cube19cam1 icam: 1 direction: 2 [2, 180.35, 188.64, 50.27, 25.36, 679.57, 677.37, 146]
cube19cam2 icam: 2 direction: 4 [4, 185.89, 190.59, 50.21, 13.62, 659.19, 666.46, 0]
cube19cam3 icam: 3 direction: 3 [3, 176.18, 180.27, 49.82, 7.25, 654.46, 662.5, 306]
cube19cam4 icam: 4 direction: 1 [1, 187.91, 190.63, 50.21, 20.01, 667.77, 669.16, 0]
cube19cam5 icam: 5 direction: 4 [4, 190.69, 183.27, 51.72, 11.58, 680.8, 679.75, 0]
cube19cam6 icam: 6 direction: 3 [3, 186.14, 189.69, 52.31, 9.83, 674.49, 669.61, 0]
cube20cam1 icam: 1 direction: 1 [1, 190.34, 188.55, 52.32, 8.45, 673.42, 675.22, 0]
cube20cam2 icam: 2 direction: 2 [2, 176.92, 189.23, 49.52, 5.27, 656.56, 659.69, 0]
cube20cam3 icam: 3 direction: 4 [4, 182.86, 187.7, 51.32, 9.83, 660.24, 657.92, 47]
cube20cam4 icam: 4 direction: 2 [2, 186.27, 174.26, 49.31, 15.68, 674.69, 666.27, 0]
cube20cam5 icam: 5 direction: 2 [2, 182.41, 174.71, 51.17, 8.68, 676.36, 682.89, 0]
cube20cam6 icam: 6 direction: 2 [2, 189.0, 182.09, 51.43, 14.32, 672.45, 677.79, 0]
cube21cam1 icam: 1 direction: 4 [4, 196.73, 191.6, 52.13, 8.86, 676.85, 677.98, 0]
cube21cam2 icam: 2 direction: 3 [3, 191.18, 184.12, 49.67, 12.03, 667.08, 656.59, 0]
cube21cam3 icam: 3 direction: 2 [2, 180.52, 173.87, 50.03, 16.27, 662.63, 657.16, 0]
cube21cam4 icam: 4 direction: 3 [3, 182.49, 188.61, 49.66, 81.01, 663.55, 670.99, 0]
cube21cam5 icam: 5 direction: 1 [1, 187.65, 185.31, 50.77, 9.23, 680.43, 687.73, 0]
cube21cam6 icam: 6 direction: 4 [4, 192.65, 190.24, 52.37, 13.13, 668.88, 679.64, 0]
cube22cam1 icam: 1 direction: 2 [2, 196.15, 197.73, 52.25, 10.32, 673.69, 674.59, 0]
cube22cam2 icam: 2 direction: 4 [4, 188.8, 185.11, 48.48, 9.44, 658.75, 664.06, 0]
cube22cam3 icam: 3 direction: 3 [3, 189.63, 193.17, 51.27, 9.55, 655.46, 661.47, 0]
cube22cam4 icam: 4 direction: 1 [1, 193.71, 192.38, 49.16, 5.34, 669.36, 669.4, 0]
cube22cam5 icam: 5 direction: 4 [4, 196.46, 196.04, 51.48, 10.12, 681.12, 679.48, 0]
cube22cam6 icam: 6 direction: 3 [3, 188.62, 185.36, 49.97, 11.84, 674.95, 668.36, 0]
cube23cam1 icam: 1 direction: 4 [4, 193.23, 189.2, 51.67, 6.6, 680.67, 674.09, 0]
cube23cam2 icam: 2 direction: 3 [3, 185.01, 186.39, 50.36, 32.33, 657.73, 657.59, 0]
cube23cam3 icam: 3 direction: 2 [2, 187.83, 187.19, 49.54, 26.43, 656.17, 653.95, 0]
cube23cam4 icam: 4 direction: 3 [3, 184.32, 184.52, 49.74, 8.78, 663.32, 670.45, 0]
cube23cam5 icam: 5 direction: 1 [1, 193.84, 186.38, 50.61, 17.89, 683.2, 678.63, 78]
cube23cam6 icam: 6 direction: 4 [4, 195.77, 192.43, 51.9, 18.56, 670.83, 674.32, 0]
cube24cam1 icam: 1 direction: 2 [2, 188.4, 192.84, 51.84, 11.18, 678.65, 678.25, 0]
cube24cam2 icam: 2 direction: 4 [4, 160.27, 181.84, 48.91, 7.47, 652.67, 659.7, 0]
cube24cam3 icam: 3 direction: 3 [3, 184.72, 192.95, 51.27, 5.44, 658.96, 657.83, 0]
cube24cam4 icam: 4 direction: 1 [1, 180.81, 167.37, 49.03, 15.05, 667.12, 671.97, 28]
cube24cam5 icam: 5 direction: 4 [4, 197.75, 193.78, 52.27, 14.96, 684.09, 679.11, 0]
cube24cam6 icam: 6 direction: 3 [3, 177.36, 160.69, 51.07, 15.09, 683.64, 675.91, 130]
cube25cam1 icam: 1 direction: 4 [4, 201.27, 192.97, 50.21, 15.64, 681.14, 679.53, 0]
cube25cam2 icam: 2 direction: 3 [3, 187.41, 184.09, 48.81, 23.37, 662.37, 657.13, 0]
cube25cam3 icam: 3 direction: 2 [2, 190.61, 187.33, 50.61, 8.57, 660.07, 657.73, 0]
cube25cam4 icam: 4 direction: 3 [3, 198.81, 194.28, 50.47, 14.63, 667.48, 667.81, 0]
cube25cam5 icam: 5 direction: 1 [1, 197.48, 198.57, 51.58, 5.88, 678.67, 682.12, 0]
cube25cam6 icam: 6 direction: 4 [4, 189.6, 182.51, 50.36, 5.83, 670.55, 678.24, 0]
cube26cam1 icam: 1 direction: 4 [4, 187.73, 178.99, 50.87, 11.74, 676.86, 675.5, 240]
cube26cam2 icam: 2 direction: 3 [3, 164.86, 176.2, 48.9, 27.13, 657.85, 656.9, 0]
cube26cam3 icam: 3 direction: 2 [2, 188.24, 184.74, 51.11, 8.71, 657.03, 658.41, 0]
cube26cam4 icam: 4 direction: 3 [3, 183.84, 191.2, 51.13, 7.35, 667.16, 668.26, 0]
cube26cam5 icam: 5 direction: 1 [1, 194.04, 194.39, 51.59, 13.43, 679.28, 678.15, 0]
cube26cam6 icam: 6 direction: 4 [4, 186.35, 177.81, 50.34, 17.73, 673.35, 675.67, 0]
cube27cam1 icam: 1 direction: 4 [4, 184.57, 179.54, 50.11, 10.16, 674.28, 680.38, 0]
cube27cam2 icam: 2 direction: 3 [3, 179.39, 184.76, 49.3, 10.55, 663.31, 658.68, 130]
cube27cam3 icam: 3 direction: 2 [2, 191.51, 188.81, 50.5, 14.99, 654.97, 659.82, 0]
cube27cam4 icam: 4 direction: 3 [3, 190.28, 193.61, 51.38, 13.01, 666.18, 667.54, 0]
cube27cam5 icam: 5 direction: 1 [1, 199.0, 193.89, 51.87, 9.4, 677.68, 677.19, 0]
cube27cam6 icam: 6 direction: 4 [4, 184.18, 183.59, 49.97, 9.6, 667.89, 671.25, 0]
cube28cam1 icam: 1 direction: 4 [4, 193.42, 185.65, 49.67, 7.89, 675.46, 675.29, 0]
cube28cam2 icam: 2 direction: 3 [3, 187.13, 177.49, 48.49, 7.96, 655.56, 657.09, 0]
cube28cam3 icam: 3 direction: 2 [2, 190.5, 191.85, 50.45, 27.5, 658.51, 656.24, 0]
cube28cam4 icam: 4 direction: 3 [3, 191.02, 197.47, 51.28, 5.84, 668.15, 670.34, 0]
cube28cam5 icam: 5 direction: 1 [1, 195.8, 198.38, 51.89, 4.51, 679.4, 677.93, 0]
cube28cam6 icam: 6 direction: 4 [4, 196.54, 182.4, 49.77, 5.81, 672.87, 677.78, 0]
cube29cam1 icam: 1 direction: 4 [4, 196.69, 198.12, 51.41, 3.34, 674.64, 674.43, 0]
cube29cam2 icam: 2 direction: 3 [3, 189.99, 189.56, 48.75, 24.17, 658.08, 655.39, 0]
cube29cam3 icam: 3 direction: 2 [2, 192.17, 183.22, 49.04, 11.87, 657.78, 654.8, 0]
cube29cam4 icam: 4 direction: 3 [3, 192.78, 190.28, 49.68, 8.71, 666.21, 667.27, 0]
cube29cam5 icam: 5 direction: 1 [1, 195.07, 194.77, 50.95, 14.79, 676.49, 682.48, 0]
cube29cam6 icam: 6 direction: 4 [4, 197.1, 198.27, 51.39, 5.7, 671.31, 677.7, 0]
cube30cam1 icam: 1 direction: 2 [2, 197.46, 201.14, 49.71, 5.11, 674.53, 675.5, 0]
cube30cam2 icam: 2 direction: 4 [4, 193.07, 192.24, 49.22, 6.11, 657.65, 660.71, 0]
cube30cam3 icam: 3 direction: 3 [3, 185.93, 183.33, 48.74, 5.32, 654.72, 655.25, 0]
cube30cam4 icam: 4 direction: 1 [1, 198.91, 195.56, 50.84, 11.75, 666.24, 666.29, 0]
cube30cam5 icam: 5 direction: 4 [4, 195.81, 187.8, 50.32, 12.82, 680.96, 675.44, 0]
cube30cam6 icam: 6 direction: 3 [3, 192.98, 192.59, 51.48, 10.39, 672.56, 666.74, 42]
cube31cam1 icam: 1 direction: 4 [4, 196.84, 195.87, 51.82, 4.79, 679.89, 676.34, 0]
cube31cam2 icam: 2 direction: 3 [3, 190.04, 188.72, 49.77, 7.89, 657.85, 660.06, 0]
cube31cam3 icam: 3 direction: 2 [2, 191.04, 185.43, 49.29, 14.34, 659.36, 659.07, 32]
cube31cam4 icam: 4 direction: 3 [3, 191.69, 189.23, 49.63, 11.3, 666.16, 672.71, 0]
cube31cam5 icam: 5 direction: 1 [1, 195.81, 192.65, 50.67, 15.23, 688.34, 680.81, 0]
cube31cam6 icam: 6 direction: 4 [4, 196.9, 196.36, 51.45, 9.66, 673.34, 677.27, 0]
cube32cam1 icam: 1 direction: 2 [2, 193.2, 192.03, 50.51, 20.17, 673.7, 680.37, 0]
cube32cam2 icam: 2 direction: 4 [4, 187.3, 183.99, 49.38, 10.12, 654.84, 660.96, 56]
cube32cam3 icam: 3 direction: 3 [3, 178.85, 174.02, 49.79, 13.35, 656.39, 659.67, 0]
cube32cam4 icam: 4 direction: 1 [1, 189.62, 189.46, 51.49, 7.4, 667.69, 673.09, 0]
cube32cam5 icam: 5 direction: 4 [4, 187.43, 175.27, 50.77, 10.98, 677.2, 677.12, 0]
cube32cam6 icam: 6 direction: 3 [3, 183.37, 183.45, 51.49, 12.15, 678.52, 670.72, 0]
cube33cam1 icam: 1 direction: 1 [1, 192.91, 188.72, 51.19, 10.55, 679.64, 676.69, 0]
cube33cam2 icam: 2 direction: 2 [2, 196.04, 195.41, 48.53, 11.36, 659.19, 658.72, 0]
cube33cam3 icam: 3 direction: 4 [4, 183.28, 172.76, 48.83, 6.71, 650.93, 659.0, 0]
cube33cam4 icam: 4 direction: 2 [2, 194.12, 194.88, 50.39, 15.49, 666.7, 667.53, 0]
cube33cam5 icam: 5 direction: 2 [2, 200.66, 200.24, 51.86, 4.7, 675.56, 678.9, 0]
cube33cam6 icam: 6 direction: 2 [2, 188.43, 198.65, 51.63, 19.39, 675.23, 673.91, 0]
cube34cam1 icam: 1 direction: 1 [1, 187.72, 197.12, 49.86, 12.27, 682.39, 680.6, 0]
cube34cam2 icam: 2 direction: 2 [2, 183.09, 189.05, 49.62, 7.2, 662.6, 661.61, 0]
cube34cam3 icam: 3 direction: 4 [4, 175.92, 188.55, 50.79, 12.55, 656.78, 662.8, 0]
cube34cam4 icam: 4 direction: 2 [2, 178.77, 171.9, 50.22, 9.37, 671.12, 669.4, 0]
cube34cam5 icam: 5 direction: 2 [2, 176.01, 190.89, 50.8, 15.34, 682.28, 682.6, 129]
cube34cam6 icam: 6 direction: 2 [2, 179.12, 179.19, 51.33, 12.86, 674.52, 679.53, 173]
cube35cam1 icam: 1 direction: 3 [3, 199.55, 197.17, 49.89, 9.32, 677.65, 676.15, 0]
cube35cam2 icam: 2 direction: 1 [1, 195.27, 194.36, 49.65, 6.34, 662.87, 659.67, 0]
cube35cam3 icam: 3 direction: 1 [1, 189.71, 186.79, 50.2, 12.43, 655.02, 656.63, 0]
cube35cam4 icam: 4 direction: 4 [4, 198.33, 196.1, 50.43, 11.55, 669.5, 666.45, 0]
cube35cam5 icam: 5 direction: 3 [3, 194.76, 188.38, 50.09, 9.08, 678.56, 679.04, 0]
cube35cam6 icam: 6 direction: 1 [1, 194.02, 185.8, 50.28, 7.65, 673.42, 667.02, 0]
cube36cam1 icam: 1 direction: 3 [3, 193.63, 188.88, 51.07, 3.78, 674.84, 677.66, 0]
cube36cam2 icam: 2 direction: 1 [1, 180.44, 177.56, 48.45, 6.01, 657.87, 658.97, 0]
cube36cam3 icam: 3 direction: 1 [1, 191.97, 187.23, 49.24, 7.77, 660.34, 658.39, 46]
cube36cam4 icam: 4 direction: 4 [4, 186.11, 188.44, 49.28, 10.04, 670.7, 666.88, 0]
cube36cam5 icam: 5 direction: 3 [3, 191.62, 187.98, 51.79, 10.35, 682.81, 681.02, 0]
cube36cam6 icam: 6 direction: 1 [1, 197.18, 191.68, 51.55, 5.16, 677.93, 672.19, 0]
cube37cam1 icam: 1 direction: 4 [4, 197.45, 196.17, 51.03, 9.03, 680.1, 676.23, 0]
cube37cam2 icam: 2 direction: 3 [3, 190.4, 187.5, 49.96, 7.01, 657.47, 660.0, 0]
cube37cam3 icam: 3 direction: 2 [2, 191.25, 183.11, 49.71, 5.11, 659.01, 654.62, 0]
cube37cam4 icam: 4 direction: 3 [3, 191.76, 188.44, 49.14, 20.36, 665.27, 664.4, 0]
cube37cam5 icam: 5 direction: 1 [1, 191.1, 190.29, 50.86, 9.52, 682.15, 682.04, 0]
cube37cam6 icam: 6 direction: 4 [4, 195.79, 195.28, 51.29, 9.61, 673.97, 674.88, 0]
cube38cam1 icam: 1 direction: 4 [4, 198.79, 199.13, 51.45, 1.29, 672.89, 674.81, 0]
cube38cam2 icam: 2 direction: 3 [3, 190.76, 191.3, 49.46, 8.23, 663.01, 658.1, 0]
cube38cam3 icam: 3 direction: 2 [2, 190.11, 182.44, 49.22, 12.11, 659.5, 652.86, 0]
cube38cam4 icam: 4 direction: 3 [3, 197.56, 196.96, 49.3, 7.56, 667.17, 668.65, 0]
cube38cam5 icam: 5 direction: 1 [1, 197.37, 187.56, 50.56, 5.12, 677.06, 681.05, 0]
cube38cam6 icam: 6 direction: 4 [4, 192.84, 197.95, 51.19, 7.84, 667.35, 677.06, 0]
cube39cam1 icam: 1 direction: 4 [4, 184.36, 168.51, 49.99, 12.23, 676.01, 680.5, 0]
cube39cam2 icam: 2 direction: 3 [3, 177.66, 181.28, 48.79, 34.97, 660.23, 656.29, 0]
cube39cam3 icam: 3 direction: 2 [2, 184.42, 189.25, 50.59, 15.78, 661.0, 659.65, 0]
cube39cam4 icam: 4 direction: 3 [3, 187.83, 193.35, 50.2, 16.53, 668.93, 664.61, 0]
cube39cam5 icam: 5 direction: 1 [1, 195.5, 199.37, 52.14, 9.64, 681.59, 687.11, 0]
cube39cam6 icam: 6 direction: 4 [4, 184.44, 179.52, 49.94, 14.32, 670.87, 674.85, 0]
cube40cam1 icam: 1 direction: 3 [3, 195.33, 195.37, 52.11, 10.32, 679.97, 675.11, 0]
cube40cam2 icam: 2 direction: 1 [1, 181.79, 181.79, 48.06, 11.18, 660.78, 651.6, 0]
cube40cam3 icam: 3 direction: 1 [1, 181.01, 181.04, 49.85, 11.66, 656.77, 665.33, 0]
cube40cam4 icam: 4 direction: 4 [4, 186.77, 184.44, 49.73, 14.97, 669.97, 669.24, 0]
cube40cam5 icam: 5 direction: 3 [3, 191.89, 195.84, 51.45, 13.92, 677.74, 676.06, 0]
cube40cam6 icam: 6 direction: 1 [1, 194.54, 192.55, 51.74, 5.12, 674.91, 671.48, 18]
cube41cam1 icam: 1 direction: 2 [2, 191.48, 203.0, 52.02, 9.24, 678.23, 679.69, 55]
cube41cam2 icam: 2 direction: 4 [4, 188.97, 187.7, 49.92, 12.45, 655.01, 663.6, 0]
cube41cam3 icam: 3 direction: 3 [3, 186.03, 181.28, 49.39, 14.66, 659.56, 662.47, 0]
cube41cam4 icam: 4 direction: 1 [1, 197.27, 188.56, 51.08, 7.11, 663.78, 666.22, 0]
cube41cam5 icam: 5 direction: 4 [4, 195.19, 187.41, 50.97, 10.18, 686.28, 680.13, 0]
cube41cam6 icam: 6 direction: 3 [3, 189.94, 190.02, 53.22, 35.09, 679.41, 670.97, 0]
cube42cam1 icam: 1 direction: 4 [4, 194.3, 185.27, 49.81, 5.47, 675.5, 672.17, 49]
cube42cam2 icam: 2 direction: 3 [3, 187.49, 179.95, 49.27, 8.46, 655.2, 659.29, 37]
cube42cam3 icam: 3 direction: 2 [2, 197.57, 194.51, 50.68, 7.73, 656.85, 656.88, 0]
cube42cam4 icam: 4 direction: 3 [3, 192.1, 198.23, 50.78, 9.6, 665.78, 670.26, 0]
cube42cam5 icam: 5 direction: 1 [1, 195.31, 198.88, 52.25, 9.12, 680.0, 675.01, 0]
cube42cam6 icam: 6 direction: 4 [4, 198.44, 197.43, 50.31, 2.9, 672.92, 673.82, 0]
cube43cam1 icam: 1 direction: 2 [2, 190.43, 188.65, 50.47, 4.0, 676.42, 678.22, 0]
cube43cam2 icam: 2 direction: 4 [4, 190.99, 191.73, 49.74, 5.54, 661.01, 663.33, 0]
cube43cam3 icam: 3 direction: 3 [3, 184.76, 178.43, 48.9, 15.94, 659.89, 655.44, 0]
cube43cam4 icam: 4 direction: 1 [1, 191.61, 190.14, 50.24, 10.93, 671.23, 666.85, 0]
cube43cam5 icam: 5 direction: 4 [4, 194.76, 190.38, 50.47, 8.69, 681.5, 681.28, 24]
cube43cam6 icam: 6 direction: 3 [3, 191.61, 191.06, 52.42, 16.11, 671.7, 673.16, 0]
cube44cam1 icam: 1 direction: 1 [1, 192.83, 198.42, 51.06, 8.5, 674.96, 675.52, 0]
cube44cam2 icam: 2 direction: 2 [2, 186.69, 192.52, 49.34, 8.66, 655.51, 657.03, 29]
cube44cam3 icam: 3 direction: 4 [4, 186.58, 192.28, 50.21, 8.64, 656.85, 657.27, 0]
cube44cam4 icam: 4 direction: 2 [2, 193.27, 178.94, 49.69, 4.15, 669.05, 667.98, 0]
cube44cam5 icam: 5 direction: 2 [2, 196.18, 188.14, 50.53, 7.0, 679.81, 676.76, 0]
cube44cam6 icam: 6 direction: 2 [2, 191.23, 188.45, 50.86, 4.52, 670.89, 680.4, 0]
cube45cam1 icam: 1 direction: 1 [1, 195.72, 193.25, 51.63, 13.14, 680.08, 677.42, 0]
cube45cam2 icam: 2 direction: 2 [2, 189.52, 190.64, 50.15, 21.47, 657.95, 660.55, 0]
cube45cam3 icam: 3 direction: 4 [4, 184.46, 189.66, 51.58, 9.56, 657.36, 659.58, 13]
cube45cam4 icam: 4 direction: 2 [2, 184.98, 176.96, 49.55, 13.13, 668.03, 671.73, 0]
cube45cam5 icam: 5 direction: 2 [2, 186.15, 190.55, 51.55, 12.19, 680.88, 678.76, 0]
cube45cam6 icam: 6 direction: 2 [2, 181.08, 187.6, 50.66, 21.71, 673.81, 675.35, 0]
cube46cam1 icam: 1 direction: 4 [4, 188.92, 181.42, 50.66, 9.95, 677.69, 677.21, 31]
cube46cam2 icam: 2 direction: 3 [3, 179.62, 175.34, 49.66, 16.43, 663.93, 662.32, 0]
cube46cam3 icam: 3 direction: 2 [2, 192.45, 187.25, 51.58, 8.89, 661.61, 659.26, 0]
cube46cam4 icam: 4 direction: 3 [3, 191.97, 191.95, 51.6, 7.91, 666.39, 671.79, 0]
cube46cam5 icam: 5 direction: 1 [1, 193.84, 193.65, 52.53, 18.1, 683.08, 682.09, 0]
cube46cam6 icam: 6 direction: 4 [4, 189.81, 188.48, 49.63, 9.62, 672.02, 674.87, 14]
cube47cam1 icam: 1 direction: 2 [2, 191.15, 199.83, 51.76, 5.42, 677.68, 676.71, 0]
cube47cam2 icam: 2 direction: 4 [4, 192.04, 175.93, 48.6, 13.03, 660.13, 656.03, 0]
cube47cam3 icam: 3 direction: 3 [3, 193.4, 195.4, 50.63, 12.01, 657.98, 656.02, 0]
cube47cam4 icam: 4 direction: 1 [1, 193.35, 183.08, 49.51, 8.74, 665.37, 667.3, 0]
cube47cam5 icam: 5 direction: 4 [4, 195.43, 198.68, 52.73, 195.95, 681.22, 679.93, 0]
cube47cam6 icam: 6 direction: 3 [3, 195.85, 196.83, 50.97, 8.1, 674.42, 670.8, 0]
cube48cam1 icam: 1 direction: 3 [3, 195.05, 179.0, 50.53, 17.01, 681.44, 677.66, 0]
cube48cam2 icam: 2 direction: 1 [1, 193.29, 193.73, 49.6, 15.68, 662.03, 655.99, 0]
cube48cam3 icam: 3 direction: 1 [1, 184.96, 189.73, 51.06, 9.73, 663.25, 664.36, 0]
cube48cam4 icam: 4 direction: 4 [4, 183.68, 196.63, 51.11, 7.99, 665.92, 671.18, 0]
cube48cam5 icam: 5 direction: 3 [3, 200.29, 197.99, 51.05, 16.04, 682.0, 688.93, 0]
cube48cam6 icam: 6 direction: 1 [1, 196.42, 186.11, 51.13, 21.77, 679.86, 678.97, 0]
cube49cam1 icam: 1 direction: 1 [1, 199.63, 197.7, 50.66, 6.98, 685.43, 675.91, 0]
cube49cam2 icam: 2 direction: 2 [2, 191.12, 194.62, 48.96, 13.53, 656.79, 660.41, 10]
cube49cam3 icam: 3 direction: 4 [4, 191.76, 193.57, 50.65, 8.64, 664.19, 662.47, 0]
cube1cam1 icam: 1 direction: 4 [4, 195.71, 198.23, 51.64, 6.59, 679.79, 677.22, 0]
cube1cam2 icam: 2 direction: 3 [3, 188.7, 192.79, 49.47, 7.46, 657.68, 659.51, 0]
cube1cam3 icam: 3 direction: 2 [2, 196.85, 195.14, 49.52, 8.9, 659.18, 658.26, 0]
cube1cam4 icam: 4 direction: 3 [3, 190.01, 185.35, 49.83, 6.02, 663.15, 666.76, 0]
cube1cam5 icam: 5 direction: 1 [1, 196.35, 188.81, 50.22, 15.35, 681.2, 679.72, 0]
cube1cam6 icam: 6 direction: 4 [4, 200.06, 199.67, 52.22, 5.78, 672.85, 674.95, 0]
cube2cam1 icam: 1 direction: 2 [2, 188.81, 196.95, 51.5, 8.47, 676.51, 675.91, 42]
cube2cam2 icam: 2 direction: 4 [4, 188.72, 176.06, 48.27, 5.13, 659.35, 659.91, 186]
cube2cam3 icam: 3 direction: 3 [3, 186.47, 192.68, 51.23, 9.21, 658.63, 659.41, 0]
cube2cam4 icam: 4 direction: 1 [1, 186.83, 175.38, 50.19, 13.23, 668.09, 668.94, 0]
cube2cam5 icam: 5 direction: 4 [4, 191.5, 195.94, 52.22, 12.34, 679.68, 681.7, 119]
cube2cam6 icam: 6 direction: 3 [3, 188.67, 177.91, 51.27, 9.38, 677.51, 670.21, 108]
cube3cam1 icam: 1 direction: 2 [2, 191.98, 186.34, 50.04, 8.75, 675.4, 674.07, 0]
cube3cam2 icam: 2 direction: 4 [4, 190.91, 190.99, 49.63, 7.27, 660.26, 661.11, 0]
cube3cam3 icam: 3 direction: 3 [3, 180.85, 184.18, 49.12, 9.91, 655.85, 656.16, 0]
cube3cam4 icam: 4 direction: 1 [1, 190.11, 195.09, 50.47, 7.0, 665.09, 668.85, 0]
cube3cam5 icam: 5 direction: 4 [4, 195.62, 189.53, 50.45, 12.82, 678.92, 681.97, 0]
cube3cam6 icam: 6 direction: 3 [3, 190.74, 192.57, 52.24, 11.52, 670.34, 669.45, 0]
cube4cam1 icam: 1 direction: 1 [1, 195.36, 196.19, 50.89, 5.68, 678.97, 673.84, 0]
cube4cam2 icam: 2 direction: 2 [2, 195.91, 194.41, 50.25, 11.73, 656.26, 660.1, 0]
cube4cam3 icam: 3 direction: 4 [4, 189.7, 189.1, 50.83, 8.69, 663.06, 663.02, 0]
cube4cam4 icam: 4 direction: 2 [2, 193.04, 185.79, 49.31, 12.06, 670.25, 672.63, 0]
cube4cam5 icam: 5 direction: 2 [2, 198.62, 206.18, 51.45, 8.37, 681.52, 681.13, 0]
cube4cam6 icam: 6 direction: 2 [2, 183.42, 188.51, 50.44, 6.04, 675.98, 677.01, 0]
cube5cam1 icam: 1 direction: 1 [1, 191.92, 195.74, 51.85, 12.03, 680.32, 672.29, 0]
cube5cam2 icam: 2 direction: 2 [2, 184.46, 195.18, 49.77, 6.31, 656.44, 660.88, 79]
cube5cam3 icam: 3 direction: 4 [4, 178.35, 190.3, 50.88, 13.61, 656.06, 659.98, 0]
cube5cam4 icam: 4 direction: 2 [2, 190.13, 173.16, 49.42, 11.17, 665.63, 668.65, 0]
cube5cam5 icam: 5 direction: 2 [2, 200.27, 183.33, 51.29, 7.61, 682.58, 676.59, 0]
cube5cam6 icam: 6 direction: 2 [2, 184.19, 177.26, 51.53, 19.54, 672.23, 674.84, 0]
cube6cam1 icam: 1 direction: 1 [1, 197.55, 198.01, 51.74, 5.48, 675.48, 673.33, 0]
cube6cam2 icam: 2 direction: 2 [2, 185.18, 192.3, 49.68, 9.96, 657.06, 664.01, 0]
cube6cam3 icam: 3 direction: 4 [4, 181.62, 190.53, 51.04, 5.03, 659.89, 656.11, 0]
cube6cam4 icam: 4 direction: 2 [2, 198.69, 188.57, 51.08, 16.08, 667.43, 669.7, 0]
cube6cam5 icam: 5 direction: 2 [2, 194.54, 186.09, 50.72, 7.21, 681.47, 678.82, 0]
cube6cam6 icam: 6 direction: 2 [2, 188.61, 183.9, 51.17, 25.7, 671.11, 677.18, 0]
cube7cam1 icam: 1 direction: 1 [1, 194.31, 184.54, 49.54, 12.43, 675.87, 678.46, 0]
cube7cam2 icam: 2 direction: 2 [2, 183.95, 180.47, 48.68, 7.52, 659.14, 657.88, 0]
cube7cam3 icam: 3 direction: 4 [4, 185.12, 174.63, 49.21, 7.38, 655.17, 656.96, 0]
cube7cam4 icam: 4 direction: 2 [2, 191.38, 191.03, 50.52, 9.1, 671.05, 664.39, 0]
cube7cam5 icam: 5 direction: 2 [2, 190.01, 194.05, 52.04, 12.34, 678.76, 680.23, 37]
cube7cam6 icam: 6 direction: 2 [2, 187.9, 198.4, 51.96, 12.98, 671.15, 674.56, 0]
cube8cam1 icam: 1 direction: 3 [3, 187.33, 179.78, 50.46, 7.46, 674.1, 676.4, 0]
cube8cam2 icam: 2 direction: 1 [1, 188.42, 187.66, 49.41, 19.04, 658.75, 654.75, 0]
cube8cam3 icam: 3 direction: 1 [1, 193.34, 187.23, 51.11, 16.84, 660.03, 658.89, 0]
cube8cam4 icam: 4 direction: 4 [4, 189.24, 193.82, 50.68, 7.13, 671.91, 666.29, 0]
cube8cam5 icam: 5 direction: 3 [3, 189.35, 182.66, 51.35, 13.54, 678.92, 678.82, 0]
cube8cam6 icam: 6 direction: 1 [1, 192.37, 193.07, 50.28, 10.98, 679.91, 672.75, 150]
cube9cam1 icam: 1 direction: 2 [2, 190.65, 195.74, 51.66, 4.0, 681.0, 674.12, 0]
cube9cam2 icam: 2 direction: 4 [4, 183.39, 182.89, 48.1, 8.46, 659.96, 658.94, 0]
cube9cam3 icam: 3 direction: 3 [3, 194.05, 194.86, 51.3, 15.46, 656.05, 658.56, 52]
cube9cam4 icam: 4 direction: 1 [1, 185.74, 172.77, 48.94, 8.46, 663.69, 668.95, 187]
cube9cam5 icam: 5 direction: 4 [4, 195.46, 199.17, 51.13, 8.14, 677.98, 684.05, 0]
cube9cam6 icam: 6 direction: 3 [3, 194.3, 195.27, 50.46, 16.24, 673.65, 669.63, 0]
cube10cam1 icam: 1 direction: 3 [3, 192.47, 181.52, 49.76, 23.22, 678.96, 673.04, 0]
cube10cam2 icam: 2 direction: 1 [1, 187.15, 192.93, 48.95, 5.84, 656.87, 655.51, 0]
cube10cam3 icam: 3 direction: 1 [1, 185.68, 187.21, 50.11, 17.01, 658.8, 656.56, 0]
cube10cam4 icam: 4 direction: 4 [4, 186.73, 194.47, 51.04, 5.53, 663.27, 669.07, 0]
cube10cam5 icam: 5 direction: 3 [3, 196.56, 185.09, 50.61, 11.67, 679.5, 677.08, 22]
cube10cam6 icam: 6 direction: 1 [1, 192.78, 180.36, 50.04, 11.37, 669.17, 673.09, 118]
cube11cam1 icam: 1 direction: 4 [4, 194.16, 185.5, 49.94, 10.0, 678.59, 674.34, 0]
cube11cam2 icam: 2 direction: 3 [3, 189.46, 182.72, 49.2, 13.33, 661.09, 663.3, 0]
cube11cam3 icam: 3 direction: 2 [2, 201.17, 195.83, 51.14, 8.67, 657.45, 657.14, 0]
cube11cam4 icam: 4 direction: 3 [3, 193.94, 195.86, 50.43, 9.16, 665.4, 671.5, 0]
cube11cam5 icam: 5 direction: 1 [1, 197.16, 200.81, 51.72, 7.3, 683.45, 680.37, 0]
cube11cam6 icam: 6 direction: 4 [4, 199.62, 205.48, 50.14, 20.95, 671.1, 674.0, 0]
cube12cam1 icam: 1 direction: 4 [4, 190.58, 195.3, 51.13, 14.77, 676.64, 674.09, 0]
cube12cam2 icam: 2 direction: 3 [3, 186.01, 189.94, 49.85, 12.24, 658.36, 659.63, 0]
cube12cam3 icam: 3 direction: 2 [2, 191.67, 178.0, 49.07, 6.37, 658.56, 659.77, 0]
cube12cam4 icam: 4 direction: 3 [3, 190.37, 183.61, 49.65, 7.59, 669.49, 670.9, 0]
cube12cam5 icam: 5 direction: 1 [1, 196.73, 187.98, 51.01, 6.89, 681.25, 681.43, 62]
cube12cam6 icam: 6 direction: 4 [4, 191.32, 195.95, 51.85, 9.53, 675.41, 677.31, 0]
cube13cam1 icam: 1 direction: 1 [1, 203.26, 199.75, 51.71, 11.42, 680.79, 675.76, 0]
cube13cam2 icam: 2 direction: 2 [2, 191.77, 192.67, 49.58, 12.07, 655.93, 665.05, 0]
cube13cam3 icam: 3 direction: 4 [4, 190.54, 191.86, 50.56, 7.62, 662.86, 658.34, 0]
cube13cam4 icam: 4 direction: 2 [2, 192.47, 192.4, 49.62, 7.58, 666.67, 666.8, 0]
cube13cam5 icam: 5 direction: 2 [2, 192.74, 192.07, 50.95, 10.28, 683.71, 677.93, 0]
cube13cam6 icam: 6 direction: 2 [2, 187.56, 191.52, 50.53, 5.31, 669.23, 681.09, 0]
cube14cam1 icam: 1 direction: 1 [1, 197.57, 195.94, 51.15, 11.77, 674.56, 675.23, 0]
cube14cam2 icam: 2 direction: 2 [2, 189.77, 194.22, 49.65, 8.34, 662.37, 657.97, 0]
cube14cam3 icam: 3 direction: 4 [4, 191.06, 193.73, 50.37, 8.48, 656.99, 657.64, 0]
cube14cam4 icam: 4 direction: 2 [2, 188.49, 185.85, 49.06, 13.42, 670.55, 665.5, 36]
cube14cam5 icam: 5 direction: 2 [2, 192.46, 191.39, 50.56, 11.74, 677.31, 681.93, 0]
cube14cam6 icam: 6 direction: 2 [2, 193.58, 192.11, 50.04, 20.75, 669.95, 672.06, 0]
cube15cam1 icam: 1 direction: 1 [1, 198.19, 200.92, 51.52, 5.42, 676.97, 676.32, 0]
cube15cam2 icam: 2 direction: 2 [2, 184.49, 194.35, 49.87, 11.28, 653.92, 662.85, 0]
cube15cam3 icam: 3 direction: 4 [4, 185.0, 192.38, 49.98, 8.83, 661.23, 659.4, 0]
cube15cam4 icam: 4 direction: 2 [2, 200.07, 191.77, 49.59, 10.16, 670.32, 667.7, 0]
cube15cam5 icam: 5 direction: 2 [2, 188.27, 184.79, 50.8, 15.22, 680.63, 680.04, 0]
cube15cam6 icam: 6 direction: 2 [2, 187.54, 184.41, 51.51, 13.13, 671.11, 680.3, 0]
cube16cam1 icam: 1 direction: 1 [1, 191.71, 197.42, 51.78, 5.24, 681.41, 676.03, 0]
cube16cam2 icam: 2 direction: 2 [2, 183.65, 193.98, 50.1, 5.18, 660.44, 660.56, 55]
cube16cam3 icam: 3 direction: 4 [4, 181.17, 191.04, 51.76, 9.67, 655.76, 659.94, 0]
cube16cam4 icam: 4 direction: 2 [2, 192.68, 175.56, 49.68, 5.71, 667.81, 670.25, 0]
cube16cam5 icam: 5 direction: 2 [2, 190.89, 188.99, 50.63, 21.72, 679.91, 677.98, 60]
cube16cam6 icam: 6 direction: 2 [2, 187.27, 181.21, 51.73, 33.56, 676.73, 677.23, 45]
cube17cam1 icam: 1 direction: 4 [4, 198.61, 192.59, 51.54, 3.51, 677.09, 682.09, 63]
cube17cam2 icam: 2 direction: 3 [3, 191.05, 182.26, 49.62, 5.58, 665.28, 656.12, 28]
cube17cam3 icam: 3 direction: 2 [2, 185.82, 181.96, 49.14, 15.87, 663.4, 659.73, 0]
cube17cam4 icam: 4 direction: 3 [3, 180.82, 186.79, 48.81, 18.92, 666.67, 661.79, 77]
cube17cam5 icam: 5 direction: 1 [1, 185.21, 191.77, 51.31, 17.37, 678.96, 685.14, 0]
cube17cam6 icam: 6 direction: 4 [4, 191.35, 193.21, 52.13, 16.86, 672.83, 681.62, 0]
cube18cam1 icam: 1 direction: 2 [2, 192.82, 189.34, 52.39, 9.31, 676.49, 679.26, 0]
cube18cam2 icam: 2 direction: 4 [4, 180.86, 166.03, 48.41, 9.32, 656.98, 661.19, 0]
cube18cam3 icam: 3 direction: 3 [3, 182.69, 185.59, 51.57, 7.74, 657.54, 662.9, 0]
cube18cam4 icam: 4 direction: 1 [1, 184.58, 178.78, 50.69, 7.32, 665.16, 670.07, 0]
cube18cam5 icam: 5 direction: 4 [4, 191.55, 191.69, 52.61, 66.54, 683.05, 680.49, 0]
cube18cam6 icam: 6 direction: 3 [3, 181.97, 176.72, 51.16, 18.15, 676.74, 668.06, 0]
cube19cam1 icam: 1 direction: 4 [4, 194.58, 184.69, 49.85, 9.4, 678.9, 674.4, 0]
cube19cam2 icam: 2 direction: 3 [3, 187.56, 180.05, 48.81, 13.56, 663.98, 665.97, 0]
cube19cam3 icam: 3 direction: 2 [2, 195.78, 194.1, 50.77, 3.73, 658.46, 655.89, 0]
cube19cam4 icam: 4 direction: 3 [3, 192.65, 196.71, 51.34, 11.46, 666.02, 672.08, 0]
cube19cam5 icam: 5 direction: 1 [1, 195.21, 200.02, 52.05, 14.93, 683.22, 680.3, 0]
cube19cam6 icam: 6 direction: 4 [4, 194.8, 189.71, 50.53, 4.25, 671.02, 674.22, 0]
cube20cam1 icam: 1 direction: 3 [3, 190.6, 196.42, 51.09, 3.74, 675.13, 671.65, 0]
cube20cam2 icam: 2 direction: 1 [1, 191.3, 186.79, 47.8, 11.69, 656.55, 655.91, 0]
cube20cam3 icam: 3 direction: 1 [1, 191.26, 174.68, 49.32, 23.59, 660.03, 655.14, 0]
cube20cam4 icam: 4 direction: 4 [4, 192.98, 180.25, 49.76, 8.03, 667.48, 667.14, 0]
cube20cam5 icam: 5 direction: 3 [3, 194.31, 198.29, 51.4, 4.13, 678.35, 678.61, 0]
cube20cam6 icam: 6 direction: 1 [1, 192.74, 198.9, 51.39, 2.2, 675.2, 672.58, 0]
cube21cam1 icam: 1 direction: 4 [4, 199.22, 198.99, 51.18, 4.35, 678.01, 677.99, 0]
cube21cam2 icam: 2 direction: 3 [3, 191.58, 190.37, 49.78, 17.99, 661.18, 656.15, 0]
cube21cam3 icam: 3 direction: 2 [2, 191.82, 181.89, 49.05, 14.64, 659.66, 655.93, 0]
cube21cam4 icam: 4 direction: 3 [3, 193.6, 191.18, 49.59, 17.11, 666.43, 668.81, 125]
cube21cam5 icam: 5 direction: 1 [1, 196.82, 191.9, 51.01, 10.06, 678.6, 681.86, 0]
cube21cam6 icam: 6 direction: 4 [4, 194.73, 200.44, 51.41, 9.3, 669.11, 679.85, 0]
cube22cam1 icam: 1 direction: 4 [4, 187.36, 177.8, 50.09, 18.61, 672.29, 676.47, 0]
cube22cam2 icam: 2 direction: 3 [3, 183.41, 184.23, 49.7, 19.67, 661.52, 658.51, 0]
cube22cam3 icam: 3 direction: 2 [2, 185.66, 186.93, 50.32, 11.04, 654.44, 656.59, 0]
cube22cam4 icam: 4 direction: 3 [3, 188.97, 193.77, 51.17, 6.22, 668.11, 666.86, 0]
cube22cam5 icam: 5 direction: 1 [1, 195.37, 196.47, 52.42, 16.61, 677.23, 682.16, 0]
cube22cam6 icam: 6 direction: 4 [4, 190.25, 179.85, 50.36, 13.92, 670.37, 675.39, 235]
cube23cam1 icam: 1 direction: 1 [1, 186.31, 190.69, 49.52, 19.9, 682.4, 676.88, 0]
cube23cam2 icam: 2 direction: 2 [2, 184.43, 183.14, 48.34, 12.3, 660.72, 662.53, 0]
cube23cam3 icam: 3 direction: 4 [4, 160.83, 182.6, 48.15, 11.41, 655.98, 662.41, 0]
cube23cam4 icam: 4 direction: 2 [2, 195.02, 188.23, 52.55, 29.04, 663.9, 669.73, 0]
cube23cam5 icam: 5 direction: 2 [2, 191.84, 198.14, 52.36, 20.88, 682.46, 678.15, 0]
cube23cam6 icam: 6 direction: 2 [2, 188.35, 196.5, 51.99, 17.84, 675.12, 675.11, 0]
cube24cam1 icam: 1 direction: 3 [3, 185.9, 167.76, 51.07, 19.53, 683.11, 672.42, 0]
cube24cam2 icam: 2 direction: 1 [1, 187.74, 185.35, 49.41, 9.1, 659.51, 654.21, 0]
cube24cam3 icam: 3 direction: 1 [1, 185.98, 183.79, 51.47, 9.3, 662.76, 658.56, 0]
cube24cam4 icam: 4 direction: 4 [4, 180.98, 193.59, 52.12, 16.08, 673.16, 669.05, 0]
cube24cam5 icam: 5 direction: 3 [3, 192.28, 179.46, 50.2, 4.09, 683.35, 689.09, 0]
cube24cam6 icam: 6 direction: 1 [1, 180.49, 186.27, 50.45, 9.68, 677.64, 674.95, 0]
cube25cam1 icam: 1 direction: 4 [4, 189.76, 184.45, 50.5, 18.79, 682.55, 683.11, 0]
cube25cam2 icam: 2 direction: 3 [3, 184.51, 176.28, 49.53, 7.47, 664.58, 658.11, 0]
cube25cam3 icam: 3 direction: 2 [2, 187.56, 185.39, 51.22, 8.36, 661.35, 657.53, 0]
cube25cam4 icam: 4 direction: 3 [3, 191.8, 190.85, 51.26, 7.39, 668.22, 670.48, 0]
cube25cam5 icam: 5 direction: 1 [1, 193.58, 193.92, 53.23, 14.34, 684.12, 686.97, 0]
cube25cam6 icam: 6 direction: 4 [4, 190.68, 180.54, 50.14, 15.89, 671.44, 680.94, 212]
cube26cam1 icam: 1 direction: 2 [2, 194.34, 199.55, 52.34, 24.91, 672.85, 677.67, 0]
cube26cam2 icam: 2 direction: 4 [4, 192.3, 183.0, 48.08, 23.77, 656.53, 659.99, 0]
cube26cam3 icam: 3 direction: 3 [3, 193.11, 195.16, 50.2, 10.3, 657.75, 657.43, 0]
cube26cam4 icam: 4 direction: 1 [1, 190.21, 185.8, 49.51, 5.49, 668.99, 668.41, 0]
cube26cam5 icam: 5 direction: 4 [4, 198.35, 198.94, 51.87, 5.76, 678.43, 679.28, 49]
cube26cam6 icam: 6 direction: 3 [3, 189.34, 188.87, 50.97, 8.6, 674.01, 674.15, 0]
cube27cam1 icam: 1 direction: 4 [4, 195.64, 195.96, 51.75, 10.99, 677.78, 672.35, 0]
cube27cam2 icam: 2 direction: 3 [3, 187.93, 190.75, 49.71, 13.23, 660.81, 662.87, 0]
cube27cam3 icam: 3 direction: 2 [2, 194.32, 184.65, 48.84, 16.73, 654.1, 657.44, 0]
cube27cam4 icam: 4 direction: 3 [3, 190.79, 188.03, 49.42, 10.76, 666.08, 671.92, 0]
cube27cam5 icam: 5 direction: 1 [1, 196.71, 184.98, 50.39, 13.79, 683.1, 675.6, 0]
cube27cam6 icam: 6 direction: 4 [4, 194.13, 196.84, 51.41, 11.06, 669.01, 672.94, 0]
cube28cam1 icam: 1 direction: 3 [3, 197.7, 196.29, 51.34, 10.38, 676.46, 674.1, 0]
cube28cam2 icam: 2 direction: 1 [1, 188.9, 183.3, 48.1, 10.5, 660.03, 654.92, 0]
cube28cam3 icam: 3 direction: 1 [1, 186.85, 183.01, 48.94, 11.02, 655.5, 660.34, 0]
