2   1    190.29   186.94   48.12   7.15   654.21   654.59   0  654.82  655.77
2   1    189.47   194.01   49.51   4.74   656.32   655.6   0  658.45  655.89
2   1    197.43   181.03   46.12   133.59   654.15   655.26   0  657.45  657.09
2   1    191.76   189.11   49.53   6.4   653.99   655.82   0  657.44  657.78
2   1    190.51   194.11   49.83   6.86   653.09   655.62   0  657.53  656.74
2   1    192.99   176.76   48.68   13.19   657.16   652.08   0  657.7  652.56
2   1    191.1   195.39   49.15   10.39   659.28   653.34   86  670.9  662.0
2   1    190.85   196.05   49.01   38.65   657.93   658.85   0  658.78  659.33
2   1    188.19   176.8   48.98   8.24   653.47   654.75   0  654.05  656.12
2    1    194.68   188.15   48.63   10.03   656.08   660.31   0  658.06  663.08
2    1    189.7   184.1   49.06   8.42   661.5   653.76   0  663.93  654.09
2    1    190.63   184.53   48.58   13.21   655.85   656.72   0  659.87  658.8
2    1    191.48   187.4   49.34   5.22   655.0   652.01   0  655.81  654.65
2    1    191.22   185.28   48.17   10.86   657.48   659.12   0  658.89  660.16
2    1    192.62   194.21   49.45   11.9   660.85   656.19   0  664.18  657.11
2    1    188.02   169.03   49.09   11.4   653.59   655.66   0  655.27  655.66
2    1    191.83   177.15   48.97   7.05   654.93   657.59   50  677.62  664.46
2    1    187.93   189.78   49.1   13.95   657.97   652.03   0  658.91  656.21
2    1    195.06   196.63   48.63   6.64   655.9   654.71   0  657.61  655.8
2    1    191.73   193.47   49.25   7.9   661.53   654.44   389  686.35  657.61
2    1    198.34   207.03   49.54   4.34   656.33   655.34   0  657.19  655.94
2    1    189.12   195.71   49.18   9.53   655.14   653.88   0  658.56  654.84
2    1    184.56   172.97   48.45   5.4   656.04   657.73   47  658.11  687.01
2    1    191.96   197.54   49.98   10.94   655.34   653.9   0  656.73  658.81
2    1    194.45   190.84   48.87   12.12   656.72   656.59   0  659.43  658.0
2    1    189.56   195.62   48.54   13.47   659.9   655.3   0  664.41  656.18
2    1    189.5   182.77   48.56   10.22   659.18   653.78   132  673.51  654.72
2    1    193.34   185.49   49.13   10.7   656.25   652.83   0  660.16  654.54
2    1    188.48   183.35   49.16   9.08   655.89   657.15   63  668.75  658.15
2    1    190.49   193.48   49.06   15.68   657.98   657.02   0  661.37  659.15
2    1    191.71   194.22   49.51   5.49   659.23   653.62   20  669.73  655.1
2    1    190.44   192.63   49.21   9.94   658.84   654.55   0  659.42  655.05
2    1    194.46   197.45   48.8   7.73   658.97   656.19   0  660.68  660.3
2    1    190.31   194.56   49.33   5.11   656.78   658.78   132  658.52  685.06
2    1    188.23   194.46   49.42   7.64   659.19   653.84   0  659.77  655.54
2    1    189.61   194.42   48.93   8.88   660.15   654.47   20  663.66  661.26
2    1    195.75   182.87   49.13   7.96   652.72   654.27   0  652.19  654.47
2    1    194.52   196.94   47.5   33.25   654.26   653.53   0  656.53  655.26
2    1    199.17   195.67   49.01   9.13   656.89   657.94   0  658.54  659.57
2    1    187.85   195.51   49.09   9.55   656.57   658.04   0  657.96  658.91
2    1    188.63   193.21   49.91   5.64   658.13   652.59   0  661.85  653.25
2    1    187.99   193.12   49.4   9.54   658.74   653.84   117  662.23  666.19
2    1    191.3   186.87   48.38   17.89   657.01   658.42   351  657.35  670.35
2    1    197.82   184.46   48.79   10.86   659.19   653.4   0  663.15  655.79
2    1    189.85   183.54   48.87   5.8   662.17   653.92   0  666.79  656.08
2    1    189.68   193.01   48.92   12.71   657.45   654.47   0  657.49  656.05
2    1    199.64   197.15   49.78   5.24   657.0   655.26   0  658.86  656.93
2    1    190.08   192.74   49.47   9.49   660.76   655.44   0  661.72  656.64
2    1    192.67   195.14   49.38   10.13   660.9   654.14   0  662.06  655.17
2    1    192.88   195.15   48.11   12.71   660.42   659.19   80  668.01  660.17
2    1    192.28   195.2   49.56   8.9   655.56   653.95   0  655.66  656.13
2    1    190.53   193.86   49.23   5.61   654.42   658.73   0  657.15  660.09
2    1    188.96   184.2   48.92   7.19   658.06   658.74   0  661.66  660.37
2    1    189.4   183.73   48.43   11.19   659.43   653.5   0  659.81  656.11
2    1    191.76   194.63   49.68   6.28   655.57   651.43   0  658.81  652.83
2    1    191.58   194.26   49.34   2.99   660.45   657.18   0  665.55  657.59
2    1    189.86   194.09   50.05   6.98   663.6   653.37   0  666.58  656.83
2    1    190.66   194.67   49.39   5.6   658.79   652.53   0  660.07  653.6
2    1    194.43   185.64   48.48   11.23   657.65   657.27   0  661.05  658.11
2    1    193.64   194.38   50.03   9.76   655.86   653.55   0  658.8  654.06
2    1    189.85   195.77   49.89   5.57   654.88   654.74   0  656.31  655.7
2    1    189.04   192.25   49.5   3.03   660.05   655.53   38  662.78  668.44
2    1    188.52   195.05   49.78   24.64   657.5   657.01   0  659.02  660.94
2    1    192.02   195.4   49.32   10.64   657.54   655.43   11  659.22  663.98
2    1    196.6   196.65   49.53   8.4   656.12   655.03   0  659.42  657.22
2    1    191.98   195.3   48.4   10.56   658.06   653.76   0  659.81  655.9
2    1    192.81   194.01   49.16   3.81   659.38   654.44   0  660.4  656.36
2    1    190.18   193.3   50.27   5.11   655.63   653.3   0  656.64  655.66
2    1    190.35   194.67   49.14   10.12   658.58   653.53   0  659.56  654.98
2    1    195.22   197.16   49.14   13.89   658.21   658.07   0  662.42  661.31
2    1    190.18   198.95   46.75   84.63   653.58   654.1   0  654.77  656.99
2    1    191.63   194.78   49.47   5.34   656.62   655.54   0  658.83  657.76
2    1    189.1   194.18   49.71   9.11   659.54   653.84   0  660.93  655.94
2    1    190.54   191.04   49.33   7.38   659.34   652.21   0  660.51  653.86
2    1    187.45   182.51   49.01   4.77   656.02   659.19   76  657.49  666.33
2    1    188.05   184.36   48.91   7.74   655.46   656.45   0  656.89  658.35
2    1    191.83   192.58   49.3   7.17   658.36   655.16   0  660.89  661.73
2    1    189.84   184.68   48.64   9.82   659.26   654.78   0  659.69  656.9
2    1    193.63   195.23   49.59   8.77   659.22   657.64   0  660.57  658.5
2    1    193.71   197.55   49.19   16.05   660.13   654.91   0  661.22  658.04
2    1    194.48   186.56   49.26   5.39   655.22   652.28   0  658.74  653.99
2    1    193.62   186.68   48.99   3.86   653.62   656.74   0  654.48  656.96
2    1    194.58   186.3   49.69   8.84   658.95   656.76   0  659.71  658.99
2    1    191.82   190.55   48.32   7.62   658.83   654.77   0  659.44  654.9
2    1    192.74   183.79   49.51   5.95   660.35   654.99   0  666.85  656.61
2    1    192.37   185.24   48.8   6.55   654.98   653.33   0  656.41  653.98
2    1    189.13   193.57   49.6   11.77   654.32   651.48   0  658.43  653.87
2    1    187.68   180.43   48.93   14.26   656.52   657.1   0  660.99  658.89
2    1    194.35   190.35   49.02   6.3   658.05   657.01   0  661.64  660.31
2    1    192.9   196.32   48.82   9.56   654.05   656.54   47  662.01  665.39
2    1    190.64   181.39   48.7   9.31   654.76   655.6   0  655.1  656.9
2    1    187.46   183.34   48.82   5.61   655.53   656.37   7  660.07  668.39
2    1    190.74   182.72   48.63   6.83   656.13   658.57   31  665.45  659.44
2    1    190.01   181.55   48.6   12.39   662.21   656.33   0  667.07  658.76
2    1    190.55   184.34   48.82   11.14   655.29   657.69   0  655.63  658.08
2    1    188.4   182.37   48.42   11.94   661.45   654.14   0  663.0  655.31
2    1    189.72   194.95   49.18   5.12   657.45   657.45   53  663.33  661.44
2    1    189.79   195.97   49.61   9.53   656.35   658.04   0  661.24  658.52
2    1    188.37   181.9   48.56   6.66   659.36   654.86   0  660.56  657.07
2    1    194.7   188.56   48.8   10.43   654.35   654.7   0  654.89  655.89
2    1    190.05   195.14   49.39   3.72   658.54   657.39   151  666.22  658.96
2    1    188.53   194.45   49.47   33.74   654.73   657.44   0  655.76  658.82
2    1    189.53   194.56   49.33   5.38   657.64   653.05   0  658.41  654.7
2    1    190.27   195.16   49.76   11.53   652.51   654.94   130  653.71  662.17
2    1    190.51   185.11   48.64   7.48   656.14   652.81   0  657.85  654.54
2    1    190.51   184.08   48.13   13.86   660.67   655.25   67  677.1  655.75
2    1    188.03   183.87   48.38   14.64   656.83   656.19   0  658.73  657.61
2    1    191.71   185.11   48.49   4.83   658.39   659.59   0  658.95  665.97
2    1    189.03   184.18   48.97   11.46   658.21   656.42   0  661.33  658.33
2    1    192.67   185.73   48.86   8.25   654.32   655.38   0  655.06  656.94
2    1    191.54   183.97   48.99   19.96   657.53   652.23   0  658.76  653.16
2    1    192.96   181.29   48.71   3.88   652.18   655.9   152  655.91  662.92
2    1    190.88   182.24   48.76   7.95   660.7   654.04   0  662.38  653.91
