cube1cam1 icam: 1 direction: 4 [4, 187.05, 182.52, 49.44, 10.69, 681.2, 679.79, 0]
cube1cam2 icam: 2 direction: 3 [3, 179.06, 172.59, 48.71, 7.13, 657.78, 658.23, 0]
cube1cam3 icam: 3 direction: 2 [2, 190.94, 185.24, 51.09, 6.73, 658.63, 660.5, 0]
cube1cam4 icam: 4 direction: 3 [3, 187.48, 188.95, 50.16, 65.21, 663.35, 668.2, 0]
cube1cam5 icam: 5 direction: 1 [1, 188.7, 190.37, 52.33, 24.8, 681.73, 677.38, 0]
cube1cam6 icam: 6 direction: 4 [4, 193.67, 190.75, 52.08, 9.92, 671.92, 674.93, 0]
cube2cam1 icam: 1 direction: 1 [1, 190.18, 192.59, 51.26, 6.39, 671.17, 678.87, 0]
cube2cam2 icam: 2 direction: 2 [2, 181.71, 189.5, 49.65, 12.29, 657.63, 652.82, 0]
cube2cam3 icam: 3 direction: 4 [4, 179.04, 190.17, 51.24, 6.23, 655.05, 656.23, 111]
cube2cam4 icam: 4 direction: 2 [2, 191.75, 176.73, 48.7, 319.96, 669.89, 665.7, 0]
cube2cam5 icam: 5 direction: 2 [2, 192.7, 185.07, 51.7, 69.04, 674.43, 681.83, 128]
cube2cam6 icam: 6 direction: 2 [2, 189.31, 177.34, 51.4, 7.63, 669.87, 673.73, 0]
cube3cam1 icam: 1 direction: 1 [1, 189.75, 179.75, 49.89, 9.65, 676.99, 670.78, 0]
cube3cam2 icam: 2 direction: 2 [2, 181.75, 179.99, 49.06, 14.29, 655.73, 660.02, 0]
cube3cam3 icam: 3 direction: 4 [4, 180.28, 179.9, 48.82, 12.86, 657.1, 656.62, 0]
cube3cam4 icam: 4 direction: 2 [2, 187.36, 185.77, 50.46, 10.32, 665.16, 666.04, 0]
cube3cam5 icam: 5 direction: 2 [2, 190.91, 190.71, 51.91, 10.44, 678.54, 674.3, 0]
cube3cam6 icam: 6 direction: 2 [2, 185.7, 189.32, 51.65, 7.48, 670.95, 670.19, 0]
cube4cam1 icam: 1 direction: 1 [1, 195.53, 175.33, 50.59, 9.03, 676.79, 671.59, 0]
cube4cam2 icam: 2 direction: 2 [2, 187.01, 189.8, 49.44, 9.65, 654.87, 655.39, 0]
cube4cam3 icam: 3 direction: 4 [4, 191.76, 178.08, 49.92, 11.2, 653.62, 658.76, 0]
cube4cam4 icam: 4 direction: 2 [2, 194.93, 194.0, 50.98, 4.58, 670.46, 670.81, 0]
cube4cam5 icam: 5 direction: 2 [2, 198.13, 199.39, 52.41, 23.48, 674.82, 678.49, 0]
cube4cam6 icam: 6 direction: 2 [2, 189.96, 202.16, 53.44, 32.19, 673.88, 670.16, 0]
cube5cam1 icam: 1 direction: 1 [1, 188.25, 188.16, 51.06, 23.92, 680.83, 675.12, 93]
cube5cam2 icam: 2 direction: 2 [2, 178.93, 182.43, 50.46, 12.56, 656.69, 659.39, 0]
cube5cam3 icam: 3 direction: 4 [4, 177.2, 180.9, 50.71, 6.95, 656.1, 659.14, 140]
cube5cam4 icam: 4 direction: 2 [2, 183.02, 177.07, 49.3, 7.67, 665.36, 666.67, 0]
cube5cam5 icam: 5 direction: 2 [2, 184.78, 181.39, 50.42, 9.58, 679.97, 678.32, 0]
cube5cam6 icam: 6 direction: 2 [2, 180.53, 181.21, 50.56, 9.62, 674.03, 677.02, 0]
cube6cam1 icam: 1 direction: 1 [1, 188.02, 184.75, 51.1, 5.96, 675.27, 674.94, 0]
cube6cam2 icam: 2 direction: 2 [2, 178.8, 183.46, 50.1, 7.89, 654.2, 660.79, 6]
cube6cam3 icam: 3 direction: 4 [4, 177.47, 182.43, 50.6, 4.49, 656.11, 653.11, 0]
cube6cam4 icam: 4 direction: 2 [2, 178.17, 178.06, 49.03, 10.71, 667.91, 666.28, 0]
cube6cam5 icam: 5 direction: 2 [2, 190.13, 182.26, 50.55, 11.7, 680.49, 675.62, 0]
cube6cam6 icam: 6 direction: 2 [2, 182.75, 180.81, 50.57, 11.83, 668.48, 677.0, 0]
cube7cam1 icam: 1 direction: 1 [1, 191.54, 186.8, 51.77, 5.93, 682.24, 677.53, 112]
cube7cam2 icam: 2 direction: 2 [2, 179.9, 182.6, 50.7, 13.59, 657.17, 657.48, 0]
cube7cam3 icam: 3 direction: 4 [4, 177.4, 181.65, 51.01, 7.39, 655.76, 659.82, 67]
cube7cam4 icam: 4 direction: 2 [2, 185.12, 177.17, 50.0, 17.16, 665.98, 667.33, 0]
cube7cam5 icam: 5 direction: 2 [2, 184.63, 182.6, 51.38, 13.01, 678.79, 677.27, 0]
cube7cam6 icam: 6 direction: 2 [2, 182.57, 179.59, 50.8, 26.38, 674.95, 676.19, 0]
cube8cam1 icam: 1 direction: 1 [1, 186.81, 177.88, 49.65, 21.26, 677.7, 678.3, 0]
cube8cam2 icam: 2 direction: 2 [2, 177.84, 179.48, 48.78, 12.03, 656.14, 658.48, 0]
cube8cam3 icam: 3 direction: 4 [4, 184.77, 189.62, 49.32, 9.05, 659.96, 661.26, 0]
cube8cam4 icam: 4 direction: 2 [2, 190.74, 183.71, 50.28, 9.66, 674.38, 668.27, 0]
cube8cam5 icam: 5 direction: 2 [2, 188.14, 188.47, 51.93, 14.24, 678.89, 680.58, 0]
cube8cam6 icam: 6 direction: 2 [2, 191.13, 191.25, 53.65, 27.19, 672.62, 676.26, 0]
cube9cam1 icam: 1 direction: 1 [1, 190.65, 188.84, 51.31, 7.37, 679.58, 675.41, 0]
cube9cam2 icam: 2 direction: 2 [2, 173.77, 182.71, 49.86, 7.16, 651.5, 657.97, 86]
cube9cam3 icam: 3 direction: 4 [4, 175.13, 182.47, 50.72, 15.11, 657.11, 656.7, 0]
cube9cam4 icam: 4 direction: 2 [2, 187.23, 179.24, 49.46, 9.94, 667.1, 665.78, 0]
cube9cam5 icam: 5 direction: 2 [2, 183.49, 178.08, 50.87, 11.88, 680.53, 679.16, 0]
cube9cam6 icam: 6 direction: 2 [2, 178.45, 182.44, 51.17, 13.41, 668.93, 677.25, 0]
cube10cam1 icam: 1 direction: 1 [1, 187.09, 182.71, 50.22, 8.31, 673.3, 676.62, 0]
cube10cam2 icam: 2 direction: 2 [2, 182.58, 177.89, 49.0, 7.28, 655.8, 659.64, 0]
cube10cam3 icam: 3 direction: 4 [4, 177.19, 178.78, 49.1, 9.36, 659.58, 651.97, 0]
cube10cam4 icam: 4 direction: 2 [2, 187.27, 185.4, 50.64, 12.63, 667.44, 665.36, 0]
cube10cam5 icam: 5 direction: 2 [2, 187.27, 189.65, 53.13, 261.15, 678.96, 675.05, 0]
cube10cam6 icam: 6 direction: 2 [2, 186.6, 187.43, 52.1, 6.49, 668.45, 675.14, 0]
cube11cam1 icam: 1 direction: 1 [1, 185.18, 181.03, 50.71, 4.3, 679.02, 673.26, 0]
cube11cam2 icam: 2 direction: 2 [2, 181.26, 182.97, 49.68, 4.96, 658.47, 662.08, 0]
cube11cam3 icam: 3 direction: 4 [4, 172.87, 174.81, 48.76, 6.28, 656.16, 660.18, 0]
cube11cam4 icam: 4 direction: 2 [2, 185.06, 183.19, 50.97, 8.85, 667.76, 669.75, 65]
cube11cam5 icam: 5 direction: 2 [2, 189.12, 188.32, 52.7, 13.77, 678.49, 677.88, 0]
cube11cam6 icam: 6 direction: 2 [2, 181.69, 183.86, 52.62, 10.89, 671.31, 669.63, 0]
cube12cam1 icam: 1 direction: 1 [1, 185.73, 187.0, 49.2, 5.43, 674.71, 675.82, 0]
cube12cam2 icam: 2 direction: 2 [2, 179.73, 183.29, 48.66, 12.66, 655.82, 656.24, 0]
cube12cam3 icam: 3 direction: 4 [4, 180.61, 183.55, 48.82, 31.12, 655.02, 656.99, 241]
cube12cam4 icam: 4 direction: 2 [2, 193.53, 187.13, 49.9, 31.89, 670.92, 665.81, 0]
cube12cam5 icam: 5 direction: 2 [2, 192.54, 191.21, 52.0, 17.25, 674.21, 680.02, 0]
cube12cam6 icam: 6 direction: 2 [2, 192.36, 193.25, 52.43, 12.21, 673.1, 676.48, 0]
cube13cam1 icam: 1 direction: 1 [1, 192.58, 190.15, 50.6, 8.47, 678.41, 678.66, 0]
cube13cam2 icam: 2 direction: 2 [2, 182.83, 184.8, 50.11, 12.79, 653.05, 659.5, 0]
cube13cam3 icam: 3 direction: 4 [4, 183.15, 182.58, 50.48, 7.26, 655.46, 656.77, 0]
cube13cam4 icam: 4 direction: 2 [2, 182.42, 180.5, 49.43, 8.81, 665.05, 665.57, 0]
cube13cam5 icam: 5 direction: 2 [2, 186.88, 188.16, 50.8, 6.47, 680.16, 678.17, 0]
cube13cam6 icam: 6 direction: 2 [2, 179.99, 186.5, 50.45, 20.57, 670.65, 676.68, 0]
cube14cam1 icam: 1 direction: 1 [1, 189.88, 188.92, 51.34, 10.12, 673.81, 675.53, 14]
cube14cam2 icam: 2 direction: 2 [2, 180.7, 183.91, 51.29, 9.42, 660.42, 659.99, 0]
cube14cam3 icam: 3 direction: 4 [4, 183.49, 180.84, 50.85, 7.96, 659.03, 655.15, 0]
cube14cam4 icam: 4 direction: 2 [2, 188.05, 180.23, 50.1, 6.02, 671.22, 665.19, 11]
cube14cam5 icam: 5 direction: 2 [2, 186.67, 184.8, 51.19, 8.05, 677.94, 681.82, 0]
cube14cam6 icam: 6 direction: 2 [2, 183.62, 184.43, 50.78, 11.55, 668.61, 673.24, 0]
cube15cam1 icam: 1 direction: 1 [1, 192.6, 188.85, 51.14, 17.7, 681.61, 673.93, 0]
cube15cam2 icam: 2 direction: 2 [2, 185.42, 186.11, 50.58, 12.98, 655.74, 657.11, 187]
cube15cam3 icam: 3 direction: 4 [4, 181.62, 186.65, 51.23, 6.0, 653.05, 659.76, 0]
cube15cam4 icam: 4 direction: 2 [2, 188.42, 175.7, 48.38, 73.59, 668.19, 670.99, 0]
cube15cam5 icam: 5 direction: 2 [2, 186.24, 183.6, 51.11, 21.74, 678.31, 675.02, 0]
cube15cam6 icam: 6 direction: 2 [2, 179.2, 185.9, 50.46, 21.07, 674.08, 676.15, 0]
cube16cam1 icam: 1 direction: 1 [1, 181.93, 176.76, 51.03, 7.3, 679.08, 674.98, 0]
cube16cam2 icam: 2 direction: 2 [2, 175.28, 178.19, 49.08, 17.47, 656.35, 657.39, 0]
cube16cam3 icam: 3 direction: 4 [4, 177.21, 177.53, 50.53, 7.31, 660.07, 661.8, 140]
cube16cam4 icam: 4 direction: 2 [2, 183.65, 185.1, 50.83, 5.59, 666.94, 673.3, 0]
cube16cam5 icam: 5 direction: 2 [2, 187.46, 185.56, 52.77, 18.51, 678.27, 676.07, 0]
cube16cam6 icam: 6 direction: 2 [2, 185.16, 186.79, 52.96, 6.69, 674.07, 676.08, 0]
cube17cam1 icam: 1 direction: 1 [1, 192.27, 185.43, 52.05, 6.33, 679.38, 677.91, 0]
cube17cam2 icam: 2 direction: 2 [2, 180.21, 183.91, 49.97, 7.84, 656.58, 660.51, 0]
cube17cam3 icam: 3 direction: 4 [4, 179.28, 183.57, 51.53, 5.73, 660.46, 660.05, 0]
cube17cam4 icam: 4 direction: 2 [2, 186.16, 180.84, 49.51, 9.73, 668.81, 668.0, 0]
cube17cam5 icam: 5 direction: 2 [2, 183.51, 182.8, 51.25, 10.27, 682.9, 678.6, 0]
cube17cam6 icam: 6 direction: 2 [2, 179.57, 182.84, 50.93, 8.7, 669.71, 679.49, 81]
cube18cam1 icam: 1 direction: 1 [1, 182.46, 180.57, 49.98, 6.33, 676.41, 674.02, 19]
cube18cam2 icam: 2 direction: 2 [2, 176.04, 174.72, 49.07, 101.76, 653.73, 657.07, 0]
cube18cam3 icam: 3 direction: 4 [4, 172.65, 168.49, 49.76, 13.78, 655.65, 657.2, 0]
cube18cam4 icam: 4 direction: 2 [2, 184.42, 180.78, 50.76, 10.56, 665.07, 667.66, 0]
cube18cam5 icam: 5 direction: 2 [2, 187.26, 184.24, 52.22, 10.86, 679.54, 673.84, 0]
cube18cam6 icam: 6 direction: 2 [2, 177.85, 186.0, 51.79, 9.34, 669.62, 677.47, 0]
cube19cam1 icam: 1 direction: 1 [1, 186.87, 184.54, 50.45, 9.18, 677.38, 673.26, 0]
cube19cam2 icam: 2 direction: 2 [2, 187.76, 186.8, 50.24, 10.55, 661.03, 659.17, 0]
cube19cam3 icam: 3 direction: 4 [4, 179.68, 183.68, 51.09, 38.0, 657.15, 658.94, 0]
cube19cam4 icam: 4 direction: 2 [2, 182.96, 180.37, 49.52, 9.36, 668.26, 670.21, 0]
cube19cam5 icam: 5 direction: 2 [2, 183.95, 190.1, 50.46, 61.17, 676.75, 677.13, 0]
cube19cam6 icam: 6 direction: 2 [2, 181.2, 181.32, 50.85, 9.98, 669.8, 671.37, 0]
cube20cam1 icam: 1 direction: 1 [1, 185.11, 182.02, 50.29, 5.98, 674.43, 676.48, 0]
cube20cam2 icam: 2 direction: 2 [2, 178.03, 174.25, 49.09, 13.71, 658.32, 656.23, 0]
cube20cam3 icam: 3 direction: 4 [4, 174.68, 174.67, 49.77, 4.89, 656.8, 658.08, 0]
cube20cam4 icam: 4 direction: 2 [2, 187.28, 182.7, 51.46, 12.62, 674.99, 666.41, 0]
cube20cam5 icam: 5 direction: 2 [2, 183.24, 185.5, 51.72, 6.15, 676.9, 679.99, 0]
cube20cam6 icam: 6 direction: 2 [2, 181.49, 186.14, 52.11, 24.96, 673.74, 678.21, 0]
cube21cam1 icam: 1 direction: 1 [1, 190.53, 195.5, 51.31, 5.23, 674.02, 677.03, 0]
cube21cam2 icam: 2 direction: 2 [2, 185.22, 192.31, 50.15, 4.87, 659.36, 656.41, 0]
cube21cam3 icam: 3 direction: 4 [4, 181.91, 190.05, 50.57, 10.64, 656.06, 658.27, 0]
cube21cam4 icam: 4 direction: 2 [2, 192.94, 179.11, 49.19, 6.31, 668.85, 663.61, 0]
cube21cam5 icam: 5 direction: 2 [2, 194.34, 186.76, 50.62, 6.5, 675.34, 680.96, 0]
cube21cam6 icam: 6 direction: 2 [2, 190.29, 181.35, 50.83, 5.69, 670.74, 673.83, 0]
cube22cam1 icam: 1 direction: 1 [1, 186.85, 184.38, 50.1, 4.89, 677.11, 678.98, 29]
cube22cam2 icam: 2 direction: 2 [2, 178.0, 182.79, 48.97, 11.69, 658.58, 664.67, 33]
cube22cam3 icam: 3 direction: 4 [4, 178.61, 181.59, 49.58, 8.17, 658.82, 657.69, 0]
cube22cam4 icam: 4 direction: 2 [2, 190.02, 186.7, 50.47, 13.44, 668.97, 668.24, 0]
cube22cam5 icam: 5 direction: 2 [2, 190.34, 190.51, 52.15, 10.46, 680.05, 677.92, 0]
cube22cam6 icam: 6 direction: 2 [2, 188.0, 188.19, 51.93, 7.57, 667.99, 674.79, 0]
cube23cam1 icam: 1 direction: 1 [1, 187.46, 184.7, 49.9, 7.95, 678.62, 680.07, 0]
cube23cam2 icam: 2 direction: 2 [2, 175.0, 178.88, 48.95, 7.86, 658.3, 657.98, 0]
cube23cam3 icam: 3 direction: 4 [4, 176.34, 177.9, 49.43, 22.1, 657.27, 659.98, 0]
cube23cam4 icam: 4 direction: 2 [2, 189.6, 184.34, 50.88, 8.76, 671.9, 666.47, 47]
cube23cam5 icam: 5 direction: 2 [2, 187.49, 188.57, 51.69, 10.19, 679.0, 684.05, 0]
cube23cam6 icam: 6 direction: 2 [2, 186.52, 190.09, 52.8, 67.51, 671.76, 676.98, 0]
cube24cam1 icam: 1 direction: 1 [1, 183.13, 177.83, 49.36, 70.15, 676.48, 673.81, 52]
cube24cam2 icam: 2 direction: 2 [2, 172.9, 172.63, 49.47, 6.63, 654.28, 656.95, 0]
cube24cam3 icam: 3 direction: 4 [4, 172.38, 175.62, 49.39, 7.74, 656.96, 658.39, 0]
cube24cam4 icam: 4 direction: 2 [2, 184.12, 181.76, 50.22, 10.37, 668.98, 668.99, 0]
cube24cam5 icam: 5 direction: 2 [2, 184.41, 185.05, 51.41, 8.76, 680.74, 676.61, 0]
cube24cam6 icam: 6 direction: 2 [2, 179.25, 183.89, 52.65, 10.33, 672.9, 675.2, 0]
cube25cam1 icam: 1 direction: 1 [1, 183.07, 178.1, 49.96, 38.65, 678.43, 679.6, 0]
cube25cam2 icam: 2 direction: 2 [2, 175.88, 172.7, 49.21, 12.0, 657.52, 658.07, 198]
cube25cam3 icam: 3 direction: 4 [4, 181.34, 175.58, 49.42, 13.73, 658.96, 658.89, 0]
cube25cam4 icam: 4 direction: 2 [2, 192.32, 183.4, 52.53, 21.75, 673.8, 670.82, 0]
cube25cam5 icam: 5 direction: 2 [2, 189.99, 189.26, 52.48, 8.86, 678.68, 679.72, 0]
cube25cam6 icam: 6 direction: 2 [2, 184.35, 192.11, 53.06, 18.0, 669.97, 677.41, 0]
cube26cam1 icam: 1 direction: 1 [1, 194.32, 190.57, 51.79, 5.34, 674.62, 674.45, 0]
cube26cam2 icam: 2 direction: 2 [2, 181.95, 184.75, 50.58, 9.93, 653.64, 658.1, 5]
cube26cam3 icam: 3 direction: 4 [4, 183.47, 184.39, 49.95, 9.27, 659.04, 656.5, 0]
cube26cam4 icam: 4 direction: 2 [2, 189.32, 191.28, 49.42, 8.74, 668.31, 668.8, 0]
cube26cam5 icam: 5 direction: 2 [2, 186.64, 185.76, 51.17, 10.03, 679.56, 675.87, 0]
cube26cam6 icam: 6 direction: 2 [2, 181.95, 186.34, 50.85, 4.0, 667.79, 676.27, 0]
cube27cam1 icam: 1 direction: 1 [1, 184.95, 179.14, 49.92, 8.82, 672.7, 677.23, 0]
cube27cam2 icam: 2 direction: 2 [2, 177.26, 179.76, 49.49, 7.45, 662.14, 659.7, 0]
cube27cam3 icam: 3 direction: 4 [4, 185.16, 188.93, 48.96, 4.63, 659.79, 656.29, 0]
cube27cam4 icam: 4 direction: 2 [2, 186.31, 182.2, 50.42, 6.59, 670.46, 664.81, 0]
cube27cam5 icam: 5 direction: 2 [2, 189.1, 189.32, 51.47, 6.48, 678.03, 681.76, 0]
cube27cam6 icam: 6 direction: 2 [2, 188.61, 191.06, 52.04, 6.19, 667.79, 673.18, 0]
cube28cam1 icam: 1 direction: 1 [1, 185.02, 178.18, 49.63, 8.46, 673.64, 676.22, 33]
cube28cam2 icam: 2 direction: 2 [2, 173.89, 176.19, 49.0, 16.05, 655.09, 657.41, 0]
cube28cam3 icam: 3 direction: 4 [4, 182.93, 187.85, 49.18, 10.62, 658.27, 658.37, 0]
cube28cam4 icam: 4 direction: 2 [2, 187.26, 183.55, 50.34, 7.99, 672.34, 668.59, 0]
cube28cam5 icam: 5 direction: 2 [2, 186.68, 186.57, 52.08, 15.67, 681.32, 678.51, 0]
cube28cam6 icam: 6 direction: 2 [2, 188.95, 190.37, 52.86, 9.62, 672.37, 677.76, 0]
cube29cam1 icam: 1 direction: 1 [1, 202.01, 194.87, 51.52, 3.95, 679.5, 676.59, 0]
cube29cam2 icam: 2 direction: 2 [2, 181.91, 185.44, 49.96, 8.86, 654.18, 661.16, 0]
cube29cam3 icam: 3 direction: 4 [4, 188.98, 188.32, 50.74, 14.04, 662.87, 659.93, 0]
cube29cam4 icam: 4 direction: 2 [2, 193.14, 189.28, 49.48, 17.28, 668.72, 666.78, 0]
cube29cam5 icam: 5 direction: 2 [2, 186.02, 181.46, 50.28, 33.59, 682.41, 678.92, 0]
cube29cam6 icam: 6 direction: 2 [2, 189.06, 189.89, 51.07, 16.25, 672.32, 679.13, 0]
cube30cam1 icam: 1 direction: 1 [1, 185.94, 185.39, 51.67, 5.22, 678.21, 673.48, 53]
cube30cam2 icam: 2 direction: 2 [2, 179.15, 179.37, 49.99, 116.16, 660.79, 661.25, 153]
cube30cam3 icam: 3 direction: 4 [4, 176.57, 181.22, 51.72, 4.92, 657.55, 659.09, 0]
cube30cam4 icam: 4 direction: 2 [2, 184.66, 173.39, 49.56, 11.77, 668.06, 669.95, 0]
cube30cam5 icam: 5 direction: 2 [2, 183.38, 182.93, 50.66, 18.48, 678.1, 682.86, 0]
cube30cam6 icam: 6 direction: 2 [2, 177.83, 179.7, 51.15, 9.56, 670.77, 673.08, 0]
cube31cam1 icam: 1 direction: 1 [1, 191.39, 192.1, 51.11, 8.09, 677.99, 676.51, 0]
cube31cam2 icam: 2 direction: 2 [2, 179.15, 187.43, 50.26, 5.1, 653.72, 659.91, 0]
cube31cam3 icam: 3 direction: 4 [4, 182.74, 184.89, 51.39, 23.06, 660.04, 657.0, 0]
cube31cam4 icam: 4 direction: 2 [2, 187.47, 181.24, 49.64, 9.84, 665.84, 666.33, 0]
cube31cam5 icam: 5 direction: 2 [2, 191.27, 185.53, 50.54, 5.37, 681.81, 674.99, 0]
cube31cam6 icam: 6 direction: 2 [2, 184.57, 184.48, 50.38, 10.31, 669.5, 677.64, 0]
cube32cam1 icam: 1 direction: 1 [1, 185.95, 184.84, 51.09, 9.24, 679.19, 673.4, 0]
cube32cam2 icam: 2 direction: 2 [2, 177.62, 181.45, 49.88, 8.41, 654.58, 656.52, 0]
cube32cam3 icam: 3 direction: 4 [4, 179.19, 182.97, 50.93, 10.83, 655.23, 661.47, 0]
cube32cam4 icam: 4 direction: 2 [2, 183.44, 177.99, 49.29, 5.98, 668.38, 672.8, 70]
cube32cam5 icam: 5 direction: 2 [2, 185.1, 181.65, 50.35, 14.48, 675.92, 677.49, 0]
cube32cam6 icam: 6 direction: 2 [2, 181.17, 182.23, 51.99, 202.15, 676.63, 676.03, 0]
cube33cam1 icam: 1 direction: 1 [1, 192.72, 190.4, 51.33, 8.87, 677.37, 677.65, 0]
cube33cam2 icam: 2 direction: 2 [2, 184.14, 185.37, 49.62, 7.2, 655.95, 660.42, 0]
cube33cam3 icam: 3 direction: 4 [4, 184.2, 184.49, 50.81, 8.42, 659.71, 659.32, 0]
cube33cam4 icam: 4 direction: 2 [2, 188.54, 179.53, 49.24, 15.96, 668.81, 663.36, 0]
cube33cam5 icam: 5 direction: 2 [2, 184.43, 186.09, 50.19, 7.28, 679.63, 678.95, 0]
cube33cam6 icam: 6 direction: 2 [2, 182.74, 184.71, 50.71, 6.52, 670.85, 677.59, 0]
cube34cam1 icam: 1 direction: 1 [1, 191.92, 187.4, 49.47, 10.96, 677.34, 673.64, 0]
cube34cam2 icam: 2 direction: 2 [2, 185.39, 184.38, 48.62, 4.22, 650.96, 659.65, 0]
cube34cam3 icam: 3 direction: 4 [4, 184.75, 177.18, 48.81, 15.67, 659.31, 655.27, 0]
cube34cam4 icam: 4 direction: 2 [2, 191.49, 187.28, 50.44, 9.86, 662.01, 664.41, 0]
cube34cam5 icam: 5 direction: 2 [2, 193.01, 194.31, 51.59, 13.3, 678.85, 674.25, 0]
cube34cam6 icam: 6 direction: 2 [2, 185.81, 193.16, 52.59, 9.63, 667.88, 676.81, 0]
cube35cam1 icam: 1 direction: 1 [1, 182.0, 181.81, 50.18, 6.87, 678.44, 673.69, 0]
cube35cam2 icam: 2 direction: 2 [2, 175.53, 180.77, 49.18, 7.29, 660.78, 663.39, 0]
cube35cam3 icam: 3 direction: 4 [4, 176.32, 178.15, 49.4, 16.75, 657.05, 661.25, 0]
cube35cam4 icam: 4 direction: 2 [2, 188.57, 180.77, 50.39, 9.29, 668.82, 670.07, 0]
cube35cam5 icam: 5 direction: 2 [2, 186.62, 186.55, 51.78, 7.87, 680.08, 678.81, 0]
cube35cam6 icam: 6 direction: 2 [2, 182.86, 187.92, 51.96, 6.91, 673.38, 671.59, 0]
cube36cam1 icam: 1 direction: 1 [1, 192.03, 184.79, 49.95, 11.16, 672.21, 677.93, 0]
cube36cam2 icam: 2 direction: 2 [2, 185.06, 181.57, 48.64, 7.86, 657.97, 655.03, 0]
cube36cam3 icam: 3 direction: 4 [4, 186.37, 177.19, 49.31, 7.16, 656.91, 659.06, 0]
cube36cam4 icam: 4 direction: 2 [2, 190.48, 189.92, 52.3, 8.68, 673.4, 666.04, 0]
cube36cam5 icam: 5 direction: 2 [2, 190.11, 196.76, 52.42, 20.57, 675.91, 681.46, 0]
cube36cam6 icam: 6 direction: 2 [2, 183.71, 193.12, 53.19, 33.58, 672.01, 674.04, 0]
cube37cam1 icam: 1 direction: 1 [1, 185.47, 181.57, 50.31, 13.63, 675.13, 676.99, 219]
cube37cam2 icam: 2 direction: 2 [2, 178.15, 178.22, 51.19, 11.51, 659.43, 657.68, 0]
cube37cam3 icam: 3 direction: 4 [4, 179.13, 183.47, 49.24, 11.07, 657.24, 656.73, 0]
cube37cam4 icam: 4 direction: 2 [2, 185.3, 183.85, 50.42, 5.34, 668.85, 666.92, 0]
cube37cam5 icam: 5 direction: 2 [2, 181.37, 184.31, 56.49, 43.25, 676.41, 678.56, 0]
cube37cam6 icam: 6 direction: 2 [2, 187.33, 190.16, 52.24, 8.07, 672.13, 675.91, 0]
cube38cam1 icam: 1 direction: 1 [1, 188.71, 190.81, 51.33, 3.04, 675.69, 679.65, 0]
cube38cam2 icam: 2 direction: 2 [2, 179.7, 184.67, 51.14, 8.97, 658.98, 658.17, 0]
cube38cam3 icam: 3 direction: 4 [4, 180.18, 185.67, 50.98, 9.87, 655.8, 657.65, 0]
cube38cam4 icam: 4 direction: 2 [2, 186.5, 180.47, 49.52, 1.9, 672.24, 668.07, 0]
cube38cam5 icam: 5 direction: 2 [2, 189.31, 181.48, 50.36, 14.09, 678.77, 681.96, 0]
cube38cam6 icam: 6 direction: 2 [2, 187.18, 182.66, 50.58, 13.95, 669.7, 673.72, 0]
cube39cam1 icam: 1 direction: 1 [1, 184.43, 183.4, 50.39, 1.46, 672.93, 677.64, 0]
cube39cam2 icam: 2 direction: 2 [2, 175.7, 174.32, 49.39, 10.22, 656.66, 656.12, 0]
cube39cam3 icam: 3 direction: 4 [4, 174.31, 173.96, 49.09, 10.02, 656.89, 656.04, 0]
cube39cam4 icam: 4 direction: 2 [2, 185.67, 183.92, 51.12, 4.68, 669.89, 663.06, 0]
cube39cam5 icam: 5 direction: 2 [2, 185.74, 187.29, 52.01, 7.15, 677.36, 679.71, 0]
cube39cam6 icam: 6 direction: 2 [2, 184.58, 186.8, 52.18, 5.23, 671.19, 675.14, 5]
cube40cam1 icam: 1 direction: 1 [1, 193.04, 192.79, 51.14, 9.1, 674.99, 677.38, 0]
cube40cam2 icam: 2 direction: 2 [2, 183.22, 185.69, 49.86, 7.16, 659.35, 655.65, 0]
cube40cam3 icam: 3 direction: 4 [4, 184.16, 187.21, 50.13, 11.08, 657.7, 657.65, 0]
cube40cam4 icam: 4 direction: 2 [2, 189.46, 186.06, 49.67, 5.0, 672.72, 667.66, 0]
cube40cam5 icam: 5 direction: 2 [2, 189.09, 188.14, 50.28, 4.81, 677.06, 678.7, 51]
cube40cam6 icam: 6 direction: 2 [2, 188.69, 188.59, 50.72, 13.03, 675.48, 676.23, 170]
cube41cam1 icam: 1 direction: 1 [1, 192.74, 182.5, 50.95, 15.28, 683.65, 680.82, 0]
cube41cam2 icam: 2 direction: 2 [2, 177.69, 188.14, 48.52, 51.18, 657.87, 661.01, 129]
cube41cam3 icam: 3 direction: 4 [4, 175.46, 174.37, 50.35, 21.65, 656.12, 662.93, 0]
cube41cam4 icam: 4 direction: 2 [2, 190.23, 185.51, 50.44, 9.43, 668.3, 669.16, 0]
cube41cam5 icam: 5 direction: 2 [2, 194.28, 191.36, 52.06, 14.09, 682.97, 684.43, 0]
cube41cam6 icam: 6 direction: 2 [2, 185.98, 187.61, 52.5, 27.35, 675.68, 676.92, 0]
cube42cam1 icam: 1 direction: 1 [1, 184.96, 179.76, 49.74, 11.17, 673.86, 676.95, 0]
cube42cam2 icam: 2 direction: 2 [2, 178.56, 176.88, 48.86, 16.22, 659.48, 656.03, 0]
cube42cam3 icam: 3 direction: 4 [4, 179.23, 181.58, 48.85, 11.71, 655.25, 654.63, 0]
cube42cam4 icam: 4 direction: 2 [2, 184.75, 184.1, 50.16, 19.6, 668.87, 665.06, 49]
cube42cam5 icam: 5 direction: 2 [2, 186.18, 188.22, 51.86, 5.07, 676.0, 678.02, 0]
cube42cam6 icam: 6 direction: 2 [2, 188.36, 188.53, 52.02, 9.81, 670.99, 674.45, 0]
cube43cam1 icam: 1 direction: 1 [1, 194.07, 185.28, 50.71, 6.17, 673.47, 677.41, 14]
cube43cam2 icam: 2 direction: 2 [2, 181.9, 182.7, 50.39, 6.61, 660.26, 660.86, 0]
cube43cam3 icam: 3 direction: 4 [4, 180.99, 182.52, 50.75, 20.27, 657.17, 655.99, 0]
cube43cam4 icam: 4 direction: 2 [2, 181.8, 183.25, 48.66, 10.27, 671.05, 665.52, 190]
cube43cam5 icam: 5 direction: 2 [2, 184.96, 188.91, 51.28, 16.27, 680.49, 682.92, 0]
cube43cam6 icam: 6 direction: 2 [2, 181.3, 185.76, 50.23, 11.01, 670.06, 672.75, 0]
cube44cam1 icam: 1 direction: 1 [1, 185.98, 185.57, 50.55, 32.21, 676.33, 678.32, 0]
cube44cam2 icam: 2 direction: 2 [2, 175.83, 182.25, 50.11, 14.55, 656.87, 654.63, 0]
cube44cam3 icam: 3 direction: 4 [4, 179.36, 181.87, 50.72, 6.95, 656.06, 660.21, 0]
cube44cam4 icam: 4 direction: 2 [2, 183.65, 175.75, 49.69, 14.08, 670.26, 666.73, 205]
cube44cam5 icam: 5 direction: 2 [2, 179.15, 180.35, 51.25, 7.93, 677.92, 682.58, 85]
cube44cam6 icam: 6 direction: 2 [2, 178.44, 183.48, 50.61, 15.68, 673.76, 674.59, 0]
cube45cam1 icam: 1 direction: 1 [1, 192.6, 178.16, 49.6, 128.44, 677.1, 672.79, 0]
cube45cam2 icam: 2 direction: 2 [2, 178.87, 183.32, 48.91, 18.0, 655.06, 659.6, 0]
cube45cam3 icam: 3 direction: 4 [4, 177.47, 173.59, 49.89, 12.87, 653.85, 659.09, 0]
cube45cam4 icam: 4 direction: 2 [2, 190.03, 186.53, 51.19, 6.51, 664.72, 665.97, 0]
cube45cam5 icam: 5 direction: 2 [2, 194.03, 191.05, 52.58, 14.33, 677.05, 679.48, 0]
cube45cam6 icam: 6 direction: 2 [2, 188.16, 190.42, 52.3, 13.68, 671.6, 672.6, 0]
cube46cam1 icam: 1 direction: 1 [1, 190.67, 182.41, 51.05, 13.79, 677.24, 670.6, 205]
cube46cam2 icam: 2 direction: 2 [2, 179.36, 180.02, 49.25, 8.38, 656.65, 658.16, 0]
cube46cam3 icam: 3 direction: 4 [4, 178.9, 177.98, 48.65, 17.33, 655.43, 657.1, 37]
cube46cam4 icam: 4 direction: 2 [2, 192.46, 188.4, 50.95, 5.54, 666.31, 668.53, 0]
cube46cam5 icam: 5 direction: 2 [2, 190.09, 191.66, 52.3, 7.21, 678.76, 676.41, 0]
cube46cam6 icam: 6 direction: 2 [2, 188.75, 189.46, 51.88, 14.92, 671.29, 670.25, 57]
cube47cam1 icam: 1 direction: 1 [1, 193.73, 189.75, 51.18, 5.85, 678.48, 679.72, 0]
cube47cam2 icam: 2 direction: 2 [2, 184.02, 188.75, 49.97, 13.95, 662.24, 659.14, 0]
cube47cam3 icam: 3 direction: 4 [4, 186.28, 185.73, 50.9, 13.49, 658.25, 658.79, 0]
cube47cam4 icam: 4 direction: 2 [2, 184.91, 179.53, 48.98, 3.7, 673.17, 669.86, 0]
cube47cam5 icam: 5 direction: 2 [2, 189.53, 184.96, 50.73, 26.29, 678.82, 681.87, 0]
cube47cam6 icam: 6 direction: 2 [2, 184.53, 185.27, 50.76, 22.26, 673.71, 679.07, 287]
cube48cam1 icam: 1 direction: 1 [1, 189.47, 173.34, 50.96, 6.2, 676.31, 671.67, 0]
cube48cam2 icam: 2 direction: 2 [2, 177.77, 183.36, 49.47, 8.21, 653.09, 654.73, 181]
cube48cam3 icam: 3 direction: 4 [4, 183.73, 175.08, 49.71, 24.37, 655.16, 660.81, 0]
cube48cam4 icam: 4 direction: 2 [2, 190.21, 188.2, 49.8, 10.56, 669.41, 669.71, 0]
cube48cam5 icam: 5 direction: 2 [2, 193.47, 190.27, 52.37, 16.05, 673.5, 678.8, 0]
cube48cam6 icam: 6 direction: 2 [2, 185.67, 193.2, 52.13, 7.0, 673.67, 670.89, 0]
cube49cam1 icam: 1 direction: 1 [1, 191.25, 192.52, 50.74, 7.49, 678.12, 678.53, 0]
cube49cam2 icam: 2 direction: 2 [2, 177.92, 185.53, 49.9, 8.98, 655.38, 661.14, 0]
cube49cam3 icam: 3 direction: 4 [4, 183.29, 187.8, 51.13, 8.77, 661.5, 655.68, 0]
cube49cam4 icam: 4 direction: 2 [2, 193.23, 184.67, 49.04, 10.28, 667.1, 667.47, 0]
cube49cam5 icam: 5 direction: 2 [2, 186.23, 182.2, 50.23, 6.7, 683.05, 678.55, 0]
cube49cam6 icam: 6 direction: 2 [2, 191.01, 185.84, 50.45, 2.11, 668.97, 678.84, 0]
cube50cam1 icam: 1 direction: 1 [1, 190.82, 177.32, 50.62, 21.21, 677.7, 680.83, 0]
cube50cam2 icam: 2 direction: 2 [2, 183.49, 177.33, 49.78, 10.39, 657.5, 657.16, 0]
cube50cam3 icam: 3 direction: 4 [4, 185.12, 189.68, 49.42, 62.87, 657.99, 655.98, 0]
cube50cam4 icam: 4 direction: 2 [2, 190.32, 183.03, 50.59, 8.28, 672.19, 665.92, 65]
cube50cam5 icam: 5 direction: 2 [2, 186.0, 191.87, 51.99, 31.25, 678.76, 679.9, 0]
cube50cam6 icam: 6 direction: 2 [2, 192.88, 194.95, 52.26, 12.16, 670.32, 675.7, 241]
cube51cam1 icam: 1 direction: 1 [1, 193.59, 191.54, 51.23, 10.55, 673.01, 675.93, 0]
cube51cam2 icam: 2 direction: 2 [2, 187.77, 187.94, 49.8, 8.56, 663.31, 661.66, 0]
cube51cam3 icam: 3 direction: 4 [4, 188.57, 187.92, 50.54, 13.0, 661.01, 655.0, 0]
cube51cam4 icam: 4 direction: 2 [2, 189.24, 180.05, 49.52, 11.52, 671.1, 664.1, 0]
cube51cam5 icam: 5 direction: 2 [2, 187.46, 188.38, 50.35, 5.97, 675.97, 680.41, 0]
cube51cam6 icam: 6 direction: 2 [2, 186.81, 184.65, 50.57, 8.34, 668.1, 673.24, 0]
cube52cam1 icam: 1 direction: 1 [1, 189.7, 182.16, 50.85, 4.5, 673.88, 675.16, 0]
cube52cam2 icam: 2 direction: 2 [2, 180.52, 186.14, 49.17, 13.87, 657.25, 656.03, 0]
cube52cam3 icam: 3 direction: 4 [4, 182.24, 189.23, 49.64, 14.51, 658.53, 657.08, 0]
cube52cam4 icam: 4 direction: 2 [2, 191.29, 186.52, 51.1, 4.46, 672.35, 667.05, 0]
cube52cam5 icam: 5 direction: 2 [2, 195.81, 190.79, 51.41, 10.62, 679.02, 681.01, 0]
cube52cam6 icam: 6 direction: 2 [2, 194.84, 194.48, 52.97, 8.15, 671.76, 677.05, 0]
cube53cam1 icam: 1 direction: 1 [1, 191.81, 189.88, 51.45, 5.41, 677.55, 674.15, 0]
cube53cam2 icam: 2 direction: 2 [2, 181.55, 187.46, 49.77, 13.81, 655.25, 657.79, 0]
cube53cam3 icam: 3 direction: 4 [4, 182.49, 188.3, 50.33, 7.65, 655.86, 659.45, 0]
cube53cam4 icam: 4 direction: 2 [2, 189.84, 180.06, 49.41, 8.28, 667.61, 666.34, 0]
cube53cam5 icam: 5 direction: 2 [2, 189.11, 185.34, 50.53, 30.55, 678.16, 678.38, 0]
cube53cam6 icam: 6 direction: 2 [2, 183.23, 184.44, 50.37, 9.9, 671.58, 673.12, 0]
cube54cam1 icam: 1 direction: 1 [1, 194.2, 186.25, 51.05, 23.74, 680.59, 679.65, 0]
cube54cam2 icam: 2 direction: 2 [2, 179.81, 179.45, 49.86, 10.5, 657.3, 666.39, 0]
cube54cam3 icam: 3 direction: 4 [4, 178.02, 178.54, 49.88, 16.26, 661.38, 660.13, 0]
cube54cam4 icam: 4 direction: 2 [2, 192.78, 186.78, 50.72, 14.53, 670.71, 670.65, 58]
cube54cam5 icam: 5 direction: 2 [2, 191.76, 192.84, 52.29, 13.31, 685.49, 680.5, 0]
cube54cam6 icam: 6 direction: 2 [2, 188.3, 191.32, 52.37, 11.05, 669.55, 678.55, 0]
cube55cam1 icam: 1 direction: 1 [1, 191.5, 191.29, 51.82, 7.05, 678.85, 680.81, 0]
cube55cam2 icam: 2 direction: 2 [2, 187.42, 185.57, 50.18, 16.4, 660.63, 659.02, 0]
cube55cam3 icam: 3 direction: 4 [4, 179.78, 186.65, 51.12, 4.93, 658.47, 659.72, 0]
cube55cam4 icam: 4 direction: 2 [2, 188.23, 176.03, 49.65, 27.59, 675.27, 666.22, 166]
cube55cam5 icam: 5 direction: 2 [2, 186.28, 187.75, 51.36, 9.84, 677.52, 684.13, 168]
cube55cam6 icam: 6 direction: 2 [2, 187.25, 183.69, 51.99, 36.91, 671.88, 678.67, 0]
cube56cam1 icam: 1 direction: 1 [1, 188.52, 188.17, 51.21, 8.33, 672.31, 676.5, 0]
cube56cam2 icam: 2 direction: 2 [2, 178.59, 183.15, 49.8, 10.52, 656.22, 652.16, 0]
cube56cam3 icam: 3 direction: 4 [4, 185.43, 184.45, 50.72, 10.26, 655.72, 655.13, 0]
cube56cam4 icam: 4 direction: 2 [2, 184.02, 180.25, 49.56, 6.4, 668.07, 665.0, 0]
cube56cam5 icam: 5 direction: 2 [2, 185.75, 180.64, 50.85, 15.98, 673.61, 679.39, 0]
cube56cam6 icam: 6 direction: 2 [2, 188.11, 187.8, 51.43, 7.17, 674.85, 675.47, 0]
cube57cam1 icam: 1 direction: 1 [1, 190.77, 186.26, 49.96, 5.66, 676.64, 680.53, 0]
cube57cam2 icam: 2 direction: 2 [2, 182.51, 180.55, 48.61, 8.38, 658.55, 658.45, 0]
cube57cam3 icam: 3 direction: 4 [4, 179.15, 195.76, 49.44, 6.12, 658.67, 660.39, 0]
cube57cam4 icam: 4 direction: 2 [2, 192.83, 185.7, 50.36, 9.08, 668.67, 662.36, 0]
cube57cam5 icam: 5 direction: 2 [2, 190.98, 191.71, 52.33, 11.27, 678.76, 682.5, 0]
cube57cam6 icam: 6 direction: 2 [2, 194.21, 194.03, 52.34, 6.41, 670.88, 676.01, 0]
cube58cam1 icam: 1 direction: 1 [1, 189.88, 189.39, 51.28, 3.65, 672.9, 674.98, 0]
cube58cam2 icam: 2 direction: 2 [2, 186.18, 187.42, 50.41, 40.98, 656.58, 652.23, 0]
cube58cam3 icam: 3 direction: 4 [4, 189.91, 186.33, 50.79, 6.14, 654.1, 655.55, 85]
cube58cam4 icam: 4 direction: 2 [2, 184.69, 182.1, 49.52, 10.19, 668.43, 664.41, 0]
cube58cam5 icam: 5 direction: 2 [2, 193.56, 188.97, 50.53, 2.81, 673.36, 676.65, 0]
cube58cam6 icam: 6 direction: 2 [2, 191.96, 199.83, 50.96, 7.69, 672.01, 673.08, 0]
cube59cam1 icam: 1 direction: 1 [1, 192.01, 182.9, 49.83, 49.66, 677.42, 673.81, 0]
cube59cam2 icam: 2 direction: 2 [2, 182.49, 192.15, 49.75, 15.04, 658.13, 663.6, 0]
cube59cam3 icam: 3 direction: 4 [4, 183.32, 175.62, 51.17, 15.22, 656.86, 658.6, 100]
cube59cam4 icam: 4 direction: 2 [2, 190.43, 186.62, 50.64, 12.06, 667.07, 669.97, 37]
cube59cam5 icam: 5 direction: 2 [2, 198.84, 192.32, 52.29, 18.76, 681.01, 678.68, 64]
cube59cam6 icam: 6 direction: 2 [2, 188.11, 191.31, 51.91, 29.03, 673.34, 673.61, 44]
cube60cam1 icam: 1 direction: 1 [1, 193.91, 189.96, 51.21, 4.91, 675.69, 674.23, 0]
cube60cam2 icam: 2 direction: 2 [2, 185.13, 184.51, 50.22, 8.94, 653.23, 660.99, 0]
cube60cam3 icam: 3 direction: 4 [4, 184.62, 186.28, 51.09, 7.87, 661.13, 657.55, 0]
cube60cam4 icam: 4 direction: 2 [2, 179.58, 188.25, 49.5, 7.03, 671.18, 669.47, 0]
cube60cam5 icam: 5 direction: 2 [2, 186.52, 182.57, 50.54, 14.1, 680.32, 674.0, 0]
cube60cam6 icam: 6 direction: 2 [2, 190.85, 186.58, 50.48, 7.51, 672.39, 680.55, 222]
cube61cam1 icam: 1 direction: 1 [1, 187.59, 181.55, 50.46, 12.96, 676.93, 675.0, 0]
cube61cam2 icam: 2 direction: 2 [2, 175.57, 176.89, 48.83, 6.09, 653.48, 662.19, 116]
cube61cam3 icam: 3 direction: 4 [4, 175.73, 173.98, 49.33, 9.8, 658.61, 656.54, 147]
cube61cam4 icam: 4 direction: 2 [2, 188.31, 183.5, 50.84, 9.7, 669.57, 666.72, 0]
cube61cam5 icam: 5 direction: 2 [2, 188.27, 186.27, 52.07, 9.13, 680.13, 676.23, 0]
cube61cam6 icam: 6 direction: 2 [2, 183.48, 189.58, 52.22, 9.73, 670.05, 679.63, 0]
cube62cam1 icam: 1 direction: 1 [1, 190.52, 187.58, 50.53, 10.58, 675.21, 676.43, 0]
cube62cam2 icam: 2 direction: 2 [2, 180.02, 184.14, 49.02, 7.46, 657.04, 664.88, 0]
cube62cam3 icam: 3 direction: 4 [4, 177.61, 175.77, 49.84, 5.9, 660.67, 655.09, 0]
cube62cam4 icam: 4 direction: 2 [2, 191.37, 183.71, 51.45, 9.81, 669.1, 666.45, 9]
cube62cam5 icam: 5 direction: 2 [2, 190.26, 188.13, 53.42, 66.21, 680.97, 678.46, 0]
cube62cam6 icam: 6 direction: 2 [2, 186.37, 186.78, 52.64, 10.43, 670.45, 676.62, 0]
cube63cam1 icam: 1 direction: 1 [1, 200.02, 195.93, 51.23, 11.95, 675.49, 674.94, 0]
cube63cam2 icam: 2 direction: 2 [2, 184.21, 189.94, 49.77, 12.14, 653.03, 659.34, 88]
cube63cam3 icam: 3 direction: 4 [4, 184.51, 192.92, 50.14, 12.7, 659.12, 654.98, 0]
cube63cam4 icam: 4 direction: 2 [2, 198.15, 194.39, 48.98, 13.65, 667.72, 666.07, 0]
cube63cam5 icam: 5 direction: 2 [2, 195.82, 186.67, 50.45, 6.93, 679.96, 676.09, 0]
cube63cam6 icam: 6 direction: 2 [2, 200.21, 182.99, 49.94, 10.87, 668.62, 675.49, 0]
cube64cam1 icam: 1 direction: 1 [1, 188.34, 187.31, 49.98, 11.33, 675.77, 675.58, 0]
cube64cam2 icam: 2 direction: 2 [2, 179.13, 172.94, 48.88, 7.76, 652.4, 660.08, 34]
cube64cam3 icam: 3 direction: 4 [4, 176.69, 174.12, 49.18, 10.03, 659.0, 656.47, 0]
cube64cam4 icam: 4 direction: 2 [2, 189.25, 186.42, 50.93, 7.17, 668.52, 668.75, 0]
cube64cam5 icam: 5 direction: 2 [2, 182.68, 187.97, 51.45, 12.37, 680.66, 674.73, 0]
cube64cam6 icam: 6 direction: 2 [2, 183.96, 189.4, 52.29, 10.14, 672.98, 680.27, 0]
cube65cam1 icam: 1 direction: 1 [1, 190.86, 192.48, 51.78, 43.07, 678.28, 674.7, 0]
cube65cam2 icam: 2 direction: 2 [2, 191.72, 190.49, 50.0, 17.87, 655.76, 656.88, 0]
cube65cam3 icam: 3 direction: 4 [4, 185.69, 186.14, 50.13, 7.9, 654.24, 659.07, 0]
cube65cam4 icam: 4 direction: 2 [2, 186.57, 179.66, 50.48, 11.82, 664.86, 669.11, 0]
cube65cam5 icam: 5 direction: 2 [2, 192.55, 198.31, 50.24, 18.2, 676.65, 678.83, 0]
cube65cam6 icam: 6 direction: 2 [2, 188.9, 187.96, 50.11, 10.92, 673.94, 672.85, 10]
cube66cam1 icam: 1 direction: 1 [1, 191.24, 183.89, 49.51, 9.2, 678.35, 675.12, 0]
cube66cam2 icam: 2 direction: 2 [2, 183.76, 183.65, 48.88, 87.8, 653.32, 662.07, 0]
cube66cam3 icam: 3 direction: 4 [4, 178.94, 177.98, 49.06, 9.2, 660.37, 660.06, 25]
cube66cam4 icam: 4 direction: 2 [2, 194.15, 194.13, 50.6, 14.69, 667.96, 667.06, 0]
cube66cam5 icam: 5 direction: 2 [2, 194.7, 195.89, 52.48, 28.61, 682.54, 676.87, 0]
cube66cam6 icam: 6 direction: 2 [2, 185.64, 199.09, 52.08, 10.95, 668.66, 678.17, 0]
cube67cam1 icam: 1 direction: 1 [1, 188.34, 185.03, 50.16, 6.82, 676.05, 674.31, 253]
cube67cam2 icam: 2 direction: 2 [2, 179.4, 180.25, 49.61, 7.16, 658.31, 662.21, 0]
cube67cam3 icam: 3 direction: 4 [4, 182.47, 176.74, 48.68, 18.69, 658.84, 655.24, 83]
