 1  2  184.41  194.5  49.95  15.94  655.58  662.65  0.0 
 2  4  189.6  181.29  49.16  4.7  657.81  661.1  0.0 
 3  3  190.96  195.68  50.47  22.82  657.32  657.49  0.0 
 4  1  192.89  184.68  48.76  5.26  663.92  671.92  0.0 
 5  4  185.51  196.26  49.82  12.13  661.01  655.11  0.0 
 6  3  194.63  194.19  49.43  28.0  661.73  658.6  0.0 
 1  4  184.51  185.34  48.41  5.54  657.88  654.82  0.0 
 2  3  186.67  184.68  49.2  7.59  654.52  654.59  0.0 
 3  2  184.81  194.22  49.36  7.95  660.57  655.54  16.0 
 4  3  185.07  193.77  49.23  6.0  659.47  654.15  0.0 
 5  1  191.52  199.87  50.22  12.81  668.0  667.89  0.0 
 6  4  184.16  183.93  48.12  5.57  655.62  655.73  149.0 
 1  1  189.45  192.89  49.51  7.18  657.94  654.48  0.0 
 2  2  187.66  193.3  49.98  19.58  657.66  655.64  43.0 
 3  4  186.67  194.16  49.32  10.06  659.9  656.88  45.0 
 4  2  187.82  185.96  48.61  4.02  661.63  656.71  0.0 
 5  2  186.63  183.41  48.77  9.32  657.79  656.62  0.0 
 6  2  181.66  185.6  49.13  5.01  656.48  657.02  0.0 
 1  2  191.14  195.8  49.45  6.9  656.61  658.52  0.0 
 2  4  187.99  184.41  48.5  10.5  659.74  652.21  0.0 
 3  3  187.98  193.96  49.44  4.11  652.46  656.66  41.0 
 4  1  188.04  185.17  48.46  6.9  652.32  653.07  0.0 
 5  4  188.49  195.38  49.3  6.33  655.37  658.41  0.0 
 6  3  188.59  180.01  48.47  13.46  660.02  651.86  0.0 
 1  3  184.8  182.73  48.48  9.42  657.05  653.97  0.0 
 2  1  184.05  193.75  49.61  9.69  656.11  655.47  52.0 
 3  1  188.12  193.0  49.26  7.23  659.88  655.03  0.0 
 4  4  186.05  194.0  48.88  19.08  659.85  657.77  0.0 
 5  3  187.71  185.18  48.56  10.79  657.47  657.2  0.0 
 6  1  184.65  185.41  47.95  6.14  652.55  652.56  0.0 
 1  3  185.95  181.61  48.42  6.67  658.66  654.74  0.0 
 2  1  187.79  193.78  49.42  4.9  658.02  657.6  0.0 
 3  1  188.47  192.64  49.49  3.06  659.55  655.15  0.0 
 4  4  184.18  192.42  49.04  8.38  659.02  657.01  0.0 
 5  3  188.13  183.88  48.54  26.42  657.26  656.41  0.0 
 6  1  184.19  181.42  48.37  7.61  650.01  649.57  0.0 
 1  1  186.37  196.62  49.75  7.75  652.73  654.32  0.0 
 2  2  184.23  196.46  49.57  13.09  653.57  655.3  0.0 
 3  4  191.76  194.65  50.36  13.3  654.23  654.37  0.0 
 4  2  195.4  186.62  48.89  9.03  654.84  660.45  0.0 
 5  2  191.94  178.74  49.2  6.58  656.06  649.14  0.0 
 6  2  188.77  197.78  48.89  11.94  656.78  652.92  0.0 
 1  1  188.99  185.11  48.47  5.07  657.94  658.03  0.0 
 2  2  185.5  183.78  48.52  3.29  659.1  658.95  0.0 
 3  4  187.16  193.29  48.73  6.81  659.45  658.54  65.0 
 4  2  189.26  193.41  49.36  8.43  655.55  660.46  0.0 
 5  2  183.79  192.49  49.52  26.36  657.61  658.37  0.0 
 6  2  183.13  193.47  49.75  11.89  658.58  655.7  0.0 
 1  2  192.27  193.77  51.38  22.39  654.23  652.96  34.0 
 2  4  191.18  182.64  49.03  9.17  657.33  650.27  25.0 
 3  3  190.16  187.13  51.33  22.25  653.54  656.72  0.0 
 4  1  199.58  195.71  49.07  8.66  663.63  664.55  132.0 
 5  4  179.35  196.39  51.69  12.61  652.21  654.12  0.0 
 6  3  187.71  180.39  49.3  10.22  658.29  650.12  0.0 
 1  2  188.17  184.88  48.61  10.53  657.24  656.79  0.0 
 2  4  184.53  194.28  49.64  5.83  659.01  652.82  0.0 
 3  3  186.92  181.7  48.66  6.15  654.58  656.11  0.0 
 4  1  184.37  194.25  48.73  9.83  649.01  650.04  0.0 
 5  4  187.36  185.4  48.92  6.05  654.34  658.49  0.0 
 6  3  186.21  190.21  49.96  7.19  660.16  652.47  0.0 
 1  4  189.89  193.6  49.25  4.74  654.22  653.36  0.0 
 2  3  189.26  185.42  48.87  11.26  656.2  652.1  0.0 
 3  2  186.21  194.89  49.83  10.71  652.24  656.6  0.0 
 4  3  190.77  196.11  49.66  9.8  652.6  654.73  0.0 
 5  1  191.1  198.75  50.32  12.25  662.92  667.56  0.0 
 6  4  190.81  186.14  48.72  9.48  656.92  650.76  0.0 
 1  3  191.72  189.13  49.28  7.12  651.61  655.57  0.0 
 2  1  185.28  196.08  49.85  4.53  653.56  656.92  55.0 
 3  1  190.71  196.25  49.95  8.73  654.69  654.8  0.0 
 4  4  188.19  195.18  49.29  8.06  653.72  659.57  0.0 
 5  3  194.48  181.9  49.02  7.82  654.89  652.22  0.0 
 6  1  193.42  188.64  48.84  5.91  653.74  650.55  0.0 
 1  3  194.93  196.68  49.3  8.41  657.92  658.84  100.0 
 2  1  184.69  184.58  48.71  7.59  658.85  654.86  25.0 
 3  1  191.22  185.82  48.76  7.09  657.02  657.17  0.0 
 4  4  193.1  197.15  48.4  7.09  659.01  660.01  0.0 
 5  3  188.79  194.79  49.37  9.26  656.67  657.65  0.0 
 6  1  188.51  195.71  48.73  5.67  655.41  649.71  0.0 
 1  2  183.56  183.05  48.88  2.94  654.48  657.58  0.0 
 2  4  185.43  192.68  49.38  6.86  656.86  657.75  31.0 
 3  3  189.33  195.01  48.71  5.41  655.58  654.29  0.0 
 4  1  183.33  191.91  48.55  10.07  648.33  653.99  0.0 
 5  4  185.18  181.03  48.8  9.65  657.83  653.94  0.0 
 6  3  193.21  191.78  49.99  8.75  659.74  656.16  0.0 
 1  2  191.18  195.76  49.47  6.3  657.66  657.75  0.0 
 2  4  187.34  181.63  48.68  7.84  659.87  653.04  0.0 
 3  3  182.95  195.42  49.4  5.02  655.99  658.41  0.0 
 4  1  187.39  195.35  48.31  4.55  650.96  652.95  0.0 
 5  4  185.36  195.3  49.51  8.59  654.48  659.71  0.0 
 6  3  188.78  175.54  48.72  4.05  663.19  653.72  0.0 
 1  4  185.7  194.33  49.3  5.5  658.89  659.22  0.0 
 2  3  187.32  194.25  49.38  8.9  659.45  662.0  32.0 
 3  2  184.48  184.5  48.43  7.98  658.28  655.83  0.0 
 4  3  182.12  187.41  48.94  7.08  656.52  660.48  0.0 
 5  1  189.81  184.71  49.8  13.34  668.19  663.26  0.0 
 6  4  189.22  195.29  49.68  7.21  657.92  659.32  0.0 
 1  3  188.82  193.14  49.2  7.45  659.0  656.96  0.0 
 2  1  186.43  183.71  48.67  7.29  658.21  654.41  14.0 
 3  1  183.46  183.71  48.81  3.9  659.46  656.43  0.0 
 4  4  186.28  184.45  48.64  11.52  660.62  659.09  0.0 
 5  3  187.71  193.42  49.43  9.36  657.49  654.96  0.0 
 6  1  187.96  192.84  49.04  7.24  652.32  651.93  172.0 
 1  3  188.76  184.57  48.65  9.05  658.6  652.67  0.0 
 2  1  190.52  194.3  49.6  4.41  655.85  654.11  0.0 
 3  1  183.12  191.88  49.3  16.2  659.46  652.72  29.0 
 4  4  186.42  193.59  49.02  6.4  660.27  652.44  0.0 
 5  3  192.78  189.73  48.72  7.27  656.08  658.45  0.0 
 6  1  179.44  173.22  48.0  6.64  651.77  652.44  0.0 
 1  1  186.36  193.73  49.78  7.65  659.01  658.25  0.0 
 2  2  186.89  193.71  49.44  4.96  660.58  654.85  51.0 
 3  4  189.51  194.52  49.51  6.54  656.88  662.1  0.0 
 0  0  -30.11  5.14  12.26  0.0  0.0  0.0  0.0 
 0  0  -30.11  5.14  12.26  0.0  0.0  0.0  0.0 
 0  0  -30.11  5.14  12.26  0.0  0.0  0.0  0.0 
 1  3  185.63  194.86  49.74  3.79  654.25  654.75  90.0 
 2  1  190.1  185.89  49.14  17.24  657.62  654.77  0.0 
 3  1  187.28  187.2  48.84  5.09  654.02  657.52  0.0 
 4  4  191.83  184.36  48.72  4.85  656.11  657.58  0.0 
 5  3  185.6  193.41  49.81  8.66  653.7  655.53  0.0 
 6  1  186.38  192.03  49.25  9.85  654.71  650.65  0.0 
 1  1  186.5  185.63  49.02  5.26  653.84  657.29  0.0 
 2  2  183.73  182.28  48.8  8.67  656.11  655.34  0.0 
 3  4  190.85  196.34  48.8  4.36  657.37  655.77  0.0 
 4  2  189.64  194.52  49.1  5.17  655.66  660.16  54.0 
 5  2  184.33  191.58  49.68  29.8  657.83  655.3  0.0 
 6  2  188.8  197.03  50.07  17.29  656.19  653.43  43.0 
 1  4  196.44  180.48  48.9  6.44  658.0  656.78  0.0 
 2  3  192.82  192.54  48.7  16.27  658.96  657.95  0.0 
 3  2  186.46  194.04  49.23  9.04  659.58  654.08  0.0 
 4  3  184.12  201.26  49.75  17.39  660.47  657.63  0.0 
 5  1  199.41  199.12  50.5  14.21  670.69  670.7  0.0 
 6  4  187.71  183.72  48.33  13.17  657.39  658.56  0.0 
 1  1  185.88  194.46  49.96  4.73  653.23  656.1  0.0 
 2  2  187.29  194.55  49.98  10.43  654.04  656.46  0.0 
 3  4  190.18  193.52  50.29  14.39  653.01  653.94  0.0 
 4  2  197.88  179.97  49.12  10.74  653.84  658.38  0.0 
 5  2  189.0  183.15  49.46  9.18  655.61  656.47  0.0 
 6  2  189.45  197.95  49.62  3.29  657.5  657.17  0.0 
 1  3  191.78  185.79  49.02  7.13  659.47  658.53  0.0 
 2  1  186.29  196.96  49.73  7.72  657.53  659.89  0.0 
 3  1  187.89  193.3  49.86  7.11  657.05  659.18  0.0 
 4  4  188.17  194.28  49.52  21.5  655.53  660.62  0.0 
 5  3  190.78  181.73  49.51  15.07  659.01  657.53  0.0 
 6  1  192.3  189.06  49.22  3.98  657.45  655.72  0.0 
 1  1  190.78  194.75  49.6  6.55  659.11  656.72  0.0 
 2  2  184.55  195.02  49.33  5.2  661.86  652.04  0.0 
 3  4  185.64  191.27  49.3  23.32  656.6  660.79  0.0 
 4  2  190.36  192.77  48.71  7.28  659.19  655.85  0.0 
 5  2  185.07  181.25  49.44  10.1  656.94  663.63  0.0 
 6  2  176.19  182.52  49.45  7.5  661.28  656.02  0.0 
 1  3  189.93  186.05  49.38  4.05  659.92  655.47  0.0 
 2  1  192.57  193.78  50.74  5.29  657.97  654.9  0.0 
 3  1  184.47  193.68  49.67  26.05  659.89  658.44  0.0 
 4  4  184.89  193.63  49.24  6.25  660.77  654.11  0.0 
 5  3  189.12  195.74  48.97  7.31  657.44  661.88  0.0 
 6  1  186.64  181.11  48.55  5.69  655.51  652.24  0.0 
 1  2  200.96  188.42  49.16  7.62  655.22  654.45  0.0 
 2  4  186.01  194.11  50.15  12.99  656.6  652.71  0.0 
 3  3  196.22  186.24  49.04  5.57  654.89  665.02  0.0 
 4  1  189.33  195.0  47.64  37.24  648.35  649.07  8.0 
 5  4  187.93  187.3  49.07  6.98  652.77  657.54  0.0 
 6  3  188.99  190.04  49.97  6.8  657.18  651.44  0.0 
 1  2  194.2  183.25  49.46  6.44  652.08  658.34  0.0 
 2  4  185.47  192.37  49.4  15.37  653.15  658.96  0.0 
 3  3  190.58  191.12  49.14  8.0  656.64  654.02  39.0 
 4  1  186.28  192.52  48.67  17.01  650.2  652.61  0.0 
 5  4  191.51  186.17  49.09  4.28  658.19  660.1  0.0 
 6  3  195.29  191.87  50.54  22.01  658.6  657.19  0.0 
 1  4  188.0  188.88  48.37  6.24  659.57  661.75  0.0 
 2  3  186.67  182.29  48.43  9.87  655.61  658.05  0.0 
 3  2  196.43  195.66  49.71  9.12  657.47  657.14  0.0 
 4  3  187.26  196.62  49.4  11.96  656.96  660.84  0.0 
 5  1  191.5  199.09  50.41  11.06  674.35  670.84  0.0 
 6  4  193.25  201.43  48.3  10.54  657.61  655.8  0.0 
 1  3  186.45  181.05  49.02  3.24  661.08  657.67  91.0 
 2  1  192.99  196.99  49.73  3.8  659.72  659.47  0.0 
 3  1  187.32  195.01  49.55  3.5  659.82  656.69  0.0 
 4  4  183.74  192.72  48.94  12.25  659.41  657.47  0.0 
 5  3  190.95  193.27  48.61  7.8  657.24  657.75  0.0 
 6  1  188.95  184.13  47.79  4.65  651.62  651.1  0.0 
 1  2  187.99  194.05  49.94  9.85  655.02  654.57  0.0 
 2  4  188.63  185.87  49.3  9.68  657.27  652.65  0.0 
 3  3  187.96  193.49  49.69  18.76  652.23  656.21  0.0 
 4  1  187.3  184.07  48.47  11.83  649.64  650.23  0.0 
 5  4  190.93  194.8  50.0  13.13  651.68  655.58  0.0 
 6  3  191.25  183.81  49.9  10.97  657.64  653.79  0.0 
 1  1  191.69  194.16  48.42  12.77  658.11  657.0  0.0 
 2  2  181.5  186.03  48.66  13.46  659.68  655.02  174.0 
 3  4  185.41  181.7  48.57  11.87  654.77  658.92  63.0 
 4  2  194.82  196.19  49.08  10.46  657.52  659.09  0.0 
 5  2  184.82  191.13  49.72  14.08  655.19  657.85  84.0 
 6  2  180.29  194.37  49.96  38.95  660.02  655.66  0.0 
 1  3  188.97  183.36  48.61  7.04  657.13  653.56  0.0 
 2  1  192.48  196.05  49.5  5.58  657.3  655.26  28.0 
 3  1  186.65  194.6  49.45  6.85  657.75  655.39  0.0 
 4  4  185.4  194.2  48.97  12.58  659.2  656.95  0.0 
 5  3  190.62  193.26  48.6  5.43  656.83  656.03  0.0 
 6  1  186.13  184.78  48.23  4.68  650.89  653.38  37.0 
 1  1  193.35  190.53  48.78  3.46  657.2  656.75  0.0 
 2  2  186.14  182.16  49.22  3.86  662.29  655.53  0.0 
 3  4  183.63  183.08  48.51  8.94  655.65  658.77  0.0 
 4  2  196.13  197.92  49.36  11.19  657.82  659.95  0.0 
 5  2  180.96  193.64  49.9  13.62  656.8  659.67  0.0 
 6  2  179.96  194.91  50.17  8.09  660.5  653.35  0.0 
 1  1  183.34  181.53  48.77  10.6  656.45  660.16  0.0 
 2  2  184.64  183.4  48.5  11.91  657.94  660.29  0.0 
 3  4  186.2  188.4  48.41  26.59  657.35  658.79  0.0 
 4  2  186.98  193.15  49.19  13.06  656.37  662.65  0.0 
 5  2  186.43  192.15  49.32  10.43  661.4  659.31  0.0 
 6  2  187.33  196.87  50.01  7.12  660.35  656.97  0.0 
 1  4  185.39  194.95  50.01  8.42  656.45  657.13  0.0 
 2  3  187.56  195.51  50.17  5.62  660.42  656.09  0.0 
 3  2  190.43  183.98  49.26  4.88  654.86  656.67  0.0 
 4  3  191.29  187.1  49.0  8.7  656.67  660.74  0.0 
 5  1  192.91  185.84  50.0  8.11  663.72  665.42  0.0 
 6  4  186.25  195.78  49.65  5.74  657.11  650.37  0.0 
 1  1  189.35  196.98  50.15  12.92  663.01  657.88  0.0 
 2  2  189.43  197.35  50.26  11.47  659.76  660.78  107.0 
 3  4  187.04  194.94  50.08  8.88  661.66  651.8  152.0 
 4  2  193.78  187.8  48.84  12.92  661.85  656.67  0.0 
 5  2  191.69  186.21  49.58  16.68  659.27  661.18  0.0 
 6  2  182.91  190.24  49.56  8.61  658.9  659.17  0.0 
 1  1  186.9  195.4  49.38  15.24  658.82  661.64  0.0 
 2  2  186.87  194.89  49.3  6.73  655.76  657.52  0.0 
 3  4  188.37  193.93  49.25  6.32  658.31  655.82  0.0 
 4  2  188.26  185.33  48.62  13.72  656.32  659.25  0.0 
 5  2  185.62  185.82  48.52  5.12  659.98  656.09  0.0 
 6  2  182.77  184.41  49.05  3.64  655.85  654.93  0.0 
 1  3  187.6  195.24  49.44  5.04  652.15  656.64  0.0 
 2  1  184.27  184.1  48.57  11.19  657.6  655.04  17.0 
 3  1  185.41  182.27  48.73  20.33  651.23  659.3  0.0 
 4  4  185.44  192.59  48.65  7.15  655.17  657.73  0.0 
 5  3  187.64  192.69  49.21  13.49  654.09  657.06  0.0 
 6  1  183.4  193.87  48.72  5.76  655.09  648.41  0.0 
 1  1  186.66  194.29  49.92  30.28  652.46  658.67  0.0 
 2  2  185.19  196.05  50.18  12.11  653.69  657.72  0.0 
 3  4  191.12  192.16  51.69  45.03  654.22  653.29  0.0 
 4  2  191.4  175.25  48.9  8.79  652.37  657.31  0.0 
 5  2  186.53  180.4  49.25  25.37  656.73  652.96  0.0 
 6  2  185.32  189.39  49.53  4.47  654.71  654.13  0.0 
 1  4  186.85  194.95  49.73  8.3  652.65  652.08  0.0 
 2  3  191.33  195.93  49.54  6.08  653.96  654.04  0.0 
 3  2  190.44  185.12  49.51  9.66  655.34  652.4  0.0 
 4  3  191.25  190.16  48.89  5.61  656.81  653.99  45.0 
 5  1  196.47  203.51  50.25  6.65  668.07  671.23  0.0 
 6  4  188.86  195.03  49.68  18.28  653.72  657.64  228.0 
 1  1  192.37  196.66  48.33  6.31  657.8  656.59  0.0 
 2  2  184.45  184.21  49.08  7.4  657.59  653.87  0.0 
 3  4  189.69  184.74  48.71  8.53  655.35  659.5  0.0 
 4  2  196.46  199.24  49.27  9.37  657.46  656.73  12.0 
 5  2  185.27  193.48  49.23  5.91  653.83  655.97  0.0 
 6  2  181.69  195.72  49.89  3.3  659.37  653.91  0.0 
 1  4  187.47  183.04  48.95  6.5  654.24  657.07  0.0 
 2  3  186.45  181.05  49.11  6.15  655.72  655.93  14.0 
 3  2  184.75  194.66  49.76  8.49  656.29  655.43  0.0 
 4  3  185.28  196.54  49.2  4.81  655.17  658.23  0.0 
 5  1  192.12  199.22  50.09  11.8  669.84  666.71  0.0 
 6  4  189.31  183.33  48.34  7.37  657.39  654.79  0.0 
 1  4  183.32  174.77  49.0  3.81  657.37  655.18  0.0 
 2  3  185.75  190.82  48.88  16.84  656.98  653.05  0.0 
 3  2  184.99  193.07  50.02  9.78  658.4  655.78  0.0 
 4  3  181.96  199.14  49.05  10.98  657.72  657.62  0.0 
 5  1  193.03  198.85  50.58  21.03  666.38  664.86  0.0 
 6  4  184.15  182.87  48.1  10.64  656.39  654.13  0.0 
 1  3  187.85  186.79  49.39  8.22  656.86  659.52  0.0 
 2  1  184.34  195.34  49.13  10.34  658.23  657.84  0.0 
 3  1  187.62  197.13  49.88  14.5  657.56  661.52  0.0 
 4  4  184.67  194.92  49.84  7.07  659.1  666.41  0.0 
 5  3  187.22  175.02  49.18  31.14  660.16  657.01  206.0 
 6  1  190.6  183.31  48.84  11.28  656.14  651.96  0.0 
 1  1  189.43  195.02  48.11  6.86  660.49  657.94  0.0 
 2  2  183.51  184.12  48.9  4.42  661.61  654.78  0.0 
 3  4  185.35  180.72  48.97  8.29  655.82  658.09  0.0 
 4  2  192.37  196.95  49.19  6.11  657.26  657.18  0.0 
 5  2  185.14  193.96  49.37  6.42  656.15  662.07  0.0 
 6  2  177.02  195.85  50.31  6.68  661.38  654.71  0.0 
 1  1  183.73  191.86  49.29  6.45  659.09  657.13  0.0 
 2  2  190.02  195.35  49.4  8.62  655.79  657.4  0.0 
 3  4  185.79  194.91  49.19  11.28  658.04  653.13  0.0 
 4  2  185.52  179.15  49.23  259.35  658.86  657.85  0.0 
 5  2  192.51  193.14  48.74  7.04  659.21  657.77  0.0 
 6  2  178.71  189.06  49.37  5.87  659.33  656.39  0.0 
 1  1  186.58  194.15  49.48  2.98  656.85  656.76  0.0 
 2  2  185.38  194.05  49.43  6.84  660.38  655.2  0.0 
 3  4  188.37  193.62  49.17  8.0  655.99  660.95  20.0 
 4  2  188.98  186.27  48.56  7.99  659.5  658.47  0.0 
 5  2  186.53  181.5  48.55  4.64  655.75  659.75  0.0 
 6  2  179.9  183.54  48.97  4.63  660.79  652.92  0.0 
 1  1  187.28  183.09  48.67  17.95  660.03  652.82  0.0 
 2  2  189.19  195.03  49.11  4.99  657.62  656.14  0.0 
 3  4  185.84  185.58  48.59  7.93  660.93  656.02  0.0 
 4  2  187.44  197.41  49.06  14.75  659.36  653.1  0.0 
 5  2  191.25  194.05  49.53  7.84  656.8  658.08  0.0 
 6  2  178.1  195.72  50.01  4.74  655.65  656.74  0.0 
 1  4  185.84  187.42  49.41  6.11  660.87  653.63  0.0 
 2  3  185.33  185.0  49.46  7.21  654.48  653.16  0.0 
 3  2  191.08  195.39  49.68  9.72  660.48  657.79  0.0 
 4  3  183.72  197.07  49.66  11.9  658.79  657.55  0.0 
 5  1  193.43  197.69  50.41  6.58  667.76  668.54  0.0 
 6  4  183.89  186.55  49.01  13.95  657.02  656.61  0.0 
 1  3  190.56  195.42  50.37  8.08  655.81  654.37  0.0 
 2  1  194.85  184.63  49.13  18.12  659.41  652.32  138.0 
 3  1  187.7  186.85  48.78  7.65  655.22  658.89  105.0 
 4  4  195.14  189.32  48.95  5.73  656.39  658.57  0.0 
 5  3  182.22  193.28  49.48  6.51  652.85  658.9  0.0 
 6  1  185.68  191.61  49.05  8.67  653.9  644.54  102.0 
 1  3  187.06  195.26  49.45  24.76  657.15  655.64  0.0 
 2  1  192.25  188.04  49.42  3.92  659.03  656.12  0.0 
 3  1  186.49  179.87  48.84  7.03  657.85  655.38  0.0 
 4  4  187.79  185.27  48.81  13.71  659.61  659.7  0.0 
 5  3  187.95  192.97  50.02  11.41  657.31  654.21  0.0 
 6  1  185.68  193.9  49.51  6.59  655.09  654.59  0.0 
 1  4  181.99  184.61  48.99  6.73  657.32  652.72  0.0 
 2  3  184.9  180.91  48.94  16.61  657.18  654.38  0.0 
 3  2  183.45  194.49  49.6  4.89  658.81  654.7  0.0 
 4  3  184.91  194.66  49.24  4.82  659.97  653.16  0.0 
 5  1  190.38  200.47  50.56  13.96  672.38  674.23  0.0 
 6  4  187.33  182.0  48.14  7.69  656.44  660.26  0.0 
 1  1  185.71  193.38  49.47  12.39  655.06  658.13  0.0 
 2  2  186.84  194.52  49.14  5.4  658.49  655.55  0.0 
 3  4  196.13  195.86  49.27  6.77  654.81  657.73  0.0 
 4  2  187.61  183.21  48.23  20.06  655.6  657.8  0.0 
 5  2  181.31  184.18  48.65  11.57  657.99  656.14  0.0 
 6  2  186.84  197.85  49.44  3.63  658.4  654.12  0.0 
 1  3  181.7  184.94  49.08  5.26  654.81  651.01  0.0 
 2  1  186.17  185.4  48.47  39.27  654.23  652.78  0.0 
 3  1  185.99  189.86  50.22  11.55  656.16  653.61  0.0 
 4  4  184.47  188.09  49.69  6.84  658.15  658.58  0.0 
 5  3  188.04  183.26  48.95  6.0  653.51  651.87  0.0 
 6  1  184.84  184.35  48.9  5.54  649.29  648.46  0.0 
 1  3  189.38  183.06  48.93  4.24  658.69  655.35  0.0 
 2  1  198.38  197.96  49.76  5.58  657.92  655.91  0.0 
 3  1  185.36  194.51  49.31  16.56  659.0  655.21  0.0 
 0  0  -19.93  8.49  11.13  0.0  0.0  0.0  0.0 
 5  3  191.78  202.39  48.41  6.74  695.73  660.04  0.0 
 6  1  187.89  178.38  47.94  7.53  656.71  650.23  0.0 
 1  4  189.49  194.26  49.11  7.64  655.85  660.45  41.0 
 2  3  186.41  195.02  49.08  6.33  656.31  657.78  0.0 
 3  2  185.46  184.21  48.86  7.31  656.23  654.19  0.0 
 4  3  183.17  184.56  48.81  4.24  656.1  661.02  0.0 
 5  1  193.77  187.25  49.56  7.16  674.07  669.04  0.0 
 6  4  189.74  193.22  49.37  10.09  658.65  656.04  0.0 
 1  2  187.37  198.51  50.12  12.14  654.24  655.62  0.0 
 2  4  192.46  182.81  49.2  7.7  654.21  655.17  0.0 
 3  3  185.74  195.65  50.54  23.85  654.65  654.76  0.0 
 4  1  191.14  176.86  48.25  6.81  646.91  652.1  0.0 
 5  4  189.78  196.26  50.63  23.26  656.35  651.88  164.0 
 6  3  192.13  172.55  49.16  7.53  655.83  654.03  0.0 
 1  4  184.31  195.39  49.69  4.61  657.53  656.06  0.0 
 2  3  188.3  195.9  49.98  8.06  656.8  656.19  0.0 
 3  2  187.88  182.24  48.43  9.24  659.0  654.47  0.0 
 4  3  184.32  184.92  48.8  6.47  660.24  658.32  32.0 
 5  1  195.36  203.28  49.76  8.47  670.03  670.7  0.0 
 6  4  185.42  197.11  49.66  7.27  659.04  656.37  0.0 
 1  3  184.83  193.81  49.56  2.2  654.79  659.48  233.0 
 2  1  188.21  184.6  48.62  18.06  656.06  657.35  355.0 
 3  1  193.28  192.13  48.78  6.9  658.58  655.97  0.0 
 4  4  185.47  183.41  48.29  5.04  657.06  660.48  104.0 
 5  3  188.48  193.06  49.19  18.13  659.44  654.63  0.0 
 6  1  193.18  195.87  49.12  8.77  655.5  652.81  0.0 
 1  3  186.64  194.64  49.48  3.25  656.7  657.83  0.0 
 2  1  187.02  185.08  48.46  7.79  657.71  658.75  0.0 
 3  1  187.78  195.76  48.56  14.15  657.62  658.35  0.0 
 4  4  186.43  182.79  48.48  5.84  656.99  662.75  13.0 
 5  3  187.11  192.88  49.58  5.32  659.3  657.37  0.0 
 6  1  190.63  195.22  49.03  4.97  654.42  651.13  49.0 
 1  2  187.63  187.68  48.71  10.23  660.02  655.41  0.0 
 2  4  186.35  196.45  49.6  7.73  660.46  658.48  0.0 
 3  3  193.6  180.41  49.05  9.85  659.38  657.7  0.0 
 4  1  182.6  193.75  48.82  14.04  654.2  651.18  0.0 
 5  4  191.05  187.13  49.25  16.53  659.05  657.29  0.0 
 6  3  184.96  192.16  50.21  11.13  658.18  656.63  0.0 
 1  1  189.04  186.11  48.91  6.73  656.01  653.25  0.0 
 2  2  204.26  184.13  48.69  13.24  653.74  654.74  0.0 
 3  4  193.1  187.07  49.04  7.73  655.86  652.63  0.0 
 4  2  190.7  194.78  49.71  6.01  657.53  657.67  0.0 
 5  2  183.15  193.99  51.19  21.68  654.6  651.28  0.0 
 6  2  183.23  195.61  50.35  15.21  653.98  654.2  0.0 
 1  4  186.26  192.42  50.04  12.61  654.25  658.39  0.0 
 2  3  184.8  194.48  49.82  3.83  656.11  659.27  0.0 
 3  2  189.76  186.24  49.25  9.02  657.67  655.37  0.0 
 4  3  188.54  190.13  48.79  12.06  655.25  660.56  0.0 
 5  1  189.39  186.49  50.41  19.51  668.72  663.53  0.0 
 6  4  186.81  195.16  49.77  7.39  656.27  654.14  0.0 
 1  4  186.14  184.83  48.71  12.94  655.03  655.76  0.0 
 2  3  190.36  185.53  48.81  7.09  656.11  656.39  0.0 
 3  2  190.44  193.04  50.66  17.73  655.38  654.44  0.0 
 4  3  183.72  198.03  49.3  6.53  655.05  658.89  0.0 
 5  1  192.98  200.28  51.03  12.92  670.76  667.81  0.0 
 6  4  192.63  198.12  48.31  8.01  657.81  653.8  0.0 
 1  3  194.47  182.57  48.62  16.66  654.46  653.88  0.0 
 2  1  182.18  194.56  50.5  6.29  656.25  650.83  0.0 
 3  1  183.65  196.24  51.02  13.04  651.75  658.65  0.0 
 4  4  187.17  195.65  50.97  33.43  653.84  656.04  0.0 
 5  3  189.21  179.28  48.71  6.66  651.88  654.59  0.0 
 6  1  189.45  177.86  48.38  8.23  652.0  645.43  0.0 
 1  1  184.5  183.99  48.8  10.61  655.65  658.96  0.0 
 2  2  184.64  182.79  49.48  5.54  655.32  656.66  23.0 
 3  4  184.14  183.83  48.96  8.0  657.82  657.53  0.0 
 4  2  188.22  194.66  49.19  5.01  656.18  660.21  30.0 
 5  2  187.26  191.65  49.36  9.09  660.61  659.17  0.0 
 6  2  182.48  194.04  50.12  10.21  656.88  655.46  0.0 
 1  4  187.37  193.17  49.39  4.55  660.11  656.04  0.0 
 2  3  191.19  194.52  49.39  8.89  659.04  656.51  0.0 
 3  2  185.84  184.73  48.69  9.19  660.91  656.29  0.0 
 4  3  185.69  185.32  48.28  5.41  661.69  656.29  0.0 
 5  1  192.66  195.12  48.91  12.56  668.68  669.48  0.0 
 6  4  187.44  195.7  48.78  5.38  659.58  656.87  0.0 
 1  3  187.75  185.73  48.48  11.02  656.76  654.71  0.0 
 2  1  194.55  196.04  49.34  6.84  656.48  654.89  0.0 
 3  1  187.53  195.16  49.09  7.69  656.96  654.06  0.0 
 4  4  185.86  194.33  48.89  10.7  659.23  653.36  72.0 
 5  3  195.05  195.16  48.21  13.91  656.22  661.02  0.0 
 6  1  187.08  184.71  48.2  9.31  651.71  654.98  0.0 
 1  2  190.94  194.63  49.93  8.13  655.32  654.19  0.0 
 2  4  196.12  182.28  48.87  8.32  656.99  652.06  0.0 
 3  3  186.53  194.23  50.54  8.88  653.56  658.65  0.0 
 4  1  191.33  186.9  47.92  43.65  649.94  649.53  0.0 
 5  4  189.32  197.0  51.22  286.74  653.68  660.54  0.0 
 6  3  190.14  181.75  49.73  2.31  657.78  653.24  103.0 
 1  1  185.4  183.27  48.11  3.0  660.46  656.4  0.0 
 2  2  182.95  184.86  48.34  6.69  656.38  654.31  105.0 
 3  4  185.33  184.05  48.7  14.26  658.75  657.72  0.0 
 4  2  193.43  193.71  49.36  9.61  662.09  666.58  0.0 
 5  2  184.25  191.39  49.78  11.05  658.71  652.03  0.0 
 6  2  180.9  197.45  49.64  16.66  658.46  657.89  0.0 
 1  1  190.8  195.86  49.9  15.63  663.71  654.75  0.0 
 2  2  191.07  198.89  47.73  49.7  660.33  658.47  0.0 
 3  4  182.98  195.49  50.36  11.9  662.49  652.32  0.0 
 4  2  193.84  184.2  49.01  6.1  659.26  657.27  0.0 
 5  2  185.44  179.77  49.29  6.53  656.81  657.66  0.0 
 6  2  182.93  185.08  49.78  6.24  657.93  657.46  0.0 
 1  1  184.39  186.82  48.56  5.84  657.42  660.03  0.0 
 2  2  188.93  182.76  48.03  12.91  656.43  658.28  0.0 
 3  4  187.49  181.01  48.75  11.0  656.96  656.1  0.0 
 4  2  188.76  195.78  49.15  5.27  656.02  660.34  0.0 
 5  2  184.93  192.36  49.43  9.15  657.47  655.02  0.0 
 6  2  180.83  196.23  49.71  5.32  655.96  655.7  0.0 
 1  4  186.54  195.3  51.07  10.77  655.07  655.14  0.0 
 2  3  183.83  193.77  51.11  9.24  653.33  655.02  0.0 
 3  2  191.18  185.2  48.93  15.91  657.54  655.92  0.0 
 4  3  188.67  187.4  49.5  7.55  654.91  658.62  0.0 
 5  1  192.09  186.12  49.81  6.25  666.52  663.37  0.0 
 6  4  188.64  193.3  50.91  18.41  655.18  654.21  0.0 
 1  3  188.55  184.05  49.11  6.88  656.37  652.67  0.0 
 2  1  187.64  195.67  50.19  7.73  655.94  652.79  0.0 
 3  1  187.69  193.97  49.34  12.46  656.44  655.36  0.0 
 4  4  186.3  194.96  49.23  12.42  658.21  654.86  0.0 
 5  3  192.97  185.68  49.37  7.23  656.17  654.42  0.0 
 6  1  183.14  188.91  48.27  5.08  648.42  648.64  0.0 
 1  3  178.28  193.85  49.55  12.3  654.71  658.02  0.0 
 2  1  184.67  187.08  48.9  11.4  656.2  656.76  0.0 
 3  1  184.87  183.82  49.19  10.91  656.71  657.44  0.0 
 4  4  187.75  173.25  49.11  14.12  654.65  657.84  229.0 
 5  3  183.39  188.39  49.85  12.77  656.57  654.13  0.0 
 6  1  184.87  192.19  49.79  19.37  655.14  650.53  0.0 
 1  4  171.33  176.59  49.14  5.15  657.58  652.02  0.0 
 2  3  193.65  195.45  48.62  6.43  656.57  654.89  0.0 
 3  2  186.83  189.98  51.31  42.29  657.12  654.17  0.0 
 4  3  182.47  195.91  49.69  15.93  656.99  653.85  0.0 
 5  1  197.14  194.52  53.21  21.11  667.87  667.23  0.0 
 6  4  188.47  180.63  48.47  17.36  654.37  657.91  0.0 
 1  1  191.32  185.29  49.21  5.78  657.73  651.42  0.0 
 2  2  191.39  188.87  48.98  12.79  655.05  652.46  0.0 
 3  4  187.64  187.85  48.75  9.76  658.24  653.52  0.0 
 4  2  187.92  196.07  49.62  9.88  656.11  654.02  42.0 
 5  2  186.37  194.8  49.85  10.0  656.06  653.36  0.0 
 6  2  183.87  196.61  50.39  7.15  655.56  654.27  0.0 
 1  4  192.54  193.24  48.99  8.92  656.69  658.0  0.0 
 2  3  187.11  181.74  48.78  9.88  661.1  656.14  90.0 
 3  2  186.16  195.42  49.27  7.11  657.71  659.74  0.0 
 4  3  191.01  200.85  49.47  6.6  656.99  662.04  0.0 
 5  1  191.36  199.51  50.54  5.32  667.9  672.99  0.0 
 6  4  188.6  186.73  48.74  5.52  663.16  656.53  168.0 
 1  3  190.69  197.04  50.08  29.86  660.08  657.92  0.0 
 2  1  194.91  193.17  48.87  9.44  658.1  656.47  0.0 
 3  1  192.32  187.21  48.87  9.9  658.55  651.3  0.0 
 4  4  194.29  187.53  48.98  3.38  656.77  655.64  0.0 
 5  3  192.2  193.76  50.02  21.98  655.81  656.35  0.0 
 6  1  188.48  197.36  48.94  6.38  653.6  656.51  0.0 
 1  1  188.14  193.49  50.2  8.86  654.48  654.08  0.0 
 2  2  185.84  191.43  50.73  21.1  655.06  651.86  0.0 
 3  4  188.36  191.88  50.6  12.06  652.78  655.07  0.0 
 4  2  191.33  187.94  48.71  5.49  656.37  654.37  0.0 
 5  2  194.96  184.36  49.13  8.07  653.13  655.19  7.0 
 6  2  184.54  192.95  49.71  12.12  655.75  647.68  0.0 
 1  2  184.12  183.99  48.22  8.75  657.65  659.1  0.0 
 2  4  185.53  194.15  49.63  6.73  654.12  655.65  0.0 
 3  3  186.73  187.87  48.62  2.16  657.59  655.98  0.0 
 4  1  186.01  192.69  48.9  6.35  648.52  652.7  0.0 
 5  4  187.52  182.92  48.8  7.05  659.56  654.57  0.0 
 6  3  191.28  189.98  49.5  5.17  657.04  654.91  0.0 
 1  1  191.01  195.31  50.07  4.51  657.4  655.52  49.0 
 2  2  186.9  195.34  49.64  13.82  660.1  654.91  67.0 
 3  4  190.92  193.99  49.58  11.76  655.43  661.79  0.0 
 4  2  195.18  193.93  49.01  8.63  658.07  659.18  0.0 
 5  2  189.03  183.14  49.22  25.94  652.48  660.24  0.0 
 6  2  181.81  186.82  49.71  9.71  660.09  653.09  0.0 
 1  4  192.21  187.85  49.11  5.85  661.27  656.2  0.0 
 2  3  189.14  187.71  48.69  11.6  659.15  657.17  0.0 
 3  2  187.41  194.69  49.3  10.02  659.74  655.41  0.0 
 4  3  185.92  198.08  49.56  5.46  658.93  656.12  0.0 
 5  1  191.45  198.21  50.36  13.84  666.06  670.96  0.0 
 6  4  193.57  185.99  48.87  6.94  657.33  660.22  0.0 
 1  2  187.38  192.58  49.45  8.15  656.06  658.33  0.0 
 2  4  184.05  184.91  48.8  8.11  657.06  660.01  0.0 
 3  3  185.32  193.39  49.37  4.9  656.51  657.49  0.0 
 4  1  179.27  183.84  48.13  5.43  647.7  654.8  0.0 
 5  4  188.88  195.07  49.33  8.77  660.39  654.93  0.0 
 6  3  184.47  181.11  48.88  17.52  657.04  654.23  0.0 
 1  1  194.4  200.2  48.89  8.5  658.13  658.27  0.0 
 2  2  185.82  184.31  48.74  12.4  660.79  654.83  139.0 
 3  4  187.58  181.18  48.72  13.32  655.31  657.17  171.0 
 4  2  200.92  196.68  49.6  11.24  657.86  658.04  0.0 
 5  2  185.16  194.54  49.4  5.63  654.83  660.4  0.0 
 6  2  180.47  196.14  50.23  9.57  661.64  654.51  0.0 
 1  4  190.52  184.59  49.48  6.63  652.77  654.83  71.0 
 2  3  190.19  189.32  49.18  5.54  653.41  654.05  0.0 
 3  2  187.35  196.45  50.03  7.0  654.05  653.72  0.0 
 4  3  185.73  196.45  50.15  6.82  653.27  659.77  0.0 
 5  1  195.41  200.54  50.65  12.03  667.17  666.9  0.0 
 6  4  197.84  186.31  49.03  5.32  658.2  653.58  0.0 
 1  3  184.27  192.85  50.02  7.05  654.82  651.18  212.0 
 2  1  188.29  185.66  48.65  12.0  654.75  655.68  0.0 
 3  1  184.27  181.3  49.0  7.9  656.08  650.75  0.0 
 4  4  191.76  182.2  48.8  8.0  655.12  650.98  0.0 
 5  3  181.32  186.5  52.31  419.37  653.78  657.9  0.0 
 6  1  184.89  189.03  49.54  5.48  651.48  654.91  0.0 
 1  1  187.63  187.23  48.26  8.25  661.26  658.17  0.0 
 2  2  197.45  195.26  48.89  7.05  659.29  662.12  0.0 
 3  4  191.93  175.25  48.59  5.68  659.43  654.61  0.0 
 4  2  189.77  195.74  48.94  8.27  660.91  655.07  8.0 
 5  2  192.88  193.68  49.5  6.44  655.44  657.63  0.0 
 6  2  176.28  198.82  50.28  13.74  657.9  659.28  0.0 
 1  2  187.8  182.48  50.05  5.91  654.42  657.52  0.0 
 2  4  183.94  195.11  49.96  32.47  656.32  656.52  0.0 
 3  3  193.21  186.83  49.63  5.05  659.75  660.51  0.0 
 4  1  185.43  195.9  49.85  6.69  649.3  656.04  0.0 
 5  4  191.07  185.11  49.34  7.49  658.4  653.18  0.0 
 6  3  190.75  191.47  51.82  11.71  657.31  653.25  0.0 
 1  3  185.58  192.93  49.38  6.76  655.16  657.29  0.0 
 2  1  183.88  184.3  49.33  6.67  656.07  657.79  34.0 
 3  1  191.91  195.59  48.16  3.77  657.69  658.28  0.0 
 4  4  184.95  184.24  48.53  5.71  655.99  660.48  0.0 
 5  3  189.37  191.41  49.6  9.28  659.03  654.28  0.0 
 6  1  190.22  193.78  48.95  4.12  648.48  647.44  0.0 
 1  1  189.02  191.89  50.9  11.39  653.31  651.24  0.0 
 2  2  192.43  191.89  51.47  12.79  653.89  652.77  0.0 
 3  4  189.28  191.09  50.62  16.4  653.87  656.36  0.0 
 4  2  196.98  192.68  49.1  8.16  655.95  655.42  0.0 
 5  2  185.88  193.44  49.25  10.5  653.86  651.5  0.0 
 6  2  187.64  188.07  49.46  7.64  653.66  654.28  161.0 
 1  2  194.62  182.04  49.01  4.04  652.99  653.34  0.0 
 2  4  185.81  193.2  50.16  5.78  657.02  652.59  0.0 
 3  3  192.26  185.67  49.25  11.79  653.64  653.59  0.0 
 4  1  182.54  193.72  49.45  7.36  645.92  647.98  0.0 
 5  4  191.5  189.14  49.25  13.41  653.21  654.2  0.0 
 6  3  187.66  188.32  50.45  9.14  655.61  650.4  0.0 
 1  1  186.58  195.04  49.5  5.04  659.29  658.28  0.0 
 2  2  185.04  193.69  49.28  9.96  658.61  654.33  65.0 
 3  4  185.69  193.9  49.76  5.28  656.53  657.14  17.0 
 4  2  189.1  185.63  48.74  9.16  656.76  658.72  0.0 
 5  2  182.12  185.84  48.43  10.73  655.27  657.13  0.0 
 6  2  179.89  185.71  48.87  7.84  660.88  653.69  0.0 
 1  3  185.37  191.55  49.71  6.56  656.86  659.52  0.0 
 2  1  184.32  185.11  48.51  10.38  660.56  661.07  0.0 
 3  1  187.89  181.34  48.75  2.68  659.55  658.24  0.0 
 4  4  182.5  183.31  48.8  9.92  657.16  657.13  0.0 
 5  3  185.16  189.57  49.84  4.89  659.01  660.17  0.0 
 6  1  185.55  193.13  49.41  12.07  654.28  653.94  0.0 
 1  2  188.44  184.45  48.86  5.31  658.5  657.22  0.0 
 2  4  186.76  194.9  49.51  4.74  660.48  656.42  0.0 
 3  3  186.86  180.48  48.75  9.46  654.6  658.16  0.0 
 4  1  185.46  194.25  48.49  11.33  652.51  652.99  0.0 
 5  4  186.94  185.78  48.34  6.08  655.89  656.0  0.0 
 6  3  188.63  191.51  50.0  9.61  657.8  654.08  0.0 
 1  3  190.89  204.94  49.62  5.17  655.72  656.72  0.0 
 2  1  201.16  190.44  48.42  6.12  658.94  657.93  0.0 
 3  1  206.21  201.49  48.73  12.35  657.67  659.31  0.0 
 4  4  196.59  188.06  48.43  7.8  655.13  655.12  0.0 
 5  3  193.5  204.78  49.16  13.26  657.37  657.74  0.0 
 6  1  196.04  205.73  49.38  24.88  652.27  650.28  0.0 
 1  1  184.75  186.01  48.43  6.9  655.15  660.23  0.0 
 2  2  185.63  181.4  48.99  10.22  653.75  657.45  0.0 
 3  4  189.9  183.06  48.52  7.03  658.95  659.29  0.0 
 4  2  188.22  196.36  49.27  7.57  657.92  660.77  0.0 
 5  2  184.78  192.91  49.29  12.66  658.09  654.03  0.0 
 6  2  183.33  196.57  49.93  12.5  657.82  656.11  0.0 
 1  3  186.89  192.53  49.68  5.17  658.39  655.63  0.0 
 2  1  184.03  185.26  49.19  12.67  657.15  656.13  41.0 
 3  1  185.19  181.57  48.58  10.6  659.97  656.2  0.0 
 4  4  181.67  184.46  48.7  6.26  657.87  657.2  0.0 
 5  3  188.47  192.03  49.58  8.07  656.94  656.0  0.0 
 6  1  183.85  193.25  48.84  7.24  651.54  650.99  36.0 
 1  2  187.69  192.37  49.46  2.2  659.11  656.22  0.0 
 2  4  185.25  184.48  48.56  17.74  658.67  655.67  0.0 
 3  3  186.24  192.8  49.28  6.37  659.19  655.89  0.0 
 4  1  184.47  183.98  48.6  11.04  657.81  651.01  0.0 
 5  4  189.45  197.22  49.74  7.07  660.42  658.48  0.0 
 6  3  186.22  180.8  48.96  5.12  659.53  659.93  193.0 
 1  2  191.16  188.21  48.75  15.11  655.78  652.91  73.0 
 2  4  188.08  196.85  49.33  12.36  656.8  652.45  25.0 
 3  3  190.46  184.17  48.91  7.75  654.27  657.83  0.0 
 4  1  184.45  193.46  48.45  12.32  646.36  647.78  0.0 
 5  4  192.57  189.96  48.92  5.98  653.95  656.55  0.0 
 6  3  189.48  191.03  50.31  8.01  656.88  651.87  0.0 
 1  4  191.09  193.12  48.85  8.58  658.0  657.94  0.0 
 2  3  184.52  181.73  48.83  8.65  661.4  653.72  0.0 
 3  2  184.01  194.36  49.28  10.4  656.35  659.17  0.0 
 4  3  189.77  198.42  49.0  6.7  659.44  659.34  0.0 
 5  1  191.52  198.15  50.35  5.85  665.39  669.9  0.0 
 6  4  187.33  183.35  48.18  4.23  662.85  652.91  0.0 
 1  1  189.83  193.34  48.65  10.07  657.56  655.91  0.0 
 2  2  188.09  183.85  49.18  10.72  660.24  652.34  0.0 
 3  4  187.41  183.17  48.91  8.26  653.81  658.46  74.0 
 4  2  193.4  195.69  49.52  14.49  657.82  657.52  0.0 
 5  2  182.31  192.78  49.59  21.33  655.6  660.5  0.0 
 6  2  178.98  197.21  50.15  9.71  660.03  654.55  0.0 
 1  1  186.18  194.76  49.58  5.3  653.2  655.61  0.0 
 2  2  186.26  194.68  49.65  12.86  655.28  655.19  0.0 
 3  4  184.21  193.9  49.59  5.56  655.16  655.16  0.0 
 4  2  189.57  185.37  48.54  8.22  652.59  655.7  0.0 
 5  2  188.84  187.12  49.31  12.5  655.29  653.45  0.0 
 6  2  184.71  184.95  49.26  19.79  654.97  652.37  0.0 
 1  4  188.02  196.55  51.61  28.4  653.88  654.75  0.0 
 2  3  186.84  194.81  49.46  13.64  658.05  651.27  0.0 
 3  2  193.95  178.29  48.8  5.65  653.51  658.14  0.0 
 4  3  195.27  191.67  48.75  15.58  656.23  657.2  0.0 
 5  1  197.76  182.45  49.81  5.98  668.01  669.46  0.0 
 6  4  185.5  195.89  50.86  10.04  656.94  650.01  0.0 
 1  4  187.6  184.12  48.8  11.52  656.13  659.5  0.0 
 2  3  186.26  184.12  49.38  5.58  657.49  657.9  0.0 
 3  2  190.8  195.2  49.86  16.57  659.62  654.5  0.0 
 4  3  185.08  196.46  48.97  9.63  657.15  662.82  0.0 
 5  1  192.48  194.95  50.71  9.26  669.91  663.82  0.0 
 6  4  188.8  195.29  49.19  7.37  658.71  654.84  0.0 
 1  3  187.62  184.03  49.25  9.25  655.18  658.18  0.0 
 2  1  187.58  195.45  49.79  15.67  656.04  658.98  0.0 
 3  1  193.87  194.73  49.64  10.14  658.04  656.25  202.0 
 4  4  188.06  193.2  48.91  12.1  654.92  661.61  0.0 
 5  3  192.73  184.68  49.51  10.58  659.74  653.72  0.0 
 6  1  189.2  192.27  48.75  5.76  650.11  647.34  0.0 
 1  1  185.66  182.79  49.12  8.88  661.32  652.93  0.0 
 2  2  190.27  190.06  48.39  13.54  658.08  654.31  40.0 
 3  4  183.47  183.37  48.84  16.96  661.69  655.55  0.0 
 4  2  188.54  193.61  49.04  10.1  661.58  659.82  23.0 
 5  2  188.6  194.83  49.43  11.15  659.39  656.64  0.0 
 6  2  179.82  194.13  50.25  7.01  657.68  657.67  24.0 
 1  3  183.25  194.73  49.39  16.03  659.16  654.64  0.0 
 2  1  195.94  198.34  49.03  6.05  657.0  657.29  46.0 
 3  1  184.58  185.08  48.59  7.7  659.07  651.79  0.0 
 4  4  187.66  175.98  48.58  6.33  658.24  655.92  63.0 
 5  3  194.04  197.53  49.31  6.57  655.36  656.64  0.0 
 6  1  186.46  192.84  48.84  6.78  650.82  652.91  28.0 
 1  4  182.71  193.01  49.77  7.73  656.42  652.63  0.0 
 2  3  181.58  191.72  49.64  17.62  657.59  651.97  0.0 
 3  2  175.92  177.4  48.57  9.7  655.43  657.19  0.0 
 4  3  177.62  180.78  48.26  35.92  655.93  655.65  8.0 
 5  1  188.49  178.93  50.25  20.85  663.41  666.75  0.0 
 6  4  187.99  192.74  49.11  7.62  657.96  653.64  0.0 
 1  3  186.29  184.91  48.77  4.11  654.36  658.52  0.0 
 2  1  187.18  194.3  49.83  4.74  655.86  660.45  0.0 
 3  1  187.23  193.43  49.45  7.43  657.87  657.55  0.0 
 4  4  186.28  194.0  49.52  9.46  655.35  664.0  0.0 
 5  3  186.74  181.37  48.7  8.44  660.39  652.26  0.0 
 6  1  182.89  185.55  48.21  14.44  652.94  649.29  0.0 
 1  2  192.95  193.1  51.38  30.53  658.58  653.33  0.0 
 2  4  192.5  188.77  49.55  7.44  655.08  651.51  0.0 
 3  3  192.91  192.34  52.4  20.75  654.04  655.73  0.0 
 4  1  189.16  196.26  48.36  16.31  649.39  652.99  0.0 
 5  4  192.18  195.77  52.6  32.21  652.08  653.79  0.0 
 6  3  189.92  183.89  49.13  5.11  656.92  651.72  0.0 
 1  4  188.79  185.84  48.75  3.56  656.82  657.26  0.0 
 2  3  188.31  186.25  48.38  9.04  657.35  653.69  127.0 
 3  2  189.32  194.45  49.41  11.55  655.88  655.91  0.0 
 4  3  185.02  195.78  49.2  10.7  657.26  653.49  0.0 
 5  1  194.33  200.33  50.27  5.52  669.17  673.71  0.0 
 6  4  189.63  186.74  48.54  8.02  658.41  652.94  8.0 
 1  1  185.47  193.72  49.51  4.02  656.73  656.76  0.0 
 2  2  187.33  194.61  49.36  11.47  656.4  657.24  0.0 
 3  4  192.22  197.81  49.5  5.96  658.15  662.27  0.0 
 4  2  189.41  182.75  48.68  8.58  655.64  659.9  0.0 
 5  2  183.95  184.91  48.75  5.65  658.21  653.35  0.0 
 6  2  181.9  187.49  49.39  5.12  657.03  653.58  0.0 
 1  1  189.88  180.5  49.18  4.99  656.38  651.84  0.0 
 2  2  191.06  183.5  49.71  6.67  654.66  652.44  0.0 
 3  4  183.02  166.74  49.2  6.94  655.88  653.14  0.0 
 4  2  180.47  191.51  49.9  14.42  656.04  653.23  0.0 
 5  2  181.42  188.11  52.41  29.61  654.15  655.68  0.0 
 6  2  168.25  190.9  50.52  18.62  653.56  655.05  0.0 
 1  1  199.05  197.27  49.61  5.55  657.53  656.48  0.0 
 2  2  180.65  197.01  49.11  5.84  660.1  654.32  150.0 
 3  4  188.43  192.89  49.02  9.27  656.4  659.11  359.0 
 4  2  198.76  203.49  48.44  5.58  657.11  658.54  0.0 
 5  2  190.03  177.76  49.04  7.95  657.26  657.87  0.0 
 6  2  177.07  184.83  49.36  7.43  661.98  654.29  0.0 
 1  3  189.29  193.56  50.63  49.59  655.31  654.3  0.0 
 2  1  190.86  177.29  49.32  7.24  656.34  652.99  166.0 
 3  1  182.77  177.18  48.9  4.7  652.11  654.57  0.0 
 4  4  193.17  183.03  48.96  6.69  657.04  656.06  0.0 
 5  3  187.61  196.31  50.24  46.2  653.12  658.06  0.0 
 6  1  184.47  194.34  49.01  25.15  653.46  646.77  0.0 
 1  4  189.85  191.49  51.16  9.3  656.56  652.93  0.0 
 2  3  189.28  192.42  51.05  7.76  655.44  653.8  0.0 
 3  2  192.66  189.44  49.3  5.75  656.67  651.3  0.0 
 4  3  190.51  195.4  49.01  11.55  655.53  655.12  0.0 
 5  1  194.01  190.02  49.94  4.18  666.69  663.99  0.0 
 6  4  189.72  192.18  50.44  10.92  653.74  652.26  0.0 
 1  3  188.22  194.73  50.57  7.88  652.37  654.64  0.0 
 2  1  194.29  182.33  49.08  6.74  652.98  653.44  83.0 
 3  1  191.48  187.61  49.16  9.37  653.73  655.05  0.0 
 4  4  191.9  183.65  48.73  15.39  651.84  653.5  0.0 
 5  3  184.96  190.89  50.4  14.56  655.59  652.73  0.0 
 6  1  186.01  193.81  49.93  7.39  649.78  648.0  0.0 
 1  4  185.02  194.12  49.53  4.92  657.71  653.75  0.0 
 2  3  194.31  196.48  48.86  22.06  657.62  656.62  0.0 
 3  2  184.39  185.91  48.5  4.84  657.82  653.35  0.0 
 4  3  186.32  185.57  48.82  9.26  658.65  658.62  50.0 
 5  1  194.11  197.19  49.59  5.49  665.96  666.29  0.0 
 6  4  188.37  194.83  49.01  5.23  655.95  656.7  0.0 
 1  3  189.68  192.55  49.61  17.27  661.83  659.19  0.0 
 2  1  195.03  195.14  48.31  13.69  662.0  659.14  48.0 
 3  1  185.86  183.63  48.99  5.27  658.96  654.03  33.0 
 4  4  183.11  182.54  48.61  9.77  659.51  658.72  0.0 
 5  3  193.11  194.31  49.28  15.34  657.25  656.0  0.0 
 6  1  186.19  192.53  48.99  5.95  654.12  653.09  0.0 
 1  2  194.55  184.2  49.23  4.03  655.82  654.07  0.0 
 2  4  186.52  192.62  50.28  12.34  655.55  654.98  0.0 
 3  3  186.2  181.46  48.85  6.86  657.17  653.69  99.0 
 4  1  180.07  193.02  49.34  4.9  647.52  646.91  0.0 
 5  4  191.17  186.64  49.12  5.02  655.24  655.82  0.0 
 6  3  184.71  186.0  50.55  10.83  654.51  654.42  0.0 
 1  2  192.2  186.6  49.33  4.5  656.22  657.37  0.0 
 2  4  186.78  194.37  50.05  9.51  658.46  654.4  0.0 
 3  3  191.39  186.88  48.74  8.57  656.54  658.65  0.0 
 4  1  182.25  195.03  48.8  18.06  650.39  649.48  0.0 
 5  4  190.25  190.54  49.23  11.32  655.88  661.52  0.0 
 6  3  188.79  191.09  50.4  8.93  660.18  654.51  0.0 
 1  2  183.95  195.52  49.55  7.06  657.91  655.7  0.0 
 2  4  179.03  183.5  48.44  3.59  659.12  652.34  0.0 
 3  3  185.87  193.66  50.09  9.79  656.47  663.53  0.0 
 4  1  183.7  181.35  47.89  14.68  653.9  653.38  0.0 
 5  4  188.68  193.06  49.47  7.15  657.56  664.52  0.0 
 6  3  184.03  179.92  49.29  8.36  661.41  654.08  0.0 
 1  3  193.26  184.54  48.9  7.07  656.54  652.08  0.0 
 2  1  188.81  194.16  49.31  5.41  655.95  653.66  0.0 
 3  1  184.51  195.0  49.73  22.75  657.02  656.31  0.0 
 4  4  186.78  193.25  49.61  4.7  656.16  656.89  0.0 
 5  3  191.65  193.59  48.72  6.4  654.92  653.03  0.0 
 6  1  189.52  183.96  48.18  8.6  650.6  650.31  0.0 
 1  2  185.57  184.01  48.75  14.06  661.07  656.22  0.0 
 2  4  189.41  194.54  49.46  13.35  656.6  657.44  0.0 
 3  3  186.33  184.58  48.92  11.23  658.7  656.06  0.0 
 4  1  184.12  190.89  48.85  14.18  652.97  651.0  0.0 
 5  4  191.2  183.44  48.83  7.7  657.33  658.25  0.0 
 6  3  188.41  188.86  49.59  9.32  658.53  656.68  0.0 
 1  3  192.94  194.66  50.53  20.83  652.31  654.68  0.0 
 2  1  187.5  181.23  49.18  5.09  654.3  651.97  0.0 
 3  1  193.28  180.95  49.02  13.23  653.42  653.61  0.0 
 4  4  191.2  195.56  48.72  13.46  654.08  653.59  114.0 
 5  3  185.11  191.81  50.01  14.01  653.69  655.45  0.0 
 6  1  184.4  193.61  49.49  5.14  652.38  646.82  0.0 
 1  3  185.79  193.8  49.79  5.48  657.33  651.98  0.0 
 2  1  189.79  194.54  48.94  9.72  658.88  656.72  0.0 
 3  1  190.53  190.4  49.08  11.33  658.55  659.27  0.0 
 4  4  190.96  184.46  49.16  5.69  660.4  658.18  0.0 
 5  3  193.14  193.26  49.73  14.06  654.81  654.19  26.0 
 6  1  187.54  195.65  49.93  128.4  656.57  653.83  0.0 
 1  3  191.72  187.34  49.11  5.05  658.94  651.38  0.0 
 2  1  189.45  192.39  49.63  6.81  654.98  652.4  0.0 
 3  1  189.84  192.97  49.45  4.36  657.23  651.17  0.0 
 4  4  185.48  195.09  49.11  8.33  658.26  654.18  78.0 
 5  3  189.48  191.47  48.6  20.22  654.26  655.86  0.0 
 6  1  191.21  185.61  47.98  7.73  650.23  651.26  0.0 
 1  3  194.26  183.15  48.85  21.06  658.14  659.58  0.0 
 2  1  184.38  193.24  50.53  6.07  655.86  655.09  0.0 
 3  1  192.99  196.55  50.13  18.45  659.17  660.33  0.0 
 4  4  185.42  194.26  49.07  11.11  656.39  659.67  0.0 
 5  3  189.43  184.06  49.11  11.54  659.63  657.76  0.0 
 6  1  195.42  197.07  48.21  15.24  653.02  652.67  0.0 
 1  4  180.95  182.32  48.62  7.32  656.3  658.79  0.0 
 2  3  185.21  181.43  48.47  7.89  658.71  657.65  0.0 
 3  2  187.79  194.63  49.43  9.85  657.8  660.28  0.0 
 4  3  185.6  197.45  49.24  12.92  656.69  664.6  0.0 
 5  1  191.52  198.53  50.39  11.59  673.85  668.32  0.0 
 6  4  186.9  184.1  48.2  8.07  658.46  656.66  0.0 
 1  2  186.01  193.78  49.43  5.91  658.75  655.64  0.0 
 2  4  188.52  185.15  48.6  8.01  656.59  656.7  10.0 
 3  3  185.5  193.08  49.41  7.27  657.09  654.01  0.0 
 4  1  186.15  182.67  48.3  19.86  656.5  653.57  0.0 
 5  4  189.71  194.26  49.74  9.41  655.35  657.09  0.0 
 6  3  187.63  180.74  48.43  21.15  655.72  658.45  0.0 
 1  3  187.23  194.36  49.34  9.38  656.95  656.98  113.0 
 2  1  186.06  182.24  48.41  8.17  660.52  655.07  10.0 
 3  1  185.26  183.65  48.56  8.52  655.66  660.65  128.0 
 4  4  190.49  183.6  48.82  67.74  656.02  660.84  0.0 
 5  3  186.79  191.47  49.53  12.61  654.48  655.92  77.0 
 6  1  186.3  191.96  48.95  5.75  655.99  648.87  0.0 
 1  2  193.06  197.63  49.31  8.72  657.17  658.21  0.0 
 2  4  189.44  185.53  49.0  11.5  660.56  653.9  177.0 
 3  3  185.86  194.22  49.63  9.98  656.84  655.84  0.0 
 4  1  192.26  192.59  48.35  7.26  651.24  652.33  0.0 
 5  4  188.26  193.66  49.51  5.53  655.41  658.43  0.0 
 6  3  189.31  177.02  48.78  8.97  659.11  652.76  0.0 
 1  1  186.68  184.76  48.58  10.11  658.34  653.12  0.0 
 2  2  194.77  203.75  48.68  11.86  657.07  654.79  0.0 
 3  4  185.89  183.03  48.61  8.61  659.39  657.13  0.0 
 4  2  188.13  196.26  49.12  11.05  660.2  655.59  0.0 
 5  2  196.49  195.44  49.81  18.59  656.31  658.23  0.0 
 6  2  181.09  196.29  49.81  4.94  658.28  657.33  0.0 
 1  2  185.45  188.37  49.35  9.38  656.59  655.21  16.0 
 2  4  183.28  195.6  49.84  11.41  660.19  652.08  0.0 
 3  3  188.61  177.33  49.09  9.77  655.28  657.89  200.0 
 4  1  188.26  193.9  49.72  13.08  650.57  651.14  0.0 
 5  4  194.56  187.4  49.64  15.34  655.07  657.33  0.0 
 6  3  187.99  191.27  50.29  14.82  659.26  652.73  0.0 
 1  3  183.57  189.76  49.33  10.71  658.73  659.36  0.0 
 2  1  181.68  183.73  48.81  11.75  657.94  660.09  0.0 
 3  1  183.87  181.77  48.65  7.55  658.85  657.97  0.0 
 4  4  175.87  178.55  48.21  12.02  656.68  659.98  0.0 
 5  3  187.25  189.64  49.58  7.8  656.55  655.88  0.0 
 6  1  186.64  190.24  49.17  6.13  655.0  649.73  0.0 
 1  4  188.4  182.36  48.68  7.86  657.47  663.43  0.0 
 2  3  186.28  184.36  48.71  10.54  657.92  660.97  0.0 
 3  2  186.35  195.38  49.74  133.31  658.26  656.89  0.0 
 4  3  185.3  196.8  49.26  13.39  657.67  664.45  0.0 
 5  1  189.96  199.65  50.05  10.78  674.77  667.91  0.0 
 6  4  189.49  185.62  48.56  5.02  660.15  657.08  0.0 
 1  2  185.95  184.41  48.56  9.91  655.08  659.9  0.0 
 2  4  183.56  192.62  49.65  6.31  654.52  657.15  0.0 
 3  3  188.05  187.13  48.37  7.97  657.7  656.44  0.0 
 4  1  185.07  192.97  48.66  10.95  649.88  654.8  113.0 
 5  4  187.4  183.01  48.92  5.93  660.74  656.0  0.0 
 6  3  189.15  190.37  49.71  4.23  657.85  654.68  0.0 
 1  3  187.11  194.43  49.58  3.55  654.38  658.89  0.0 
 2  1  185.31  185.76  49.2  11.32  655.15  658.87  0.0 
 3  1  187.11  185.47  49.31  30.12  657.81  657.91  0.0 
 4  4  185.75  184.65  48.69  17.89  655.23  657.4  0.0 
 5  3  188.92  191.3  49.17  19.9  659.63  653.4  0.0 
 6  1  186.52  194.95  49.33  7.25  656.67  652.72  0.0 
 1  1  192.0  193.24  48.72  6.69  660.6  658.96  0.0 
 2  2  182.27  181.26  49.36  5.09  657.62  655.46  0.0 
 3  4  186.6  183.27  48.77  4.85  655.02  658.35  0.0 
 4  2  195.23  197.04  49.32  7.16  655.91  655.55  0.0 
 5  2  182.51  190.94  49.49  36.45  654.71  657.21  0.0 
 6  2  179.86  194.72  50.23  5.28  657.73  652.45  0.0 
 1  4  192.82  188.86  49.39  4.93  657.18  654.28  0.0 
 2  3  194.52  186.31  48.89  11.64  655.13  653.4  0.0 
 3  2  187.77  193.74  50.15  11.65  654.08  656.16  0.0 
 4  3  188.79  195.37  49.57  10.81  656.26  656.47  0.0 
 5  1  193.23  196.63  51.65  20.68  665.47  667.75  0.0 
 6  4  186.8  188.9  48.92  5.13  657.38  651.49  0.0 
 1  4  185.36  186.49  49.07  12.78  654.95  653.44  0.0 
 2  3  185.33  188.26  49.15  8.36  655.88  651.95  0.0 
 3  2  188.22  190.0  53.37  12.26  652.34  655.24  0.0 
 4  3  187.93  196.15  49.78  7.27  655.46  661.41  0.0 
 5  1  195.84  191.52  53.03  37.34  667.21  666.65  0.0 
 6  4  192.51  187.42  48.47  15.89  658.16  648.86  0.0 
 1  1  185.96  194.02  49.36  12.69  658.83  652.8  0.0 
 2  2  192.95  196.92  49.34  7.03  656.72  653.52  0.0 
 3  4  184.79  193.49  49.19  8.29  656.48  656.29  0.0 
 4  2  187.26  185.54  48.49  12.54  657.74  657.48  26.0 
 5  2  188.82  192.68  48.67  8.06  655.59  655.04  0.0 
 6  2  180.07  181.13  49.06  5.49  655.41  653.77  0.0 
 1  3  187.12  196.5  49.31  14.36  658.03  657.86  43.0 
 2  1  189.24  182.55  48.25  9.78  662.54  655.74  0.0 
 3  1  185.21  185.43  48.5  16.8  655.96  657.93  0.0 
 4  4  188.05  181.12  48.29  8.47  657.67  657.6  0.0 
 5  3  185.77  192.68  49.18  4.94  656.39  659.09  0.0 
 6  1  186.34  192.54  48.96  4.3  657.32  649.18  0.0 
 1  4  186.89  183.98  48.65  7.87  658.27  653.4  0.0 
 2  3  187.86  185.79  49.12  8.08  655.13  654.4  6.0 
 3  2  187.43  193.63  49.2  2.23  659.28  655.43  0.0 
 4  3  187.72  194.58  49.27  4.81  659.83  653.96  0.0 
 5  1  193.88  199.41  50.17  15.04  666.92  668.91  0.0 
 6  4  188.94  186.08  48.27  7.47  655.66  659.24  0.0 
 1  4  188.25  182.72  48.91  6.26  654.69  659.6  283.0 
 2  3  186.23  184.14  49.11  4.77  656.96  657.32  470.0 
 3  2  186.63  196.1  49.42  8.3  657.36  659.01  0.0 
 4  3  184.72  196.05  49.06  11.33  655.63  659.53  54.0 
 5  1  189.51  197.6  50.06  6.04  668.21  666.16  173.0 
 6  4  188.96  186.79  48.06  5.54  658.49  655.99  0.0 
 1  3  187.81  181.67  48.61  13.07  657.03  659.6  0.0 
 2  1  183.46  194.87  49.47  16.67  658.19  658.94  115.0 
 3  1  182.86  194.44  50.07  14.14  656.64  658.22  0.0 
 4  4  181.14  192.54  49.88  10.2  656.13  658.96  0.0 
 5  3  183.55  173.68  48.89  13.61  658.67  655.1  0.0 
 6  1  185.43  177.15  48.35  12.06  655.5  650.09  0.0 
 1  3  189.81  180.59  49.06  11.64  660.26  654.34  0.0 
 2  1  185.06  193.71  49.64  14.56  659.14  655.77  0.0 
 3  1  183.22  194.66  49.92  11.06  657.49  656.62  0.0 
 4  4  183.31  194.28  49.28  10.48  659.9  654.81  0.0 
 5  3  193.2  187.38  49.45  25.95  656.37  660.73  0.0 
 6  1  188.73  186.42  48.34  18.33  652.13  655.73  0.0 
 1  1  188.72  194.95  49.47  6.17  657.29  656.75  0.0 
 2  2  186.99  194.69  49.29  7.93  660.49  652.83  0.0 
 3  4  188.45  195.26  49.32  5.28  656.4  662.2  0.0 
 4  2  191.24  187.12  48.68  5.58  658.71  658.72  0.0 
 5  2  183.85  185.04  48.81  12.05  656.12  660.5  0.0 
 6  2  180.27  186.11  49.02  12.23  663.02  651.85  0.0 
 1  2  192.91  195.05  48.92  7.38  656.08  656.39  0.0 
 2  4  185.82  194.34  49.46  8.9  660.56  653.39  0.0 
 3  3  185.78  185.47  48.48  9.86  655.1  658.09  0.0 
 4  1  193.6  195.54  49.21  12.93  652.56  651.93  0.0 
 5  4  191.95  183.11  48.83  9.61  653.3  657.62  0.0 
 6  3  189.99  187.81  49.37  10.66  662.2  653.81  26.0 
 1  2  194.18  186.88  49.47  13.65  656.05  655.93  0.0 
 2  4  186.46  194.5  49.93  6.58  658.86  655.07  93.0 
 3  3  188.61  183.48  48.95  6.6  653.02  653.79  0.0 
 4  1  184.87  192.1  48.96  25.11  648.07  648.34  0.0 
 5  4  193.59  187.86  49.48  10.59  654.42  657.2  0.0 
 6  3  186.43  185.77  49.99  8.56  655.54  650.62  0.0 
 1  2  187.32  187.57  48.41  13.54  656.24  656.21  0.0 
 2  4  187.4  194.14  49.27  9.09  659.4  654.07  0.0 
 3  3  187.65  186.56  48.6  10.6  654.02  660.42  0.0 
 4  1  194.33  195.71  48.83  9.28  663.63  662.65  0.0 
 5  4  187.26  185.57  48.08  10.22  655.65  658.47  0.0 
 6  3  187.61  192.45  50.06  50.95  658.09  652.6  0.0 
 1  4  185.07  186.44  48.67  7.83  658.57  654.37  0.0 
 2  3  191.16  189.82  49.52  19.81  655.05  653.68  0.0 
 3  2  186.74  196.36  49.79  9.47  659.55  656.01  0.0 
 4  3  186.63  197.63  49.5  9.0  656.97  658.16  0.0 
 5  1  195.47  198.83  50.27  9.76  666.52  665.18  0.0 
 6  4  194.75  183.64  48.72  3.19  656.32  657.88  0.0 
