cube1cam1 icam: 1 direction: 4 [4, 197.39, 196.16, 51.19, 8.42, 678.35, 680.32, 0]
cube1cam2 icam: 2 direction: 3 [3, 188.44, 187.08, 49.75, 8.47, 659.54, 653.64, 0]
cube1cam3 icam: 3 direction: 2 [2, 188.16, 182.05, 48.91, 16.62, 660.53, 656.1, 0]
cube1cam4 icam: 4 direction: 3 [3, 187.71, 189.9, 49.74, 5.54, 665.06, 665.76, 0]
cube1cam5 icam: 5 direction: 1 [1, 193.61, 190.61, 50.41, 7.52, 677.95, 683.92, 0]
cube1cam6 icam: 6 direction: 4 [4, 195.73, 195.32, 51.22, 11.14, 670.54, 678.46, 0]
cube2cam1 icam: 1 direction: 2 [2, 193.7, 197.84, 51.38, 9.19, 672.3, 677.65, 0]
cube2cam2 icam: 2 direction: 4 [4, 190.94, 185.71, 48.8, 7.15, 655.67, 658.04, 0]
cube2cam3 icam: 3 direction: 3 [3, 193.67, 193.75, 50.33, 7.9, 660.75, 656.19, 0]
cube2cam4 icam: 4 direction: 1 [1, 191.52, 184.74, 49.2, 14.84, 667.69, 665.48, 0]
cube2cam5 icam: 5 direction: 4 [4, 198.69, 198.82, 52.04, 8.05, 680.01, 679.0, 0]
cube2cam6 icam: 6 direction: 3 [3, 190.88, 186.34, 50.97, 10.36, 672.73, 673.26, 0]
cube3cam1 icam: 1 direction: 2 [2, 190.1, 184.03, 49.76, 32.28, 670.72, 677.53, 18]
cube3cam2 icam: 2 direction: 4 [4, 185.95, 191.01, 50.32, 3.9, 658.45, 659.57, 0]
cube3cam3 icam: 3 direction: 3 [3, 188.5, 181.9, 49.54, 14.26, 661.14, 655.92, 0]
cube3cam4 icam: 4 direction: 1 [1, 187.36, 191.76, 50.38, 14.57, 670.08, 666.31, 0]
cube3cam5 icam: 5 direction: 4 [4, 195.69, 179.6, 50.83, 8.32, 678.07, 678.61, 0]
cube3cam6 icam: 6 direction: 3 [3, 188.76, 189.12, 51.93, 9.07, 669.92, 669.91, 0]
cube4cam1 icam: 1 direction: 2 [2, 182.55, 186.05, 50.07, 12.34, 669.91, 675.31, 0]
cube4cam2 icam: 2 direction: 4 [4, 184.66, 184.8, 49.51, 36.91, 653.53, 655.3, 0]
cube4cam3 icam: 3 direction: 3 [3, 178.61, 176.89, 49.63, 12.65, 660.05, 657.12, 0]
cube4cam4 icam: 4 direction: 1 [1, 186.29, 184.05, 51.02, 19.57, 669.67, 669.83, 21]
cube4cam5 icam: 5 direction: 4 [4, 192.36, 181.77, 50.86, 16.52, 678.98, 677.41, 0]
cube4cam6 icam: 6 direction: 3 [3, 188.06, 184.69, 52.97, 6.99, 672.04, 673.75, 0]
cube5cam1 icam: 1 direction: 3 [3, 193.79, 187.08, 49.96, 9.61, 676.98, 679.17, 0]
cube5cam2 icam: 2 direction: 1 [1, 192.71, 192.89, 49.62, 5.58, 657.28, 661.22, 0]
cube5cam3 icam: 3 direction: 1 [1, 195.68, 189.58, 50.74, 7.22, 659.88, 660.13, 0]
cube5cam4 icam: 4 direction: 4 [4, 195.35, 194.7, 50.95, 7.38, 676.02, 665.91, 0]
cube5cam5 icam: 5 direction: 3 [3, 194.16, 184.7, 50.56, 39.45, 685.56, 678.12, 69]
cube5cam6 icam: 6 direction: 1 [1, 199.39, 196.04, 49.59, 55.85, 677.23, 672.22, 0]
cube6cam1 icam: 1 direction: 3 [3, 187.88, 192.52, 52.08, 14.16, 679.14, 681.0, 0]
cube6cam2 icam: 2 direction: 1 [1, 188.42, 179.82, 48.92, 16.31, 661.14, 663.77, 0]
cube6cam3 icam: 3 direction: 1 [1, 185.76, 180.11, 49.16, 15.35, 657.64, 655.97, 0]
cube6cam4 icam: 4 direction: 4 [4, 184.47, 174.85, 50.54, 18.84, 676.37, 665.24, 0]
cube6cam5 icam: 5 direction: 3 [3, 188.0, 192.38, 51.5, 8.87, 681.28, 681.06, 0]
cube6cam6 icam: 6 direction: 1 [1, 196.18, 189.6, 51.45, 8.44, 677.5, 668.82, 0]
cube7cam1 icam: 1 direction: 3 [3, 189.42, 186.7, 50.54, 30.36, 679.02, 675.77, 0]
cube7cam2 icam: 2 direction: 1 [1, 187.5, 188.67, 50.12, 6.13, 661.74, 653.9, 0]
cube7cam3 icam: 3 direction: 1 [1, 187.09, 180.1, 49.91, 10.14, 656.59, 656.1, 0]
cube7cam4 icam: 4 direction: 4 [4, 190.27, 186.37, 50.92, 13.15, 666.61, 666.62, 0]
cube7cam5 icam: 5 direction: 3 [3, 188.4, 176.25, 50.62, 7.5, 676.92, 681.39, 0]
cube7cam6 icam: 6 direction: 1 [1, 188.85, 185.9, 50.63, 8.78, 677.09, 670.7, 0]
cube8cam1 icam: 1 direction: 3 [3, 199.16, 193.96, 51.64, 10.23, 676.12, 679.31, 0]
cube8cam2 icam: 2 direction: 1 [1, 186.35, 178.46, 47.99, 10.62, 659.86, 653.13, 0]
cube8cam3 icam: 3 direction: 1 [1, 180.65, 178.9, 49.64, 12.63, 656.73, 660.43, 0]
cube8cam4 icam: 4 direction: 4 [4, 190.59, 191.37, 49.69, 5.4, 665.71, 666.66, 0]
cube8cam5 icam: 5 direction: 3 [3, 190.43, 190.46, 52.1, 5.36, 677.87, 682.78, 0]
cube8cam6 icam: 6 direction: 1 [1, 193.17, 189.71, 52.56, 8.63, 679.29, 673.63, 0]
cube9cam1 icam: 1 direction: 3 [3, 197.44, 189.58, 50.0, 9.12, 682.09, 678.76, 0]
cube9cam2 icam: 2 direction: 1 [1, 192.44, 190.12, 49.93, 6.07, 662.11, 653.78, 0]
cube9cam3 icam: 3 direction: 1 [1, 188.14, 189.06, 50.53, 4.81, 659.56, 666.99, 0]
cube9cam4 icam: 4 direction: 4 [4, 191.69, 195.16, 50.24, 10.93, 663.12, 665.57, 0]
cube9cam5 icam: 5 direction: 3 [3, 193.76, 190.02, 51.01, 7.27, 678.38, 687.12, 0]
cube9cam6 icam: 6 direction: 1 [1, 195.34, 185.28, 50.5, 4.54, 679.69, 671.95, 0]
cube10cam1 icam: 1 direction: 4 [4, 195.49, 198.08, 50.58, 9.35, 680.16, 679.46, 46]
cube10cam2 icam: 2 direction: 3 [3, 189.29, 184.47, 50.27, 21.45, 658.11, 657.54, 0]
cube10cam3 icam: 3 direction: 2 [2, 195.71, 190.2, 49.88, 17.16, 661.11, 659.79, 0]
cube10cam4 icam: 4 direction: 3 [3, 187.35, 183.43, 49.53, 7.43, 666.28, 670.31, 0]
cube10cam5 icam: 5 direction: 1 [1, 194.06, 189.87, 50.47, 15.19, 681.0, 679.0, 0]
cube10cam6 icam: 6 direction: 4 [4, 198.35, 196.6, 51.89, 6.74, 671.38, 676.4, 0]
cube11cam1 icam: 1 direction: 2 [2, 190.43, 197.91, 51.89, 10.03, 673.03, 674.1, 27]
cube11cam2 icam: 2 direction: 4 [4, 189.59, 176.19, 48.66, 9.54, 656.39, 663.48, 0]
cube11cam3 icam: 3 direction: 3 [3, 186.42, 194.32, 50.46, 13.31, 654.68, 663.97, 0]
cube11cam4 icam: 4 direction: 1 [1, 190.44, 173.51, 49.04, 10.84, 663.89, 667.07, 0]
cube11cam5 icam: 5 direction: 4 [4, 194.8, 198.16, 51.93, 11.07, 681.44, 675.25, 30]
cube11cam6 icam: 6 direction: 3 [3, 186.31, 176.68, 51.94, 27.94, 672.72, 666.8, 0]
cube12cam1 icam: 1 direction: 3 [3, 189.44, 189.18, 51.55, 5.16, 673.72, 679.13, 0]
cube12cam2 icam: 2 direction: 1 [1, 183.75, 185.34, 48.59, 6.33, 658.94, 661.74, 0]
cube12cam3 icam: 3 direction: 1 [1, 184.16, 181.1, 49.27, 9.28, 657.74, 655.96, 0]
cube12cam4 icam: 4 direction: 4 [4, 187.49, 181.67, 49.21, 12.26, 672.21, 664.23, 0]
cube12cam5 icam: 5 direction: 3 [3, 188.36, 186.97, 51.37, 13.52, 679.36, 675.49, 0]
cube12cam6 icam: 6 direction: 1 [1, 196.38, 190.9, 51.48, 7.72, 677.47, 673.77, 0]
cube13cam1 icam: 1 direction: 4 [4, 193.05, 197.46, 50.88, 13.42, 675.97, 676.78, 0]
cube13cam2 icam: 2 direction: 3 [3, 185.4, 189.47, 50.2, 5.39, 656.65, 656.83, 0]
cube13cam3 icam: 3 direction: 2 [2, 195.2, 188.43, 49.52, 11.48, 658.97, 658.14, 0]
cube13cam4 icam: 4 direction: 3 [3, 189.31, 183.69, 49.65, 13.34, 663.34, 670.1, 0]
cube13cam5 icam: 5 direction: 1 [1, 192.94, 181.93, 50.8, 7.38, 680.53, 676.78, 0]
cube13cam6 icam: 6 direction: 4 [4, 196.68, 198.27, 52.03, 11.18, 672.12, 674.8, 0]
cube14cam1 icam: 1 direction: 3 [3, 203.52, 185.64, 50.92, 4.79, 674.01, 670.95, 0]
cube14cam2 icam: 2 direction: 1 [1, 195.55, 188.31, 49.33, 6.13, 656.66, 652.69, 0]
cube14cam3 icam: 3 direction: 1 [1, 195.25, 176.84, 49.92, 11.95, 655.02, 652.1, 0]
cube14cam4 icam: 4 direction: 4 [4, 189.97, 195.71, 51.85, 28.03, 663.06, 665.41, 0]
cube14cam5 icam: 5 direction: 3 [3, 197.82, 196.22, 52.56, 9.63, 676.1, 675.9, 0]
cube14cam6 icam: 6 direction: 1 [1, 193.21, 192.39, 52.63, 42.08, 668.99, 668.09, 0]
cube15cam1 icam: 1 direction: 1 [1, 194.12, 184.65, 50.45, 7.43, 681.34, 678.89, 0]
cube15cam2 icam: 2 direction: 2 [2, 185.83, 179.13, 49.35, 5.46, 657.72, 658.81, 0]
cube15cam3 icam: 3 direction: 4 [4, 185.42, 179.12, 49.06, 7.76, 656.31, 659.56, 0]
cube15cam4 icam: 4 direction: 2 [2, 193.28, 194.17, 50.42, 6.59, 669.81, 669.59, 0]
cube15cam5 icam: 5 direction: 2 [2, 190.29, 198.27, 52.19, 16.49, 678.73, 680.9, 0]
cube15cam6 icam: 6 direction: 2 [2, 189.76, 199.22, 52.3, 8.71, 674.92, 675.26, 242]
cube16cam1 icam: 1 direction: 2 [2, 183.8, 187.66, 50.71, 4.8, 675.54, 676.5, 0]
cube16cam2 icam: 2 direction: 4 [4, 186.65, 190.77, 49.65, 6.59, 652.78, 663.51, 0]
cube16cam3 icam: 3 direction: 3 [3, 185.02, 183.37, 49.44, 3.12, 658.12, 661.11, 0]
