  1   2   193.08   187.81   48.31   10.38   659.09   659.36   0.0  
  2   4   187.63   194.58   49.3   7.31   655.32   661.7   0.0  
  3   3   187.05   187.84   48.64   7.3   657.94   659.99   0.0  
  4   1   197.11   195.98   49.52   6.7   666.64   667.01   0.0  
  5   4   187.86   184.26   48.78   6.54   659.5   659.04   0.0  
  6   3   188.69   187.39   50.13   10.32   661.95   654.31   0.0  
  1   4   167.62   179.39   48.42   25.21   655.49   658.84   25.0  
  2   3   176.81   180.52   48.17   22.6   656.99   652.44   0.0  
  3   2   182.46   185.78   49.62   274.87   658.86   660.61   64.0  
  4   3   181.01   184.53   49.36   5.1   658.62   653.54   0.0  
  5   1   187.42   187.3   50.16   12.76   669.03   671.87   0.0  
  6   4   170.44   179.44   48.67   7.93   654.34   657.25   0.0  
  1   3   182.11   187.76   49.77   9.73   659.74   658.54   0.0  
  2   1   179.89   180.66   48.35   7.32   661.77   656.33   0.0  
  3   1   179.7   186.29   48.49   7.41   658.57   663.56   0.0  
  4   4   183.08   180.97   48.59   7.45   658.45   660.57   0.0  
  5   3   181.98   187.5   49.19   12.26   658.92   663.94   0.0  
  6   1   186.62   185.73   49.23   4.85   654.93   650.06   0.0  
  1   3   183.17   185.72   49.67   8.79   656.77   660.55   0.0  
  2   1   178.54   183.08   48.08   7.83   656.7   660.26   0.0  
  3   1   187.79   188.56   48.77   3.88   658.22   659.71   0.0  
  4   4   176.57   179.21   48.28   15.36   660.23   659.24   0.0  
  5   3   184.86   185.42   49.24   24.91   661.61   656.71   311.0  
  6   1   186.92   188.64   49.36   6.37   655.43   652.9   0.0  
  1   2   182.78   184.33   49.45   5.4   659.74   658.71   0.0  
  2   4   178.5   183.73   48.27   7.52   660.2   659.94   0.0  
  3   3   182.7   185.95   48.84   6.9   659.36   661.25   0.0  
  4   1   172.62   178.39   47.82   10.95   649.89   650.34   0.0  
  5   4   187.51   184.78   49.16   6.84   663.24   660.56   0.0  
  6   3   181.17   176.28   48.54   5.5   661.56   657.63   0.0  
  1   4   188.16   196.26   49.19   7.01   663.26   660.83   0.0  
  2   3   190.52   195.8   49.19   12.34   661.2   663.68   39.0  
  3   2   192.3   196.9   48.57   8.26   657.49   658.45   0.0  
  4   3   185.1   184.52   48.71   29.28   657.48   662.59   0.0  
  5   1   194.63   188.74   48.96   9.63   675.57   668.1   56.0  
  6   4   193.5   197.8   49.57   7.65   657.17   661.05   0.0  
  1   3   180.4   185.02   50.05   13.43   661.12   660.05   0.0  
  2   1   178.32   176.91   48.24   6.54   665.18   656.78   0.0  
  3   1   181.09   183.21   48.75   24.48   659.81   664.46   31.0  
  4   4   173.99   178.59   49.22   106.6   664.06   659.71   0.0  
  5   3   181.05   184.78   49.42   9.66   658.7   667.34   91.0  
  6   1   184.1   186.01   49.35   11.24   662.34   650.99   12.0  
  1   4   187.49   192.8   48.49   8.57   656.11   658.93   0.0  
  2   3   186.66   185.19   49.16   116.49   661.9   656.31   0.0  
  3   2   184.53   190.48   49.07   4.51   658.54   656.81   0.0  
  4   3   189.56   191.21   49.2   15.65   658.63   660.0   0.0  
  5   1   190.23   194.16   49.84   7.2   664.7   672.01   0.0  
  6   4   186.14   186.74   48.49   4.19   654.04   660.74   0.0  
  1   4   189.06   192.02   49.38   8.61   656.62   659.56   0.0  
  2   3   179.67   187.62   49.18   15.17   662.1   655.72   0.0  
  3   2   180.58   180.1   48.47   5.23   660.96   658.02   0.0  
  4   3   189.04   192.7   48.75   7.58   657.96   657.9   31.0  
  5   1   185.87   175.41   50.04   15.24   672.34   674.41   68.0  
  6   4   185.3   189.1   49.69   9.19   652.36   661.26   0.0  
  1   3   180.64   182.76   48.36   8.89   660.13   657.38   22.0  
  2   1   188.88   183.22   48.88   23.93   663.22   653.81   0.0  
  3   1   181.9   186.14   49.6   19.49   658.65   662.24   0.0  
  4   4   182.87   186.72   49.03   9.85   656.8   656.42   76.0  
  5   3   176.45   183.65   48.44   25.21   657.88   663.1   63.0  
  6   1   180.03   179.16   48.83   12.64   659.62   650.4   0.0  
  1   3   184.02   185.68   48.58   10.29   657.57   661.21   0.0  
  2   1   180.08   185.39   49.86   12.72   660.51   662.58   75.0  
  3   1   187.44   186.92   49.16   12.7   659.5   664.75   0.0  
  4   4   183.3   185.92   48.91   7.86   659.7   656.97   0.0  
  5   3   178.23   178.3   48.94   25.92   662.44   661.89   0.0  
  6   1   183.06   186.96   48.1   14.76   655.08   650.75   16.0  
  1   2   186.33   187.51   48.73   17.31   658.48   657.62   0.0  
  2   4   182.28   190.12   49.42   6.64   657.62   664.72   0.0  
  3   3   184.19   177.86   48.41   13.13   655.76   663.12   0.0  
  4   1   183.1   187.99   49.84   14.03   655.52   658.05   0.0  
  5   4   184.72   178.99   48.81   16.06   660.57   659.62   0.0  
  6   3   183.03   184.82   50.3   17.08   662.71   654.71   0.0  
  1   3   185.94   184.94   48.33   9.57   655.81   657.2   0.0  
  2   1   186.8   189.17   48.97   4.96   655.62   657.07   0.0  
  3   1   186.05   191.86   49.74   10.12   657.21   656.07   0.0  
  4   4   188.06   189.59   48.7   11.09   658.17   655.67   0.0  
  5   3   187.13   185.47   48.11   4.0   658.17   658.77   0.0  
  6   1   185.31   182.96   48.07   11.33   654.22   653.03   0.0  
  1   1   185.47   192.87   49.22   7.53   661.18   657.5   0.0  
  2   2   189.08   196.33   49.46   6.17   655.02   657.8   45.0  
  3   4   185.72   196.73   49.89   13.52   659.07   660.61   0.0  
  4   2   186.56   177.9   48.6   10.02   657.41   657.47   0.0  
  5   2   192.98   191.18   48.73   16.33   658.62   659.04   0.0  
  6   2   182.58   181.34   48.82   29.41   656.51   659.37   0.0  
  1   1   181.36   183.04   48.2   8.74   659.62   661.16   111.0  
  2   2   180.11   185.13   48.52   13.23   657.48   659.79   0.0  
  3   4   177.77   173.49   49.9   9.57   659.27   657.35   0.0  
  4   2   188.54   182.9   49.17   11.77   661.22   658.69   0.0  
  5   2   181.15   184.48   49.21   9.63   662.88   660.89   0.0  
  6   2   169.06   187.75   51.12   14.98   653.9   663.06   0.0  
  1   4   176.63   181.1   48.19   9.84   656.26   660.06   0.0  
  2   3   180.49   182.86   48.02   7.37   659.73   656.53   0.0  
  3   2   182.41   185.6   49.02   5.75   657.47   661.24   43.0  
  0   0   -19.93   8.49   11.13   0.0   0.0   0.0   0.0  
  0   0   -19.93   8.49   11.13   0.0   0.0   0.0   0.0  
  0   0   -19.93   8.49   11.13   0.0   0.0   0.0   0.0  
  1   2   179.89   180.79   48.53   4.13   656.12   662.09   0.0  
  2   4   186.14   191.01   49.39   9.21   658.28   659.47   0.0  
  3   3   183.3   183.83   48.57   10.32   662.16   655.31   0.0  
  4   1   189.83   186.8   49.0   8.82   671.43   666.08   0.0  
  5   4   183.68   185.73   48.42   6.62   661.14   659.33   0.0  
  6   3   187.02   181.33   49.75   9.64   658.58   661.4   0.0  
  1   3   185.23   176.39   49.32   15.52   659.95   657.4   0.0  
  2   1   180.36   188.15   49.7   21.91   667.8   652.31   0.0  
  3   1   181.33   193.84   49.95   16.75   661.1   662.28   0.0  
  4   4   183.21   180.99   49.62   4.14   660.45   658.58   0.0  
  5   3   174.03   173.93   48.96   16.63   660.41   662.77   0.0  
  6   1   176.09   172.53   48.71   38.92   659.2   649.26   0.0  
  1   2   184.61   190.49   49.52   7.88   658.96   662.04   0.0  
  2   4   178.14   179.4   48.68   8.46   658.77   657.4   0.0  
  3   3   188.06   191.96   49.28   5.77   658.85   664.93   0.0  
  0   0   -30.11   5.14   12.26   0.0   0.0   0.0   0.0  
  5   4   192.2   184.91   49.11   6.14   667.2   691.58   0.0  
  0   0   -30.11   5.14   12.26   0.0   0.0   0.0   0.0  
  1   3   187.95   189.6   49.6   17.75   659.02   656.32   0.0  
  2   1   178.63   175.23   48.49   7.72   662.33   655.59   0.0  
  3   1   175.58   177.23   48.91   13.72   656.63   660.82   0.0  
  4   4   183.62   188.23   48.48   8.29   660.58   656.43   15.0  
  5   3   182.37   184.7   49.47   18.29   655.57   658.98   0.0  
  6   1   180.17   181.95   49.16   6.32   658.92   652.53   0.0  
  1   2   180.6   182.75   48.74   2.94   658.45   659.73   0.0  
  2   4   181.4   183.48   48.96   10.7   657.01   660.41   0.0  
  3   3   180.08   186.1   48.43   6.49   660.23   657.49   106.0  
  4   1   177.31   182.57   49.84   12.88   648.49   654.89   0.0  
  5   4   179.52   178.35   48.23   6.74   657.2   658.24   0.0  
  6   3   185.47   179.04   49.64   16.87   659.66   655.19   0.0  
  1   3   180.04   177.38   49.06   3.35   657.74   663.48   0.0  
  2   1   184.71   185.83   48.79   18.09   659.98   658.49   0.0  
  3   1   193.71   188.47   49.28   7.54   658.26   656.34   0.0  
  4   4   180.36   186.38   49.22   8.96   661.81   657.09   0.0  
  5   3   179.99   183.28   48.03   8.73   662.85   659.02   0.0  
  6   1   186.58   193.71   47.98   6.86   653.47   647.49   0.0  
  1   3   177.09   178.85   48.53   7.52   657.18   658.67   0.0  
  2   1   178.92   181.35   49.12   11.46   656.36   658.39   319.0  
  3   1   186.17   186.15   49.76   22.01   659.28   657.69   0.0  
  4   4   172.42   181.23   49.51   6.26   661.26   656.61   40.0  
  5   3   176.08   172.59   48.45   5.31   661.06   656.45   0.0  
  6   1   183.32   172.88   48.24   14.56   654.38   645.87   206.0  
  1   1   186.12   184.76   49.01   6.98   658.32   660.88   0.0  
  2   2   184.55   187.5   49.09   2.61   662.43   661.45   0.0  
  3   4   185.76   187.57   49.09   13.19   658.14   658.17   0.0  
  4   2   181.93   184.15   48.76   5.71   664.35   656.51   0.0  
  5   2   177.78   183.67   48.51   5.57   656.34   661.01   0.0  
  6   2   176.05   184.59   48.85   3.35   655.63   659.73   0.0  
  1   1   186.26   184.35   49.92   12.86   660.5   656.31   0.0  
  2   2   178.8   187.04   49.8   7.91   654.72   662.54   218.0  
  3   4   187.18   188.14   49.71   9.47   659.23   657.61   147.0  
  4   2   186.79   187.48   49.31   7.89   663.1   658.03   0.0  
  5   2   182.22   170.3   48.64   5.34   661.15   655.98   0.0  
  6   2   173.08   189.82   49.79   15.33   655.26   663.24   0.0  
  1   4   181.15   185.3   49.58   7.62   659.63   656.09   0.0  
  2   3   179.55   188.72   51.15   7.83   657.0   661.24   0.0  
  3   2   185.2   186.11   48.51   10.31   656.82   655.65   0.0  
  4   3   175.26   178.79   48.61   11.07   653.85   665.06   0.0  
  5   1   188.58   175.18   49.25   11.18   669.32   664.0   0.0  
  6   4   190.44   190.59   49.33   4.61   652.12   660.42   0.0  
  1   4   174.75   185.02   49.14   4.24   660.19   663.38   0.0  
  2   3   174.52   181.12   49.17   10.46   661.46   660.73   0.0  
  3   2   183.67   183.31   49.11   11.4   659.78   660.0   0.0  
  4   3   183.02   187.15   49.77   10.59   656.73   666.94   0.0  
  5   1   188.5   189.3   50.15   15.65   674.71   674.41   0.0  
  6   4   179.04   181.85   48.62   11.57   653.49   662.71   0.0  
  1   4   187.79   192.89   48.79   12.3   655.94   658.41   0.0  
  2   3   180.88   184.26   48.26   10.52   660.02   655.97   0.0  
  3   2   181.02   186.92   49.98   30.63   658.44   657.35   0.0  
  4   3   188.94   190.5   48.86   12.45   658.68   656.9   0.0  
  5   1   191.3   192.64   49.63   11.85   667.67   675.16   0.0  
  6   4   181.57   175.04   48.23   11.9   656.7   659.43   0.0  
  1   1   178.52   176.32   48.9   20.93   659.55   655.57   0.0  
  2   2   180.77   185.56   48.6   6.27   657.37   660.99   0.0  
  3   4   176.31   185.37   48.76   9.71   663.87   661.09   0.0  
  4   2   186.19   186.44   49.93   4.34   660.34   661.22   0.0  
  5   2   182.53   187.63   49.05   5.79   661.84   660.51   143.0  
  6   2   181.96   184.51   50.26   9.51   659.54   657.44   0.0  
  1   3   192.6   189.99   49.55   7.87   660.79   658.89   0.0  
  2   1   180.61   184.32   48.26   22.1   663.31   660.3   0.0  
  3   1   179.91   180.44   48.39   13.74   657.48   660.6   0.0  
  4   4   190.48   196.92   48.52   9.24   660.71   661.08   0.0  
  5   3   183.16   185.33   49.6   8.72   658.98   661.93   0.0  
  6   1   182.9   183.86   48.85   8.99   655.83   646.61   0.0  
  1   4   183.48   186.55   49.78   5.53   657.51   658.58   0.0  
  2   3   181.21   184.32   49.5   17.2   661.46   655.04   0.0  
  3   2   178.77   179.58   48.83   14.39   661.52   657.05   0.0  
  4   3   179.35   187.35   48.88   13.87   661.54   661.16   0.0  
  5   1   184.97   184.72   49.3   11.77   672.88   676.3   0.0  
  6   4   185.24   185.8   49.53   9.82   654.71   664.12   0.0  
  1   4   180.57   179.73   48.25   9.52   659.84   661.97   0.0  
  2   3   178.01   173.52   49.12   23.58   661.79   655.09   0.0  
  3   2   181.71   182.74   49.54   8.85   661.02   658.5   0.0  
  4   3   183.42   188.26   49.71   7.38   660.06   662.01   0.0  
  5   1   182.19   189.43   50.75   23.21   668.96   672.85   0.0  
  6   4   176.87   183.08   48.39   31.72   656.69   662.12   0.0  
  1   4   179.68   186.63   49.83   13.61   659.57   660.61   0.0  
  2   3   189.41   189.62   49.23   7.31   660.78   658.67   61.0  
  3   2   184.11   185.59   48.92   11.85   658.5   662.04   0.0  
  4   3   179.62   182.5   48.73   14.89   662.66   662.72   0.0  
  5   1   197.06   199.84   49.31   3.35   675.09   675.53   0.0  
  6   4   189.75   185.99   49.44   14.15   658.95   660.73   0.0  
  1   3   182.01   180.81   48.55   6.31   658.97   656.86   0.0  
  2   1   189.47   191.9   49.38   13.69   657.23   658.13   10.0  
  3   1   185.32   186.72   48.9   5.57   659.1   654.33   0.0  
  4   4   182.02   186.15   49.4   11.29   657.82   658.48   0.0  
  5   3   186.91   189.03   48.06   10.77   659.31   657.71   0.0  
  6   1   180.7   184.81   48.32   7.0   654.62   651.94   0.0  
  1   2   183.01   185.09   48.65   14.78   658.93   658.73   0.0  
  2   4   180.92   186.78   49.51   9.02   657.03   662.7   0.0  
  3   3   180.65   174.67   48.5   12.47   659.58   660.89   79.0  
  0   0   -30.11   5.14   12.26   0.0   0.0   0.0   0.0  
  0   0   -30.11   5.14   12.26   0.0   0.0   0.0   0.0  
  0   0   -30.11   5.14   12.26   0.0   0.0   0.0   0.0  
  1   1   193.05   190.16   49.51   7.1   658.32   658.34   0.0  
  2   2   181.46   189.91   48.93   8.62   657.24   662.27   0.0  
  3   4   185.44   188.89   49.36   12.03   664.41   655.76   0.0  
  4   2   186.38   195.69   48.59   14.52   658.35   659.13   0.0  
  5   2   181.33   179.47   48.11   13.36   663.34   657.63   80.0  
  6   2   175.38   178.32   49.07   5.98   653.03   663.92   0.0  
  1   4   171.0   177.9   49.55   6.2   653.67   659.93   0.0  
  2   3   184.98   178.27   51.2   61.55   661.33   654.53   59.0  
  3   2   175.59   171.3   48.91   14.81   660.38   659.91   0.0  
  4   3   171.04   180.08   48.9   11.73   657.21   657.45   0.0  
  5   1   169.98   172.05   49.83   7.12   668.58   672.7   154.0  
  6   4   177.59   182.49   49.87   6.42   650.85   660.3   78.0  
  1   1   170.7   176.45   48.72   9.9   661.52   658.03   0.0  
  2   2   180.54   187.57   48.47   14.08   656.4   665.64   87.0  
  3   4   170.68   175.71   48.77   12.33   658.14   661.59   0.0  
  4   2   179.79   179.62   49.35   6.55   658.29   659.22   0.0  
  5   2   180.63   185.51   49.49   17.18   660.84   660.45   0.0  
  6   2   170.61   182.81   50.59   31.5   656.3   661.73   73.0  
  1   4   178.06   180.4   48.75   7.91   657.33   661.44   0.0  
  2   3   179.15   181.94   48.94   8.4   662.13   655.23   0.0  
  3   2   178.44   182.3   49.17   20.97   659.01   663.43   0.0  
  4   3   177.56   185.66   49.65   9.0   659.53   656.14   0.0  
  5   1   187.86   190.23   50.4   40.96   670.1   674.64   0.0  
  6   4   174.92   175.01   48.55   27.03   659.77   660.73   0.0  
  1   3   170.02   172.65   48.74   8.92   657.23   656.87   0.0  
  2   1   174.38   181.88   48.96   19.99   657.86   656.36   0.0  
  3   1   180.26   176.29   50.5   11.02   656.9   657.06   0.0  
  4   4   178.41   178.6   49.36   7.22   662.84   657.68   82.0  
  5   3   174.32   172.97   48.72   16.85   659.28   659.18   0.0  
  6   1   175.55   180.95   48.61   9.67   657.73   653.97   0.0  
  1   2   183.68   186.11   50.11   9.63   660.0   659.07   0.0  
  2   4   171.36   175.52   48.4   18.01   659.49   663.64   23.0  
  3   3   183.48   184.08   49.73   6.78   658.56   661.39   0.0  
  4   1   171.7   183.13   48.73   14.73   666.1   674.76   0.0  
  5   4   180.87   184.52   50.05   19.4   658.53   662.0   0.0  
  6   3   173.05   170.93   50.5   26.14   662.33   659.6   0.0  
  1   1   183.12   184.82   48.31   5.81   659.16   663.56   0.0  
  2   2   153.68   177.91   49.18   17.32   659.94   656.56   0.0  
  3   4   182.31   188.42   48.27   9.09   653.83   658.24   0.0  
  4   2   187.06   192.93   49.32   9.57   660.96   660.5   0.0  
  5   2   182.35   156.51   49.22   3.9   658.33   663.02   0.0  
  6   2   183.39   189.9   50.6   32.49   657.43   660.11   0.0  
  1   3   179.22   185.87   49.83   8.85   657.12   660.87   22.0  
  2   1   163.52   173.65   48.85   8.96   658.17   659.01   0.0  
  3   1   176.48   170.57   48.56   19.65   659.41   661.24   311.0  
  4   4   178.04   170.81   48.59   8.2   660.51   658.16   0.0  
  5   3   180.28   185.39   49.64   23.95   662.29   661.17   0.0  
  6   1   175.05   177.36   49.35   9.8   656.86   646.9   0.0  
  1   3   178.12   181.67   48.27   8.06   662.22   656.35   0.0  
  2   1   185.62   185.42   48.53   10.2   659.33   656.83   0.0  
  3   1   180.69   185.25   49.16   8.56   661.1   658.29   0.0  
  4   4   181.07   183.17   49.25   5.88   654.36   661.2   0.0  
  5   3   181.12   186.65   48.22   5.23   659.67   664.27   0.0  
  6   1   179.41   180.09   47.92   3.99   656.57   657.75   0.0  
  1   1   178.49   174.46   48.59   18.29   663.25   655.12   18.0  
  2   2   176.93   185.1   48.55   7.03   658.4   664.17   0.0  
  3   4   174.31   174.06   48.73   6.4   663.75   660.59   0.0  
  4   2   180.01   183.31   49.45   8.17   661.34   659.76   0.0  
  5   2   184.4   180.28   49.22   16.81   661.55   659.07   0.0  
  6   2   175.92   183.75   50.26   7.13   656.92   658.21   0.0  
  1   1   177.64   178.69   48.57   13.78   658.26   659.01   150.0  
  2   2   163.45   181.07   48.54   9.41   656.71   663.34   0.0  
  3   4   176.34   180.52   48.81   13.01   660.69   658.1   0.0  
  4   2   181.47   181.53   49.09   18.22   659.38   657.51   0.0  
  5   2   178.57   177.13   49.28   11.54   660.13   658.84   0.0  
  6   2   172.67   188.61   50.16   5.63   653.05   664.64   0.0  
  1   3   174.27   181.38   49.82   13.44   656.77   660.97   0.0  
  2   1   173.84   169.0   48.39   11.15   659.83   662.96   16.0  
  3   1   188.92   190.05   48.2   88.24   657.35   659.57   0.0  
  4   4   163.75   173.16   48.48   7.64   662.89   657.83   0.0  
  5   3   180.73   182.23   49.26   7.34   663.83   662.36   0.0  
  6   1   187.36   188.7   49.61   10.78   658.05   652.38   0.0  
  1   1   183.56   187.89   49.8   6.68   661.05   654.48   86.0  
  2   2   191.66   189.99   49.34   6.56   658.0   660.71   18.0  
  3   4   179.65   187.8   50.02   6.74   658.65   662.71   27.0  
  4   2   187.08   180.92   48.26   36.91   660.75   661.34   0.0  
  5   2   179.8   189.91   49.01   11.83   660.56   657.06   0.0  
  6   2   176.91   176.8   49.1   8.06   657.18   658.56   233.0  
  1   2   175.24   177.53   48.26   10.63   660.64   656.98   0.0  
  2   4   179.18   184.85   49.4   4.15   662.16   660.25   179.0  
  3   3   176.01   181.29   49.17   9.95   659.5   656.19   0.0  
  4   1   184.34   188.34   48.62   244.34   663.05   670.9   263.0  
  5   4   179.95   173.97   48.63   11.8   659.81   664.17   157.0  
  6   3   189.11   177.98   51.16   27.47   660.0   655.56   171.0  
  1   3   189.29   191.17   49.48   7.1   657.8   654.68   0.0  
  2   1   179.15   184.57   48.05   9.05   658.21   652.05   0.0  
  3   1   181.74   186.35   48.25   5.72   655.7   663.64   0.0  
  4   4   187.5   185.96   48.51   7.09   658.44   658.51   0.0  
  5   3   188.71   186.95   48.97   6.57   656.53   659.79   0.0  
  6   1   185.51   187.06   48.56   10.58   657.16   648.03   0.0  
  1   2   182.48   183.18   48.66   6.31   655.88   660.24   0.0  
  2   4   192.9   188.26   49.0   11.16   658.98   658.76   0.0  
  3   3   183.56   183.49   48.26   6.29   660.88   657.35   0.0  
  4   1   183.59   187.71   48.8   6.87   654.01   651.01   0.0  
  5   4   187.32   191.31   48.03   13.52   658.11   656.78   0.0  
  6   3   187.19   182.86   49.81   16.75   656.89   659.68   0.0  
  1   4   183.0   187.5   48.8   16.43   660.74   658.08   0.0  
  2   3   178.45   179.37   48.01   5.4   657.08   661.43   30.0  
  3   2   183.09   185.58   49.03   18.18   655.41   658.29   0.0  
  4   3   178.16   184.93   48.74   6.67   655.4   662.77   0.0  
  5   1   185.76   189.98   49.76   8.74   668.75   667.39   0.0  
  6   4   180.67   183.29   48.41   5.01   655.36   658.71   0.0  
  1   4   181.88   181.77   49.81   7.9   657.5   658.7   0.0  
  2   3   184.08   191.96   51.17   24.55   663.36   659.1   13.0  
  3   2   173.27   173.9   48.93   16.93   659.25   660.37   262.0  
  4   3   172.84   183.03   49.41   12.11   658.07   660.15   115.0  
  5   1   195.15   178.31   50.0   19.59   668.17   669.7   0.0  
  6   4   180.24   189.79   49.67   9.76   657.75   660.65   0.0  
  1   2   179.79   181.13   48.41   10.67   654.86   660.35   0.0  
  2   4   191.61   191.54   49.63   9.25   657.23   656.52   0.0  
  3   3   184.13   179.92   48.26   6.72   660.05   655.06   0.0  
  4   1   179.96   185.86   49.02   6.0   651.9   652.0   0.0  
  5   4   182.92   193.63   48.72   5.62   655.04   657.19   0.0  
  6   3   184.16   185.08   49.79   11.63   656.32   657.68   0.0  
  1   3   172.69   179.89   48.3   12.61   657.54   655.99   0.0  
  2   1   180.77   183.07   49.38   6.67   657.53   657.07   0.0  
  3   1   184.46   181.67   49.59   7.54   656.76   655.63   0.0  
  4   4   180.43   180.78   49.12   10.91   664.24   658.27   0.0  
  5   3   181.22   168.72   49.22   143.44   659.29   657.79   0.0  
  6   1   177.0   171.68   48.25   11.2   653.97   646.93   202.0  
  1   1   185.02   186.65   49.79   17.17   657.54   659.31   0.0  
  2   2   182.55   186.11   49.11   9.81   657.07   662.6   0.0  
  3   4   181.52   189.22   49.17   7.5   660.81   658.46   0.0  
  4   2   188.1   181.21   48.66   11.59   658.99   656.21   94.0  
  5   2   173.25   172.23   48.46   19.11   663.74   656.63   0.0  
  6   2   178.85   178.61   49.15   12.9   656.93   663.85   198.0  
  1   3   183.12   186.6   49.51   3.93   656.37   660.11   0.0  
  2   1   180.44   184.27   48.67   10.04   658.54   659.77   74.0  
  3   1   180.86   189.27   48.52   9.37   657.9   659.84   0.0  
  4   4   176.45   183.1   48.3   7.64   660.21   656.08   0.0  
  5   3   187.06   184.87   49.15   3.97   660.47   659.33   0.0  
  6   1   188.93   186.66   49.28   11.39   655.77   652.49   0.0  
  1   1   183.96   182.48   48.76   6.67   661.56   656.7   0.0  
  2   2   186.15   188.66   48.74   20.78   654.61   661.09   0.0  
  3   4   182.39   186.14   48.46   8.47   659.63   661.75   34.0  
  4   2   185.94   188.43   49.32   7.0   655.05   662.55   0.0  
  5   2   188.49   191.42   49.38   5.01   661.58   658.66   0.0  
  6   2   179.55   190.75   50.16   4.43   660.14   659.26   0.0  
  1   1   181.94   185.68   48.52   15.11   658.3   656.8   0.0  
  2   2   167.1   179.89   49.0   7.7   654.77   659.73   13.0  
  3   4   183.54   175.03   48.77   7.69   664.47   658.66   0.0  
  0   0   -30.11   5.14   12.26   0.0   0.0   0.0   0.0  
  0   0   -30.11   5.14   12.26   0.0   0.0   0.0   0.0  
  0   0   -30.11   5.14   12.26   0.0   0.0   0.0   0.0  
  1   3   177.66   182.92   48.5   54.38   661.67   659.37   0.0  
  2   1   180.47   185.66   50.04   21.83   662.09   656.82   34.0  
  3   1   182.7   186.34   49.47   6.6   658.83   661.51   0.0  
  4   4   182.51   184.39   49.41   7.17   657.19   661.12   0.0  
  5   3   178.48   177.33   48.76   7.63   659.61   666.22   0.0  
  6   1   180.68   181.62   48.37   21.56   660.95   657.39   0.0  
  1   3   183.09   186.62   49.38   22.62   656.27   661.3   0.0  
  2   1   176.93   184.24   47.84   7.69   660.76   660.95   17.0  
  3   1   186.83   183.64   48.73   11.84   657.28   661.99   0.0  
  4   4   180.06   180.49   48.45   8.04   665.07   658.25   33.0  
  5   3   184.69   183.58   49.05   4.56   662.8   657.01   0.0  
  6   1   185.67   187.58   49.71   6.45   655.6   652.73   0.0  
  1   3   183.88   178.36   48.26   18.28   661.36   657.43   0.0  
  2   1   185.5   188.15   48.99   6.11   659.51   658.63   0.0  
  3   1   182.59   185.34   49.59   8.01   659.27   654.71   0.0  
  0   0   -29.62   9.9   11.62   0.0   0.0   0.0   0.0  
  0   0   -29.62   9.9   11.62   0.0   0.0   0.0   0.0  
  0   0   -29.62   9.9   11.62   0.0   0.0   0.0   0.0  
  1   4   180.95   177.12   48.9   14.7   660.42   656.88   0.0  
  2   3   178.91   181.14   50.28   34.85   658.11   658.47   0.0  
  3   2   182.7   182.9   51.44   24.26   657.31   657.48   0.0  
  4   3   181.94   191.42   49.53   8.35   659.59   664.43   43.0  
  5   1   191.78   192.1   50.52   27.86   673.29   669.94   108.0  
  6   4   177.78   179.23   48.43   8.68   652.96   657.33   94.0  
  1   2   182.57   188.16   48.99   4.95   656.54   658.72   0.0  
  2   4   188.03   195.8   48.34   10.31   657.2   658.84   0.0  
  3   3   185.64   191.68   49.83   45.77   659.32   655.66   0.0  
  4   1   175.94   176.27   48.01   9.17   652.44   651.48   0.0  
  5   4   192.43   189.0   48.75   5.77   656.57   657.03   0.0  
  6   3   194.61   179.75   48.76   7.68   657.68   657.54   0.0  
  1   1   184.13   180.09   48.37   5.15   657.42   654.82   0.0  
  2   2   187.73   190.43   48.26   9.87   656.84   660.02   0.0  
  3   4   182.57   182.26   48.32   7.95   655.95   659.03   0.0  
  4   2   188.12   190.45   49.25   13.21   657.92   661.91   35.0  
  5   2   190.35   189.13   49.45   24.95   658.15   657.16   0.0  
  6   2   176.56   191.31   50.13   6.77   656.87   657.64   136.0  
  1   4   179.44   178.3   48.5   20.79   661.35   658.93   250.0  
  2   3   171.78   181.94   49.38   11.58   660.11   662.95   113.0  
  3   2   181.43   185.91   49.65   11.05   659.95   661.19   0.0  
  4   3   178.2   188.3   49.17   17.22   657.46   662.43   0.0  
  5   1   189.57   188.59   50.25   10.52   672.92   672.1   0.0  
  6   4   179.16   181.4   48.48   5.15   657.58   662.0   156.0  
  1   4   179.64   183.12   48.69   11.12   656.73   661.83   0.0  
  2   3   177.12   179.19   48.88   11.16   661.89   656.57   264.0  
  3   2   185.71   185.04   49.47   4.17   663.43   658.91   39.0  
  4   3   179.57   188.66   49.66   4.76   658.61   658.13   0.0  
  5   1   185.47   192.0   50.09   13.71   670.93   672.9   0.0  
  6   4   175.79   182.47   48.68   16.26   652.62   662.97   0.0  
  1   1   179.08   167.48   48.29   6.71   660.71   662.74   211.0  
  2   2   172.77   166.43   48.77   19.19   656.01   667.73   0.0  
  3   4   174.19   167.98   50.13   28.85   660.72   658.24   88.0  
  4   2   180.16   185.75   49.1   23.61   659.6   660.14   0.0  
  5   2   177.55   191.43   49.63   23.04   660.61   659.75   0.0  
  6   2   164.46   196.33   50.71   19.12   654.07   664.25   0.0  
  1   4   187.38   185.42   49.46   7.33   663.45   658.06   0.0  
  2   3   182.84   187.31   49.61   16.39   657.65   657.66   23.0  
  3   2   182.57   178.89   48.44   10.65   659.33   660.31   0.0  
  4   3   179.04   182.69   48.48   8.62   656.65   659.98   0.0  
  5   1   182.45   184.44   49.51   5.03   674.42   672.49   56.0  
  6   4   178.54   187.53   49.96   6.47   656.5   658.87   0.0  
  1   2   176.31   182.48   48.78   6.54   656.88   662.33   0.0  
  2   4   194.51   190.4   49.74   5.95   659.09   659.29   0.0  
  3   3   179.08   179.47   48.44   7.25   660.96   657.1   0.0  
  4   1   178.91   181.76   48.58   13.54   653.8   650.79   46.0  
  5   4   192.69   200.7   48.29   13.01   661.89   657.24   0.0  
  6   3   182.87   181.89   49.86   8.86   660.08   658.38   0.0  
  1   2   182.4   186.18   48.07   8.78   654.03   660.86   0.0  
  2   4   188.1   190.76   48.84   15.12   656.44   659.19   0.0  
  3   3   181.66   184.43   49.28   158.92   661.16   658.23   0.0  
  4   1   187.12   185.01   48.42   9.36   654.75   651.44   0.0  
  5   4   192.94   192.55   48.47   7.0   658.93   657.49   0.0  
  6   3   183.26   182.1   49.41   9.46   656.62   657.7   0.0  
  1   1   174.9   181.27   48.32   10.49   661.64   661.11   21.0  
  2   2   181.92   182.43   48.32   13.82   657.96   659.25   0.0  
  3   4   173.95   176.29   48.77   9.37   659.95   660.86   173.0  
  4   2   183.76   184.12   49.81   15.55   657.91   659.35   0.0  
  5   2   186.66   185.65   49.52   13.11   658.54   659.18   0.0  
  6   2   175.14   186.96   50.42   7.83   657.25   658.63   0.0  
  1   3   181.72   183.74   48.15   9.57   654.66   657.14   0.0  
  2   1   186.12   187.35   48.91   8.0   658.49   658.65   0.0  
  3   1   191.59   191.36   49.04   20.37   658.95   661.08   0.0  
  4   4   183.53   187.08   49.11   7.08   660.7   657.23   0.0  
  5   3   184.25   181.98   48.58   6.52   659.49   657.24   0.0  
  6   1   187.46   193.21   48.28   3.38   653.52   651.61   0.0  
  1   3   175.47   179.85   49.76   6.1   661.3   658.25   0.0  
  2   1   175.9   180.33   48.84   8.67   658.06   656.36   0.0  
  3   1   166.07   178.9   47.93   131.95   661.56   654.57   0.0  
  4   4   166.93   176.95   48.65   7.99   657.49   659.93   213.0  
  5   3   175.79   183.71   49.79   9.63   663.38   656.98   0.0  
  6   1   184.24   181.4   49.31   5.81   653.71   652.68   143.0  
  1   2   184.62   186.74   49.83   5.63   658.69   660.53   0.0  
  2   4   185.21   180.03   48.24   11.67   659.21   661.34   0.0  
  3   3   184.42   186.51   49.52   15.56   658.8   660.11   0.0  
  4   1   175.16   175.79   47.98   17.11   650.71   655.54   0.0  
  5   4   184.27   190.02   49.84   12.91   658.41   661.04   0.0  
  6   3   182.72   177.01   48.96   5.87   660.23   655.57   30.0  
  1   4   187.74   184.17   49.69   7.55   658.34   658.82   0.0  
  2   3   185.22   184.52   50.55   156.25   661.08   655.06   0.0  
  3   2   176.31   175.89   48.32   9.56   663.17   660.17   0.0  
  4   3   185.14   190.9   48.8   4.59   660.26   657.78   0.0  
  5   1   187.18   189.52   48.8   16.48   669.93   672.53   397.0  
  6   4   182.15   183.45   49.44   9.54   656.78   659.81   278.0  
  1   1   183.03   186.44   49.38   5.04   660.26   654.48   0.0  
  2   2   184.41   187.84   49.32   4.59   656.07   658.68   0.0  
  3   4   186.45   187.71   49.26   8.36   658.56   662.17   0.0  
  4   2   182.26   181.25   48.37   5.99   656.62   660.04   0.0  
  5   2   176.91   180.11   48.07   61.89   658.75   658.01   0.0  
  6   2   173.96   182.04   49.1   8.1   654.9   654.71   0.0  
  1   2   181.13   176.22   49.02   29.37   663.02   659.69   0.0  
  2   4   179.64   188.78   49.29   5.36   659.76   661.12   0.0  
  3   3   183.83   185.83   48.76   8.37   659.88   659.64   0.0  
  4   1   174.05   185.83   49.5   26.29   651.45   656.91   0.0  
  5   4   190.44   176.93   48.57   9.07   662.4   662.14   46.0  
  6   3   187.46   183.48   50.07   11.81   663.81   656.47   0.0  
  1   2   174.58   179.14   48.52   11.16   657.67   659.59   0.0  
  2   4   183.48   184.72   49.09   7.6   654.63   664.01   118.0  
  3   3   176.46   179.35   48.45   10.96   660.26   665.65   0.0  
  4   1   178.48   182.28   49.38   17.88   651.66   653.13   225.0  
  5   4   182.05   186.41   48.83   7.41   663.32   658.49   0.0  
  6   3   181.2   177.26   49.99   11.05   662.16   655.03   92.0  
  1   3   179.03   185.04   48.23   11.01   656.93   656.64   100.0  
  2   1   184.05   187.66   49.13   5.73   657.12   655.57   0.0  
  3   1   183.83   188.62   48.99   5.73   654.54   655.79   74.0  
  4   4   182.47   185.84   48.99   13.83   658.5   656.51   0.0  
  5   3   180.96   182.68   48.34   10.46   655.33   659.63   0.0  
  6   1   181.66   183.61   48.23   9.92   656.86   651.72   0.0  
  1   4   183.6   184.34   49.51   6.04   657.31   656.36   0.0  
  2   3   180.06   186.87   49.47   5.86   660.39   657.55   0.0  
  3   2   176.5   173.18   48.78   11.01   655.15   659.97   0.0  
  4   3   177.55   181.75   48.93   8.56   659.66   658.41   0.0  
  5   1   181.29   185.55   49.75   26.99   670.79   674.09   0.0  
  6   4   181.03   182.17   49.93   15.29   654.55   659.24   0.0  
  1   3   173.92   181.67   48.89   12.1   656.49   660.35   0.0  
  2   1   184.33   186.3   49.97   2.19   657.99   659.16   0.0  
  3   1   183.67   188.0   49.57   30.3   658.39   658.22   0.0  
  4   4   182.35   182.31   49.31   12.68   661.31   657.56   0.0  
  5   3   178.3   179.74   48.43   4.49   661.88   657.51   0.0  
  6   1   181.64   180.09   48.54   10.15   654.25   650.5   0.0  
  1   3   179.8   181.18   48.32   8.27   656.12   661.04   0.0  
  2   1   184.16   186.09   49.22   9.33   657.64   659.56   11.0  
  3   1   191.19   191.27   49.11   10.06   658.61   660.03   0.0  
  4   4   185.16   187.7   48.51   33.05   664.16   658.51   44.0  
  5   3   180.59   181.14   48.25   6.81   661.19   656.57   0.0  
  6   1   181.91   188.41   47.88   6.82   651.7   649.15   0.0  
  1   4   186.44   183.82   50.37   35.21   661.6   658.23   0.0  
  2   3   177.54   180.95   49.81   163.9   661.75   656.3   0.0  
  3   2   175.66   173.17   48.82   10.77   658.06   657.73   0.0  
  4   3   169.18   181.82   48.37   8.35   656.36   657.42   26.0  
  5   1   172.64   178.45   49.15   24.17   666.71   668.55   0.0  
  6   4   182.97   184.5   50.38   122.63   653.12   660.06   0.0  
  1   1   184.6   189.98   49.38   32.93   655.36   659.01   0.0  
  2   2   185.16   188.75   49.49   7.31   659.75   658.03   0.0  
  3   4   192.23   192.44   49.92   5.71   657.01   658.0   0.0  
  4   2   187.92   179.22   48.59   14.38   661.25   657.02   0.0  
  5   2   179.77   181.07   48.73   10.86   657.39   661.03   0.0  
  6   2   186.55   197.24   49.18   11.76   655.26   659.69   0.0  
  1   4   186.21   189.1   48.18   7.26   658.93   663.32   0.0  
  2   3   192.4   198.67   49.51   32.49   659.88   659.93   0.0  
  3   2   187.91   191.82   49.11   24.42   656.4   659.79   52.0  
  4   3   187.76   194.39   49.47   12.15   661.75   659.09   0.0  
  5   1   201.86   198.69   50.4   14.21   672.33   670.71   0.0  
  6   4   186.05   184.28   48.35   7.66   661.57   659.09   0.0  
  1   1   183.4   185.14   49.58   5.95   661.25   656.7   0.0  
  2   2   186.27   186.14   49.19   9.31   657.62   660.9   0.0  
  3   4   179.24   187.04   49.5   11.09   656.45   660.7   0.0  
  4   2   183.24   179.04   48.87   6.73   657.78   660.23   0.0  
  5   2   181.71   187.22   48.45   5.56   659.55   659.34   0.0  
  6   2   174.38   178.22   48.54   8.62   657.08   660.15   0.0  
  1   1   180.53   193.32   49.72   13.19   657.81   658.26   0.0  
  2   2   184.16   191.85   49.67   19.8   660.03   658.15   23.0  
  3   4   193.3   188.19   49.89   26.87   660.34   662.2   19.0  
  4   2   188.05   177.19   48.32   23.95   663.87   660.58   0.0  
  5   2   177.24   174.0   48.44   17.62   659.7   661.46   0.0  
  6   2   168.5   191.13   49.02   17.02   657.09   661.07   12.0  
  1   1   191.21   197.03   49.74   8.42   662.96   656.21   0.0  
  2   2   195.66   192.14   48.88   4.95   655.45   657.92   0.0  
  3   4   188.87   192.56   49.46   6.8   656.91   660.5   0.0  
  4   2   197.84   182.43   48.44   10.86   657.62   659.48   46.0  
  5   2   191.52   196.82   48.19   8.36   659.88   660.55   0.0  
  6   2   172.24   188.65   48.89   8.69   658.83   658.59   0.0  
  1   2   181.99   173.74   48.96   20.44   662.63   656.92   0.0  
  2   4   176.55   181.94   49.62   5.24   662.08   659.02   0.0  
  3   3   181.64   183.76   48.85   5.64   658.41   659.96   0.0  
  4   1   170.82   185.67   49.05   7.6   650.6   654.27   184.0  
  5   4   175.08   177.05   48.46   17.17   659.26   661.03   439.0  
  6   3   188.96   187.24   51.08   18.05   663.51   660.05   0.0  
  1   3   179.09   179.47   48.53   16.54   656.08   660.73   32.0  
  2   1   182.57   185.72   49.44   6.36   658.66   659.61   0.0  
  3   1   184.7   185.03   49.54   14.3   658.67   659.17   0.0  
  4   4   181.81   185.57   49.47   4.46   663.31   654.25   0.0  
  5   3   181.69   179.4   47.96   10.89   662.03   657.15   0.0  
  6   1   175.59   183.28   48.13   8.7   652.31   647.78   0.0  
  1   2   190.33   186.42   48.23   8.64   658.74   655.13   65.0  
  2   4   189.84   200.42   49.12   12.46   659.97   658.44   0.0  
  3   3   194.86   192.2   48.59   12.56   658.63   657.55   0.0  
  4   1   188.7   193.99   48.91   11.07   651.87   656.07   0.0  
  5   4   201.56   183.87   48.6   11.96   657.81   659.59   141.0  
  6   3   194.48   195.18   49.81   8.3   657.93   656.12   0.0  
  1   4   188.67   187.92   50.18   16.79   660.96   656.72   143.0  
  2   3   183.91   188.56   49.55   21.89   657.77   658.61   332.0  
  3   2   183.62   179.45   48.62   5.66   659.46   658.48   0.0  
  4   3   180.27   190.02   48.87   9.32   658.11   662.1   0.0  
  5   1   184.89   186.26   49.34   4.67   674.49   670.01   0.0  
  6   4   183.82   192.46   49.32   11.61   656.36   661.43   0.0  
  1   2   194.98   194.4   49.1   6.68   657.44   658.16   0.0  
  2   4   187.25   186.73   48.26   7.44   655.82   660.54   0.0  
  3   3   186.28   191.74   49.14   9.17   656.88   660.3   0.0  
  4   1   189.21   192.91   47.96   16.48   651.7   652.29   0.0  
  5   4   192.86   192.3   49.27   6.94   659.76   657.47   119.0  
  6   3   187.3   178.22   49.34   9.65   660.7   653.16   160.0  
  1   2   186.43   174.73   48.13   6.89   659.07   655.59   0.0  
  2   4   182.95   191.57   49.16   7.28   655.73   661.77   0.0  
  3   3   184.03   180.74   48.78   11.66   656.88   663.2   0.0  
  4   1   184.56   191.72   48.91   8.59   655.85   650.96   0.0  
  5   4   176.78   181.87   48.25   43.41   661.46   657.38   0.0  
  6   3   184.95   190.32   50.02   14.73   663.31   653.51   0.0  
  1   2   192.17   196.52   49.5   6.72   657.35   657.56   0.0  
  2   4   189.63   181.35   48.13   8.05   655.19   659.22   0.0  
  3   3   185.48   195.59   49.29   11.48   658.3   658.79   0.0  
  0   0   -19.93   8.49   11.13   0.0   0.0   0.0   0.0  
  0   0   -19.93   8.49   11.13   0.0   0.0   0.0   0.0  
  0   0   -19.93   8.49   11.13   0.0   0.0   0.0   0.0  
  1   1   183.44   185.53   48.07   6.31   659.14   661.42   0.0  
  2   2   183.77   186.28   48.78   5.06   661.33   659.43   0.0  
  3   4   185.04   187.87   48.5   8.5   659.43   661.5   0.0  
  4   2   193.88   193.07   49.38   17.18   664.14   659.04   0.0  
  5   2   187.87   191.14   49.33   11.0   657.86   663.41   0.0  
  6   2   183.56   193.31   50.53   7.79   656.93   660.05   0.0  
  1   1   182.39   193.99   49.76   4.72   663.7   660.08   0.0  
  2   2   187.95   194.42   49.89   17.65   655.65   659.6   0.0  
  3   4   186.05   196.33   49.26   8.0   662.18   664.71   0.0  
  4   2   190.91   171.63   48.66   13.68   660.49   660.84   0.0  
  5   2   189.92   190.2   48.32   28.8   662.37   661.1   0.0  
  6   2   173.47   183.81   50.58   17.72   656.73   660.29   0.0  
  1   3   177.43   177.56   49.1   10.86   664.16   657.85   0.0  
  2   1   188.03   188.41   50.12   7.73   661.25   655.21   0.0  
  3   1   186.8   183.26   50.01   14.49   661.62   657.94   0.0  
  4   4   180.2   187.67   49.77   8.53   660.14   658.94   0.0  
  5   3   177.89   182.39   48.55   19.92   658.13   661.53   0.0  
  6   1   172.83   176.4   48.32   12.58   652.11   651.72   0.0  
  1   2   182.32   182.41   48.71   5.84   660.7   655.51   0.0  
  2   4   185.93   186.99   49.44   7.4   661.47   660.33   0.0  
  3   3   189.3   196.25   48.56   6.2   657.2   658.34   0.0  
  4   1   181.22   185.12   49.36   8.85   652.64   659.16   0.0  
  5   4   183.3   185.99   48.52   6.53   657.93   658.93   0.0  
  6   3   192.76   185.35   50.0   17.92   660.08   655.43   0.0  
  1   4   186.22   189.91   49.97   18.67   658.83   659.27   0.0  
  2   3   186.83   189.76   49.3   14.37   660.07   661.53   44.0  
  3   2   186.41   184.51   49.08   15.98   661.8   659.44   0.0  
  4   3   182.36   181.92   48.79   6.86   656.58   660.9   0.0  
  5   1   182.55   183.41   49.4   26.05   671.93   668.96   0.0  
  6   4   186.55   191.15   50.01   10.37   654.22   658.97   0.0  
  1   3   184.58   180.81   48.79   8.55   660.19   656.49   0.0  
  2   1   188.94   193.63   48.86   38.35   659.99   654.79   0.0  
  3   1   186.43   193.2   49.4   5.41   657.61   660.93   0.0  
  4   4   186.53   193.86   50.25   47.19   657.67   659.38   0.0  
  5   3   186.85   184.35   48.83   32.98   656.93   661.22   0.0  
  6   1   183.99   179.14   48.66   156.16   653.16   647.3   0.0  
  1   2   177.28   184.88   49.81   7.02   656.84   659.77   25.0  
  2   4   168.86   173.3   48.49   8.57   653.81   658.54   0.0  
  3   3   179.48   188.47   50.21   5.36   657.97   662.39   0.0  
  4   1   176.94   177.7   48.84   10.4   652.34   651.89   0.0  
  5   4   182.23   182.0   50.02   10.2   664.84   656.25   0.0  
  6   3   181.05   166.21   49.49   23.34   662.65   652.78   0.0  
  1   2   173.64   179.29   49.05   13.28   656.72   662.97   0.0  
  2   4   185.56   186.47   49.54   12.59   659.62   658.72   0.0  
  3   3   178.52   180.36   48.86   7.89   660.3   658.96   0.0  
  4   1   173.18   186.91   48.9   11.6   650.49   652.5   0.0  
  5   4   183.19   182.02   49.25   16.7   665.04   660.59   108.0  
  6   3   186.13   182.24   50.15   19.29   661.18   658.44   24.0  
  1   3   190.06   191.64   49.55   8.87   661.49   658.95   0.0  
  2   1   187.09   193.21   48.79   6.42   662.42   659.41   0.0  
  3   1   185.73   182.43   48.89   12.38   662.17   658.69   0.0  
  4   4   179.16   186.04   48.53   12.59   660.31   664.26   0.0  
  5   3   195.58   193.81   49.46   14.42   661.21   662.77   0.0  
  6   1   191.39   190.09   49.1   7.65   657.23   654.04   68.0  
  1   2   181.96   186.42   49.29   6.1   656.15   662.94   0.0  
  2   4   174.44   182.45   48.31   3.14   655.29   659.94   0.0  
  3   3   183.86   185.49   49.61   8.05   662.66   658.56   0.0  
  4   1   173.05   182.24   48.16   17.35   653.13   651.64   75.0  
  5   4   185.81   185.68   49.24   6.59   658.47   659.08   0.0  
  6   3   178.98   175.76   48.87   4.35   660.29   657.26   0.0  
  1   2   182.82   195.57   49.88   5.9   657.24   658.36   0.0  
  2   4   169.59   180.61   48.65   10.28   654.55   662.73   0.0  
  3   3   182.06   191.5   49.3   6.73   656.51   666.29   0.0  
  4   1   178.54   178.22   48.21   25.54   649.29   651.9   343.0  
  5   4   187.4   194.11   48.84   7.44   662.67   655.33   0.0  
  6   3   184.77   173.3   49.17   13.31   664.44   652.13   0.0  
  1   2   182.71   185.2   49.15   10.09   662.31   658.96   0.0  
  2   4   178.65   180.27   48.42   6.66   661.69   658.18   0.0  
  3   3   189.14   187.16   48.99   10.32   660.47   656.87   0.0  
  4   1   172.44   179.45   48.98   7.64   653.68   658.64   0.0  
  5   4   182.71   185.58   49.25   3.08   656.22   660.5   0.0  
  6   3   184.81   189.4   49.43   4.94   660.47   658.32   0.0  
  1   4   175.67   184.37   48.65   27.12   659.09   655.06   39.0  
  2   3   179.81   184.85   50.19   18.52   660.12   662.35   173.0  
  3   2   183.8   181.39   51.41   38.12   660.37   654.79   0.0  
  4   3   186.3   188.48   50.39   7.36   654.2   665.45   0.0  
  5   1   191.06   192.23   51.09   15.53   674.04   671.27   0.0  
  6   4   172.83   180.0   48.36   18.79   656.4   663.08   0.0  
  1   1   183.9   186.32   48.74   13.2   656.32   658.08   0.0  
  2   2   183.7   187.38   48.95   11.76   659.84   656.63   94.0  
  3   4   187.28   188.51   48.81   8.96   657.0   658.6   0.0  
  4   2   184.6   172.35   48.45   7.04   661.54   656.87   0.0  
  5   2   178.32   182.79   48.21   7.89   655.33   660.69   0.0  
  6   2   175.24   186.21   49.32   7.76   656.03   658.09   0.0  
  1   2   192.8   191.0   49.49   4.15   656.69   657.02   0.0  
  2   4   183.64   188.99   48.38   12.18   655.43   659.67   0.0  
  3   3   184.42   189.15   49.54   6.5   655.26   661.01   0.0  
  4   1   191.32   196.64   48.12   5.97   653.7   652.39   0.0  
  5   4   192.23   189.24   49.5   25.06   660.42   656.4   0.0  
  6   3   186.48   178.48   48.55   14.06   662.14   653.99   0.0  
  1   3   186.73   193.96   49.29   10.14   659.12   654.9   0.0  
  2   1   186.01   181.01   48.17   8.49   657.39   655.99   0.0  
  3   1   186.11   184.07   48.35   11.51   658.79   656.46   0.0  
  4   4   188.79   166.56   48.53   7.59   658.28   659.31   53.0  
  5   3   189.59   194.53   49.35   11.3   657.84   658.34   50.0  
  6   1   186.39   192.09   48.98   8.24   654.8   653.88   68.0  
  1   4   182.19   184.02   49.02   17.15   660.68   655.13   0.0  
  2   3   182.86   185.27   48.99   8.4   659.43   659.62   0.0  
  3   2   190.82   190.08   49.52   7.17   658.32   658.62   104.0  
  4   3   174.55   185.1   48.37   11.52   654.88   663.38   0.0  
  5   1   185.52   186.07   49.3   11.01   675.46   674.03   0.0  
  6   4   193.26   192.44   48.69   12.25   654.73   660.67   0.0  
  1   3   192.56   194.83   49.45   21.58   655.07   656.13   0.0  
  2   1   187.16   181.93   48.02   22.37   658.76   653.76   0.0  
  3   1   186.56   186.03   48.66   5.36   656.09   660.11   0.0  
  4   4   190.66   195.99   48.14   6.56   658.59   656.69   0.0  
  5   3   185.98   194.5   49.12   7.74   655.79   659.2   0.0  
  6   1   187.6   193.04   48.78   7.28   654.55   647.65   0.0  
  1   1   183.42   175.87   48.94   15.8   662.97   654.77   0.0  
  2   2   187.9   191.63   48.71   12.62   657.56   658.69   0.0  
  3   4   180.54   176.37   48.97   23.31   656.56   661.58   0.0  
  4   2   191.46   189.47   49.78   11.25   660.29   658.58   0.0  
  5   2   188.16   195.82   49.96   32.27   660.81   658.94   0.0  
  6   2   178.67   191.71   50.59   11.05   657.06   661.62   0.0  
  1   2   190.21   186.72   48.13   22.02   658.74   661.21   0.0  
  2   4   188.24   194.36   50.03   227.01   654.7   666.31   0.0  
  3   3   183.64   181.56   48.51   11.49   660.73   662.58   0.0  
  4   1   185.11   193.2   49.93   4.47   655.76   656.46   0.0  
  5   4   189.14   180.24   48.74   12.63   662.65   658.91   0.0  
  6   3   185.48   187.84   50.68   5.28   662.76   654.01   0.0  
  1   4   186.67   186.56   48.82   8.68   656.11   659.85   0.0  
  2   3   190.32   196.05   48.62   4.06   656.91   656.34   151.0  
  3   2   187.92   194.29   49.18   14.11   655.01   660.55   0.0  
  4   3   186.38   195.95   49.24   6.0   658.3   657.29   0.0  
  5   1   199.44   200.54   50.67   27.13   671.01   670.8   0.0  
  6   4   187.97   185.74   48.24   10.78   656.28   657.25   0.0  
  1   1   188.62   191.37   48.54   6.94   658.98   657.22   0.0  
  2   2   186.18   189.32   48.54   11.9   654.5   662.95   0.0  
  3   4   185.81   182.03   48.72   7.92   660.33   656.91   0.0  
  4   2   195.4   193.48   49.68   4.05   661.74   658.2   0.0  
  5   2   190.74   192.83   49.88   17.0   660.33   658.52   0.0  
  6   2   181.11   195.03   50.35   10.89   652.34   662.42   0.0  
  1   4   185.05   190.74   49.21   7.09   658.89   659.33   0.0  
  2   3   182.36   189.81   48.82   5.2   656.49   661.99   64.0  
  3   2   187.67   191.88   48.41   6.23   657.13   660.35   0.0  
  4   3   180.93   184.27   48.37   8.81   660.07   662.2   0.0  
  5   1   185.46   188.64   49.63   4.84   673.73   671.85   0.0  
  6   4   189.57   191.09   48.94   11.09   656.68   659.52   0.0  
  1   1   189.24   188.77   49.51   7.27   664.01   658.27   0.0  
  2   2   189.1   192.06   49.13   8.46   661.24   662.26   0.0  
  3   4   185.78   192.35   49.84   15.67   659.33   662.46   0.0  
  4   2   182.06   181.77   48.99   15.75   661.51   662.79   0.0  
  5   2   183.67   182.98   48.67   15.76   662.98   660.84   0.0  
  6   2   177.33   180.38   49.16   28.52   662.03   660.45   0.0  
  1   4   181.58   182.61   48.23   8.27   658.92   655.79   0.0  
  2   3   188.55   186.51   48.38   11.04   655.49   659.15   0.0  
  3   2   193.33   194.85   49.73   7.27   656.1   657.57   0.0  
  4   3   185.56   196.89   49.11   10.58   657.07   663.04   0.0  
  5   1   193.91   201.13   50.29   23.41   675.51   670.19   0.0  
  6   4   191.71   195.32   48.64   6.42   654.93   656.55   98.0  
  1   3   185.84   181.33   48.91   4.25   662.12   659.15   0.0  
  2   1   184.12   195.52   49.49   8.51   659.59   658.33   0.0  
  3   1   184.22   194.54   49.64   6.84   660.73   657.98   240.0  
  4   4   183.01   196.82   49.3   6.39   659.78   663.02   0.0  
  5   3   187.82   178.95   48.64   5.93   660.69   662.64   0.0  
  6   1   188.16   181.36   48.35   3.75   655.49   653.71   0.0  
  1   2   181.96   179.95   48.38   7.91   656.87   662.4   0.0  
  2   4   184.74   196.21   49.62   7.68   657.95   660.36   0.0  
  3   3   186.11   180.47   48.42   16.62   663.29   658.01   0.0  
  4   1   181.77   189.52   49.51   8.27   655.77   649.84   0.0  
  5   4   191.61   182.99   47.92   79.79   659.73   657.73   0.0  
  6   3   186.33   191.14   51.14   286.08   657.95   656.85   0.0  
  1   2   181.53   186.12   49.81   7.07   658.79   664.58   18.0  
  2   4   177.71   182.08   48.59   12.53   658.26   664.02   0.0  
  3   3   182.41   185.3   50.07   6.38   662.43   659.85   31.0  
  4   1   176.79   180.01   48.34   6.28   656.77   657.83   0.0  
  5   4   187.22   184.46   49.35   6.56   666.07   660.69   49.0  
  6   3   179.27   175.29   49.32   33.81   663.48   659.45   0.0  
  1   3   177.66   184.89   48.63   5.11   660.51   662.71   0.0  
  2   1   180.53   182.59   49.27   9.88   658.76   661.91   50.0  
  3   1   184.14   183.97   49.57   37.23   662.15   659.04   0.0  
  4   4   182.39   182.82   49.69   19.07   665.23   658.38   0.0  
  5   3   180.46   178.25   48.2   5.3   664.15   658.9   0.0  
  6   1   176.62   179.05   48.57   12.22   656.17   650.67   0.0  
  1   1   188.77   195.05   49.83   16.52   657.33   659.79   0.0  
  2   2   188.79   194.2   49.17   13.15   661.24   659.81   0.0  
  3   4   199.25   195.19   50.53   17.27   658.62   658.25   0.0  
  4   2   189.5   186.2   49.47   11.76   661.18   660.52   0.0  
  5   2   185.51   182.47   50.06   106.5   659.76   662.24   0.0  
  6   2   182.88   198.54   49.64   8.17   656.44   660.29   0.0  
  1   2   184.27   184.89   48.53   7.28   657.71   661.7   0.0  
  2   4   194.72   195.34   49.57   5.71   658.01   659.95   88.0  
  3   3   185.34   188.23   49.48   217.08   661.2   659.26   0.0  
  4   1   188.44   190.19   49.57   11.42   655.09   652.83   0.0  
  5   4   197.49   193.53   48.57   11.73   661.38   660.03   104.0  
  6   3   191.06   190.48   49.72   13.07   658.87   660.43   0.0  
  1   4   181.87   182.89   48.29   6.83   658.91   656.65   0.0  
  2   3   183.22   185.74   48.51   19.53   660.47   663.06   0.0  
  3   2   187.35   189.06   49.39   6.0   659.76   658.39   0.0  
  4   3   185.12   189.37   49.51   7.51   657.47   662.43   0.0  
  5   1   191.66   192.31   49.89   6.86   669.84   662.79   0.0  
  6   4   181.91   187.21   48.34   9.62   653.95   660.51   0.0  
  1   3   190.49   194.31   49.6   10.87   658.45   658.98   0.0  
  2   1   188.48   185.2   48.98   6.98   659.13   657.35   0.0  
  3   1   188.98   188.1   48.8   12.63   658.68   660.22   0.0  
  4   4   185.53   183.78   48.13   8.53   661.08   655.34   0.0  
  5   3   193.05   192.63   48.99   11.64   661.9   658.48   0.0  
  6   1   190.95   193.99   49.33   15.85   656.28   652.06   0.0  
  1   3   185.67   185.32   49.37   155.97   660.67   655.98   0.0  
  2   1   195.75   195.95   50.5   15.91   656.02   655.0   0.0  
  3   1   191.24   190.92   48.99   22.4   661.3   656.06   0.0  
  4   4   188.31   193.8   49.19   5.73   655.44   658.16   0.0  
  5   3   195.16   204.89   48.54   113.29   659.09   658.72   0.0  
  6   1   180.18   186.88   48.02   7.16   652.69   655.08   291.0  
  1   1   194.56   196.31   49.92   4.56   658.17   656.73   44.0  
  2   2   186.73   194.93   49.04   41.46   654.12   659.86   0.0  
  3   4   186.57   193.65   49.84   162.47   661.95   658.18   0.0  
  4   2   195.06   189.69   49.43   11.13   656.81   654.77   0.0  
  5   2   186.22   183.51   48.64   28.05   663.78   659.42   0.0  
  6   2   177.78   190.21   49.57   7.76   653.09   661.52   0.0  
  1   1   190.39   191.21   49.79   4.52   665.57   657.56   0.0  
  2   2   187.03   189.14   49.25   7.28   658.96   657.58   0.0  
  3   4   185.84   185.94   49.7   15.15   659.65   662.44   0.0  
  4   2   177.62   182.84   48.17   20.85   658.92   660.0   0.0  
  5   2   185.57   184.68   48.69   37.11   661.16   661.74   54.0  
  6   2   167.72   182.18   48.49   90.85   659.83   660.0   0.0  
  1   4   185.45   187.19   49.04   15.99   659.46   658.09   0.0  
  2   3   185.14   186.59   48.56   13.8   658.42   659.93   0.0  
  3   2   199.19   197.48   49.62   7.77   657.01   657.52   0.0  
  4   3   189.25   197.17   49.32   9.53   657.31   663.44   0.0  
  5   1   195.27   197.06   51.27   48.98   671.18   669.18   0.0  
  6   4   192.44   203.28   48.39   12.1   655.19   661.21   0.0  
  1   1   189.63   193.66   50.13   13.23   660.92   660.18   0.0  
  2   2   183.77   182.76   48.81   8.81   656.77   662.92   0.0  
  3   4   179.39   183.24   48.93   8.34   659.57   658.6   0.0  
  4   2   197.62   194.05   50.05   40.05   660.69   661.06   0.0  
  5   2   187.52   191.63   49.91   20.72   661.39   660.0   35.0  
  6   2   180.41   195.53   50.54   7.49   655.64   662.44   0.0  
  1   1   181.9   187.6   49.77   7.24   665.72   659.23   0.0  
  2   2   187.23   190.03   49.22   13.36   659.86   662.68   0.0  
  3   4   184.83   187.55   49.75   7.42   661.97   665.28   0.0  
  4   2   188.11   178.61   48.32   11.34   663.28   663.51   0.0  
  5   2   183.61   180.77   48.53   14.1   661.57   662.77   0.0  
  6   2   171.41   180.45   49.14   10.15   656.79   661.35   9.0  
  1   4   189.95   190.49   49.5   5.43   658.41   660.08   0.0  
  2   3   187.64   190.37   49.61   25.08   659.72   658.77   0.0  
  3   2   179.84   181.09   48.48   3.58   660.28   660.93   0.0  
  4   3   169.97   188.01   48.66   14.77   658.47   662.36   0.0  
  5   1   190.13   182.78   49.65   16.32   671.79   668.37   0.0  
  6   4   180.61   192.57   49.81   20.3   653.85   659.97   247.0  
  1   3   184.4   183.54   48.15   9.17   657.17   657.25   0.0  
  2   1   186.36   189.17   49.64   5.89   663.86   654.5   44.0  
  3   1   183.35   188.34   48.89   6.28   655.12   659.5   0.0  
  4   4   185.36   189.43   49.0   8.0   655.44   659.13   0.0  
  5   3   184.61   183.42   48.8   5.28   654.9   662.61   12.0  
  6   1   181.19   181.06   47.89   6.72   657.45   649.51   0.0  
  1   4   181.4   187.27   48.41   75.13   659.57   662.71   0.0  
  2   3   186.86   195.09   49.01   13.8   661.34   658.3   0.0  
  3   2   189.27   189.9   49.69   14.51   658.12   662.6   0.0  
  4   3   185.41   194.34   49.75   9.32   659.85   661.79   16.0  
  5   1   200.7   196.82   50.41   10.1   672.73   672.59   0.0  
  6   4   181.22   186.57   48.95   27.87   657.6   660.74   0.0  
  1   1   183.67   186.79   49.71   5.38   657.18   660.69   26.0  
  2   2   179.9   185.28   49.48   6.36   658.15   658.49   0.0  
  3   4   186.76   188.07   49.15   7.65   659.67   658.85   0.0  
  4   2   184.18   179.61   48.39   16.61   662.14   655.25   0.0  
  5   2   174.93   184.44   48.4   8.13   659.82   663.86   0.0  
  6   2   173.95   186.32   49.58   7.5   655.44   659.46   0.0  
  1   3   185.09   185.85   48.69   7.56   657.27   658.33   0.0  
  2   1   189.92   196.53   48.7   20.49   656.27   659.59   0.0  
  3   1   190.24   194.74   49.66   15.47   659.49   657.11   0.0  
  4   4   191.56   193.35   49.11   9.05   660.31   656.24   0.0  
  5   3   187.9   188.95   48.41   11.99   658.49   660.5   0.0  
  6   1   190.3   188.36   48.53   8.3   657.52   654.63   0.0  
  1   4   181.27   187.42   48.88   5.81   656.23   660.33   0.0  
  2   3   182.56   185.96   48.14   8.8   657.3   657.16   0.0  
  3   2   185.35   188.54   49.63   3.35   657.46   659.58   0.0  
  4   3   187.13   190.0   49.22   17.82   660.34   657.07   0.0  
  5   1   192.35   195.63   50.19   15.59   670.53   669.33   0.0  
  6   4   182.27   182.62   48.7   5.28   658.03   655.83   0.0  
  1   2   192.97   193.85   49.58   3.08   664.77   658.16   32.0  
  2   4   185.67   184.12   48.58   7.78   664.04   662.4   0.0  
  3   3   193.82   195.21   49.7   4.26   660.11   660.2   5.0  
  4   1   184.38   184.91   48.14   6.19   652.96   657.76   0.0  
  5   4   191.55   193.2   49.32   4.56   658.03   663.82   0.0  
  6   3   192.24   188.61   48.91   42.81   662.17   656.31   0.0  
  1   1   185.31   187.62   48.14   6.79   662.9   658.47   39.0  
  2   2   186.76   189.96   48.47   19.75   658.38   661.02   0.0  
  3   4   183.83   181.36   48.28   24.34   658.17   663.49   0.0  
  4   2   190.27   187.99   49.62   5.49   662.42   662.48   0.0  
  5   2   185.1   187.97   49.28   4.94   657.62   659.94   0.0  
  6   2   175.69   192.3   49.87   4.49   657.4   658.85   22.0  
  1   4   183.88   194.49   49.24   7.91   655.75   660.26   0.0  
  2   3   189.09   197.88   49.43   8.66   661.43   662.31   126.0  
  3   2   184.92   176.97   49.17   14.42   654.9   664.48   0.0  
  4   3   184.26   180.28   48.55   10.09   663.25   658.44   0.0  
  5   1   191.04   191.94   49.5   6.85   669.76   671.27   0.0  
  6   4   184.35   194.14   50.29   27.18   659.46   658.56   0.0  
  1   2   187.23   191.31   49.34   10.38   656.89   662.65   0.0  
  2   4   188.61   195.04   48.78   16.5   658.25   660.96   0.0  
  3   3   188.14   193.43   49.58   17.09   663.17   657.35   0.0  
  4   1   188.0   185.2   48.25   9.61   670.44   666.22   0.0  
  5   4   193.6   193.86   49.8   19.12   659.15   659.48   0.0  
  6   3   184.72   173.6   49.3   16.94   657.26   658.89   0.0  
  1   3   184.92   192.42   49.35   3.93   659.61   657.57   0.0  
  2   1   186.88   196.63   48.35   12.24   659.48   656.85   0.0  
  3   1   182.84   185.34   48.54   7.92   663.46   659.92   0.0  
  4   4   183.95   184.78   48.27   8.64   659.66   661.86   0.0  
  5   3   194.58   193.79   49.64   21.34   660.09   659.68   0.0  
  6   1   189.27   190.07   49.04   2.98   654.81   653.91   0.0  
  1   1   175.11   177.3   48.82   19.45   658.08   660.38   0.0  
  2   2   181.97   180.3   48.77   7.24   659.69   661.86   10.0  
  3   4   184.16   185.28   48.51   19.21   661.73   662.1   0.0  
  4   2   185.85   181.51   49.57   12.17   661.51   657.04   0.0  
  5   2   181.57   187.75   49.44   15.97   660.41   662.88   0.0  
  6   2   182.52   190.93   50.96   11.68   657.39   659.56   0.0  
  1   1   177.03   170.86   48.45   17.67   660.85   656.95   19.0  
  2   2   184.03   196.6   47.97   9.78   658.57   661.54   114.0  
  3   4   177.65   183.12   49.09   238.82   659.02   668.04   0.0  
  4   2   183.81   189.03   49.58   11.59   660.13   660.09   0.0  
  5   2   188.72   189.6   49.9   23.33   659.31   658.76   0.0  
  6   2   181.68   184.32   51.0   13.91   657.56   661.24   0.0  
  1   3   183.54   178.71   50.04   9.61   659.94   654.62   48.0  
  2   1   174.58   176.23   48.77   4.76   661.56   656.14   0.0  
  3   1   174.52   171.29   48.85   24.68   660.43   658.14   0.0  
  4   4   172.53   169.69   48.66   8.6   660.77   662.38   0.0  
  5   3   178.16   181.21   50.95   101.29   660.23   664.67   41.0  
  6   1   178.84   186.82   49.29   6.68   655.12   653.45   0.0  
  1   1   184.35   191.29   49.23   11.82   661.79   655.23   0.0  
  2   2   195.06   193.83   49.14   11.15   657.83   658.84   0.0  
  3   4   189.87   194.07   49.04   7.86   656.26   661.49   0.0  
  4   2   185.7   172.54   48.44   5.71   656.4   659.99   0.0  
  5   2   190.61   197.94   48.21   11.74   658.94   659.09   0.0  
  6   2   177.18   188.89   49.14   6.02   658.61   657.33   128.0  
  1   2   181.63   184.43   48.41   7.74   654.97   659.14   0.0  
  2   4   188.92   192.51   49.12   9.0   656.64   658.25   51.0  
  3   3   186.05   186.57   48.77   4.37   659.63   656.61   0.0  
  4   1   188.04   188.51   48.71   27.96   654.27   652.14   0.0  
  5   4   189.23   187.34   48.81   10.05   658.67   657.95   133.0  
  6   3   189.46   188.06   49.81   11.9   657.4   657.86   0.0  
  1   2   183.14   185.05   49.41   17.09   657.53   661.68   0.0  
  2   4   178.1   187.44   48.09   12.74   652.62   663.57   0.0  
  3   3   185.88   187.77   49.43   6.82   660.25   667.57   0.0  
  4   1   173.59   181.11   48.52   6.61   653.31   656.71   0.0  
  5   4   188.23   190.4   49.68   8.12   661.29   658.53   0.0  
  6   3   183.61   174.63   49.49   18.6   666.6   655.98   0.0  
  1   3   186.15   186.61   48.8   8.99   655.34   657.88   0.0  
  2   1   177.0   181.92   48.43   7.12   656.08   658.81   0.0  
  3   1   181.97   183.07   48.46   7.99   656.26   655.12   0.0  
  4   4   178.21   180.69   48.27   5.11   659.5   654.73   0.0  
  5   3   186.16   185.8   49.03   4.9   660.75   656.92   0.0  
  6   1   184.53   186.72   49.15   4.79   653.88   653.15   0.0  
  1   4   180.64   189.8   49.84   16.39   656.41   661.86   0.0  
  2   3   185.48   186.86   50.1   12.59   659.77   655.05   0.0  
  3   2   179.83   181.33   48.46   5.51   659.12   663.42   0.0  
  4   3   179.2   181.49   48.45   10.27   661.63   659.63   0.0  
  5   1   189.84   190.61   49.38   9.1   670.9   672.77   0.0  
  6   4   182.83   188.76   50.16   12.59   658.21   660.72   0.0  
  1   3   178.65   182.68   49.72   3.44   659.22   661.79   146.0  
  2   1   168.94   177.33   48.8   5.72   658.88   658.18   0.0  
  3   1   169.99   182.65   48.58   7.8   658.24   663.79   58.0  
  4   4   177.86   177.54   48.84   8.59   664.42   661.06   234.0  
  5   3   185.86   178.37   49.65   25.25   664.1   659.0   0.0  
  6   1   176.29   179.61   49.43   6.54   652.4   647.46   0.0  
  1   2   189.71   193.95   49.67   7.35   662.52   658.88   56.0  
  2   4   177.33   183.12   48.27   10.7   660.63   658.35   0.0  
  3   3   192.75   190.72   49.31   8.11   659.4   656.29   0.0  
  4   1   185.5   183.3   48.48   6.41   653.64   658.42   0.0  
  5   4   192.37   190.8   49.15   3.6   662.26   661.71   0.0  
  6   3   188.88   190.34   48.76   45.34   660.18   656.05   0.0  
  1   1   187.65   186.07   48.69   7.29   663.23   655.11   16.0  
  2   2   193.08   194.88   48.27   15.66   658.64   659.47   50.0  
  3   4   186.99   182.59   48.51   10.74   654.82   660.47   45.0  
  4   2   190.47   195.09   49.05   12.13   657.34   660.72   0.0  
  5   2   191.18   195.5   49.26   7.89   657.26   657.42   0.0  
  6   2   182.01   195.73   49.74   10.32   657.68   657.11   0.0  
  1   1   186.71   186.08   48.48   8.23   662.63   657.81   0.0  
  2   2   181.55   182.11   48.98   24.55   658.25   659.53   0.0  
  3   4   183.66   182.83   48.37   14.71   658.1   662.17   0.0  
  4   2   192.88   192.16   49.03   10.03   658.21   661.55   0.0  
  5   2   185.72   193.19   50.22   31.7   659.52   659.91   40.0  
  6   2   184.71   193.93   50.41   9.16   658.14   659.29   0.0  
  1   2   182.61   186.36   49.24   10.95   659.89   655.31   0.0  
  2   4   179.64   181.36   48.52   6.14   658.42   661.27   64.0  
  3   3   189.9   188.99   49.41   5.34   655.12   655.7   0.0  
  4   1   177.38   175.41   48.09   6.92   650.78   655.35   0.0  
  5   4   185.22   188.51   49.1   7.29   656.74   662.44   0.0  
  6   3   175.93   185.97   48.78   39.95   658.3   655.04   0.0  
  1   4   173.17   191.45   49.44   9.12   659.91   660.58   0.0  
  2   3   174.31   178.31   49.26   48.13   664.57   663.17   0.0  
  3   2   185.27   186.43   49.92   14.15   664.92   662.15   0.0  
  4   3   192.31   190.68   49.86   14.75   661.85   660.53   84.0  
  5   1   190.64   196.84   51.08   28.16   668.38   676.67   219.0  
  6   4   177.75   179.38   48.14   11.99   660.18   666.12   323.0  
