 1  3  186.05  189.62  50.1  8.55  654.98  650.67  0.0 
 1  3  190.82  183.66  49.28  8.55  660.01  653.89  0.0 
 1  3  185.73  197.01  49.77  5.54  652.12  654.71  0.0 
 1  3  191.38  182.51  49.23  7.54  651.46  655.71  0.0 
 1  3  190.32  188.43  49.32  8.74  653.51  653.24  0.0 
 1  3  190.47  193.37  51.17  22.92  653.14  654.06  0.0 
 1  3  187.86  185.4  48.82  11.26  654.88  655.5  0.0 
 1  3  184.08  184.76  48.64  4.9  654.88  656.68  0.0 
 1  3  186.7  191.37  49.72  3.44  656.72  653.42  0.0 
 1  3  186.1  194.63  49.66  4.85  655.82  657.9  0.0 
 1  3  186.21  192.93  49.37  6.43  657.24  656.9  0.0 
 1  3  185.06  193.71  49.32  6.03  658.35  654.15  11.0 
 1  3  194.23  192.32  51.31  9.31  654.74  655.27  0.0 
 1  3  186.66  194.18  49.73  5.83  657.38  658.26  0.0 
 1  3  191.73  195.21  49.29  6.77  656.84  658.68  0.0 
 1  3  178.65  191.64  51.27  19.33  652.38  656.7  0.0 
 1  3  188.07  194.0  49.28  4.05  654.54  658.34  83.0 
 1  3  183.79  182.72  49.39  7.46  655.76  656.01  0.0 
 1  3  186.88  192.82  49.42  6.09  655.73  654.13  0.0 
 1  3  194.89  199.01  48.88  3.94  658.32  656.68  102.0 
 1  3  197.48  189.15  49.01  9.48  656.24  654.51  0.0 
 1  3  191.74  182.67  49.08  7.52  654.13  652.35  0.0 
 1  3  186.35  194.74  49.49  4.88  653.95  659.9  16.0 
 1  3  191.95  179.01  48.77  7.25  656.32  652.94  0.0 
 1  3  185.69  197.96  50.18  44.2  660.64  656.18  0.0 
 1  3  188.82  192.06  48.53  7.36  658.63  659.51  0.0 
 1  3  191.74  194.79  49.52  7.55  656.74  656.6  0.0 
 1  3  186.18  194.81  50.07  6.73  655.0  656.49  103.0 
 1  3  186.25  192.83  49.47  4.3  655.4  656.79  0.0 
 1  3  188.56  182.68  48.72  8.61  656.62  657.52  0.0 
 1  3  193.22  195.09  49.53  3.37  658.42  658.99  0.0 
 1  3  184.08  184.33  48.89  9.82  658.08  654.53  0.0 
 1  3  183.97  195.81  49.79  6.85  659.87  658.1  0.0 
 1  3  183.22  183.37  48.82  5.47  655.41  659.01  0.0 
 1  3  194.02  191.39  48.3  5.61  658.82  659.77  0.0 
 1  3  185.1  189.12  48.66  5.9  656.91  656.37  0.0 
 1  3  184.65  188.18  49.58  10.16  652.3  655.59  149.0 
 1  3  185.29  186.93  49.28  6.83  657.28  653.77  0.0 
 1  3  187.94  183.8  48.57  7.48  661.52  656.21  0.0 
 1  3  188.39  181.82  48.77  4.36  654.29  659.9  0.0 
 1  3  192.93  195.53  49.08  3.77  655.57  656.55  0.0 
 1  3  186.23  189.19  48.15  22.51  658.52  657.98  0.0 
 1  3  184.51  192.92  49.32  5.78  655.29  658.49  269.0 
 1  3  189.97  194.93  50.19  8.45  656.1  656.02  0.0 
 1  3  187.68  193.41  49.3  9.14  657.8  658.16  0.0 
 1  3  191.87  193.29  48.72  3.58  656.45  655.33  0.0 
 1  3  188.42  182.24  48.92  6.28  658.02  654.65  0.0 
 1  3  186.49  181.07  48.88  4.94  659.28  657.63  0.0 
 1  3  192.91  187.53  49.16  9.19  658.91  658.93  113.0 
 1  3  190.01  193.28  49.55  5.05  663.78  656.16  0.0 
 1  3  193.39  182.74  49.13  7.42  654.23  651.83  0.0 
 1  3  191.57  176.22  48.72  3.46  655.76  658.5  65.0 
 1  3  187.26  191.5  49.27  8.09  656.84  657.71  0.0 
 1  3  186.78  195.18  49.55  5.47  655.85  657.29  65.0 
 1  3  189.3  185.81  49.35  3.83  654.23  654.62  0.0 
 1  3  186.89  181.85  48.47  7.47  659.08  654.3  0.0 
 1  3  193.99  197.19  49.01  17.98  659.94  659.78  0.0 
 1  3  191.79  189.89  48.72  24.96  654.38  655.51  0.0 
 1  3  187.12  195.34  49.28  8.84  656.52  658.09  0.0 
 1  3  193.96  180.51  49.31  4.05  655.85  652.17  0.0 
 1  3  190.44  187.49  49.11  11.35  656.1  652.52  0.0 
 1  3  192.95  191.21  48.69  6.35  657.73  657.98  62.0 
 1  3  188.04  180.98  48.72  9.81  659.85  656.01  0.0 
 1  3  187.79  182.45  48.95  4.63  657.34  654.21  147.0 
 1  3  184.5  181.43  48.57  6.86  656.0  654.0  24.0 
 1  3  193.25  186.77  49.41  5.17  657.93  656.97  43.0 
 1  3  188.24  184.82  48.56  8.96  656.09  657.12  0.0 
 1  3  187.3  182.75  49.37  3.91  659.63  654.04  0.0 
 1  3  188.91  183.05  48.49  4.79  657.04  655.29  0.0 
 1  3  186.42  182.11  48.67  9.02  659.85  657.32  0.0 
 1  3  188.72  185.03  48.72  11.14  656.24  652.68  0.0 
 1  3  184.83  186.54  49.28  7.05  659.4  654.75  0.0 
 1  3  189.25  195.75  49.22  5.15  657.42  659.26  11.0 
 1  3  188.93  183.71  48.99  4.74  656.43  655.74  0.0 
 1  3  185.18  192.94  49.56  6.4  654.04  657.75  51.0 
 1  3  186.1  193.4  49.53  1.29  656.79  660.26  0.0 
 1  3  186.81  183.74  48.35  13.33  656.39  655.96  0.0 
 1  3  189.53  196.2  49.5  3.34  657.92  656.03  0.0 
 1  3  185.68  177.82  48.97  16.1  661.84  656.82  112.0 
 1  3  191.68  192.29  49.03  7.64  655.65  654.92  0.0 
 1  3  191.71  192.4  51.46  36.23  655.07  654.06  0.0 
 1  3  186.7  195.25  49.89  13.95  651.45  653.89  0.0 
 1  3  185.55  194.45  50.34  68.34  660.13  655.91  0.0 
 1  3  182.88  194.49  49.71  6.56  658.84  654.42  0.0 
 1  3  190.45  198.44  49.74  96.66  657.55  658.5  0.0 
 1  3  187.45  193.13  50.05  13.38  656.49  652.67  0.0 
 1  3  190.77  193.48  49.36  10.04  654.62  654.36  0.0 
 1  3  185.39  192.66  49.68  6.34  654.58  658.81  37.0 
 1  3  187.5  195.05  48.88  18.97  658.15  655.69  0.0 
 1  3  186.12  184.35  48.61  10.93  658.28  655.12  0.0 
 1  3  186.77  194.71  49.4  8.63  655.62  658.93  0.0 
 1  3  184.83  192.5  49.15  5.04  659.28  655.06  40.0 
 1  3  186.23  195.15  49.38  3.18  656.51  658.74  0.0 
 1  3  192.49  195.97  49.78  5.24  658.99  657.98  0.0 
 1  3  186.72  195.07  49.37  10.18  655.05  658.24  0.0 
 1  3  190.37  195.81  49.39  5.19  657.84  657.15  0.0 
 1  3  186.67  180.95  49.11  5.4  655.76  656.04  0.0 
 1  3  188.75  183.79  49.44  3.04  654.61  659.37  0.0 
 1  3  186.48  193.27  49.85  5.9  656.99  655.69  0.0 
 1  3  188.1  193.98  49.75  7.63  655.67  652.96  0.0 
 1  3  186.85  185.16  48.66  8.72  659.55  654.88  0.0 
 1  3  182.5  185.55  48.57  10.96  656.08  659.48  26.0 
 1  3  188.94  193.42  48.94  10.52  655.75  656.56  0.0 
 1  3  187.02  185.4  48.58  7.95  651.83  655.85  0.0 
 1  3  190.04  194.74  49.81  18.81  655.11  655.55  0.0 
 1  3  186.53  193.53  49.52  7.0  656.97  657.14  0.0 
 1  3  186.0  193.28  49.53  4.79  655.55  658.12  0.0 
 1  3  186.39  193.42  49.43  9.44  656.79  656.77  50.0 
 1  3  186.83  194.39  49.37  6.43  659.03  656.34  0.0 
 1  3  188.46  190.77  50.75  9.12  654.28  652.11  0.0 
 1  3  186.69  192.57  51.1  20.05  654.92  654.09  0.0 
 1  3  180.71  195.95  51.1  9.1  650.21  657.73  0.0 
 1  3  187.4  194.93  49.42  12.0  655.87  655.93  31.0 
[2.0, 1.0, 186.54, 186.6, 48.27, 7.15, 654.73, 655.19, 0.0]
[2.0, 1.0, 185.53, 194.04, 49.58, 4.74, 656.84, 656.2, 0.0]
[2.0, 1.0, 195.28, 180.38, 46.4, 133.59, 654.67, 655.86, 0.0]
[2.0, 1.0, 188.34, 188.88, 49.59, 6.4, 654.51, 656.42, 0.0]
[2.0, 1.0, 186.8, 194.14, 49.88, 6.86, 653.61, 656.22, 0.0]
[2.0, 1.0, 189.84, 175.88, 48.8, 13.19, 657.68, 652.68, 0.0]
[2.0, 1.0, 187.53, 195.49, 49.24, 10.39, 659.8, 653.94, 86.0]
[2.0, 1.0, 187.22, 196.19, 49.11, 38.65, 658.45, 659.45, 0.0]
[2.0, 1.0, 183.96, 175.92, 49.08, 8.24, 653.99, 655.35, 0.0]
[2.0, 1.0, 191.91, 187.87, 48.75, 10.03, 656.6, 660.92, 0.0]
[2.0, 1.0, 185.81, 183.61, 49.15, 8.42, 662.03, 654.36, 0.0]
[2.0, 1.0, 186.95, 184.06, 48.7, 13.21, 656.37, 657.32, 0.0]
[2.0, 1.0, 187.99, 187.08, 49.42, 5.22, 655.52, 652.61, 0.0]
[2.0, 1.0, 187.67, 184.85, 48.32, 10.86, 658.0, 659.72, 0.0]
[2.0, 1.0, 189.39, 194.25, 49.52, 11.9, 661.38, 656.79, 0.0]
[2.0, 1.0, 183.76, 167.75, 49.18, 11.4, 654.11, 656.26, 0.0]
[2.0, 1.0, 188.42, 176.29, 49.07, 7.05, 655.45, 658.19, 50.0]
[2.0, 1.0, 183.64, 189.59, 49.19, 13.95, 658.49, 652.63, 0.0]
[2.0, 1.0, 192.38, 196.8, 48.75, 6.64, 656.42, 655.31, 0.0]
[2.0, 1.0, 188.3, 193.47, 49.33, 7.9, 662.06, 655.04, 389.0]
[2.0, 1.0, 196.39, 207.74, 49.6, 4.34, 656.85, 655.94, 0.0]
[2.0, 1.0, 185.1, 195.83, 49.27, 9.53, 655.66, 654.48, 0.0]
[2.0, 1.0, 179.52, 171.89, 48.58, 5.4, 656.56, 658.33, 47.0]
[2.0, 1.0, 188.58, 197.75, 50.02, 10.94, 655.86, 654.5, 0.0]
[2.0, 1.0, 191.63, 190.7, 48.98, 12.12, 657.24, 657.19, 0.0]
[2.0, 1.0, 185.64, 195.73, 48.67, 13.47, 660.42, 655.9, 0.0]
[2.0, 1.0, 185.57, 182.21, 48.69, 10.22, 659.7, 654.38, 132.0]
[2.0, 1.0, 190.27, 185.07, 49.22, 10.7, 656.77, 653.43, 0.0]
[2.0, 1.0, 184.32, 182.82, 49.25, 9.08, 656.41, 657.75, 63.0]
[2.0, 1.0, 186.78, 193.48, 49.15, 15.68, 658.5, 657.62, 0.0]
[2.0, 1.0, 188.27, 194.26, 49.58, 5.49, 659.75, 654.22, 20.0]
[2.0, 1.0, 186.72, 192.59, 49.29, 9.94, 659.36, 655.15, 0.0]
[2.0, 1.0, 191.64, 197.66, 48.91, 7.73, 659.49, 656.79, 0.0]
[2.0, 1.0, 186.56, 194.62, 49.41, 5.11, 657.3, 659.38, 132.0]
[2.0, 1.0, 184.01, 194.51, 49.49, 7.64, 659.71, 654.44, 0.0]
[2.0, 1.0, 185.7, 194.47, 49.03, 8.88, 660.67, 655.07, 20.0]
[2.0, 1.0, 193.22, 182.31, 49.22, 7.96, 653.24, 654.87, 0.0]
[2.0, 1.0, 191.72, 197.12, 47.69, 33.25, 654.78, 654.13, 0.0]
[2.0, 1.0, 197.41, 195.79, 49.11, 9.13, 657.41, 658.54, 0.0]
[2.0, 1.0, 183.55, 195.62, 49.18, 9.55, 657.09, 658.64, 0.0]
[2.0, 1.0, 184.5, 193.2, 49.95, 5.64, 658.65, 653.19, 0.0]
[2.0, 1.0, 183.72, 193.1, 49.47, 9.54, 659.26, 654.44, 117.0]
[2.0, 1.0, 187.77, 186.52, 48.52, 17.89, 657.53, 659.02, 351.0]
[2.0, 1.0, 195.76, 183.99, 48.9, 10.86, 659.71, 654.0, 0.0]
[2.0, 1.0, 186.0, 183.02, 48.98, 5.8, 662.7, 654.52, 0.0]
[2.0, 1.0, 185.79, 192.99, 49.02, 12.71, 657.97, 655.07, 0.0]
[2.0, 1.0, 197.99, 197.34, 49.83, 5.24, 657.52, 655.86, 0.0]
[2.0, 1.0, 186.28, 192.7, 49.54, 9.49, 661.29, 656.04, 0.0]
[2.0, 1.0, 189.45, 195.23, 49.45, 10.13, 661.43, 654.74, 0.0]
[2.0, 1.0, 189.71, 195.24, 48.26, 12.71, 660.94, 659.79, 80.0]
[2.0, 1.0, 188.97, 195.29, 49.62, 8.9, 656.08, 654.55, 0.0]
[2.0, 1.0, 186.83, 193.88, 49.31, 5.61, 654.94, 659.33, 0.0]
[2.0, 1.0, 184.91, 183.71, 49.02, 7.19, 658.58, 659.34, 0.0]
[2.0, 1.0, 185.45, 183.22, 48.56, 11.19, 659.95, 654.1, 0.0]
[2.0, 1.0, 188.34, 194.69, 49.73, 6.28, 656.09, 652.03, 0.0]
[2.0, 1.0, 188.12, 194.3, 49.42, 2.99, 660.97, 657.78, 0.0]
[2.0, 1.0, 186.01, 194.12, 50.08, 6.98, 664.13, 653.97, 0.0]
[2.0, 1.0, 186.99, 194.73, 49.46, 5.6, 659.31, 653.13, 0.0]
[2.0, 1.0, 191.61, 185.23, 48.61, 11.23, 658.17, 657.87, 0.0]
[2.0, 1.0, 190.64, 194.43, 50.06, 9.76, 656.38, 654.15, 0.0]
[2.0, 1.0, 186.0, 195.89, 49.93, 5.57, 655.4, 655.34, 0.0]
[2.0, 1.0, 185.0, 192.19, 49.57, 3.03, 660.57, 656.13, 38.0]
[2.0, 1.0, 184.37, 195.13, 49.83, 24.64, 658.02, 657.61, 0.0]
[2.0, 1.0, 188.65, 195.5, 49.4, 10.64, 658.06, 656.03, 11.0]
[2.0, 1.0, 194.26, 196.82, 49.59, 8.4, 656.64, 655.63, 0.0]
[2.0, 1.0, 188.6, 195.4, 48.54, 10.56, 658.58, 654.36, 0.0]
[2.0, 1.0, 189.62, 194.04, 49.25, 3.81, 659.9, 655.04, 0.0]
[2.0, 1.0, 186.4, 193.29, 50.29, 5.11, 656.15, 653.9, 0.0]
[2.0, 1.0, 186.61, 194.73, 49.23, 10.12, 659.1, 654.13, 0.0]
[2.0, 1.0, 192.57, 197.35, 49.23, 13.89, 658.73, 658.67, 0.0]
[2.0, 1.0, 186.4, 199.24, 46.99, 84.63, 654.1, 654.7, 0.0]
[2.0, 1.0, 188.18, 194.85, 49.54, 5.34, 657.14, 656.14, 0.0]
[2.0, 1.0, 185.08, 194.22, 49.76, 9.11, 660.06, 654.44, 0.0]
[2.0, 1.0, 186.84, 190.91, 49.41, 7.38, 659.86, 652.81, 0.0]
[2.0, 1.0, 183.06, 181.93, 49.11, 4.77, 656.54, 659.79, 76.0]
[2.0, 1.0, 183.79, 183.88, 49.01, 7.74, 655.98, 657.05, 0.0]
[2.0, 1.0, 188.42, 192.53, 49.38, 7.17, 658.88, 655.76, 0.0]
[2.0, 1.0, 185.98, 184.22, 48.76, 9.82, 659.78, 655.38, 0.0]
[2.0, 1.0, 190.63, 195.32, 49.65, 8.77, 659.74, 658.24, 0.0]
[2.0, 1.0, 190.72, 197.77, 49.28, 16.05, 660.65, 655.51, 0.0]
[2.0, 1.0, 191.67, 186.2, 49.34, 5.39, 655.74, 652.88, 0.0]
[2.0, 1.0, 190.61, 186.32, 49.09, 3.86, 654.14, 657.34, 0.0]
[2.0, 1.0, 191.79, 185.92, 49.74, 8.84, 659.47, 657.36, 0.0]
[2.0, 1.0, 188.41, 190.4, 48.46, 7.62, 659.35, 655.37, 0.0]
[2.0, 1.0, 189.54, 183.28, 49.58, 5.95, 660.87, 655.59, 0.0]
[2.0, 1.0, 189.08, 184.81, 48.91, 6.55, 655.5, 653.93, 0.0]
[2.0, 1.0, 185.11, 193.58, 49.66, 11.77, 654.84, 652.08, 0.0]
[2.0, 1.0, 183.34, 179.75, 49.03, 14.26, 657.04, 657.7, 0.0]
[2.0, 1.0, 191.51, 190.19, 49.12, 6.3, 658.57, 657.61, 0.0]
[2.0, 1.0, 189.73, 196.47, 48.93, 9.56, 654.57, 657.14, 47.0]
[2.0, 1.0, 186.96, 180.76, 48.82, 9.31, 655.28, 656.2, 0.0]
[2.0, 1.0, 183.07, 182.81, 48.93, 5.61, 656.05, 656.97, 7.0]
[2.0, 1.0, 187.09, 182.16, 48.75, 6.83, 656.65, 659.17, 31.0]
[2.0, 1.0, 186.19, 180.92, 48.72, 12.39, 662.74, 656.93, 0.0]
[2.0, 1.0, 186.85, 183.86, 48.93, 11.14, 655.81, 658.29, 0.0]
[2.0, 1.0, 184.22, 181.79, 48.55, 11.94, 661.98, 654.74, 0.0]
[2.0, 1.0, 185.84, 195.03, 49.27, 5.12, 657.97, 658.05, 53.0]
[2.0, 1.0, 185.92, 196.1, 49.67, 9.53, 656.87, 658.64, 0.0]
[2.0, 1.0, 184.18, 181.29, 48.69, 6.66, 659.88, 655.46, 0.0]
[2.0, 1.0, 191.94, 188.3, 48.91, 10.43, 654.87, 655.3, 0.0]
[2.0, 1.0, 186.24, 195.23, 49.46, 3.72, 659.06, 657.99, 151.0]
[2.0, 1.0, 184.38, 194.5, 49.54, 33.74, 655.25, 658.04, 0.0]
[2.0, 1.0, 185.6, 194.62, 49.41, 5.38, 658.16, 653.65, 0.0]
[2.0, 1.0, 186.51, 195.25, 49.81, 11.53, 653.03, 655.54, 130.0]
[2.0, 1.0, 186.8, 184.67, 48.76, 7.48, 656.66, 653.41, 0.0]
[2.0, 1.0, 186.8, 183.59, 48.28, 13.86, 661.2, 655.85, 67.0]
[2.0, 1.0, 183.77, 183.37, 48.52, 14.64, 657.35, 656.79, 0.0]
[2.0, 1.0, 188.27, 184.67, 48.62, 4.83, 658.91, 660.19, 0.0]
[2.0, 1.0, 184.99, 183.69, 49.07, 11.46, 658.73, 657.02, 0.0]
[2.0, 1.0, 189.45, 185.32, 48.97, 8.25, 654.84, 655.98, 0.0]
[2.0, 1.0, 188.07, 183.47, 49.09, 19.96, 658.05, 652.83, 0.0]
[2.0, 1.0, 189.81, 180.65, 48.83, 3.88, 652.7, 656.5, 152.0]
[2.0, 1.0, 187.26, 181.65, 48.87, 7.95, 661.23, 654.64, 0.0]
[3.0, 1.0, 181.23, 184.39, 49.06, 9.0, 655.2, 651.54, 0.0]
[3.0, 1.0, 185.69, 193.85, 49.91, 10.98, 658.28, 653.3, 0.0]
[3.0, 1.0, 191.41, 195.5, 48.7, 8.13, 654.24, 654.46, 0.0]
[3.0, 1.0, 193.92, 194.99, 51.3, 17.64, 654.25, 655.29, 93.0]
[3.0, 1.0, 188.67, 196.48, 49.98, 8.38, 654.22, 654.32, 0.0]
[3.0, 1.0, 188.55, 181.97, 49.38, 5.41, 653.1, 657.24, 0.0]
[3.0, 1.0, 187.62, 195.4, 49.06, 8.07, 651.49, 657.37, 36.0]
[3.0, 1.0, 186.31, 195.95, 49.25, 8.02, 656.81, 659.18, 0.0]
[3.0, 1.0, 177.96, 178.78, 47.99, 64.36, 656.54, 654.62, 108.0]
[3.0, 1.0, 189.25, 187.23, 49.07, 8.98, 657.34, 656.56, 0.0]
[3.0, 1.0, 184.35, 185.51, 48.78, 6.56, 654.84, 660.64, 0.0]
[3.0, 1.0, 186.1, 184.91, 48.66, 15.01, 659.19, 653.54, 0.0]
[3.0, 1.0, 191.87, 188.62, 49.45, 6.74, 654.16, 654.42, 0.0]
[3.0, 1.0, 189.19, 194.11, 49.78, 11.05, 656.21, 657.3, 0.0]
[3.0, 1.0, 188.77, 194.94, 49.52, 6.93, 656.52, 661.15, 0.0]
[3.0, 1.0, 191.81, 184.12, 49.08, 7.69, 653.78, 655.18, 0.0]
[3.0, 1.0, 196.24, 199.09, 48.78, 6.12, 656.25, 657.32, 50.0]
[3.0, 1.0, 179.08, 193.23, 49.97, 9.72, 655.15, 658.07, 0.0]
[3.0, 1.0, 187.73, 184.13, 48.9, 7.17, 657.44, 654.26, 0.0]
[3.0, 1.0, 186.82, 194.53, 49.63, 13.8, 657.37, 663.55, 152.0]
[3.0, 1.0, 192.09, 203.56, 49.23, 9.36, 656.94, 653.31, 0.0]
[3.0, 1.0, 187.01, 196.99, 50.33, 32.89, 656.01, 652.25, 0.0]
[3.0, 1.0, 192.54, 190.32, 48.61, 5.0, 655.66, 655.8, 41.0]
[3.0, 1.0, 187.58, 194.6, 51.29, 66.53, 656.27, 654.17, 0.0]
[3.0, 1.0, 185.31, 183.31, 48.92, 9.11, 660.66, 656.29, 0.0]
[3.0, 1.0, 187.94, 194.02, 49.36, 4.43, 657.55, 660.22, 0.0]
[3.0, 1.0, 186.6, 184.13, 48.7, 11.68, 656.01, 658.58, 0.0]
[3.0, 1.0, 187.93, 186.94, 48.85, 4.65, 655.03, 657.25, 0.0]
[3.0, 1.0, 191.13, 195.99, 48.44, 11.36, 656.84, 659.32, 0.0]
[3.0, 1.0, 189.07, 195.62, 49.6, 7.66, 658.26, 659.25, 0.0]
[3.0, 1.0, 186.69, 194.7, 49.83, 10.42, 655.27, 656.83, 39.0]
[3.0, 1.0, 184.98, 194.02, 49.69, 7.05, 659.18, 655.27, 0.0]
[3.0, 1.0, 185.28, 183.13, 48.79, 7.41, 661.2, 656.18, 0.0]
[3.0, 1.0, 188.12, 193.76, 49.39, 5.44, 656.32, 657.33, 0.0]
[3.0, 1.0, 186.1, 191.73, 49.68, 6.74, 655.24, 659.65, 0.0]
[3.0, 1.0, 186.76, 193.99, 49.06, 6.82, 654.32, 658.36, 0.0]
[3.0, 1.0, 187.89, 184.14, 49.21, 12.58, 652.33, 653.05, 57.0]
[3.0, 1.0, 187.75, 193.72, 49.47, 6.87, 656.63, 652.41, 0.0]
[3.0, 1.0, 188.32, 193.83, 49.36, 12.01, 662.49, 654.06, 0.0]
[3.0, 1.0, 191.52, 195.67, 49.37, 9.96, 658.22, 658.33, 0.0]
[3.0, 1.0, 185.9, 190.71, 51.75, 38.33, 653.37, 658.1, 38.0]
[3.0, 1.0, 186.64, 193.08, 49.35, 10.68, 657.33, 662.29, 0.0]
[3.0, 1.0, 194.76, 192.96, 48.82, 2.86, 658.72, 657.91, 0.0]
[3.0, 1.0, 187.66, 186.33, 48.98, 7.28, 655.23, 656.29, 0.0]
[3.0, 1.0, 181.69, 185.45, 48.74, 2.99, 657.18, 661.37, 15.0]
[3.0, 1.0, 186.44, 194.08, 49.49, 7.75, 654.9, 657.07, 0.0]
[3.0, 1.0, 185.65, 195.0, 49.46, 12.03, 659.34, 656.21, 0.0]
[3.0, 1.0, 187.42, 191.69, 49.64, 5.59, 658.31, 659.44, 0.0]
[3.0, 1.0, 192.1, 195.48, 49.89, 8.73, 658.65, 661.36, 0.0]
[3.0, 1.0, 185.48, 182.47, 49.12, 9.08, 660.1, 656.23, 0.0]
[3.0, 1.0, 189.46, 194.98, 49.56, 8.85, 658.21, 652.25, 0.0]
[3.0, 1.0, 194.24, 196.11, 49.29, 11.96, 657.34, 655.85, 0.0]
[3.0, 1.0, 186.61, 183.8, 48.54, 20.69, 657.03, 657.83, 0.0]
[3.0, 1.0, 185.22, 183.12, 48.8, 4.76, 655.46, 661.03, 0.0]
[3.0, 1.0, 188.77, 194.02, 49.74, 10.03, 652.26, 656.59, 0.0]
[3.0, 1.0, 186.41, 196.48, 49.27, 8.68, 660.77, 659.77, 0.0]
[3.0, 1.0, 183.87, 195.68, 50.0, 14.33, 656.55, 661.36, 0.0]
[3.0, 1.0, 186.38, 195.06, 50.34, 9.4, 653.47, 655.28, 0.0]
[3.0, 1.0, 193.21, 197.1, 48.68, 7.84, 658.08, 658.12, 0.0]
[3.0, 1.0, 186.55, 194.79, 49.97, 10.69, 656.22, 654.38, 0.0]
[3.0, 1.0, 187.37, 192.58, 50.21, 8.94, 655.54, 652.08, 0.0]
[3.0, 1.0, 183.76, 192.91, 49.28, 10.28, 655.92, 661.32, 0.0]
[3.0, 1.0, 184.56, 194.62, 49.6, 4.72, 658.98, 654.61, 0.0]
[3.0, 1.0, 187.64, 194.84, 49.03, 8.91, 660.27, 655.27, 37.0]
[3.0, 1.0, 186.75, 193.91, 49.3, 13.03, 658.23, 655.32, 0.0]
[3.0, 1.0, 186.24, 195.39, 49.71, 5.79, 654.36, 658.66, 0.0]
[3.0, 1.0, 186.38, 195.21, 49.66, 12.69, 655.91, 660.2, 40.0]
[3.0, 1.0, 187.47, 191.97, 50.03, 41.53, 659.75, 653.25, 0.0]
[3.0, 1.0, 187.67, 194.82, 49.29, 7.72, 657.13, 659.76, 0.0]
[3.0, 1.0, 186.73, 193.45, 49.89, 18.32, 659.56, 656.45, 27.0]
[3.0, 1.0, 187.87, 193.1, 49.79, 4.03, 655.24, 651.25, 41.0]
[3.0, 1.0, 183.8, 192.7, 49.96, 7.37, 657.76, 655.27, 0.0]
[3.0, 1.0, 186.42, 193.86, 49.43, 10.94, 657.26, 658.33, 0.0]
[3.0, 1.0, 184.69, 194.56, 49.65, 18.26, 654.35, 660.23, 0.0]
[3.0, 1.0, 191.27, 193.99, 48.78, 7.95, 655.35, 656.27, 0.0]
[3.0, 1.0, 182.22, 185.11, 48.44, 5.93, 656.24, 656.53, 34.0]
[3.0, 1.0, 185.52, 193.86, 49.35, 13.81, 654.26, 659.28, 0.0]
[3.0, 1.0, 179.99, 178.76, 48.63, 4.71, 657.43, 657.4, 0.0]
[3.0, 1.0, 185.55, 195.53, 50.02, 7.91, 664.98, 660.56, 0.0]
[3.0, 1.0, 189.06, 196.18, 49.43, 4.13, 654.38, 657.97, 0.0]
[3.0, 1.0, 193.89, 191.6, 49.29, 6.97, 651.49, 654.87, 0.0]
[3.0, 1.0, 192.29, 198.75, 49.02, 9.2, 654.25, 654.77, 0.0]
[3.0, 1.0, 189.2, 181.77, 49.8, 8.43, 660.11, 654.17, 0.0]
[3.0, 1.0, 183.64, 184.99, 48.84, 65.13, 659.36, 658.12, 0.0]
[3.0, 1.0, 191.52, 183.37, 49.41, 8.54, 654.28, 659.66, 0.0]
[3.0, 1.0, 189.25, 185.31, 49.12, 11.69, 656.27, 653.39, 0.0]
[3.0, 1.0, 186.75, 194.22, 49.36, 11.76, 653.05, 655.77, 0.0]
[3.0, 1.0, 187.87, 191.29, 48.85, 5.65, 657.64, 658.42, 0.0]
[3.0, 1.0, 187.05, 179.83, 49.07, 8.6, 657.65, 656.18, 0.0]
[3.0, 1.0, 184.93, 193.3, 49.06, 7.57, 657.98, 652.15, 0.0]
[3.0, 1.0, 186.61, 185.24, 48.89, 6.83, 655.26, 656.33, 0.0]
[3.0, 1.0, 188.55, 181.36, 48.65, 9.01, 661.84, 655.21, 0.0]
[3.0, 1.0, 186.07, 184.26, 48.73, 6.78, 655.62, 655.59, 0.0]
[3.0, 1.0, 187.95, 184.35, 48.61, 4.39, 656.21, 659.36, 0.0]
[3.0, 1.0, 196.12, 195.95, 48.7, 5.68, 655.38, 657.32, 0.0]
[3.0, 1.0, 185.93, 182.71, 48.74, 10.24, 657.16, 660.43, 17.0]
[3.0, 1.0, 186.85, 193.53, 49.47, 3.12, 656.79, 655.4, 24.0]
[3.0, 1.0, 191.16, 195.06, 50.06, 6.13, 657.31, 656.31, 0.0]
[3.0, 1.0, 182.38, 184.92, 48.59, 7.69, 656.07, 658.05, 0.0]
[3.0, 1.0, 191.9, 189.45, 48.92, 5.5, 656.87, 653.07, 0.0]
[3.0, 1.0, 187.31, 193.94, 49.58, 6.05, 659.17, 654.31, 0.0]
[3.0, 1.0, 192.61, 196.16, 49.33, 8.24, 657.41, 656.43, 0.0]
[3.0, 1.0, 187.19, 196.21, 49.23, 6.32, 654.22, 660.57, 0.0]
[3.0, 1.0, 190.03, 193.99, 49.86, 6.91, 655.25, 654.29, 41.0]
[3.0, 1.0, 190.66, 185.02, 49.17, 12.97, 654.65, 656.18, 0.0]
[3.0, 1.0, 184.73, 183.38, 48.69, 7.55, 656.26, 660.52, 0.0]
[3.0, 1.0, 186.75, 182.4, 48.65, 16.18, 658.4, 658.37, 0.0]
[3.0, 1.0, 188.58, 195.96, 48.5, 12.53, 658.03, 659.26, 0.0]
[3.0, 1.0, 185.28, 182.24, 49.35, 8.89, 659.52, 655.01, 0.0]
[3.0, 1.0, 196.18, 184.43, 48.95, 6.79, 655.31, 651.33, 0.0]
[3.0, 1.0, 192.56, 185.04, 49.65, 8.28, 654.33, 657.92, 0.0]
[3.0, 1.0, 195.43, 183.74, 48.75, 6.64, 655.32, 653.3, 0.0]
[3.0, 1.0, 184.98, 186.31, 48.71, 5.63, 655.21, 659.59, 0.0]
[1.0, 3.0, 186.05, 189.62, 50.1, 8.55, 654.98, 650.67, 0.0]
[1.0, 3.0, 190.82, 183.66, 49.28, 8.55, 660.01, 653.89, 0.0]
[1.0, 3.0, 185.73, 197.01, 49.77, 5.54, 652.12, 654.71, 0.0]
[1.0, 3.0, 191.38, 182.51, 49.23, 7.54, 651.46, 655.71, 0.0]
[1.0, 3.0, 190.32, 188.43, 49.32, 8.74, 653.51, 653.24, 0.0]
[1.0, 3.0, 190.47, 193.37, 51.17, 22.92, 653.14, 654.06, 0.0]
[1.0, 3.0, 187.86, 185.4, 48.82, 11.26, 654.88, 655.5, 0.0]
[1.0, 3.0, 184.08, 184.76, 48.64, 4.9, 654.88, 656.68, 0.0]
[1.0, 3.0, 186.7, 191.37, 49.72, 3.44, 656.72, 653.42, 0.0]
[1.0, 3.0, 186.1, 194.63, 49.66, 4.85, 655.82, 657.9, 0.0]
[1.0, 3.0, 186.21, 192.93, 49.37, 6.43, 657.24, 656.9, 0.0]
[1.0, 3.0, 185.06, 193.71, 49.32, 6.03, 658.35, 654.15, 11.0]
[1.0, 3.0, 194.23, 192.32, 51.31, 9.31, 654.74, 655.27, 0.0]
[1.0, 3.0, 186.66, 194.18, 49.73, 5.83, 657.38, 658.26, 0.0]
[1.0, 3.0, 191.73, 195.21, 49.29, 6.77, 656.84, 658.68, 0.0]
[1.0, 3.0, 178.65, 191.64, 51.27, 19.33, 652.38, 656.7, 0.0]
[1.0, 3.0, 188.07, 194.0, 49.28, 4.05, 654.54, 658.34, 83.0]
[1.0, 3.0, 183.79, 182.72, 49.39, 7.46, 655.76, 656.01, 0.0]
[1.0, 3.0, 186.88, 192.82, 49.42, 6.09, 655.73, 654.13, 0.0]
[1.0, 3.0, 194.89, 199.01, 48.88, 3.94, 658.32, 656.68, 102.0]
[1.0, 3.0, 197.48, 189.15, 49.01, 9.48, 656.24, 654.51, 0.0]
[1.0, 3.0, 191.74, 182.67, 49.08, 7.52, 654.13, 652.35, 0.0]
[1.0, 3.0, 186.35, 194.74, 49.49, 4.88, 653.95, 659.9, 16.0]
[1.0, 3.0, 191.95, 179.01, 48.77, 7.25, 656.32, 652.94, 0.0]
[1.0, 3.0, 185.69, 197.96, 50.18, 44.2, 660.64, 656.18, 0.0]
[1.0, 3.0, 188.82, 192.06, 48.53, 7.36, 658.63, 659.51, 0.0]
[1.0, 3.0, 191.74, 194.79, 49.52, 7.55, 656.74, 656.6, 0.0]
[1.0, 3.0, 186.18, 194.81, 50.07, 6.73, 655.0, 656.49, 103.0]
[1.0, 3.0, 186.25, 192.83, 49.47, 4.3, 655.4, 656.79, 0.0]
[1.0, 3.0, 188.56, 182.68, 48.72, 8.61, 656.62, 657.52, 0.0]
[1.0, 3.0, 193.22, 195.09, 49.53, 3.37, 658.42, 658.99, 0.0]
[1.0, 3.0, 184.08, 184.33, 48.89, 9.82, 658.08, 654.53, 0.0]
[1.0, 3.0, 183.97, 195.81, 49.79, 6.85, 659.87, 658.1, 0.0]
[1.0, 3.0, 183.22, 183.37, 48.82, 5.47, 655.41, 659.01, 0.0]
[1.0, 3.0, 194.02, 191.39, 48.3, 5.61, 658.82, 659.77, 0.0]
[1.0, 3.0, 185.1, 189.12, 48.66, 5.9, 656.91, 656.37, 0.0]
[1.0, 3.0, 184.65, 188.18, 49.58, 10.16, 652.3, 655.59, 149.0]
[1.0, 3.0, 185.29, 186.93, 49.28, 6.83, 657.28, 653.77, 0.0]
[1.0, 3.0, 187.94, 183.8, 48.57, 7.48, 661.52, 656.21, 0.0]
[1.0, 3.0, 188.39, 181.82, 48.77, 4.36, 654.29, 659.9, 0.0]
[1.0, 3.0, 192.93, 195.53, 49.08, 3.77, 655.57, 656.55, 0.0]
[1.0, 3.0, 186.23, 189.19, 48.15, 22.51, 658.52, 657.98, 0.0]
[1.0, 3.0, 184.51, 192.92, 49.32, 5.78, 655.29, 658.49, 269.0]
[1.0, 3.0, 189.97, 194.93, 50.19, 8.45, 656.1, 656.02, 0.0]
[1.0, 3.0, 187.68, 193.41, 49.3, 9.14, 657.8, 658.16, 0.0]
[1.0, 3.0, 191.87, 193.29, 48.72, 3.58, 656.45, 655.33, 0.0]
[1.0, 3.0, 188.42, 182.24, 48.92, 6.28, 658.02, 654.65, 0.0]
[1.0, 3.0, 186.49, 181.07, 48.88, 4.94, 659.28, 657.63, 0.0]
[1.0, 3.0, 192.91, 187.53, 49.16, 9.19, 658.91, 658.93, 113.0]
[1.0, 3.0, 190.01, 193.28, 49.55, 5.05, 663.78, 656.16, 0.0]
[1.0, 3.0, 193.39, 182.74, 49.13, 7.42, 654.23, 651.83, 0.0]
[1.0, 3.0, 191.57, 176.22, 48.72, 3.46, 655.76, 658.5, 65.0]
[1.0, 3.0, 187.26, 191.5, 49.27, 8.09, 656.84, 657.71, 0.0]
[1.0, 3.0, 186.78, 195.18, 49.55, 5.47, 655.85, 657.29, 65.0]
[1.0, 3.0, 189.3, 185.81, 49.35, 3.83, 654.23, 654.62, 0.0]
[1.0, 3.0, 186.89, 181.85, 48.47, 7.47, 659.08, 654.3, 0.0]
[1.0, 3.0, 193.99, 197.19, 49.01, 17.98, 659.94, 659.78, 0.0]
[1.0, 3.0, 191.79, 189.89, 48.72, 24.96, 654.38, 655.51, 0.0]
[1.0, 3.0, 187.12, 195.34, 49.28, 8.84, 656.52, 658.09, 0.0]
[1.0, 3.0, 193.96, 180.51, 49.31, 4.05, 655.85, 652.17, 0.0]
[1.0, 3.0, 190.44, 187.49, 49.11, 11.35, 656.1, 652.52, 0.0]
[1.0, 3.0, 192.95, 191.21, 48.69, 6.35, 657.73, 657.98, 62.0]
[1.0, 3.0, 188.04, 180.98, 48.72, 9.81, 659.85, 656.01, 0.0]
[1.0, 3.0, 187.79, 182.45, 48.95, 4.63, 657.34, 654.21, 147.0]
[1.0, 3.0, 184.5, 181.43, 48.57, 6.86, 656.0, 654.0, 24.0]
[1.0, 3.0, 193.25, 186.77, 49.41, 5.17, 657.93, 656.97, 43.0]
[1.0, 3.0, 188.24, 184.82, 48.56, 8.96, 656.09, 657.12, 0.0]
[1.0, 3.0, 187.3, 182.75, 49.37, 3.91, 659.63, 654.04, 0.0]
[1.0, 3.0, 188.91, 183.05, 48.49, 4.79, 657.04, 655.29, 0.0]
[1.0, 3.0, 186.42, 182.11, 48.67, 9.02, 659.85, 657.32, 0.0]
[1.0, 3.0, 188.72, 185.03, 48.72, 11.14, 656.24, 652.68, 0.0]
[1.0, 3.0, 184.83, 186.54, 49.28, 7.05, 659.4, 654.75, 0.0]
[1.0, 3.0, 189.25, 195.75, 49.22, 5.15, 657.42, 659.26, 11.0]
[1.0, 3.0, 188.93, 183.71, 48.99, 4.74, 656.43, 655.74, 0.0]
[1.0, 3.0, 185.18, 192.94, 49.56, 6.4, 654.04, 657.75, 51.0]
[1.0, 3.0, 186.1, 193.4, 49.53, 1.29, 656.79, 660.26, 0.0]
[1.0, 3.0, 186.81, 183.74, 48.35, 13.33, 656.39, 655.96, 0.0]
[1.0, 3.0, 189.53, 196.2, 49.5, 3.34, 657.92, 656.03, 0.0]
[1.0, 3.0, 185.68, 177.82, 48.97, 16.1, 661.84, 656.82, 112.0]
[1.0, 3.0, 191.68, 192.29, 49.03, 7.64, 655.65, 654.92, 0.0]
[1.0, 3.0, 191.71, 192.4, 51.46, 36.23, 655.07, 654.06, 0.0]
[1.0, 3.0, 186.7, 195.25, 49.89, 13.95, 651.45, 653.89, 0.0]
[1.0, 3.0, 185.55, 194.45, 50.34, 68.34, 660.13, 655.91, 0.0]
[1.0, 3.0, 182.88, 194.49, 49.71, 6.56, 658.84, 654.42, 0.0]
[1.0, 3.0, 190.45, 198.44, 49.74, 96.66, 657.55, 658.5, 0.0]
[1.0, 3.0, 187.45, 193.13, 50.05, 13.38, 656.49, 652.67, 0.0]
[1.0, 3.0, 190.77, 193.48, 49.36, 10.04, 654.62, 654.36, 0.0]
[1.0, 3.0, 185.39, 192.66, 49.68, 6.34, 654.58, 658.81, 37.0]
[1.0, 3.0, 187.5, 195.05, 48.88, 18.97, 658.15, 655.69, 0.0]
[1.0, 3.0, 186.12, 184.35, 48.61, 10.93, 658.28, 655.12, 0.0]
[1.0, 3.0, 186.77, 194.71, 49.4, 8.63, 655.62, 658.93, 0.0]
[1.0, 3.0, 184.83, 192.5, 49.15, 5.04, 659.28, 655.06, 40.0]
[1.0, 3.0, 186.23, 195.15, 49.38, 3.18, 656.51, 658.74, 0.0]
[1.0, 3.0, 192.49, 195.97, 49.78, 5.24, 658.99, 657.98, 0.0]
[1.0, 3.0, 186.72, 195.07, 49.37, 10.18, 655.05, 658.24, 0.0]
[1.0, 3.0, 190.37, 195.81, 49.39, 5.19, 657.84, 657.15, 0.0]
[1.0, 3.0, 186.67, 180.95, 49.11, 5.4, 655.76, 656.04, 0.0]
[1.0, 3.0, 188.75, 183.79, 49.44, 3.04, 654.61, 659.37, 0.0]
[1.0, 3.0, 186.48, 193.27, 49.85, 5.9, 656.99, 655.69, 0.0]
[1.0, 3.0, 188.1, 193.98, 49.75, 7.63, 655.67, 652.96, 0.0]
[1.0, 3.0, 186.85, 185.16, 48.66, 8.72, 659.55, 654.88, 0.0]
[1.0, 3.0, 182.5, 185.55, 48.57, 10.96, 656.08, 659.48, 26.0]
[1.0, 3.0, 188.94, 193.42, 48.94, 10.52, 655.75, 656.56, 0.0]
[1.0, 3.0, 187.02, 185.4, 48.58, 7.95, 651.83, 655.85, 0.0]
[1.0, 3.0, 190.04, 194.74, 49.81, 18.81, 655.11, 655.55, 0.0]
[1.0, 3.0, 186.53, 193.53, 49.52, 7.0, 656.97, 657.14, 0.0]
[1.0, 3.0, 186.0, 193.28, 49.53, 4.79, 655.55, 658.12, 0.0]
[1.0, 3.0, 186.39, 193.42, 49.43, 9.44, 656.79, 656.77, 50.0]
[1.0, 3.0, 186.83, 194.39, 49.37, 6.43, 659.03, 656.34, 0.0]
[1.0, 3.0, 188.46, 190.77, 50.75, 9.12, 654.28, 652.11, 0.0]
[1.0, 3.0, 186.69, 192.57, 51.1, 20.05, 654.92, 654.09, 0.0]
[1.0, 3.0, 180.71, 195.95, 51.1, 9.1, 650.21, 657.73, 0.0]
[1.0, 3.0, 187.4, 194.93, 49.42, 12.0, 655.87, 655.93, 31.0]
