1  1   2   184.41   194.5   49.95   15.94   662.64   655.59   0.0  
1  2   4   189.6   181.29   49.16   4.7   661.02   657.89   0.0  
1  3   3   190.96   195.68   50.47   22.82   657.32   657.49   0.0  
1  4   1   187.5   184.93   48.65   5.26   656.15   664.0   0.0  
1  5   4   183.74   195.23   49.91   12.13   655.14   660.98   0.0  
1  6   3   194.47   198.31   49.3   28.0   661.73   658.6   0.0  
2  1   4   184.51   185.34   48.41   5.54   654.78   657.92   0.0  
2  2   3   186.67   184.68   49.2   7.59   654.52   654.59   0.0  
2  3   2   184.81   194.22   49.36   7.95   655.52   660.59   16.0  
2  4   3   187.03   192.28   49.12   6.0   659.47   654.15   0.0  
2  5   1   185.77   196.23   49.47   12.81   656.95   656.9   0.0  
2  6   4   183.28   182.9   48.6   5.57   655.75   655.6   149.0  
3  1   1   189.45   192.89   49.51   7.18   657.94   654.48   0.0  
3  2   2   187.66   193.3   49.98   19.58   655.59   657.71   43.0  
3  3   4   186.67   194.16   49.32   10.06   656.85   659.94   45.0  
3  4   2   186.34   186.17   48.47   4.02   656.7   661.64   0.0  
3  5   2   187.87   184.44   48.83   9.32   656.58   657.84   0.0  
3  6   2   187.03   184.23   48.79   5.01   657.03   656.47   0.0  
4  1   2   191.14   195.8   49.45   6.9   658.49   656.64   0.0  
4  2   4   187.99   184.41   48.5   10.5   652.17   659.77   0.0  
4  3   3   187.98   193.96   49.44   4.11   652.46   656.66   41.0  
4  4   1   189.77   186.65   48.55   6.9   656.12   656.84   0.0  
4  5   4   187.08   194.91   49.27   6.33   658.37   655.41   0.0  
4  6   3   187.37   184.01   48.24   13.46   660.02   651.86   0.0  
5  1   3   184.8   182.73   48.48   9.42   657.05   653.97   0.0  
5  2   1   184.05   193.75   49.61   9.69   656.11   655.47   52.0  
5  3   1   188.12   193.0   49.26   7.23   659.88   655.03   0.0  
5  4   4   187.15   194.76   48.89   19.08   657.78   659.84   0.0  
5  5   3   187.04   186.91   48.58   10.79   657.47   657.2   0.0  
5  6   1   184.94   185.91   48.6   6.14   657.3   657.2   0.0  
6  1   3   185.95   181.61   48.42   6.67   658.66   654.74   0.0  
6  2   1   187.79   193.78   49.42   4.9   658.02   657.6   0.0  
6  3   1   188.47   192.64   49.49   3.06   659.55   655.15   0.0  
6  4   4   185.32   193.33   49.16   8.38   657.04   658.98   0.0  
6  5   3   188.27   185.72   48.57   26.42   657.26   656.41   0.0  
6  6   1   183.88   182.4   49.2   7.61   657.14   656.57   0.0  
7  1   1   186.37   196.62   49.75   7.75   652.73   654.32   0.0  
7  2   2   184.23   196.46   49.57   13.09   655.22   653.65   0.0  
7  3   4   191.76   194.65   50.36   13.3   654.36   654.24   0.0  
7  4   2   193.31   186.65   48.82   9.03   660.51   654.79   0.0  
7  5   2   193.82   179.59   49.21   6.58   649.13   656.07   0.0  
7  6   2   193.4   194.88   48.6   11.94   652.9   656.81   0.0  
8  1   1   188.99   185.11   48.47   5.07   657.94   658.03   0.0  
8  2   2   185.5   183.78   48.52   3.29   658.9   659.15   0.0  
8  3   4   187.16   193.29   48.73   6.81   658.52   659.48   65.0  
8  4   2   187.45   193.51   49.33   8.43   660.49   655.52   0.0  
8  5   2   185.37   193.83   49.58   26.36   658.42   657.57   0.0  
8  6   2   187.83   192.4   49.48   11.89   655.77   658.51   0.0  
1  1   2   192.27   193.77   51.38   22.39   652.95   654.24   34.0  
1  2   4   191.18   182.64   49.03   9.17   650.2   657.41   25.0  
1  3   3   190.16   187.13   51.33   22.25   653.54   656.72   0.0  
1  4   1   194.52   195.69   49.03   8.66   655.86   656.72   132.0  
1  5   4   177.36   195.35   51.79   12.61   654.15   652.18   0.0  
1  6   3   187.22   186.0   49.18   10.22   658.29   650.12   0.0  
2  1   2   188.17   184.88   48.61   10.53   656.75   657.29   0.0  
2  2   4   184.53   194.28   49.64   5.83   652.82   659.01   0.0  
2  3   3   186.92   181.7   48.66   6.15   654.58   656.11   0.0  
2  4   1   186.87   196.34   49.01   9.83   656.07   657.17   0.0  
2  5   4   185.99   185.25   48.95   6.05   658.44   654.39   0.0  
2  6   3   185.08   193.67   49.87   7.19   660.16   652.47   0.0  
3  1   4   189.89   193.6   49.25   4.74   653.37   654.21   0.0  
3  2   3   189.26   185.42   48.87   11.26   656.2   652.1   0.0  
3  3   2   186.21   194.89   49.83   10.71   656.56   652.27   0.0  
3  4   3   191.66   194.62   49.49   9.8   652.6   654.73   0.0  
3  5   1   186.21   194.52   49.59   12.25   651.49   656.08   0.0  
3  6   4   189.48   184.78   49.2   9.48   650.77   656.92   0.0  
4  1   3   191.72   189.13   49.28   7.12   651.61   655.57   0.0  
4  2   1   185.28   196.08   49.85   4.53   653.56   656.92   55.0  
4  3   1   190.71   196.25   49.95   8.73   654.69   654.8   0.0  
4  4   4   189.25   196.49   49.26   8.06   659.61   653.68   0.0  
4  5   3   194.04   183.23   49.09   7.82   654.89   652.22   0.0  
4  6   1   193.23   188.94   49.49   5.91   656.12   652.84   0.0  
5  1   3   194.93   196.68   49.3   8.41   657.92   658.84   100.0  
5  2   1   184.69   184.58   48.71   7.59   658.85   654.86   25.0  
5  3   1   191.22   185.82   48.76   7.09   657.02   657.17   0.0  
5  4   4   194.36   197.83   48.36   7.09   660.02   659.0   0.0  
5  5   3   188.15   195.79   49.42   9.26   656.67   657.65   0.0  
5  6   1   189.08   196.96   49.49   5.67   660.18   654.33   0.0  
6  1   2   183.56   183.05   48.88   2.94   657.56   654.51   0.0  
6  2   4   185.43   192.68   49.38   6.86   657.69   656.92   31.0  
6  3   3   189.33   195.01   48.71   5.41   655.58   654.29   0.0  
6  4   1   185.5   194.25   48.86   10.07   654.78   660.48   0.0  
6  5   4   183.07   181.3   48.83   9.65   653.87   657.89   0.0  
6  6   3   192.88   195.49   49.8   8.75   659.74   656.16   0.0  
7  1   2   191.18   195.76   49.47   6.3   657.73   657.68   0.0  
7  2   4   187.34   181.63   48.68   7.84   652.96   659.95   0.0  
7  3   3   182.95   195.42   49.4   5.02   655.99   658.41   0.0  
7  4   1   189.48   197.74   48.62   4.55   656.67   658.69   0.0  
7  5   4   182.17   194.52   49.54   8.59   659.69   654.49   0.0  
7  6   3   188.39   180.35   48.56   4.05   663.19   653.72   0.0  
8  1   4   185.7   194.33   49.3   5.5   659.21   658.9   0.0  
8  2   3   187.32   194.25   49.38   8.9   659.45   662.0   32.0  
8  3   2   184.48   184.5   48.43   7.98   655.81   658.3   0.0  
8  4   3   183.46   185.48   48.78   7.08   656.52   660.48   0.0  
8  5   1   185.4   180.57   49.07   13.34   658.42   653.55   0.0  
8  6   4   188.22   193.92   49.97   7.21   659.39   657.85   0.0  
1  1   3   188.82   193.14   49.2   7.45   659.0   656.96   0.0  
1  2   1   186.43   183.71   48.67   7.29   658.21   654.41   14.0  
1  3   1   183.46   183.71   48.81   3.9   659.46   656.43   0.0  
1  4   4   188.01   186.06   48.71   11.52   659.12   660.59   0.0  
1  5   3   186.6   193.97   49.5   9.36   657.49   654.96   0.0  
1  6   1   187.13   194.14   49.77   7.24   656.83   656.41   172.0  
2  1   3   188.76   184.57   48.65   9.05   658.6   652.67   0.0  
2  2   1   190.52   194.3   49.6   4.41   655.85   654.11   0.0  
2  3   1   183.12   191.88   49.3   16.2   659.46   652.72   29.0  
2  4   4   187.16   194.82   49.06   6.4   652.43   660.28   0.0  
2  5   3   192.79   190.98   48.79   7.27   656.08   658.45   0.0  
2  6   1   178.11   172.97   48.61   6.64   656.44   657.04   0.0  
3  1   0   -13.01   -0.57   19.87   0.0   0.0   0.0   0.0  
3  2   0   -29.14   2.42   10.49   0.0   0.0   0.0   0.0  
3  3   0   -52.86   3.2   0.72   0.0   0.0   0.0   0.0  
3  4   0   -29.27   8.22   9.67   0.0   0.0   0.0   0.0  
3  5   0   -34.82   0.57   15.14   0.0   0.0   0.0   0.0  
3  6   0   -42.83   8.7   11.3   0.0   0.0   0.0   0.0  
4  1   3   185.63   194.86   49.74   3.79   654.25   654.75   90.0  
4  2   1   190.1   185.89   49.14   17.24   657.62   654.77   0.0  
4  3   1   187.28   187.2   48.84   5.09   654.02   657.52   0.0  
4  4   4   192.95   185.99   48.7   4.85   657.62   656.07   0.0  
4  5   3   184.97   194.08   49.89   8.66   653.7   655.53   0.0  
4  6   1   185.89   192.5   49.97   9.85   657.09   652.94   0.0  
5  1   1   186.5   185.63   49.02   5.26   653.84   657.29   0.0  
5  2   2   183.73   182.28   48.8   8.67   655.3   656.15   0.0  
5  3   4   190.85   196.34   48.8   4.36   655.72   657.42   0.0  
5  4   2   188.11   194.59   49.04   5.17   660.17   655.65   54.0  
5  5   2   186.14   192.66   49.7   29.8   655.23   657.9   0.0  
5  6   2   193.03   195.0   49.78   17.29   653.45   656.17   43.0  
6  1   4   196.44   180.48   48.9   6.44   656.76   658.02   0.0  
6  2   3   192.82   192.54   48.7   16.27   658.96   657.95   0.0  
6  3   2   186.46   194.04   49.23   9.04   654.06   659.61   0.0  
6  4   3   185.81   199.6   49.62   17.39   660.47   657.63   0.0  
6  5   1   192.89   195.43   49.73   14.21   658.96   659.06   0.0  
6  6   4   186.84   183.13   48.75   13.17   658.62   657.34   0.0  
7  1   1   185.88   194.46   49.96   4.73   653.23   656.1   0.0  
7  2   2   187.29   194.55   49.98   10.43   656.38   654.12   0.0  
7  3   4   190.18   193.52   50.29   14.39   653.93   653.03   0.0  
7  4   2   195.93   180.15   49.06   10.74   658.43   653.78   0.0  
7  5   2   191.18   184.05   49.47   9.18   656.45   655.62   0.0  
7  6   2   194.0   195.05   49.35   3.29   657.14   657.52   0.0  
8  1   3   191.78   185.79   49.02   7.13   659.47   658.53   0.0  
8  2   1   186.29   196.96   49.73   7.72   657.53   659.89   0.0  
8  3   1   187.89   193.3   49.86   7.11   657.05   659.18   0.0  
8  4   4   189.19   195.36   49.49   21.5   660.65   655.49   0.0  
8  5   3   190.02   183.36   49.6   15.07   659.01   657.53   0.0  
8  6   1   192.61   189.23   49.58   3.98   659.72   657.96   0.0  
1  1   1   190.78   194.75   49.6   6.55   659.11   656.72   0.0  
1  2   2   184.55   195.02   49.33   5.2   651.96   661.94   0.0  
1  3   4   185.64   191.27   49.3   23.32   660.74   656.65   0.0  
1  4   2   188.16   192.09   48.66   7.28   655.88   659.16   0.0  
1  5   2   186.43   182.53   49.36   10.1   663.66   656.91   0.0  
1  6   2   183.72   179.92   49.19   7.5   656.08   661.22   0.0  
2  1   3   189.93   186.05   49.38   4.05   659.92   655.47   0.0  
2  2   1   192.57   193.78   50.74   5.29   657.97   654.9   0.0  
2  3   1   184.47   193.68   49.67   26.05   659.89   658.44   0.0  
2  4   4   185.57   194.86   49.25   6.25   654.11   660.78   0.0  
2  5   3   189.08   196.6   49.04   7.31   657.44   661.88   0.0  
2  6   1   185.93   181.44   49.24   5.69   660.2   656.84   0.0  
3  1   2   200.96   188.42   49.16   7.62   654.45   655.22   0.0  
3  2   4   186.01   194.11   50.15   12.99   652.66   656.65   0.0  
3  3   3   196.22   186.24   49.04   5.57   654.89   665.02   0.0  
3  4   1   191.63   197.11   48.02   37.24   654.32   655.09   8.0  
3  5   4   185.96   186.63   49.06   6.98   657.5   652.82   0.0  
3  6   3   187.62   193.8   49.89   6.8   657.18   651.44   0.0  
4  1   2   194.2   183.25   49.46   6.44   658.31   652.11   0.0  
4  2   4   185.47   192.37   49.4   15.37   658.92   653.18   0.0  
4  3   3   190.58   191.12   49.14   8.0   656.64   654.02   39.0  
4  4   1   188.01   194.41   48.73   17.01   653.98   656.38   0.0  
4  5   4   190.2   185.67   49.06   4.28   660.06   658.23   0.0  
4  6   3   194.58   194.88   50.52   22.01   658.6   657.19   0.0  
5  1   4   188.0   188.88   48.37   6.24   661.75   659.57   0.0  
5  2   3   186.67   182.29   48.43   9.87   655.61   658.05   0.0  
5  3   2   196.43   195.66   49.71   9.12   657.09   657.52   0.0  
5  4   3   188.36   194.8   49.29   11.96   656.96   660.84   0.0  
5  5   1   185.86   194.73   49.53   11.06   661.74   658.38   0.0  
5  6   4   192.84   200.98   48.72   10.54   655.82   657.59   0.0  
6  1   3   186.45   181.05   49.02   3.24   661.08   657.67   91.0  
6  2   1   192.99   196.99   49.73   3.8   659.72   659.47   0.0  
6  3   1   187.32   195.01   49.55   3.5   659.82   656.69   0.0  
6  4   4   184.86   193.63   49.06   12.25   657.51   659.38   0.0  
6  5   3   191.0   194.58   48.64   7.8   657.24   657.75   0.0  
6  6   1   189.17   185.27   48.54   4.65   658.76   658.12   0.0  
7  1   2   187.99   194.05   49.94   9.85   654.55   655.05   0.0  
7  2   4   188.63   185.87   49.3   9.68   652.57   657.35   0.0  
7  3   3   187.96   193.49   49.69   18.76   652.23   656.21   0.0  
7  4   1   189.38   185.77   48.77   11.83   655.35   655.95   0.0  
7  5   4   188.23   194.03   50.02   13.13   655.57   651.69   0.0  
7  6   3   190.87   188.12   49.78   10.97   657.64   653.79   0.0  
8  1   1   191.69   194.16   48.42   12.77   658.11   657.0   0.0  
8  2   2   181.5   186.03   48.66   13.46   654.98   659.73   174.0  
8  3   4   185.41   181.7   48.57   11.87   658.89   654.8   63.0  
8  4   2   192.74   196.26   49.04   10.46   659.12   657.48   0.0  
8  5   2   186.31   192.45   49.78   14.08   657.89   655.15   84.0  
8  6   2   185.44   193.31   49.71   38.95   655.74   659.95   0.0  
1  1   3   188.97   183.36   48.61   7.04   657.13   653.56   0.0  
1  2   1   192.48   196.05   49.5   5.58   657.3   655.26   28.0  
1  3   1   186.65   194.6   49.45   6.85   657.75   655.39   0.0  
1  4   4   187.13   195.93   49.02   12.58   656.98   659.17   0.0  
1  5   3   189.7   193.81   48.67   5.43   656.83   656.03   0.0  
1  6   1   185.17   185.44   48.77   4.68   655.39   657.87   37.0  
2  1   1   193.35   190.53   48.78   3.46   657.2   656.75   0.0  
2  2   2   186.14   182.16   49.22   3.86   655.53   662.29   0.0  
2  3   4   183.63   183.08   48.51   8.94   658.75   655.67   0.0  
2  4   2   194.85   197.11   49.31   11.19   659.95   657.82   0.0  
2  5   2   183.13   193.73   49.91   13.62   659.62   656.85   0.0  
2  6   2   185.57   192.6   49.83   8.09   653.37   660.48   0.0  
3  1   1   183.34   181.53   48.77   10.6   656.45   660.16   0.0  
3  2   2   184.64   183.4   48.5   11.91   660.23   657.99   0.0  
3  3   4   186.2   188.4   48.41   26.59   658.76   657.38   0.0  
3  4   2   185.48   193.18   49.09   13.06   662.63   656.39   0.0  
3  5   2   187.69   193.19   49.37   10.43   659.26   661.45   0.0  
3  6   2   191.98   195.1   49.65   7.12   656.98   660.34   0.0  
4  1   4   185.39   194.95   50.01   8.42   657.1   656.48   0.0  
4  2   3   187.56   195.51   50.17   5.62   660.42   656.09   0.0  
4  3   2   190.43   183.98   49.26   4.88   656.73   654.81   0.0  
4  4   3   193.14   185.27   48.89   8.7   656.67   660.74   0.0  
4  5   1   188.07   181.73   49.36   8.11   654.2   655.96   0.0  
4  6   4   185.26   194.93   49.92   5.74   650.4   657.07   0.0  
5  1   1   189.35   196.98   50.15   12.92   663.01   657.88   0.0  
5  2   2   189.43   197.35   50.26   11.47   660.74   659.8   107.0  
5  3   4   187.04   194.94   50.08   8.88   651.75   661.71   152.0  
5  4   2   192.3   187.93   48.79   12.92   656.68   661.84   0.0  
5  5   2   193.12   187.37   49.59   16.68   661.11   659.35   0.0  
5  6   2   187.93   188.25   49.24   8.61   659.19   658.87   0.0  
6  1   1   186.9   195.4   49.38   15.24   658.82   661.64   0.0  
6  2   2   186.87   194.89   49.3   6.73   657.46   655.82   0.0  
6  3   4   188.37   193.93   49.25   6.32   655.79   658.33   0.0  
6  4   2   187.08   184.77   48.51   13.72   659.28   656.29   0.0  
6  5   2   188.06   185.41   48.58   5.12   656.03   660.04   0.0  
6  6   2   188.22   181.29   48.62   3.64   654.98   655.8   0.0  
7  1   3   187.6   195.24   49.44   5.04   652.15   656.64   0.0  
7  2   1   184.27   184.1   48.57   11.19   657.6   655.04   17.0  
7  3   1   185.41   182.27   48.73   20.33   651.23   659.3   0.0  
7  4   4   187.13   193.77   48.66   7.15   657.78   655.12   0.0  
7  5   3   186.84   194.49   49.26   13.49   654.09   657.06   0.0  
7  6   1   183.9   195.19   49.13   5.76   659.72   653.01   0.0  
8  1   1   186.66   194.29   49.92   30.28   652.46   658.67   0.0  
8  2   2   185.19   196.05   50.18   12.11   657.68   653.74   0.0  
8  3   4   191.12   192.16   51.69   45.03   653.26   654.25   0.0  
8  4   2   189.48   175.48   48.86   8.79   657.35   652.34   0.0  
8  5   2   187.85   181.56   49.32   25.37   653.01   656.68   0.0  
8  6   2   189.66   188.32   49.25   4.47   654.21   654.64   0.0  
1  1   4   186.85   194.95   49.73   8.3   652.07   652.66   0.0  
1  2   3   191.33   195.93   49.54   6.08   653.96   654.04   0.0  
1  3   2   190.44   185.12   49.51   9.66   652.35   655.39   0.0  
1  4   3   193.23   187.83   48.79   5.61   656.81   653.99   45.0  
1  5   1   190.3   198.06   49.38   6.65   654.24   657.33   0.0  
1  6   4   186.72   194.48   49.95   18.28   657.7   653.67   228.0  
2  1   1   192.37   196.66   48.33   6.31   657.8   656.59   0.0  
2  2   2   184.45   184.21   49.08   7.4   653.87   657.59   0.0  
2  3   4   189.69   184.74   48.71   8.53   659.48   655.37   0.0  
2  4   2   195.18   198.42   49.22   9.37   656.72   657.47   12.0  
2  5   2   187.07   193.57   49.23   5.91   655.91   653.88   0.0  
2  6   2   187.06   193.41   49.53   3.3   653.94   659.35   0.0  
3  1   4   187.47   183.04   48.95   6.5   657.08   654.23   0.0  
3  2   3   186.45   181.05   49.11   6.15   655.72   655.93   14.0  
3  3   2   184.75   194.66   49.76   8.49   655.4   656.33   0.0  
3  4   3   186.48   195.06   49.08   4.81   655.17   658.23   0.0  
3  5   1   187.23   195.0   49.35   11.8   658.29   655.25   0.0  
3  6   4   187.9   181.92   48.85   7.37   654.79   657.39   0.0  
4  1   4   183.32   174.77   49.0   3.81   655.15   657.4   0.0  
4  2   3   185.75   190.82   48.88   16.84   656.98   653.05   0.0  
4  3   2   184.99   193.07   50.02   9.78   655.84   658.34   0.0  
4  4   3   184.26   197.16   48.94   10.98   657.72   657.62   0.0  
4  5   1   188.2   195.39   49.93   21.03   656.83   655.41   0.0  
4  6   4   183.01   181.62   48.56   10.64   654.17   656.35   0.0  
5  1   3   187.85   186.79   49.39   8.22   656.86   659.52   0.0  
5  2   1   184.34   195.34   49.13   10.34   658.23   657.84   0.0  
5  3   1   187.62   197.13   49.88   14.5   657.56   661.52   0.0  
5  4   4   185.74   195.66   49.92   7.07   666.42   659.09   0.0  
5  5   3   186.54   177.54   49.22   31.14   660.16   657.01   206.0  
5  6   1   191.32   183.66   49.61   11.28   660.91   656.6   0.0  
6  1   1   189.43   195.02   48.11   6.86   660.49   657.94   0.0  
6  2   2   183.51   184.12   48.9   4.42   654.73   661.67   0.0  
6  3   4   185.35   180.72   48.97   8.29   658.07   655.85   0.0  
6  4   2   191.5   196.53   49.12   6.11   657.21   657.23   0.0  
6  5   2   187.62   193.64   49.38   6.42   662.01   656.21   0.0  
6  6   2   183.49   193.17   49.96   6.68   654.77   661.32   0.0  
7  1   1   183.73   191.86   49.29   6.45   659.09   657.13   0.0  
7  2   2   190.02   195.35   49.4   8.62   657.32   655.87   0.0  
7  3   4   185.79   194.91   49.19   11.28   653.11   658.06   0.0  
7  4   2   182.91   179.35   49.17   259.35   657.9   658.8   0.0  
7  5   2   194.34   194.17   48.75   7.04   657.75   659.22   0.0  
7  6   2   184.48   186.17   49.09   5.87   656.36   659.36   0.0  
8  1   1   186.58   194.15   49.48   2.98   656.85   656.76   0.0  
8  2   2   185.38   194.05   49.43   6.84   655.15   660.42   0.0  
8  3   4   188.37   193.62   49.17   8.0   660.92   656.01   20.0  
8  4   2   187.18   186.42   48.51   7.99   658.5   659.46   0.0  
8  5   2   187.85   182.67   48.61   4.64   659.8   655.7   0.0  
8  6   2   185.12   182.46   48.66   4.63   653.0   660.71   0.0  
1  1   1   187.28   183.09   48.67   17.95   660.03   652.82   0.0  
1  2   2   189.19   195.03   49.11   4.99   656.06   657.7   0.0  
1  3   4   185.84   185.58   48.59   7.93   655.97   660.98   0.0  
1  4   2   185.09   196.89   49.01   14.75   653.13   659.33   0.0  
1  5   2   192.03   195.71   49.46   7.84   658.1   656.77   0.0  
1  6   2   185.29   193.06   49.74   4.74   656.79   655.59   0.0  
2  1   4   185.84   187.42   49.41   6.11   653.59   660.91   0.0  
2  2   3   185.33   185.0   49.46   7.21   654.48   653.16   0.0  
2  3   2   191.08   195.39   49.68   9.72   657.77   660.5   0.0  
2  4   3   185.78   195.56   49.56   11.9   658.79   657.55   0.0  
2  5   1   187.77   193.96   49.66   6.58   656.72   657.54   0.0  
2  6   4   183.0   185.59   49.41   13.95   656.63   656.99   0.0  
3  1   3   190.56   195.42   50.37   8.08   655.81   654.37   0.0  
3  2   1   194.85   184.63   49.13   18.12   659.41   652.32   138.0  
3  3   1   187.7   186.85   48.78   7.65   655.22   658.89   105.0  
3  4   4   196.17   189.84   48.99   5.73   658.55   656.41   0.0  
3  5   3   181.5   194.11   49.52   6.51   652.85   658.9   0.0  
3  6   1   187.09   193.07   50.0   8.67   661.04   651.53   102.0  
4  1   3   187.06   195.26   49.45   24.76   657.15   655.64   0.0  
4  2   1   192.25   188.04   49.42   3.92   659.03   656.12   0.0  
4  3   1   186.49   179.87   48.84   7.03   657.85   655.38   0.0  
4  4   4   188.84   186.87   48.78   13.71   659.74   659.57   0.0  
4  5   3   187.37   193.67   50.11   11.41   657.31   654.21   0.0  
4  6   1   185.16   194.46   50.28   6.59   657.47   656.89   0.0  
5  1   4   181.99   184.61   48.99   6.73   652.72   657.32   0.0  
5  2   3   184.9   180.91   48.94   16.61   657.18   654.38   0.0  
5  3   2   183.45   194.49   49.6   4.89   654.64   658.87   0.0  
5  4   3   186.14   192.87   49.15   4.82   659.97   653.16   0.0  
5  5   1   184.76   196.2   49.68   13.96   659.8   661.7   0.0  
5  6   4   186.34   180.95   48.58   7.69   660.28   656.41   0.0  
6  1   1   185.71   193.38   49.47   12.39   655.06   658.13   0.0  
6  2   2   186.84   194.52   49.14   5.4   655.49   658.55   0.0  
6  3   4   196.13   195.86   49.27   6.77   657.71   654.84   0.0  
6  4   2   186.37   182.63   48.1   20.06   657.83   655.57   0.0  
6  5   2   184.13   183.75   48.7   11.57   656.07   658.06   0.0  
6  6   2   191.57   195.25   49.03   3.63   654.18   658.34   0.0  
7  1   3   181.7   184.94   49.08   5.26   654.81   651.01   0.0  
7  2   1   186.17   185.4   48.47   39.27   654.23   652.78   0.0  
7  3   1   185.99   189.86   50.22   11.55   656.16   653.61   0.0  
7  4   4   186.16   189.37   49.72   6.84   658.63   658.09   0.0  
7  5   3   187.26   185.47   48.98   6.0   653.51   651.87   0.0  
7  6   1   185.31   185.06   49.31   5.54   653.88   653.07   0.0  
8  1   3   189.38   183.06   48.93   4.24   658.69   655.35   0.0  
8  2   1   198.38   197.96   49.76   5.58   657.92   655.91   0.0  
8  3   1   185.36   194.51   49.31   16.56   659.0   655.21   0.0  
8  4   0   -41.54   12.44   11.22   0.0   0.0   0.0   0.0  
8  5   3   191.05   202.43   48.36   6.74   695.73   660.04   0.0  
8  6   1   188.12   177.98   48.24   7.53   658.98   652.46   0.0  
1  1   4   189.49   194.26   49.11   7.64   660.44   655.86   41.0  
1  2   3   186.41   195.02   49.08   6.33   656.31   657.78   0.0  
1  3   2   185.46   184.21   48.86   7.31   654.14   656.28   0.0  
1  4   3   185.6   182.45   48.7   4.24   656.1   661.02   0.0  
1  5   1   187.59   181.97   48.67   7.16   660.11   655.19   0.0  
1  6   4   187.68   192.62   49.66   10.09   656.1   658.6   0.0  
2  1   2   187.37   198.51   50.12   12.14   655.58   654.29   0.0  
2  2   4   192.46   182.81   49.2   7.7   655.17   654.21   0.0  
2  3   3   185.74   195.65   50.54   23.85   654.65   654.76   0.0  
2  4   1   193.68   178.39   48.57   6.81   653.95   659.25   0.0  
2  5   4   188.44   196.03   50.61   23.26   651.83   656.4   164.0  
2  6   3   191.37   177.34   49.07   7.53   655.83   654.03   0.0  
3  1   4   184.31   195.39   49.69   4.61   656.07   657.53   0.0  
3  2   3   188.3   195.9   49.98   8.06   656.8   656.19   0.0  
3  3   2   187.88   182.24   48.43   9.24   654.44   659.03   0.0  
3  4   3   185.58   183.31   48.72   6.47   660.24   658.32   32.0  
3  5   1   190.47   199.04   48.99   8.47   658.48   659.16   0.0  
3  6   4   183.82   195.93   50.05   7.27   656.37   659.04   0.0  
4  1   3   184.83   193.81   49.56   2.2   654.79   659.48   233.0  
4  2   1   188.21   184.6   48.62   18.06   656.06   657.35   355.0  
4  3   1   193.28   192.13   48.78   6.9   658.58   655.97   0.0  
4  4   4   186.48   185.07   48.26   5.04   660.52   657.02   104.0  
4  5   3   187.91   193.76   49.26   18.13   659.44   654.63   0.0  
4  6   1   192.97   196.53   49.82   8.77   657.89   655.1   0.0  
5  1   3   186.64   194.64   49.48   3.25   656.7   657.83   0.0  
5  2   1   187.02   185.08   48.46   7.79   657.71   658.75   0.0  
5  3   1   187.78   195.76   48.56   14.15   657.62   658.35   0.0  
5  4   4   187.54   183.84   48.45   5.84   662.76   656.98   13.0  
5  5   3   186.43   194.02   49.63   5.32   659.3   657.37   0.0  
5  6   1   191.35   196.44   49.83   4.97   659.17   655.77   49.0  
6  1   2   187.63   187.68   48.71   10.23   655.38   660.05   0.0  
6  2   4   186.35   196.45   49.6   7.73   658.42   660.52   0.0  
6  3   3   193.6   180.41   49.05   9.85   659.38   657.7   0.0  
6  4   1   184.76   196.14   49.08   14.04   660.7   657.64   0.0  
6  5   4   189.26   187.33   49.25   16.53   657.23   659.11   0.0  
6  6   3   184.05   195.84   50.0   11.13   658.18   656.63   0.0  
7  1   1   189.04   186.11   48.91   6.73   656.01   653.25   0.0  
7  2   2   204.26   184.13   48.69   13.24   654.66   653.82   0.0  
7  3   4   193.1   187.07   49.04   7.73   652.61   655.87   0.0  
7  4   2   188.37   194.61   49.66   6.01   657.72   657.48   0.0  
7  5   2   185.94   195.03   51.21   21.68   651.26   654.61   0.0  
7  6   2   188.49   192.71   50.09   15.21   654.18   654.01   0.0  
8  1   4   186.26   192.42   50.04   12.61   658.38   654.26   0.0  
8  2   3   184.8   194.48   49.82   3.83   656.11   659.27   0.0  
8  3   2   189.76   186.24   49.25   9.02   655.35   657.69   0.0  
8  4   3   189.88   188.19   48.62   12.06   655.25   660.56   0.0  
8  5   1   184.97   182.37   49.67   19.51   658.94   653.82   0.0  
8  6   4   185.81   193.79   50.06   7.39   654.22   656.2   0.0  
1  1   4   186.14   184.83   48.71   12.94   655.75   655.04   0.0  
1  2   3   190.36   185.53   48.81   7.09   656.11   656.39   0.0  
1  3   2   190.44   193.04   50.66   17.73   654.39   655.43   0.0  
1  4   3   186.12   195.39   49.21   6.53   655.05   658.89   0.0  
1  5   1   186.79   194.87   50.18   12.92   656.87   653.99   0.0  
1  6   4   190.85   197.64   48.68   8.01   653.85   657.76   0.0  
2  1   3   194.47   182.57   48.62   16.66   654.46   653.88   0.0  
2  2   1   182.18   194.56   50.5   6.29   656.25   650.83   0.0  
2  3   1   183.65   196.24   51.02   13.04   651.75   658.65   0.0  
2  4   4   187.94   196.86   50.8   33.43   656.03   653.85   0.0  
2  5   3   189.16   181.21   48.78   6.66   651.88   654.59   0.0  
2  6   1   188.98   177.95   49.04   8.23   656.67   649.98   0.0  
3  1   1   184.5   183.99   48.8   10.61   655.65   658.96   0.0  
3  2   2   184.64   182.79   49.48   5.54   656.61   655.37   23.0  
3  3   4   184.14   183.83   48.96   8.0   657.5   657.85   0.0  
3  4   2   186.75   194.65   49.09   5.01   660.2   656.2   30.0  
3  5   2   188.44   192.68   49.4   9.09   659.13   660.66   0.0  
3  6   2   187.74   192.37   49.76   10.21   655.46   656.88   0.0  
4  1   4   187.37   193.17   49.39   4.55   656.01   660.14   0.0  
4  2   3   191.19   194.52   49.39   8.89   659.04   656.51   0.0  
4  3   2   185.84   184.73   48.69   9.19   656.35   660.85   0.0  
4  4   3   187.81   183.52   48.16   5.41   661.69   656.29   0.0  
4  5   1   187.8   191.47   48.29   12.56   659.1   659.97   0.0  
4  6   4   186.54   194.84   49.16   5.38   656.91   659.54   0.0  
5  1   3   187.75   185.73   48.48   11.02   656.76   654.71   0.0  
5  2   1   194.55   196.04   49.34   6.84   656.48   654.89   0.0  
5  3   1   187.53   195.16   49.09   7.69   656.96   654.06   0.0  
5  4   4   186.96   195.08   48.9   10.7   653.37   659.21   72.0  
5  5   3   194.57   196.12   48.21   13.91   656.22   661.02   0.0  
5  6   1   187.55   185.16   48.89   9.31   656.45   659.65   0.0  
6  1   2   190.94   194.63   49.93   8.13   654.16   655.35   0.0  
6  2   4   196.12   182.28   48.87   8.32   652.0   657.05   0.0  
6  3   3   186.53   194.23   50.54   8.88   653.56   658.65   0.0  
6  4   1   193.57   189.1   48.33   43.65   656.4   655.97   0.0  
6  5   4   187.44   197.06   51.1   286.74   660.47   653.74   0.0  
6  6   3   189.6   186.16   49.56   2.31   657.78   653.24   103.0  
7  1   1   185.4   183.27   48.11   3.0   660.46   656.4   0.0  
7  2   2   182.95   184.86   48.34   6.69   654.23   656.46   105.0  
7  3   4   185.33   184.05   48.7   14.26   657.7   658.77   0.0  
7  4   2   191.24   193.56   49.31   9.61   666.63   662.04   0.0  
7  5   2   186.92   192.4   49.79   11.05   652.02   658.73   0.0  
7  6   2   186.42   194.55   49.37   16.66   657.86   658.49   0.0  
8  1   1   190.8   195.86   49.9   15.63   663.71   654.75   0.0  
8  2   2   191.07   198.89   47.73   49.7   658.42   660.37   0.0  
8  3   4   182.98   195.49   50.36   11.9   652.29   662.52   0.0  
8  4   2   191.8   184.36   48.98   6.1   657.3   659.23   0.0  
8  5   2   186.87   180.92   49.35   6.53   657.7   656.76   0.0  
8  6   2   187.65   184.0   49.52   6.24   657.53   657.86   0.0  
1  1   1   184.39   186.82   48.56   5.84   657.42   660.03   0.0  
1  2   2   188.93   182.76   48.03   12.91   658.2   656.51   0.0  
1  3   4   187.49   181.01   48.75   11.0   656.05   657.01   0.0  
1  4   2   186.48   195.2   49.09   5.27   660.37   655.99   0.0  
1  5   2   186.3   193.97   49.36   9.15   655.05   657.45   0.0  
1  6   2   187.54   193.57   49.44   5.32   655.75   655.91   0.0  
2  1   4   186.54   195.3   51.07   10.77   655.1   655.11   0.0  
2  2   3   183.83   193.77   51.11   9.24   653.33   655.02   0.0  
2  3   2   191.18   185.2   48.93   15.91   655.89   657.56   0.0  
2  4   3   190.37   185.95   49.4   7.55   654.91   658.62   0.0  
2  5   1   186.36   181.89   49.03   6.25   655.5   652.44   0.0  
2  6   4   187.82   192.52   51.15   18.41   654.23   655.16   0.0  
3  1   3   188.55   184.05   49.11   6.88   656.37   652.67   0.0  
3  2   1   187.64   195.67   50.19   7.73   655.94   652.79   0.0  
3  3   1   187.69   193.97   49.34   12.46   656.44   655.36   0.0  
3  4   4   187.07   195.53   49.27   12.42   654.84   658.23   0.0  
3  5   3   192.37   186.85   49.41   7.23   656.17   654.42   0.0  
3  6   1   184.54   190.08   49.14   5.08   655.5   655.67   0.0  
4  1   3   178.28   193.85   49.55   12.3   654.71   658.02   0.0  
4  2   1   184.67   187.08   48.9   11.4   656.2   656.76   0.0  
4  3   1   184.87   183.82   49.19   10.91   656.71   657.44   0.0  
4  4   4   188.8   175.22   49.08   14.12   657.87   654.61   229.0  
4  5   3   182.71   189.35   49.93   12.77   656.57   654.13   0.0  
4  6   1   184.31   192.67   50.63   19.37   657.52   652.82   0.0  
5  1   4   171.33   176.59   49.14   5.15   652.02   657.59   0.0  
5  2   3   193.65   195.45   48.62   6.43   656.57   654.89   0.0  
5  3   2   186.83   189.98   51.31   42.29   654.11   657.17   0.0  
5  4   3   183.82   194.1   49.57   15.93   656.99   653.85   0.0  
5  5   1   191.4   189.88   52.28   21.11   655.38   654.83   0.0  
5  6   4   187.59   179.54   48.88   17.36   657.93   654.34   0.0  
6  1   1   191.32   185.29   49.21   5.78   657.73   651.42   0.0  
6  2   2   191.39   188.87   48.98   12.79   652.4   655.11   0.0  
6  3   4   187.64   187.85   48.75   9.76   653.5   658.26   0.0  
6  4   2   186.71   195.64   49.57   9.88   654.06   656.07   42.0  
6  5   2   188.74   194.49   49.83   10.0   653.3   656.13   0.0  
6  6   2   189.12   193.96   50.04   7.15   654.33   655.5   0.0  
7  1   4   192.54   193.24   48.99   8.92   657.98   656.72   0.0  
7  2   3   187.11   181.74   48.78   9.88   661.1   656.14   90.0  
7  3   2   186.16   195.42   49.27   7.11   659.73   657.73   0.0  
7  4   3   192.54   198.36   49.32   6.6   656.99   662.04   0.0  
7  5   1   184.68   194.84   49.68   5.32   655.46   660.52   0.0  
7  6   4   187.37   186.24   49.15   5.52   656.5   663.19   168.0  
8  1   3   190.69   197.04   50.08   29.86   660.08   657.92   0.0  
8  2   1   194.91   193.17   48.87   9.44   658.1   656.47   0.0  
8  3   1   192.32   187.21   48.87   9.9   658.55   651.3   0.0  
8  4   4   195.38   188.68   48.99   3.38   655.67   656.73   0.0  
8  5   3   191.48   194.47   50.18   21.98   655.81   656.35   0.0  
8  6   1   188.72   197.97   49.29   6.38   655.86   658.75   0.0  
1  1   1   188.14   193.49   50.2   8.86   654.48   654.08   0.0  
1  2   2   185.84   191.43   50.73   21.1   651.78   655.14   0.0  
1  3   4   188.36   191.88   50.6   12.06   655.02   652.83   0.0  
1  4   2   189.18   187.11   48.67   5.49   654.4   656.34   0.0  
1  5   2   195.39   185.73   49.05   8.07   655.22   653.1   7.0  
1  6   2   190.6   190.3   49.44   12.12   647.73   655.7   0.0  
2  1   2   184.12   183.99   48.22   8.75   659.05   657.69   0.0  
2  2   4   185.53   194.15   49.63   6.73   655.65   654.12   0.0  
2  3   3   186.73   187.87   48.62   2.16   657.59   655.98   0.0  
2  4   1   188.53   194.73   49.16   6.35   655.58   659.85   0.0  
2  5   4   186.14   182.79   48.83   7.05   654.52   659.61   0.0  
2  6   3   190.46   193.46   49.41   5.17   657.04   654.91   0.0  
3  1   1   191.01   195.31   50.07   4.51   657.4   655.52   49.0  
3  2   2   186.9   195.34   49.64   13.82   654.86   660.16   67.0  
3  3   4   190.92   193.99   49.58   11.76   661.76   655.46   0.0  
3  4   2   193.87   193.94   48.9   8.63   659.16   658.08   0.0  
3  5   2   190.05   184.16   49.27   25.94   660.19   652.52   0.0  
3  6   2   187.15   185.41   49.36   9.71   653.1   660.09   0.0  
4  1   4   192.21   187.85   49.11   5.85   656.17   661.3   0.0  
4  2   3   189.14   187.71   48.69   11.6   659.15   657.17   0.0  
4  3   2   187.41   194.69   49.3   10.02   655.47   659.68   0.0  
4  4   3   188.03   196.11   49.46   5.46   658.93   656.12   0.0  
4  5   1   186.51   194.73   49.71   13.84   656.51   661.42   0.0  
4  6   4   193.1   184.84   49.24   6.94   660.26   657.3   0.0  
5  1   2   187.38   192.58   49.45   8.15   658.32   656.07   0.0  
5  2   4   184.05   184.91   48.8   8.11   659.97   657.1   0.0  
5  3   3   185.32   193.39   49.37   4.9   656.51   657.49   0.0  
5  4   1   182.86   186.27   48.61   5.43   656.55   663.77   0.0  
5  5   4   186.64   194.36   49.37   8.77   654.85   660.46   0.0  
5  6   3   183.44   185.17   48.71   17.52   657.04   654.23   0.0  
6  1   1   194.4   200.2   48.89   8.5   658.13   658.27   0.0  
6  2   2   185.82   184.31   48.74   12.4   654.78   660.85   139.0  
6  3   4   187.58   181.18   48.72   13.32   657.15   655.34   171.0  
6  4   2   200.72   196.25   49.55   11.24   658.08   657.83   0.0  
6  5   2   187.64   194.23   49.4   5.63   660.34   654.9   0.0  
6  6   2   186.33   193.47   49.87   9.57   654.57   661.59   0.0  
7  1   4   190.52   184.59   49.48   6.63   654.8   652.8   71.0  
7  2   3   190.19   189.32   49.18   5.54   653.41   654.05   0.0  
7  3   2   187.35   196.45   50.03   7.0   653.7   654.06   0.0  
7  4   3   187.61   193.89   49.97   6.82   653.27   659.77   0.0  
7  5   1   188.96   195.89   49.79   12.03   654.75   654.55   0.0  
7  6   4   197.65   185.82   49.43   5.32   653.55   658.23   0.0  
8  1   3   184.27   192.85   50.02   7.05   654.82   651.18   212.0  
8  2   1   188.29   185.66   48.65   12.0   654.75   655.68   0.0  
8  3   1   184.27   181.3   49.0   7.9   656.08   650.75   0.0  
8  4   4   192.83   183.4   48.82   8.0   651.01   655.09   0.0  
8  5   3   180.21   187.77   52.79   419.37   653.78   657.9   0.0  
8  6   1   185.05   189.2   49.91   5.48   653.74   657.14   0.0  
1  1   1   187.63   187.23   48.26   8.25   661.26   658.17   0.0  
1  2   2   197.45   195.26   48.89   7.05   662.04   659.37   0.0  
1  3   4   191.93   175.25   48.59   5.68   654.56   659.48   0.0  
1  4   2   187.54   195.16   48.89   8.27   655.1   660.87   8.0  
1  5   2   193.5   195.33   49.42   6.44   657.66   655.41   0.0  
1  6   2   183.79   196.15   50.01   13.74   659.34   657.85   0.0  
2  1   2   187.8   182.48   50.05   5.91   657.48   654.46   0.0  
2  2   4   183.94   195.11   49.96   32.47   656.52   656.32   0.0  
2  3   3   193.21   186.83   49.63   5.05   659.75   660.51   0.0  
2  4   1   187.94   198.04   50.04   6.69   656.37   663.24   0.0  
2  5   4   189.74   184.96   49.36   7.49   653.13   658.45   0.0  
2  6   3   189.9   194.83   51.75   11.71   657.31   653.25   0.0  
3  1   3   185.58   192.93   49.38   6.76   655.16   657.29   0.0  
3  2   1   183.88   184.3   49.33   6.67   656.07   657.79   34.0  
3  3   1   191.91   195.59   48.16   3.77   657.69   658.28   0.0  
3  4   4   185.68   184.71   48.55   5.71   660.46   656.0   0.0  
3  5   3   188.72   192.33   49.64   9.28   659.03   654.28   0.0  
3  6   1   191.66   195.47   49.88   4.12   655.56   654.46   0.0  
4  1   1   189.02   191.89   50.9   11.39   653.31   651.24   0.0  
4  2   2   192.43   191.89   51.47   12.79   652.74   653.92   0.0  
4  3   4   189.28   191.09   50.62   16.4   656.42   653.82   0.0  
4  4   2   195.28   192.01   49.07   8.16   655.46   655.91   0.0  
4  5   2   187.24   194.19   49.3   10.5   651.45   653.91   0.0  
4  6   2   191.68   186.38   49.13   7.64   654.31   653.62   161.0  
5  1   2   194.62   182.04   49.01   4.04   653.34   652.99   0.0  
5  2   4   185.81   193.2   50.16   5.78   652.55   657.06   0.0  
5  3   3   192.26   185.67   49.25   11.79   653.64   653.59   0.0  
5  4   1   186.08   196.63   49.77   7.36   654.74   656.85   0.0  
5  5   4   189.35   188.26   49.3   13.41   654.12   653.29   0.0  
5  6   3   186.68   191.79   50.31   9.14   655.61   650.4   0.0  
6  1   1   186.58   195.04   49.5   5.04   659.29   658.28   0.0  
6  2   2   185.04   193.69   49.28   9.96   654.28   658.67   65.0  
6  3   4   185.69   193.9   49.76   5.28   657.12   656.55   17.0  
6  4   2   187.97   185.07   48.63   9.16   658.76   656.72   0.0  
6  5   2   184.87   185.43   48.49   10.73   657.06   655.33   0.0  
6  6   2   185.85   182.64   48.43   7.84   653.75   660.82   0.0  
7  1   3   185.37   191.55   49.71   6.56   656.86   659.52   0.0  
7  2   1   184.32   185.11   48.51   10.38   660.56   661.07   0.0  
7  3   1   187.89   181.34   48.75   2.68   659.55   658.24   0.0  
7  4   4   184.17   184.7   48.82   9.92   657.19   657.1   0.0  
7  5   3   184.27   191.51   49.91   4.89   659.01   660.17   0.0  
7  6   1   186.0   194.41   49.83   12.07   658.91   658.59   0.0  
8  1   2   188.44   184.45   48.86   5.31   657.21   658.51   0.0  
8  2   4   186.76   194.9   49.51   4.74   656.37   660.52   0.0  
8  3   3   186.86   180.48   48.75   9.46   654.6   658.16   0.0  
8  4   1   187.62   195.89   48.97   11.33   658.53   658.96   0.0  
8  5   4   185.06   184.81   48.39   6.08   656.05   655.85   0.0  
8  6   3   187.21   194.49   49.87   9.61   657.8   654.08   0.0  
1  1   3   190.89   204.94   49.62   5.17   655.72   656.72   0.0  
1  2   1   201.16   190.44   48.42   6.12   658.94   657.93   0.0  
1  3   1   206.21   201.49   48.73   12.35   657.67   659.31   0.0  
1  4   4   198.45   189.72   48.5   7.8   655.15   655.1   0.0  
1  5   3   192.75   204.56   49.23   13.26   657.37   657.74   0.0  
1  6   1   195.8   208.05   50.19   24.88   656.78   654.76   0.0  
2  1   1   184.75   186.01   48.43   6.9   655.15   660.23   0.0  
2  2   2   185.63   181.4   48.99   10.22   657.45   653.75   0.0  
2  3   4   189.9   183.06   48.52   7.03   659.27   658.97   0.0  
2  4   2   186.98   195.58   49.22   7.57   660.76   657.93   0.0  
2  5   2   186.61   192.99   49.3   12.66   653.98   658.14   0.0  
2  6   2   188.47   194.26   49.57   12.5   656.14   657.79   0.0  
3  1   3   186.89   192.53   49.68   5.17   658.39   655.63   0.0  
3  2   1   184.03   185.26   49.19   12.67   657.15   656.13   41.0  
3  3   1   185.19   181.57   48.58   10.6   659.97   656.2   0.0  
3  4   4   182.31   184.94   48.73   6.26   657.18   657.89   0.0  
3  5   3   187.82   192.92   49.63   8.07   656.94   656.0   0.0  
3  6   1   185.24   194.88   49.77   7.24   658.65   658.05   36.0  
4  1   2   187.69   192.37   49.46   2.2   656.19   659.14   0.0  
4  2   4   185.25   184.48   48.56   17.74   655.63   658.71   0.0  
4  3   3   186.24   192.8   49.28   6.37   659.19   655.89   0.0  
4  4   1   186.23   185.4   48.67   11.04   661.64   654.76   0.0  
4  5   4   188.07   196.75   49.68   7.07   658.44   660.46   0.0  
4  6   3   184.82   184.73   48.78   5.12   659.53   659.93   193.0  
5  1   2   191.16   188.21   48.75   15.11   652.9   655.79   73.0  
5  2   4   188.08   196.85   49.33   12.36   652.41   656.84   25.0  
5  3   3   190.46   184.17   48.91   7.75   654.27   657.83   0.0  
5  4   1   187.95   196.37   48.89   12.32   655.18   656.66   0.0  
5  5   4   190.45   189.11   48.98   5.98   656.48   654.02   0.0  
5  6   3   188.53   194.28   50.17   8.01   656.88   651.87   0.0  
6  1   4   191.09   193.12   48.85   8.58   657.92   658.03   0.0  
6  2   3   184.52   181.73   48.83   8.65   661.4   653.72   0.0  
6  3   2   184.01   194.36   49.28   10.4   659.14   656.37   0.0  
6  4   3   190.84   196.8   48.87   6.7   659.44   659.34   0.0  
6  5   1   184.67   194.43   49.57   5.85   653.75   658.28   0.0  
6  6   4   186.44   182.77   48.59   4.23   652.96   662.79   0.0  
7  1   1   189.83   193.34   48.65   10.07   657.56   655.91   0.0  
7  2   2   188.09   183.85   49.18   10.72   652.26   660.33   0.0  
7  3   4   187.41   183.17   48.91   8.26   658.44   653.83   74.0  
7  4   2   191.21   195.5   49.47   14.49   657.57   657.77   0.0  
7  5   2   185.18   193.8   49.6   21.33   660.49   655.61   0.0  
7  6   2   184.72   194.31   49.89   9.71   654.52   660.05   0.0  
8  1   1   186.18   194.76   49.58   5.3   653.2   655.61   0.0  
8  2   2   186.26   194.68   49.65   12.86   655.14   655.33   0.0  
8  3   4   184.21   193.9   49.59   5.56   655.13   655.19   0.0  
8  4   2   187.74   185.53   48.5   8.22   655.73   652.55   0.0  
8  5   2   189.94   188.37   49.37   12.5   653.49   655.25   0.0  
8  6   2   189.15   183.87   48.96   19.79   652.44   654.89   0.0  
1  1   4   188.02   196.55   51.61   28.4   654.74   653.89   0.0  
1  2   3   186.84   194.81   49.46   13.64   658.05   651.27   0.0  
1  3   2   193.95   178.29   48.8   5.65   658.09   653.56   0.0  
1  4   3   197.02   189.28   48.64   15.58   656.23   657.2   0.0  
1  5   1   191.6   177.22   48.93   5.98   654.18   655.6   0.0  
1  6   4   183.04   195.35   51.04   10.04   650.07   656.89   0.0  
2  1   4   187.6   184.12   48.8   11.52   659.45   656.17   0.0  
2  2   3   186.26   184.12   49.38   5.58   657.49   657.9   0.0  
2  3   2   190.8   195.2   49.86   16.57   654.48   659.64   0.0  
2  4   3   187.04   194.95   48.86   9.63   657.15   662.82   0.0  
2  5   1   186.78   191.1   49.99   9.26   658.83   652.89   0.0  
2  6   4   187.98   194.56   49.58   7.37   654.87   658.68   0.0  
3  1   3   187.62   184.03   49.25   9.25   655.18   658.18   0.0  
3  2   1   187.58   195.45   49.79   15.67   656.04   658.98   0.0  
3  3   1   193.87   194.73   49.64   10.14   658.04   656.25   202.0  
3  4   4   188.88   193.76   48.94   12.1   661.6   654.94   0.0  
3  5   3   192.12   185.89   49.55   10.58   659.74   653.72   0.0  
3  6   1   190.64   193.8   49.67   5.76   657.2   654.36   0.0  
4  1   1   185.66   182.79   49.12   8.88   661.32   652.93   0.0  
4  2   2   190.27   190.06   48.39   13.54   654.28   658.11   40.0  
4  3   4   183.47   183.37   48.84   16.96   655.61   661.63   0.0  
4  4   2   186.77   192.93   49.0   10.1   659.86   661.54   23.0  
4  5   2   189.69   195.58   49.49   11.15   656.6   659.43   0.0  
4  6   2   184.99   192.56   49.88   7.01   657.7   657.64   24.0  
5  1   3   183.25   194.73   49.39   16.03   659.16   654.64   0.0  
5  2   1   195.94   198.34   49.03   6.05   657.0   657.29   46.0  
5  3   1   184.58   185.08   48.59   7.7   659.07   651.79   0.0  
5  4   4   188.8   177.2   48.56   6.33   655.94   658.23   63.0  
5  5   3   193.54   198.31   49.35   6.57   655.36   656.64   0.0  
5  6   1   186.88   193.89   49.61   6.78   655.55   657.56   28.0  
6  1   4   182.71   193.01   49.77   7.73   652.6   656.44   0.0  
6  2   3   181.58   191.72   49.64   17.62   657.59   651.97   0.0  
6  3   2   175.92   177.4   48.57   9.7   657.17   655.46   0.0  
6  4   3   180.01   179.39   48.13   35.92   655.93   655.65   8.0  
6  5   1   181.52   174.91   49.46   20.85   651.8   655.19   0.0  
6  6   4   187.13   192.09   49.55   7.62   653.7   657.9   0.0  
7  1   3   186.29   184.91   48.77   4.11   654.36   658.52   0.0  
7  2   1   187.18   194.3   49.83   4.74   655.86   660.45   0.0  
7  3   1   187.23   193.43   49.45   7.43   657.87   657.55   0.0  
7  4   4   187.97   195.15   49.55   9.46   664.06   655.3   0.0  
7  5   3   185.9   183.66   48.73   8.44   660.39   652.26   0.0  
7  6   1   183.4   186.34   48.62   14.44   657.56   653.9   0.0  
8  1   2   192.95   193.1   51.38   30.53   653.32   658.59   0.0  
8  2   4   192.5   188.77   49.55   7.44   651.47   655.13   0.0  
8  3   3   192.91   192.34   52.4   20.75   654.04   655.73   0.0  
8  4   1   191.34   198.06   48.85   16.31   655.39   658.96   0.0  
8  5   4   190.75   194.98   52.21   32.21   653.83   652.03   0.0  
8  6   3   188.62   187.48   49.02   5.11   656.92   651.72   0.0  
1  1   4   188.79   185.84   48.75   3.56   657.25   656.83   0.0  
1  2   3   188.31   186.25   48.38   9.04   657.35   653.69   127.0  
1  3   2   189.32   194.45   49.41   11.55   655.86   655.93   0.0  
1  4   3   187.34   193.22   49.1   10.7   657.26   653.49   0.0  
1  5   1   188.15   194.92   49.4   5.52   655.31   659.76   0.0  
1  6   4   187.56   185.97   48.9   8.02   652.99   658.36   8.0  
2  1   1   185.47   193.72   49.51   4.02   656.73   656.76   0.0  
2  2   2   187.33   194.61   49.36   11.47   657.24   656.4   0.0  
2  3   4   192.22   197.81   49.5   5.96   662.25   658.17   0.0  
2  4   2   188.17   182.16   48.6   8.58   659.9   655.64   0.0  
2  5   2   185.85   184.95   48.74   5.65   653.29   658.26   0.0  
2  6   2   187.24   185.21   48.99   5.12   653.61   657.0   0.0  
3  1   1   189.88   180.5   49.18   4.99   656.38   651.84   0.0  
3  2   2   191.06   183.5   49.71   6.67   652.38   654.71   0.0  
3  3   4   183.02   166.74   49.2   6.94   653.1   655.91   0.0  
3  4   2   178.82   191.57   49.85   14.42   653.21   656.05   0.0  
3  5   2   183.14   189.14   52.37   29.61   655.64   654.19   0.0  
3  6   2   175.32   189.34   50.16   18.62   655.06   653.55   0.0  
4  1   1   199.05   197.27   49.61   5.55   657.53   656.48   0.0  
4  2   2   180.65   197.01   49.11   5.84   654.29   660.13   150.0  
4  3   4   188.43   192.89   49.02   9.27   659.17   656.34   359.0  
4  4   2   197.06   202.76   48.38   5.58   658.57   657.07   0.0  
4  5   2   190.99   178.63   49.09   7.95   657.83   657.3   0.0  
4  6   2   182.64   183.07   49.03   7.43   654.33   661.95   0.0  
5  1   3   189.29   193.56   50.63   49.59   655.31   654.3   0.0  
5  2   1   190.86   177.29   49.32   7.24   656.34   652.99   166.0  
5  3   1   182.77   177.18   48.9   4.7   652.11   654.57   0.0  
5  4   4   194.44   184.07   48.97   6.69   656.07   657.03   0.0  
5  5   3   186.94   197.18   50.32   46.2   653.12   658.06   0.0  
5  6   1   184.75   195.5   49.81   25.15   658.2   651.37   0.0  
6  1   4   189.85   191.49   51.16   9.3   652.91   656.59   0.0  
6  2   3   189.28   192.42   51.05   7.76   655.44   653.8   0.0  
6  3   2   192.66   189.44   49.3   5.75   651.27   656.69   0.0  
6  4   3   191.51   193.81   48.88   11.55   655.53   655.12   0.0  
6  5   1   187.26   186.18   49.13   4.18   655.03   652.47   0.0  
6  6   4   188.92   191.54   50.91   10.92   652.32   653.68   0.0  
7  1   3   188.22   194.73   50.57   7.88   652.37   654.64   0.0  
7  2   1   194.29   182.33   49.08   6.74   652.98   653.44   83.0  
7  3   1   191.48   187.61   49.16   9.37   653.73   655.05   0.0  
7  4   4   193.63   185.02   48.75   15.39   653.55   651.79   0.0  
7  5   3   184.07   192.77   50.5   14.56   655.59   652.73   0.0  
7  6   1   186.45   195.13   50.37   7.39   654.38   652.6   0.0  
8  1   4   185.02   194.12   49.53   4.92   653.74   657.71   0.0  
8  2   3   194.31   196.48   48.86   22.06   657.62   656.62   0.0  
8  3   2   184.39   185.91   48.5   4.84   653.32   657.84   0.0  
8  4   3   187.65   183.64   48.65   9.26   658.65   658.62   50.0  
8  5   1   189.82   193.15   48.86   5.49   656.22   656.54   0.0  
8  6   4   187.37   193.45   49.37   5.23   656.77   655.88   0.0  
1  1   3   189.68   192.55   49.61   17.27   661.83   659.19   0.0  
1  2   1   195.03   195.14   48.31   13.69   662.0   659.14   48.0  
1  3   1   185.86   183.63   48.99   5.27   658.96   654.03   33.0  
1  4   4   184.81   184.13   48.68   9.77   658.75   659.48   0.0  
1  5   3   192.34   194.79   49.35   15.34   657.25   656.0   0.0  
1  6   1   185.24   193.8   49.71   5.95   658.64   657.58   0.0  
2  1   2   194.55   184.2   49.23   4.03   654.03   655.86   0.0  
2  2   4   186.52   192.62   50.28   12.34   654.98   655.55   0.0  
2  3   3   186.2   181.46   48.85   6.86   657.17   653.69   99.0  
2  4   1   182.56   195.07   49.57   4.9   654.56   654.01   0.0  
2  5   4   189.84   186.47   49.14   5.02   655.77   655.3   0.0  
2  6   3   183.49   189.77   50.47   10.83   654.51   654.42   0.0  
3  1   2   192.2   186.6   49.33   4.5   657.38   656.21   0.0  
3  2   4   186.78   194.37   50.05   9.51   654.34   658.51   0.0  
3  3   3   191.39   186.88   48.74   8.57   656.54   658.65   0.0  
3  4   1   184.25   197.14   49.04   18.06   656.38   655.5   0.0  
3  5   4   188.5   189.84   49.23   11.32   661.47   655.93   0.0  
3  6   3   187.39   194.78   50.35   8.93   660.18   654.51   0.0  
4  1   2   183.95   195.52   49.55   7.06   655.67   657.94   0.0  
4  2   4   179.03   183.5   48.44   3.59   652.3   659.16   0.0  
4  3   3   185.87   193.66   50.09   9.79   656.47   663.53   0.0  
4  4   1   185.46   182.62   48.05   14.68   657.71   657.15   0.0  
4  5   4   187.28   192.58   49.42   7.15   664.48   657.61   0.0  
4  6   3   182.46   183.92   49.15   8.36   661.41   654.08   0.0  
5  1   3   193.26   184.54   48.9   7.07   656.54   652.08   0.0  
5  2   1   188.81   194.16   49.31   5.41   655.95   653.66   0.0  
5  3   1   184.51   195.0   49.73   22.75   657.02   656.31   0.0  
5  4   4   187.9   194.03   49.68   4.7   656.9   656.15   0.0  
5  5   3   191.09   194.67   48.74   6.4   654.92   653.03   0.0  
5  6   1   190.16   184.35   48.87   8.6   655.32   654.94   0.0  
6  1   2   185.57   184.01   48.75   14.06   656.19   661.09   0.0  
6  2   4   189.41   194.54   49.46   13.35   657.38   656.66   0.0  
6  3   3   186.33   184.58   48.92   11.23   658.7   656.06   0.0  
6  4   1   186.3   193.2   49.1   14.18   659.46   657.46   0.0  
6  5   4   189.42   183.68   48.86   7.7   658.19   657.4   0.0  
6  6   3   187.75   192.77   49.43   9.32   658.53   656.68   0.0  
7  1   3   192.94   194.66   50.53   20.83   652.31   654.68   0.0  
7  2   1   187.5   181.23   49.18   5.09   654.3   651.97   0.0  
7  3   1   193.28   180.95   49.02   13.23   653.42   653.61   0.0  
7  4   4   192.92   196.68   48.74   13.46   653.64   654.03   114.0  
7  5   3   184.22   193.65   50.09   14.01   653.69   655.45   0.0  
7  6   1   184.88   194.92   49.92   5.14   657.0   651.42   0.0  
8  1   3   185.79   193.8   49.79   5.48   657.33   651.98   0.0  
8  2   1   189.79   194.54   48.94   9.72   658.88   656.72   0.0  
8  3   1   190.53   190.4   49.08   11.33   658.55   659.27   0.0  
8  4   4   192.02   185.64   49.16   5.69   658.22   660.37   0.0  
8  5   3   192.46   194.01   49.86   14.06   654.81   654.19   26.0  
8  6   1   187.76   196.17   50.32   128.4   658.85   656.06   0.0  
1  1   3   191.72   187.34   49.11   5.05   658.94   651.38   0.0  
1  2   1   189.45   192.39   49.63   6.81   654.98   652.4   0.0  
1  3   1   189.84   192.97   49.45   4.36   657.23   651.17   0.0  
1  4   4   187.21   196.84   49.15   8.33   654.21   658.23   78.0  
1  5   3   188.49   192.15   48.67   20.22   654.26   655.86   0.0  
1  6   1   190.63   186.34   48.47   7.73   654.72   655.74   0.0  
2  1   3   194.26   183.15   48.85   21.06   658.14   659.58   0.0  
2  2   1   184.38   193.24   50.53   6.07   655.86   655.09   0.0  
2  3   1   192.99   196.55   50.13   18.45   659.17   660.33   0.0  
2  4   4   186.13   195.49   49.1   11.11   659.66   656.39   0.0  
2  5   3   189.4   185.69   49.18   11.54   659.63   657.76   0.0  
2  6   1   195.46   198.59   48.85   15.24   657.7   657.27   0.0  
3  1   4   180.95   182.32   48.62   7.32   658.79   656.29   0.0  
3  2   3   185.21   181.43   48.47   7.89   658.71   657.65   0.0  
3  3   2   187.79   194.63   49.43   9.85   660.25   657.83   0.0  
3  4   3   186.79   195.98   49.11   12.92   656.69   664.6   0.0  
3  5   1   186.63   194.31   49.67   11.59   662.24   656.83   0.0  
3  6   4   185.37   182.71   48.72   8.07   656.66   658.45   0.0  
4  1   2   186.01   193.78   49.43   5.91   655.61   658.79   0.0  
4  2   4   188.52   185.15   48.6   8.01   656.67   656.62   10.0  
4  3   3   185.5   193.08   49.41   7.27   657.09   654.01   0.0  
4  4   1   187.89   184.02   48.4   19.86   660.32   657.34   0.0  
4  5   4   188.34   193.78   49.69   9.41   657.05   655.39   0.0  
4  6   3   186.34   184.68   48.2   21.15   655.72   658.45   0.0  
5  1   3   187.23   194.36   49.34   9.38   656.95   656.98   113.0  
5  2   1   186.06   182.24   48.41   8.17   660.52   655.07   10.0  
5  3   1   185.26   183.65   48.56   8.52   655.66   660.65   128.0  
5  4   4   191.7   184.63   48.82   67.74   660.85   656.01   0.0  
5  5   3   186.1   192.72   49.58   12.61   654.48   655.92   77.0  
5  6   1   186.72   192.94   49.74   5.75   660.75   653.48   0.0  
6  1   2   193.06   197.63   49.31   8.72   658.18   657.19   0.0  
6  2   4   189.44   185.53   49.0   11.5   653.85   660.62   177.0  
6  3   3   185.86   194.22   49.63   9.98   656.84   655.84   0.0  
6  4   1   194.51   194.94   48.69   7.26   657.71   658.8   0.0  
6  5   4   186.32   193.76   49.5   5.53   658.37   655.47   0.0  
6  6   3   188.71   181.76   48.69   8.97   659.11   652.76   0.0  
7  1   1   186.68   184.76   48.58   10.11   658.34   653.12   0.0  
7  2   2   194.77   203.75   48.68   11.86   654.71   657.15   0.0  
7  3   4   185.89   183.03   48.61   8.61   657.11   659.4   0.0  
7  4   2   185.67   196.06   49.06   11.05   655.64   660.15   0.0  
7  5   2   197.91   196.5   49.82   18.59   658.22   656.32   0.0  
7  6   2   186.59   193.39   49.54   4.94   657.3   658.31   0.0  
8  1   2   185.45   188.37   49.35   9.38   655.2   656.6   16.0  
8  2   4   183.28   195.6   49.84   11.41   652.04   660.23   0.0  
8  3   3   188.61   177.33   49.09   9.77   655.28   657.89   200.0  
8  4   1   190.44   195.51   50.11   13.08   656.58   657.09   0.0  
8  5   4   193.34   186.46   49.56   15.34   657.37   655.02   0.0  
8  6   3   186.52   194.27   50.16   14.82   659.26   652.73   0.0  
1  1   3   183.57   189.76   49.33   10.71   658.73   659.36   0.0  
1  2   1   181.68   183.73   48.81   11.75   657.94   660.09   0.0  
1  3   1   183.87   181.77   48.65   7.55   658.85   657.97   0.0  
1  4   4   177.48   180.1   48.29   12.02   660.01   656.65   0.0  
1  5   3   186.12   190.43   49.66   7.8   656.55   655.88   0.0  
1  6   1   185.72   191.33   49.93   6.13   659.53   654.2   0.0  
2  1   4   188.4   182.36   48.68   7.86   663.39   657.51   0.0  
2  2   3   186.28   184.36   48.71   10.54   657.92   660.97   0.0  
2  3   2   186.35   195.38   49.74   133.31   656.87   658.28   0.0  
2  4   3   187.24   195.29   49.16   13.39   657.67   664.45   0.0  
2  5   1   184.12   196.0   49.29   10.78   663.62   656.92   0.0  
2  6   4   188.68   184.64   49.01   5.02   657.1   660.13   0.0  
3  1   2   185.95   184.41   48.56   9.91   659.9   655.07   0.0  
3  2   4   183.56   192.62   49.65   6.31   657.1   654.57   0.0  
3  3   3   188.05   187.13   48.37   7.97   657.7   656.44   0.0  
3  4   1   187.19   194.98   48.91   10.95   655.87   660.87   113.0  
3  5   4   185.38   182.39   48.9   5.93   655.96   660.78   0.0  
3  6   3   187.78   194.11   49.61   4.23   657.85   654.68   0.0  
4  1   3   187.11   194.43   49.58   3.55   654.38   658.89   0.0  
4  2   1   185.31   185.76   49.2   11.32   655.15   658.87   0.0  
4  3   1   187.11   185.47   49.31   30.12   657.81   657.91   0.0  
4  4   4   186.76   186.27   48.66   17.89   657.44   655.2   0.0  
4  5   3   188.36   192.1   49.25   19.9   659.63   653.4   0.0  
4  6   1   186.04   195.57   50.07   7.25   659.06   655.02   0.0  
5  1   1   192.0   193.24   48.72   6.69   660.6   658.96   0.0  
5  2   2   182.27   181.26   49.36   5.09   655.42   657.66   0.0  
5  3   4   186.6   183.27   48.77   4.85   658.3   655.08   0.0  
5  4   2   193.76   197.09   49.27   7.16   655.56   655.9   0.0  
5  5   2   184.41   192.02   49.5   36.45   657.14   654.78   0.0  
5  6   2   185.29   192.71   49.95   5.28   652.47   657.7   0.0  
6  1   4   192.82   188.86   49.39   4.93   654.25   657.2   0.0  
6  2   3   194.52   186.31   48.89   11.64   655.13   653.4   0.0  
6  3   2   187.77   193.74   50.15   11.65   656.14   654.1   0.0  
6  4   3   189.97   193.79   49.44   10.81   656.26   656.47   0.0  
6  5   1   186.45   192.89   50.98   20.68   653.83   656.17   0.0  
6  6   4   185.89   188.28   49.35   5.13   651.54   657.33   0.0  
7  1   4   185.36   186.49   49.07   12.78   653.41   654.97   0.0  
7  2   3   185.33   188.26   49.15   8.36   655.88   651.95   0.0  
7  3   2   188.22   190.0   53.37   12.26   655.23   652.36   0.0  
7  4   3   189.66   193.6   49.62   7.27   655.46   661.41   0.0  
7  5   1   189.41   186.68   52.16   37.34   654.79   654.3   0.0  
7  6   4   191.73   186.92   48.9   15.89   648.83   658.19   0.0  
8  1   1   185.96   194.02   49.36   12.69   658.83   652.8   0.0  
8  2   2   192.95   196.92   49.34   7.03   653.47   656.77   0.0  
8  3   4   184.79   193.49   49.19   8.29   656.27   656.5   0.0  
8  4   2   185.54   185.7   48.44   12.54   657.52   657.71   26.0  
8  5   2   189.92   194.02   48.74   8.06   655.09   655.55   0.0  
8  6   2   185.26   180.05   48.75   5.49   653.85   655.34   0.0  
1  1   3   187.12   196.5   49.31   14.36   658.03   657.86   43.0  
1  2   1   189.24   182.55   48.25   9.78   662.54   655.74   0.0  
1  3   1   185.21   185.43   48.5   16.8   655.96   657.93   0.0  
1  4   4   189.8   182.69   48.37   8.47   657.63   657.64   0.0  
1  5   3   184.55   193.27   49.25   4.94   656.39   659.09   0.0  
1  6   1   185.4   193.81   49.67   4.3   661.86   653.64   0.0  
2  1   4   186.89   183.98   48.65   7.87   653.36   658.32   0.0  
2  2   3   187.86   185.79   49.12   8.08   655.13   654.4   6.0  
2  3   2   187.43   193.63   49.2   2.23   655.41   659.3   0.0  
2  4   3   189.49   193.08   49.17   4.81   659.83   653.96   0.0  
2  5   1   188.25   195.75   49.42   15.04   655.89   657.9   0.0  
2  6   4   188.12   185.11   48.74   7.47   659.26   655.63   0.0  
3  1   4   188.25   182.72   48.91   6.26   659.6   654.68   283.0  
3  2   3   186.23   184.14   49.11   4.77   656.96   657.32   470.0  
3  3   2   186.63   196.1   49.42   8.3   658.98   657.39   0.0  
3  4   3   185.95   194.56   48.95   11.33   655.63   659.53   54.0  
3  5   1   184.62   193.38   49.32   6.04   656.69   654.71   173.0  
3  6   4   187.54   185.44   48.6   5.54   656.0   658.48   0.0  
4  1   3   187.81   181.67   48.61   13.07   657.03   659.6   0.0  
4  2   1   183.46   194.87   49.47   16.67   658.19   658.94   115.0  
4  3   1   182.86   194.44   50.07   14.14   656.64   658.22   0.0  
4  4   4   182.06   193.92   49.85   10.2   659.0   656.09   0.0  
4  5   3   182.88   175.49   48.96   13.61   658.67   655.1   0.0  
4  6   1   184.9   176.89   48.9   12.06   657.89   652.37   0.0  
5  1   3   189.81   180.59   49.06   11.64   660.26   654.34   0.0  
5  2   1   185.06   193.71   49.64   14.56   659.14   655.77   0.0  
5  3   1   183.22   194.66   49.92   11.06   657.49   656.62   0.0  
5  4   4   184.35   195.03   49.32   10.48   654.82   659.89   0.0  
5  5   3   192.68   188.95   49.5   25.95   656.37   660.73   0.0  
5  6   1   189.32   187.0   49.05   18.33   656.87   660.4   0.0  
6  1   1   188.72   194.95   49.47   6.17   657.29   656.75   0.0  
6  2   2   186.99   194.69   49.29   7.93   652.77   660.55   0.0  
6  3   4   188.45   195.26   49.32   5.28   662.18   656.42   0.0  
6  4   2   190.29   186.58   48.57   5.58   658.76   658.68   0.0  
6  5   2   186.45   184.62   48.85   12.05   660.44   656.19   0.0  
6  6   2   186.16   183.06   48.59   12.23   651.91   662.96   0.0  
7  1   2   192.91   195.05   48.92   7.38   656.36   656.11   0.0  
7  2   4   185.82   194.34   49.46   8.9   653.31   660.65   0.0  
7  3   3   185.78   185.47   48.48   9.86   655.1   658.09   0.0  
7  4   1   195.76   197.94   49.44   12.93   658.29   657.66   0.0  
7  5   4   189.34   182.6   48.87   9.61   657.61   653.31   0.0  
7  6   3   189.6   191.88   49.23   10.66   662.2   653.81   26.0  
8  1   2   194.18   186.88   49.47   13.65   655.92   656.06   0.0  
8  2   4   186.46   194.5   49.93   6.58   655.03   658.91   93.0  
8  3   3   188.61   183.48   48.95   6.6   653.02   653.79   0.0  
8  4   1   187.03   193.57   49.4   25.11   654.06   654.27   0.0  
8  5   4   192.28   186.93   49.42   10.59   657.24   654.37   0.0  
8  6   3   184.82   189.2   49.86   8.56   655.54   650.62   0.0  
1  1   2   187.32   187.57   48.41   13.54   656.2   656.25   0.0  
1  2   4   187.4   194.14   49.27   9.09   653.99   659.48   0.0  
1  3   3   187.65   186.56   48.6   10.6   654.02   660.42   0.0  
1  4   1   189.0   195.69   48.73   9.28   655.86   654.84   0.0  
1  5   4   185.56   184.31   48.16   10.22   658.5   655.62   0.0  
1  6   3   187.11   196.77   49.9   50.95   658.09   652.6   0.0  
2  1   4   185.07   186.44   48.67   7.83   654.33   658.61   0.0  
2  2   3   191.16   189.82   49.52   19.81   655.05   653.68   0.0  
2  3   2   186.74   196.36   49.79   9.47   655.99   659.57   0.0  
2  4   3   188.48   196.12   49.4   9.0   656.97   658.16   0.0  
2  5   1   189.92   195.15   49.52   9.76   655.5   654.23   0.0  
2  6   4   194.0   182.6   49.15   3.19   657.9   656.3   0.0  
