1  2  191.53  199.52  52.29  15.94  683.85  676.56  0 678.33 685.13
2  4  191.93  178.66  49.4  4.7  661.17  657.96  0 659.28 665.42
3  3  193.16  195.01  52.19  22.82  657.36  657.48  0 659.64 658.63
4  1  191.53  183.65  49.42  5.26  663.05  671.02  0 663.4 675.45
5  4  193.54  199.68  52.5  12.13  676.03  682.09  0 683.08 678.14
6  3  199.04  199.81  51.22  28.0  678.14  674.99  0 679.7 676.76
1  4  192.4  187.97  49.74  5.54  672.23  675.41  0 677.37 673.71
2  3  188.11  180.95  49.48  7.59  654.52  654.59  0 655.68 657.45
3  2  189.06  190.92  50.58  7.95  653.86  658.89  16 661.11 664.55
4  3  191.31  194.24  50.47  6.0  668.56  663.16  0 672.79 666.54
5  1  194.62  200.85  52.07  12.81  677.2  677.09  0 676.86 676.9
6  4  189.98  184.41  49.89  5.57  671.16  671.02  149 671.65 689.79
1  1  197.08  195.41  51.16  7.18  674.59  671.04  0 675.79 671.71
2  2  188.91  193.83  50.17  19.58  658.92  661.0  43 663.31 668.26
3  4  184.91  192.34  50.48  10.06  654.92  657.97  45 657.71 661.13
4  2  192.12  186.0  49.52  4.02  665.99  670.99  0 670.0 667.15
5  2  194.9  188.57  51.18  9.32  677.55  678.8  0 678.46 678.76
6  2  190.73  188.41  50.38  5.01  670.69  670.13  0 671.65 670.82
1  2  196.85  199.18  51.38  6.9  675.1  673.17  0 673.76 674.53
2  4  190.71  180.99  48.4  10.5  650.34  657.88  0 663.2 655.42
3  3  190.43  194.36  50.45  4.11  651.85  656.1  41 653.43 667.18
4  1  194.28  186.4  49.56  6.9  665.89  666.66  0 666.99 667.85
5  4  195.72  198.75  51.65  6.33  677.89  674.8  0 674.94 678.23
6  3  193.55  184.81  50.19  13.46  677.13  668.79  0 677.77 669.68
1  3  191.97  185.01  50.1  9.42  675.29  672.12  0 674.95 672.45
2  1  188.45  193.5  49.56  9.69  655.99  655.31  52 664.49 658.05
3  1  189.3  188.46  50.19  7.23  658.77  653.87  0 659.07 657.85
4  4  190.5  195.45  50.08  19.08  665.74  667.83  0 668.11 666.04
5  3  194.43  189.33  50.82  10.79  678.11  677.76  0 680.66 678.55
6  1  194.35  188.73  49.8  6.14  673.04  672.97  0 675.04 673.97
1  3  192.44  183.51  49.94  6.67  675.54  671.49  0 676.64 672.8
2  1  191.72  193.75  49.52  4.9  659.19  658.71  0 659.38 661.92
3  1  189.53  187.75  50.53  3.06  657.98  653.56  0 659.23 653.4
4  4  189.01  194.21  50.47  8.38  666.16  668.16  0 671.67 667.49
5  3  195.19  188.88  50.74  26.42  678.24  677.3  0 679.04 679.07
6  1  193.29  184.01  50.39  7.61  670.76  670.24  0 670.52 669.49
1  1  194.77  200.98  51.75  7.75  671.66  673.27  0 673.0 672.8
2  2  183.49  195.72  49.87  13.09  654.7  653.05  0 656.54 656.5
3  4  190.92  192.44  51.85  13.3  653.1  652.97  0 653.14 654.28
4  2  198.16  185.8  49.74  9.03  668.33  662.6  0 665.36 670.17
5  2  199.74  184.16  51.57  6.58  669.28  676.42  0 678.07 669.58
6  2  197.81  200.02  50.47  11.94  668.43  672.41  0 672.39 669.52
1  1  195.61  188.34  49.9  5.07  675.23  675.31  0 676.52 676.45
2  2  184.78  182.51  48.62  3.29  656.57  656.77  0 660.32 657.88
3  4  186.29  192.02  49.37  6.81  657.66  658.59  65 658.47 664.13
4  2  193.4  193.56  50.54  8.43  670.02  665.01  0 668.99 671.02
5  2  192.03  197.52  52.05  26.36  677.83  677.0  0 678.29 680.68
6  2  192.61  196.85  51.74  11.89  672.78  675.66  0 677.27 673.39
1  2  199.17  198.78  54.13  22.39  673.85  675.17  34 681.98 674.51
2  4  193.28  180.05  49.25  9.17  650.34  657.48  25 665.45 651.97
3  3  192.47  186.47  53.55  22.25  653.58  656.71  0 654.92 659.91
4  1  197.64  194.38  49.95  8.66  662.76  663.66  132 670.33 663.31
5  4  188.01  199.81  55.11  12.61  675.01  673.01  0 674.0 675.02
6  3  192.27  186.67  51.07  10.22  674.62  666.3  0 678.13 667.71
1  2  194.5  188.2  50.32  10.53  674.25  674.76  0 676.55 675.01
2  4  188.56  191.96  49.36  5.83  652.82  659.01  0 661.22 654.56
3  3  189.04  181.49  49.53  6.15  652.92  654.42  0 656.1 654.8
4  1  191.8  196.07  50.09  9.83  665.11  666.22  0 666.75 667.92
5  4  194.54  188.35  51.19  6.05  678.73  674.51  0 675.89 679.98
6  3  190.81  194.96  51.94  7.19  675.67  667.82  0 676.23 669.5
1  4  196.46  196.11  50.74  4.74  669.9  670.77  0 672.14 672.93
2  3  191.33  183.09  49.4  11.26  659.54  655.36  0 665.26 658.48
3  2  191.39  191.57  51.28  10.71  654.64  650.33  0 651.22 657.72
4  3  195.82  196.22  51.16  9.8  661.84  663.98  0 662.95 668.6
5  1  194.54  199.81  52.31  12.25  672.3  676.99  0 674.98 678.48
6  4  195.51  185.99  50.5  9.48  664.3  670.58  0 673.31 665.33
1  3  197.72  191.32  51.05  7.12  668.05  672.07  0 673.06 671.17
2  1  189.2  194.96  49.68  4.53  651.72  655.04  55 657.77 655.46
3  1  191.31  191.83  51.39  8.73  654.08  654.24  0 653.54 653.63
4  4  192.64  197.62  50.86  8.06  669.43  663.45  0 664.63 669.05
5  3  200.7  185.73  51.36  7.82  674.31  671.51  0 674.42 673.26
6  1  201.24  192.05  51.05  5.91  673.12  669.8  0 674.97 671.37
1  3  200.83  199.73  51.21  8.41  676.19  677.13  100 676.53 694.15
2  1  188.98  184.49  48.64  7.59  658.73  654.7  25 663.66 654.69
3  1  191.98  181.01  49.4  7.09  655.91  656.01  0 656.82 656.24
4  4  196.83  198.69  49.35  7.09  668.0  666.98  0 666.03 668.8
5  3  195.45  199.05  51.95  9.26  677.28  678.22  0 678.53 678.91
6  1  197.78  199.71  50.92  5.67  675.99  670.03  0 676.0 670.06
1  2  189.81  186.39  50.59  2.94  674.41  671.26  0 672.08 676.09
2  4  189.31  190.51  49.59  6.86  658.86  658.03  31 658.13 672.05
3  3  190.87  195.09  49.26  5.41  654.02  652.7  0 655.29 657.1
4  1  190.43  194.02  49.89  10.07  663.86  669.68  0 665.23 670.59
5  4  192.29  183.88  51.05  9.65  674.75  678.83  0 681.74 676.5
6  3  197.24  196.37  51.81  8.75  673.42  669.82  0 675.1 670.95
1  2  197.37  200.2  51.47  6.3  676.8  676.73  0 676.89 677.05
2  4  190.95  178.7  48.68  7.84  652.44  659.35  0 661.78 659.66
3  3  185.28  194.93  50.41  5.02  654.73  657.13  0 654.95 656.77
4  1  193.04  196.93  49.38  4.55  664.45  666.54  0 666.13 668.51
5  4  192.71  198.12  51.91  8.59  680.17  674.79  0 674.75 680.6
6  3  193.44  180.57  50.63  4.05  678.97  669.25  0 682.0 668.35
1  4  193.35  197.97  51.01  5.5  676.53  676.21  0 677.29 677.41
2  3  188.06  190.34  49.9  8.9  657.12  659.61  32 657.24 677.28
3  2  189.03  180.83  48.93  7.98  654.95  657.42  0 660.06 656.01
4  3  188.69  187.41  49.98  7.08  665.99  670.04  0 665.06 670.97
5  1  193.4  185.43  51.4  13.34  677.83  672.86  0 680.17 674.69
6  4  195.19  196.83  52.15  7.21  676.49  674.98  0 678.35 679.8
1  3  195.85  196.67  51.23  7.45  680.09  677.98  0 680.64 681.71
2  1  190.67  182.91  48.73  7.29  658.36  654.48  14 659.79 662.47
3  1  185.23  179.83  49.56  3.9  659.5  656.42  0 661.89 656.39
4  4  190.49  186.2  49.63  11.52  666.06  667.57  0 669.17 671.59
5  3  194.52  197.28  52.05  9.36  678.46  675.87  0 681.2 675.56
6  1  197.19  197.24  51.3  7.24  673.12  672.75  172 673.97 677.85
1  3  195.3  186.76  50.19  9.05  676.15  670.02  0 676.77 673.01
2  1  193.95  193.96  49.15  4.41  655.85  654.11  0 656.07 655.27
3  1  184.21  186.92  50.57  16.2  657.79  651.04  29 659.92 660.53
4  4  190.75  195.59  50.33  6.4  661.42  669.37  0 669.69 662.66
5  3  199.48  194.28  51.01  7.27  676.3  678.69  0 676.48 680.57
6  1  188.67  175.46  49.83  6.64  671.86  672.5  0 673.17 672.36
1 0 0 0 0 0 0 0 0 0 0 
2 0 0 0 0 0 0 0 0 0 0 
3 0 0 0 0 0 0 0 0 0 0 
4 0 0 0 0 0 0 0 0 0 0 
5 0 0 0 0 0 0 0 0 0 0 
6 0 0 0 0 0 0 0 0 0 0 
1   3  192.49  197.46  51.61  3.79  670.75  671.23  90 671.76 693.05
2   1  193.24  185.2  48.98  17.24  655.77  652.9  0 658.47 652.69
3   1  188.37  182.36  49.65  5.09  653.41  656.96  0 654.83 656.38
4   4  195.91  186.57  50.06  4.85  667.41  665.88  0 666.07 668.42
5   3  192.56  197.36  52.45  8.66  673.08  674.92  0 673.27 676.28
6   1  195.11  195.67  51.62  9.85  674.12  669.9  0 675.59 673.69
1   1  194.56  189.23  50.86  5.26  672.0  675.54  0 672.23 676.33
2   2  183.47  182.01  49.02  8.67  655.18  655.99  0 656.97 657.82
3   4  190.06  194.65  49.49  4.36  654.61  656.26  0 657.62 655.02
4   2  193.3  194.22  50.19  5.17  668.16  663.59  54 672.47 668.8
5   2  192.95  196.89  52.41  29.8  675.8  678.48  0 679.55 676.67
6   2  197.55  199.77  51.65  17.29  669.1  671.91  43 671.83 685.3
1   4  202.65  182.88  50.48  6.44  673.59  674.86  0 676.03 673.63
2   3  193.62  189.47  49.42  16.27  660.13  659.06  0 660.78 659.42
3   2  190.17  191.23  50.1  9.04  652.5  658.01  0 658.13 653.47
4   3  190.45  201.59  51.29  17.39  669.63  666.79  0 671.2 667.79
5   1  201.13  200.2  52.43  14.21  680.0  680.04  0 680.79 682.04
6   4  192.56  183.94  49.92  13.17  672.27  671.02  0 671.73 672.59
1   1  194.35  198.77  52.01  4.73  672.17  675.1  0 673.22 675.07
2   2  186.39  193.89  50.29  10.43  655.86  653.52  0 656.59 656.28
3   4  189.5  191.38  51.74  14.39  652.67  651.76  0 654.07 652.9
4   2  200.31  179.14  50.06  10.74  666.23  661.58  0 662.61 668.09
5   2  197.3  188.63  51.93  9.18  676.83  675.96  0 677.02 677.36
6   2  198.38  200.19  51.45  3.29  672.78  673.14  0 673.84 672.75
1   3  198.52  187.98  50.72  7.13  676.8  675.83  0 677.03 676.17
2   1  189.19  195.61  49.59  7.72  655.2  657.51  0 656.13 657.56
3   1  188.64  188.79  51.22  7.11  656.19  658.29  0 660.84 660.1
4   4  192.86  196.32  50.95  21.5  670.18  664.98  0 667.44 669.38
5   3  197.12  185.43  51.94  15.07  678.44  676.96  0 678.41 678.78
6   1  200.37  192.57  51.51  3.98  676.83  675.1  0 678.18 679.36
1   1  199.45  199.61  51.72  6.55  680.21  677.73  0 681.46 678.47
2   2  184.78  194.71  49.62  5.2  652.11  662.01  0 663.4 654.44
3   4  186.23  190.49  50.25  23.32  660.78  656.64  0 657.54 662.04
4   2  194.02  191.47  49.5  7.28  662.78  666.13  0 666.77 662.82
5   2  193.3  186.66  51.96  10.1  684.82  677.89  0 678.21 685.1
6   2  188.36  186.22  50.94  7.5  672.35  677.68  0 678.69 672.53
1   3  196.31  188.35  51.16  4.05  677.51  672.9  0 679.83 673.43
2   1  195.6  193.45  50.11  5.29  657.97  654.9  0 658.48 654.96
3   1  185.4  188.8  51.19  26.05  658.22  656.75  0 658.22 657.87
4   4  189.34  195.63  50.62  6.25  663.12  669.88  0 670.28 665.3
5   3  196.1  200.26  51.36  7.31  677.7  682.23  0 677.27 685.15
6   1  195.13  183.91  50.62  5.69  675.71  672.29  0 678.42 673.85
1   2  206.79  191.83  50.93  7.62  671.01  671.8  0 672.29 670.2
2   4  189.96  192.92  50.28  12.99  655.98  659.94  0 662.25 657.79
3   3  196.56  187.25  50.07  5.57  652.97  663.04  0 652.99 668.05
4   1  195.38  197.18  48.66  37.24  663.58  664.34  8 670.04 665.05
5   4  195.58  190.3  51.47  6.98  678.5  673.62  0 674.77 679.49
6   3  192.64  194.23  51.86  6.8  670.85  664.99  0 670.75 664.69
1   2  199.64  186.16  51.39  6.44  674.91  668.53  0 670.36 675.68
2   4  188.66  189.25  49.4  15.37  657.07  651.31  0 656.43 657.09
3   3  192.61  191.52  50.03  8.0  656.02  653.46  39 657.63 665.84
4   1  192.77  194.18  49.83  17.01  663.72  666.19  0 666.02 667.43
5   4  198.43  188.88  51.35  4.28  679.63  677.7  0 679.11 680.92
6   3  200.1  196.64  52.77  22.01  675.67  674.26  0 677.32 674.32
1   4  195.85  191.89  49.83  6.24  680.12  677.88  0 676.95 682.1
2   3  187.9  178.14  48.95  9.87  655.49  657.89  0 655.79 659.87
3   2  198.46  192.87  50.8  9.12  655.98  656.36  0 658.42 655.64
4   3  192.58  196.27  50.7  11.96  664.91  668.84  0 665.03 670.44
5   1  194.32  200.02  52.2  11.06  682.51  678.97  0 684.48 679.8
6   4  198.62  203.58  50.1  10.54  671.53  673.36  0 673.91 671.07
1   3  192.89  182.93  50.74  3.24  678.02  674.5  91 678.04 691.02
2   1  195.8  196.92  49.86  3.8  660.89  660.59  0 662.39 660.44
3   1  188.53  190.25  50.62  3.5  658.25  655.1  0 658.91 657.64
4   4  188.62  194.52  50.33  12.25  666.63  668.56  0 669.26 668.64
5   3  197.75  198.33  50.84  7.8  678.22  678.68  0 681.06 679.94
6   1  197.51  186.94  49.56  4.65  672.42  671.82  0 675.1 673.74
1   2  194.39  198.45  52.07  9.85  673.53  674.02  0 675.05 672.06
2   4  191.97  183.01  49.38  9.68  652.05  656.75  0 659.16 656.79
3   3  189.48  193.02  50.86  18.76  650.98  654.93  0 654.05 657.01
4   1  192.96  184.94  49.58  11.83  663.11  663.77  0 664.22 664.76
5   4  197.68  197.59  52.56  13.13  675.92  671.91  0 672.95 676.22
6   3  195.78  188.89  52.17  10.97  673.29  669.32  0 674.69 669.85
1   1  197.99  197.63  49.83  12.77  675.41  674.26  0 680.23 675.58
2   2  180.98  184.66  48.77  13.46  652.66  657.35  174 665.72 652.94
3   4  184.69  180.76  49.09  11.87  658.03  653.92  63 660.3 667.04
4   2  198.08  196.34  50.13  10.46  668.63  667.0  0 668.73 670.69
5   2  192.91  196.14  52.34  14.08  677.29  674.51  84 680.25 683.04
6   2  190.28  197.76  52.03  38.95  672.74  677.14  0 678.52 672.9
1   3  195.98  186.61  50.5  7.04  678.16  674.47  0 683.43 676.06
2   1  195.72  195.14  49.62  5.58  657.45  655.33  28 662.72 657.09
3   1  187.97  191.23  50.51  6.85  657.79  655.38  0 658.24 657.04
4   4  189.72  196.01  50.09  12.58  663.89  666.14  0 666.28 668.17
5   3  197.3  197.12  50.89  5.43  677.77  676.98  0 678.17 677.29
6   1  195.61  188.99  50.17  4.68  671.65  674.24  37 672.68 682.4
1   1  200.26  194.39  50.39  3.46  674.72  674.21  0 675.56 674.8
2   2  186.14  182.16  49.22  3.86  655.53  662.29  0 662.4 658.53
3   4  182.94  181.64  49.16  8.94  657.08  653.99  0 655.95 660.4
4   2  199.65  197.66  50.59  11.19  669.04  666.88  0 667.46 669.37
5   2  190.56  198.26  52.68  13.62  679.95  677.04  0 676.04 681.0
6   2  190.2  197.35  51.79  8.09  668.72  676.02  0 676.8 668.96
1   1  191.73  183.89  50.21  10.6  673.06  676.87  0 672.5 680.05
2   2  186.02  184.03  48.82  11.91  663.59  661.28  0 662.28 665.56
3   4  184.47  186.73  48.91  26.59  656.83  655.42  0 657.73 659.21
4   2  191.4  193.21  50.38  13.06  672.01  665.66  0 667.69 672.46
5   2  194.73  197.41  51.94  10.43  680.32  682.53  0 685.18 682.03
6   2  195.54  199.3  51.46  7.12  670.64  674.08  0 673.4 671.05
1   4  192.87  197.99  51.9  8.42  673.67  673.01  0 677.23 675.11
2   3  188.0  191.79  50.8  5.62  658.56  654.21  0 658.98 654.05
3   2  194.0  180.77  50.24  4.88  656.11  654.25  0 655.27 656.13
4   3  197.09  187.5  50.3  8.7  666.45  670.62  0 668.31 670.92
5   1  195.87  186.41  51.91  8.11  673.6  675.37  0 673.52 675.33
6   4  192.53  197.62  51.78  5.74  667.26  674.14  0 678.54 670.99
1   1  197.14  200.8  52.32  12.92  681.42  676.14  0 681.68 675.96
2   2  188.96  196.82  50.6  11.47  660.62  659.64  107 669.29 661.63
3   4  186.52  193.28  51.34  8.88  650.65  660.54  152 660.85 662.18
4   2  196.87  187.46  49.82  12.92  664.62  669.86  0 671.49 665.27
5   2  199.53  191.55  52.26  16.68  681.86  679.97  0 680.01 684.99
6   2  192.66  193.03  51.01  8.61  674.98  674.68  0 675.33 677.24
1   1  194.68  198.83  51.17  15.24  675.71  678.57  0 677.94 680.08
2   2  187.0  194.73  49.71  6.73  658.63  656.93  0 656.52 658.95
3   4  187.34  192.18  50.16  6.32  654.23  656.74  0 655.88 654.1
4   2  192.79  184.86  49.54  13.72  668.43  665.43  0 665.15 669.55
5   2  195.13  190.42  50.8  5.12  676.97  681.05  0 681.01 679.06
6   2  192.4  186.06  50.2  3.64  668.56  669.45  0 671.45 669.39
1   3  194.51  198.58  51.33  5.04  671.06  675.66  0 675.26 675.7
2   1  188.44  184.57  48.44  11.19  657.08  654.44  17 663.57 661.63
3   1  187.29  177.71  49.36  20.33  649.98  658.02  0 654.98 663.03
4   4  190.02  194.53  49.65  7.15  665.57  662.93  0 664.04 667.6
5   3  194.03  197.27  51.57  13.49  674.39  677.44  0 675.47 679.32
6   1  193.72  197.42  50.8  5.76  675.42  668.52  0 678.31 671.27
1   1  193.56  197.77  51.94  30.28  669.61  675.97  0 670.45 678.15
2   2  184.49  194.23  50.39  12.11  655.35  651.38  0 651.96 655.99
3   4  189.91  190.93  54.43  45.03  652.41  653.37  0 654.68 654.51
4   2  195.2  175.37  49.87  8.79  666.83  661.78  0 661.32 668.37
5   2  194.36  185.26  51.67  25.37  672.26  676.09  0 677.89 674.38
6   2  194.4  192.73  51.44  4.47  671.17  671.69  0 673.52 672.61
1   4  196.02  198.34  51.84  8.3  672.94  673.54  0 679.57 673.81
2   3  191.93  192.93  50.09  6.08  654.11  654.11  0 655.24 655.63
3   2  193.03  182.21  50.65  9.66  652.39  655.38  0 656.32 653.18
4   3  196.58  189.6  49.83  5.61  663.72  660.9  45 670.62 661.42
5   1  197.82  203.54  51.87  6.65  675.1  678.32  0 677.46 679.46
6   4  193.8  196.31  51.67  18.28  674.01  669.94  228 673.83 686.38
1   1  199.41  200.95  49.8  6.31  675.33  674.05  0 676.69 674.31
2   2  184.45  184.21  49.08  7.4  653.87  657.59  0 659.52 659.24
3   4  188.58  183.29  49.5  8.53  657.81  653.69  0 654.49 657.67
4   2  199.93  199.0  50.46  9.37  665.77  666.52  12 673.71 667.63
5   2  194.2  198.1  51.73  5.91  676.13  673.98  0 673.73 677.98
6   2  191.63  198.16  51.43  3.3  669.3  674.86  0 675.82 670.41
1   4  194.29  185.27  50.34  6.5  673.7  670.79  0 672.86 675.38
2   3  188.83  178.58  49.63  6.15  659.05  659.21  14 660.95 665.36
3   2  190.2  191.33  51.17  8.49  653.48  654.37  0 657.25 655.66
4   3  191.23  196.67  50.53  4.81  664.44  667.53  0 663.97 667.27
5   1  195.42  200.29  51.97  11.8  679.32  676.13  0 680.6 676.95
6   4  194.16  182.97  50.06  7.37  668.41  671.06  0 671.68 669.39
1   4  191.07  177.48  50.53  3.81  671.67  673.95  0 677.21 673.1
2   3  186.37  186.79  49.4  16.84  655.13  651.18  0 658.01 653.2
3   2  189.53  190.29  51.35  9.78  655.22  657.78  0 658.76 657.58
4   3  189.1  199.64  50.37  10.98  667.51  667.45  0 668.92 666.78
5   1  195.98  200.11  52.74  21.03  676.3  674.8  0 677.14 675.87
6   4  190.62  183.57  50.03  10.64  671.12  673.4  0 678.08 672.9
1   3  194.64  189.3  51.33  8.22  675.1  677.83  0 676.85 678.1
2   1  188.69  195.06  49.07  10.34  658.11  657.68  0 658.91 658.34
3   1  188.87  192.74  51.15  14.5  656.45  660.35  0 657.71 660.59
4   4  189.26  196.4  51.52  7.07  674.48  667.07  0 669.79 678.64
5   3  193.97  179.06  51.69  31.14  680.88  677.56  206 689.75 678.96
6   1  199.64  186.49  51.07  11.28  676.74  672.35  0 676.91 672.84
1   1  196.82  198.45  49.51  6.86  677.42  674.78  0 677.07 677.67
2   2  183.83  184.14  49.25  4.42  655.89  662.79  0 663.84 658.5
3   4  184.65  179.36  49.71  8.29  656.5  654.26  0 655.39 660.07
4   2  196.29  196.79  50.39  6.11  666.33  666.38  0 667.09 670.23
5   2  194.73  198.71  51.95  6.42  683.14  677.1  0 678.05 684.54
6   2  187.82  197.73  51.77  6.68  668.34  675.09  0 679.85 669.68
1   1  192.52  196.12  51.17  6.45  678.2  676.16  0 678.46 675.95
2   2  188.97  194.66  49.7  8.62  656.8  655.27  0 657.02 656.47
3   4  185.54  192.68  50.06  11.28  651.86  656.78  0 657.13 654.26
4   2  189.62  178.32  50.21  259.35  665.69  666.66  0 666.44 666.46
5   2  200.22  198.75  50.94  7.04  678.17  679.67  0 679.23 678.98
6   2  189.36  191.26  51.11  5.87  671.98  675.02  0 676.98 672.02
1   1  193.49  197.62  51.33  2.98  674.11  674.01  0 674.98 673.23
2   2  184.67  192.32  49.59  6.84  652.83  658.04  0 658.12 655.17
3   4  187.4  192.35  50.12  8.0  660.06  655.13  20 657.05 666.65
4   2  193.16  186.41  49.38  7.99  668.0  669.01  0 669.58 668.51
5   2  194.36  186.37  50.65  4.64  679.25  675.08  0 676.19 679.27
6   2  189.96  186.83  50.68  4.63  669.93  677.92  0 680.79 670.1
1   1  196.36  187.78  50.55  17.95  681.16  673.7  0 681.87 674.79
2   2  189.19  194.72  49.38  4.99  656.21  657.77  0 659.98 658.72
3   4  186.41  184.97  49.14  7.93  656.01  660.97  0 660.91 657.29
4   2  191.48  196.1  50.0  14.75  660.0  666.3  0 665.46 660.13
5   2  198.64  199.51  52.09  7.84  679.09  677.74  0 677.47 679.64
6   2  189.9  198.74  51.57  4.74  673.08  671.91  0 672.25 673.73
1   4  193.59  190.14  51.08  6.11  671.01  678.48  0 678.6 671.82
2   3  186.97  181.29  49.68  7.21  654.48  653.16  0 657.88 654.59
3   2  194.43  192.15  51.08  9.72  656.1  658.8  0 658.83 657.43
4   3  190.16  197.62  51.05  11.9  667.87  666.6  0 667.49 668.11
5   1  196.31  198.58  52.35  6.58  676.96  677.75  0 678.75 680.81
6   4  189.73  187.25  50.93  13.95  672.06  672.45  0 675.92 673.85
1   3  196.2  198.78  52.35  8.08  672.4  670.93  0 672.49 672.32
2   1  197.8  184.77  49.08  18.12  662.76  655.58  138 673.94 656.18
3   1  188.42  180.62  49.63  7.65  653.3  656.93  105 653.99 667.59
4   4  198.9  190.83  50.33  5.73  667.87  665.68  0 666.13 667.07
5   3  189.54  197.5  52.09  6.51  673.7  679.9  0 674.79 687.18
6   1  195.34  195.63  51.45  8.67  674.79  665.08  102 677.9 670.29
1   3  193.72  197.89  51.26  24.76  673.72  672.15  0 675.57 676.23
2   1  195.04  187.26  49.25  3.92  657.18  654.24  0 659.11 659.14
3   1  187.69  174.69  49.66  7.03  657.23  654.82  0 658.69 655.64
4   4  192.28  187.5  50.18  13.71  669.56  669.43  0 669.9 671.28
5   3  194.71  196.92  52.75  11.41  676.8  673.56  0 678.56 675.52
6   1  194.5  197.67  51.99  6.59  674.51  673.95  0 675.35 679.95
1   4  190.74  187.58  50.68  6.73  670.84  675.57  0 675.74 673.23
2   3  186.32  176.68  49.5  16.61  657.06  654.22  0 659.01 654.7
3   2  187.88  191.69  50.65  4.89  653.54  657.7  0 659.4 654.4
4   3  190.58  194.29  50.48  4.82  667.95  661.07  0 668.76 663.04
5   1  193.33  201.48  52.41  13.96  680.51  682.4  0 680.93 684.43
6   4  193.02  182.46  49.92  7.69  676.1  672.16  0 672.3 677.45
1   1  193.68  196.78  51.29  12.39  671.85  674.97  0 670.37 675.03
2   2  186.97  194.37  49.53  5.4  656.66  659.66  0 660.91 658.25
3   4  194.24  194.05  50.18  6.77  656.14  653.25  0 652.73 657.46
4   2  192.23  182.69  48.95  20.06  666.96  664.7  0 666.15 669.26
5   2  191.57  188.75  50.97  11.57  677.02  679.0  0 680.97 678.01
6   2  195.65  199.77  50.68  3.63  667.74  672.05  0 672.59 669.06
1   3  189.1  187.55  50.86  5.26  673.8  669.86  0 673.94 669.27
2   1  189.99  185.8  48.33  39.27  653.71  652.18  0 654.91 654.31
3   1  187.78  185.47  51.72  11.55  654.9  652.34  0 656.08 653.32
4   4  189.17  189.97  51.11  6.84  666.43  665.94  0 666.11 669.79
5   3  194.4  187.83  51.21  6.0  673.79  672.09  0 673.8 672.88
6   1  194.9  187.23  51.04  5.54  669.44  668.58  0 670.45 670.83
1   3  196.48  185.14  50.6  4.24  676.0  672.56  0 677.59 677.1
2   1  198.82  196.56  49.62  5.58  655.59  653.54  0 657.08 653.71
3   1  186.42  190.05  50.35  16.56  658.14  654.33  0 659.99 656.04
4   0  0  0  0  0  0  0  0 0 0
5   3  198.06  206.07  50.36  6.74  716.24  679.55  0 716.89 681.96
6   1  196.69  181.22  49.68  7.53  676.07  669.45  0 677.25 673.26
1   4  198.26  197.62  51.01  7.64  681.58  676.84  41 677.21 695.54
2   3  187.62  191.97  49.62  6.33  656.46  657.85  0 657.44 659.42
3   2  189.04  181.31  49.66  7.31  654.18  656.27  0 656.4 654.93
4   3  189.89  184.19  49.71  4.24  663.0  668.01  0 661.08 669.03
5   1  195.48  187.38  50.87  7.16  681.16  676.11  0 682.39 677.49
6   4  194.62  194.38  51.3  10.09  672.37  674.99  0 678.76 675.46
1   2  193.77  202.25  52.14  12.14  673.05  671.68  0 671.78 673.07
2   4  194.94  180.26  48.94  7.7  655.17  654.21  0 658.94 657.08
3   3  188.06  195.55  52.49  23.85  652.99  653.08  0 654.01 653.97
4   1  197.57  177.97  49.47  6.81  662.96  668.33  0 662.51 669.82
5   4  196.74  199.9  53.58  23.26  671.92  676.58  164 683.13 671.96
6   3  196.5  177.27  51.0  7.53  671.24  669.42  0 672.15 671.21
1   4  191.45  197.94  51.31  4.61  672.67  674.17  0 674.76 675.87
2   3  190.47  193.92  50.44  8.06  660.14  659.47  0 660.52 663.36
3   2  192.75  178.38  49.07  9.24  652.52  657.07  0 658.0 656.39
4   3  190.43  184.72  49.98  6.47  669.58  667.62  32 679.42 668.26
5   1  198.21  204.38  51.48  8.47  679.51  680.17  0 679.88 680.51
6   4  190.67  197.79  51.59  7.27  670.02  672.75  0 674.88 673.12
1   3  191.8  196.33  51.39  2.2  671.31  676.08  233 672.2 684.46
2   1  191.66  183.97  48.46  18.06  654.21  655.47  355 656.31 667.65
3   1  193.52  187.52  49.56  6.9  657.96  655.41  0 658.05 656.72
4   4  190.19  185.6  49.44  5.04  670.35  666.84  104 676.81 671.48
5   3  195.2  197.01  51.59  18.13  678.99  674.0  0 681.29 675.15
6   1  201.03  199.78  51.44  8.77  674.94  672.12  0 675.64 674.3
1   3  193.58  197.57  51.45  3.25  674.93  676.09  0 675.56 678.26
2   1  190.89  184.98  48.38  7.79  657.59  658.59  0 659.1 662.91
3   1  189.01  191.32  49.09  14.15  656.51  657.19  0 659.2 661.24
4   4  190.84  183.92  49.47  5.84  670.78  664.94  13 668.03 681.34
5   3  193.87  197.12  52.24  5.32  680.0  677.93  0 681.93 678.15
6   1  199.67  199.19  51.35  4.97  674.96  671.5  49 675.55 678.49
1   2  193.52  191.16  50.35  10.23  672.18  676.94  0 677.64 675.11
2   4  190.05  194.36  49.83  7.73  659.59  661.64  0 663.67 661.12
3   3  194.3  180.5  49.78  9.85  657.81  656.11  0 661.08 657.74
4   1  189.8  195.96  50.22  14.04  669.87  666.8  0 671.72 671.06
5   4  197.79  190.39  51.67  16.53  678.21  680.09  0 679.4 680.3
6   3  189.24  196.74  52.07  11.13  671.82  670.3  0 671.44 671.69
1   1  197.04  190.25  50.68  6.73  675.04  672.17  0 678.26 673.15
2   2  202.45  183.88  48.98  13.24  654.14  653.22  0 657.83 654.26
3   4  192.13  185.33  49.83  7.73  651.36  654.6  0 654.84 652.64
4   2  194.1  193.97  50.86  6.01  665.51  665.32  0 667.27 667.3
5   2  192.45  199.61  54.33  21.68  671.48  674.92  0 676.06 671.77
6   2  193.16  197.84  52.42  15.21  669.74  669.54  0 671.1 674.88
1   4  193.83  196.03  52.05  12.61  675.68  671.44  0 673.03 680.42
2   3  185.8  190.59  50.36  3.83  653.79  656.89  0 655.98 657.84
3   2  193.24  182.66  50.22  9.02  654.49  656.81  0 657.88 654.8
4   3  194.37  190.15  49.77  12.06  664.7  670.12  0 666.24 671.08
5   1  193.04  187.25  52.27  19.51  678.37  673.14  0 681.38 675.79
6   4  193.03  196.69  52.27  7.39  671.18  673.29  0 676.69 671.49
1   4  195.41  187.84  50.47  12.94  676.74  675.99  0 675.82 677.71
2   3  191.08  181.97  49.35  7.09  656.26  656.46  0 659.29 656.91
3   2  193.03  190.12  52.42  17.73  654.43  655.42  0 656.39 655.25
4   3  190.35  197.21  50.42  6.53  661.94  665.85  0 661.27 667.02
5   1  194.79  200.33  53.01  12.92  677.82  674.87  0 680.28 677.73
6   4  197.32  199.6  50.03  8.01  670.07  674.13  0 677.16 672.98
1   3  200.23  184.62  50.15  16.66  671.9  671.26  0 673.43 676.65
2   1  187.21  194.22  49.91  6.29  656.25  650.83  0 657.85 651.8
3   1  184.68  191.47  53.47  13.04  650.1  656.96  0 652.98 658.7
4   4  191.44  197.71  52.94  33.43  665.07  662.85  0 666.36 667.2
5   3  196.18  183.89  51.0  6.66  671.97  674.71  0 673.86 677.11
6   1  197.65  180.43  50.37  8.23  672.1  665.27  0 674.04 667.4
1   1  192.75  186.39  50.25  10.61  672.24  675.64  0 674.59 679.82
2   2  186.02  183.43  49.71  5.54  659.95  658.65  23 660.43 673.6
3   4  182.56  182.28  49.86  8.0  655.57  655.89  0 657.76 657.72
4   2  192.46  194.72  50.38  5.01  669.54  665.47  30 666.54 681.38
5   2  195.44  196.9  51.99  9.09  680.18  681.71  0 684.36 682.36
6   2  191.42  196.56  51.6  10.21  669.09  670.54  0 672.49 672.78
1   4  194.59  196.18  51.06  4.55  672.56  676.76  0 677.99 674.2
2   3  191.28  190.73  49.95  8.89  657.19  654.63  0 657.03 655.1
3   2  190.23  181.56  49.41  9.19  655.73  660.29  0 661.49 655.52
4   3  192.29  185.71  49.26  5.41  671.54  666.1  0 674.0 667.81
5   1  195.65  196.18  50.36  12.56  678.64  679.49  0 680.23 680.88
6   4  193.61  197.53  50.8  5.38  673.93  676.67  0 677.53 676.35
1   3  194.55  188.18  50.1  11.02  675.0  672.88  0 675.45 671.68
2   1  197.08  195.75  49.29  6.84  656.36  654.73  0 657.88 655.34
3   1  188.79  190.7  49.92  7.69  655.85  652.9  0 656.47 655.26
4   4  190.33  195.79  50.09  10.7  661.27  667.2  72 672.16 661.8
5   3  201.35  199.42  50.32  13.91  676.82  681.7  0 675.32 682.56
6   1  196.51  187.98  50.16  9.31  672.17  675.47  0 672.27 676.9
1   2  196.54  198.31  52.07  8.13  670.93  672.12  0 672.17 671.9
2   4  197.97  179.91  49.03  8.32  653.16  658.16  0 659.76 653.75
3   3  188.62  194.31  52.07  8.88  652.0  657.05  0 653.02 657.07
4   1  197.32  188.73  49.1  43.65  665.51  665.11  0 666.63 665.26
5   4  196.17  200.9  54.33  286.74  681.56  674.55  0 674.91 683.36
6   3  194.27  186.52  51.5  2.31  671.42  666.84  103 673.59 672.91
1   1  193.94  187.35  49.67  3.0  679.61  675.41  0 684.5 675.38
2   2  182.28  184.58  48.62  6.69  653.71  655.86  105 661.02 655.99
3   4  185.12  182.5  49.31  14.26  656.44  657.49  0 656.21 657.58
4   2  196.46  192.89  50.39  9.61  674.53  669.93  0 669.35 675.05
5   2  193.36  196.98  52.37  11.05  672.26  679.16  0 678.67 673.31
6   2  191.2  199.69  51.48  16.66  673.51  674.13  0 674.09 675.34
1   1  197.2  199.38  51.92  15.63  681.15  671.95  0 684.0 673.43
2   2  190.08  196.94  47.78  49.7  656.09  657.99  0 661.04 657.02
3   4  182.47  194.16  52.15  11.9  651.44  661.63  0 663.85 654.78
4   2  197.25  184.33  50.04  6.1  666.78  668.77  0 672.06 669.04
5   2  193.44  184.62  51.72  6.53  677.09  676.17  0 677.69 680.19
6   2  192.44  188.38  51.78  6.24  674.58  674.99  0 676.42 679.11
1   1  193.81  191.57  50.42  5.84  678.46  681.14  0 678.83 681.09
2   2  188.94  182.88  48.23  12.91  658.35  656.58  0 657.8 662.82
3   4  187.92  180.54  49.39  11.0  656.09  657.0  0 658.06 656.03
4   2  192.63  194.47  50.12  5.27  667.32  662.92  0 662.04 667.49
5   2  193.18  197.81  51.95  9.15  675.94  678.44  0 679.36 676.28
6   2  192.1  199.22  51.23  5.32  672.02  672.23  0 673.44 672.5
1   4  194.22  198.37  53.29  10.77  672.56  672.53  0 675.98 673.44
2   3  185.7  190.55  50.95  9.24  653.33  655.02  0 654.56 656.5
3   2  194.51  181.41  49.91  15.91  654.23  655.87  0 657.19 654.65
4   3  194.38  187.73  50.84  7.55  663.93  667.69  0 664.74 669.21
5   1  195.12  186.51  51.45  6.25  675.7  672.5  0 676.66 673.49
6   4  194.03  194.56  53.16  18.41  669.6  670.57  0 671.23 671.29
1   3  194.42  186.82  50.8  6.88  672.98  669.19  0 674.09 670.55
2   1  192.25  195.63  49.99  7.73  659.27  656.06  0 662.64 656.88
3   1  188.41  188.16  50.51  12.46  654.52  653.41  0 654.92 654.93
4   4  191.07  196.57  50.75  12.42  664.11  667.53  0 668.75 667.49
5   3  199.74  189.82  51.94  7.23  677.13  675.28  0 679.09 680.67
6   1  193.17  192.74  50.39  5.08  669.13  669.31  0 670.93 670.94
1   3  186.18  196.38  51.38  12.3  671.22  674.59  0 672.4 675.09
2   1  188.69  186.34  48.74  11.4  654.35  654.88  0 656.63 660.65
3   1  186.3  178.82  50.21  10.91  656.09  656.88  0 656.5 658.05
4   4  192.24  175.23  50.6  14.12  667.67  664.4  229 665.37 674.78
5   3  190.53  192.29  52.51  12.77  676.04  673.48  0 678.92 675.79
6   1  193.79  195.85  52.4  19.37  674.56  669.78  0 676.06 671.83
1   4  181.68  179.47  50.88  5.15  670.12  675.84  0 675.09 676.05
2   3  194.12  192.05  49.16  6.43  656.45  654.73  0 654.77 654.69
3   2  190.63  187.13  53.09  42.29  653.01  656.01  0 657.01 653.99
4   3  188.5  195.55  51.12  15.93  664.94  661.77  0 664.53 663.85
5   1  199.27  195.2  56.1  21.11  675.95  675.31  0 674.74 676.33
6   4  194.1  180.97  50.3  17.36  673.69  670.04  0 672.95 675.67
1   1  198.41  188.56  50.95  5.78  674.59  668.09  0 676.0 667.44
2   2  191.26  188.81  49.34  12.79  653.56  656.22  0 656.9 653.98
3   4  186.69  186.28  49.37  9.76  651.94  656.67  0 656.99 653.84
4   2  192.5  195.89  51.03  9.88  663.13  665.21  42 669.45 668.82
5   2  195.75  199.56  52.59  10.0  674.16  677.01  0 677.32 674.63
6   2  193.28  198.51  51.87  7.15  667.89  669.15  0 669.06 668.23
1   4  200.11  196.28  50.66  8.92  677.06  675.74  0 676.49 676.69
2   3  188.16  177.11  49.33  9.88  660.57  655.54  90 662.63 664.26
3   2  189.64  192.92  50.27  7.11  658.46  656.45  0 660.59 658.86
4   3  196.27  200.37  50.6  6.6  664.77  669.93  0 666.43 672.06
5   1  193.72  200.47  52.24  5.32  675.81  681.01  0 676.89 682.33
6   4  193.64  187.4  50.86  5.52  672.12  678.94  168 689.92 673.14
1   3  197.59  199.68  52.13  29.86  677.43  675.2  0 678.69 676.79
2   1  196.05  192.0  48.65  9.44  655.77  654.1  0 658.96 656.88
3   1  192.54  182.43  49.65  9.9  657.69  650.43  0 659.13 651.18
4   4  198.27  189.49  50.24  3.38  665.13  666.24  0 668.84 667.11
5   3  198.45  197.45  52.68  21.98  675.14  675.75  0 675.84 678.51
6   1  197.18  201.39  51.11  6.38  672.87  675.91  0 671.69 676.96
1   1  197.12  198.33  52.48  8.86  675.43  675.0  0 676.56 676.83
2   2  186.0  191.24  51.11  21.1  651.93  655.21  0 658.26 652.85
3   4  188.71  191.08  52.27  12.06  655.06  652.82  0 655.79 656.58
4   2  194.87  186.65  49.51  5.49  661.29  663.28  0 663.5 663.19
5   2  201.84  189.78  51.52  8.07  676.11  673.96  7 674.99 683.17
6   2  195.1  196.11  51.23  12.12  663.8  672.02  0 672.08 664.97
1   2  190.82  187.28  49.86  8.75  676.62  675.18  0 675.18 677.63
2   4  189.36  191.83  49.35  6.73  655.65  654.12  0 655.65 659.92
3   3  188.88  187.71  49.46  2.16  655.92  654.29  0 655.63 655.64
4   1  193.2  194.45  50.31  6.35  664.61  668.94  0 662.96 671.36
5   4  194.68  185.71  51.03  7.05  674.69  679.89  0 679.98 675.46
6   3  195.68  194.73  51.4  5.17  672.48  670.32  0 673.12 670.98
1   1  198.45  197.87  51.89  4.51  674.03  672.11  49 674.84 687.66
2   2  188.18  195.85  49.86  13.82  658.19  663.46  67 664.37 696.64
3   4  188.85  192.17  50.93  11.76  659.82  653.51  0 655.27 660.93
4   2  198.41  193.99  50.11  8.63  668.49  667.38  0 668.48 669.81
5   2  196.97  188.29  51.8  25.94  681.28  673.32  0 675.09 684.56
6   2  190.85  189.59  51.1  9.71  666.68  673.82  0 674.62 666.23
1   4  198.8  190.78  50.68  5.85  672.72  677.95  0 682.43 672.9
2   3  189.43  183.47  49.19  11.6  657.3  655.29  0 657.05 654.08
3   2  191.52  191.99  50.3  10.02  654.85  659.12  0 659.95 659.23
4   3  192.49  198.57  51.1  5.46  668.74  665.93  0 668.66 666.05
5   1  194.58  199.44  52.42  13.84  675.98  680.99  0 676.62 681.8
6   4  199.18  186.97  50.9  6.94  677.37  674.37  0 674.87 677.76
1   2  193.86  196.63  51.49  8.15  676.6  674.28  0 675.45 679.91
2   4  188.07  182.34  48.82  8.11  659.85  656.94  0 659.27 664.36
3   3  187.64  193.31  50.33  4.9  655.4  656.33  0 658.1 657.41
4   1  187.44  185.92  49.48  5.43  664.49  671.81  0 669.46 674.53
5   4  196.12  198.27  51.83  8.77  675.41  681.12  0 682.27 675.67
6   3  189.34  185.9  50.58  17.52  672.78  669.92  0 673.85 669.03
1   1  201.01  203.71  50.53  8.5  675.0  675.11  0 675.2 676.34
2   2  186.01  184.33  49.08  12.4  655.94  661.97  139 672.52 659.12
3   4  186.63  179.8  49.33  13.32  655.58  653.75  171 655.35 666.06
4   2  203.59  196.51  51.0  11.24  667.21  666.99  0 667.62 668.89
5   2  194.75  199.3  51.98  5.63  681.42  675.74  0 678.12 680.83
6   2  190.57  198.03  51.67  9.57  668.14  675.36  0 678.26 669.12
1   4  198.31  187.56  51.36  6.63  673.79  671.7  71 700.28 673.99
2   3  190.83  185.13  49.74  5.54  652.89  653.45  0 654.13 655.21
3   2  190.63  193.96  51.43  7.0  652.45  652.79  0 654.35 653.2
4   3  191.93  195.85  51.5  6.82  661.01  667.64  0 660.93 667.6
5   1  197.27  201.54  52.39  12.03  675.07  674.85  0 675.32 674.46
6   4  202.33  186.95  51.23  5.32  669.1  673.86  0 675.09 669.9
1   3  192.12  195.32  52.05  7.05  672.03  668.28  212 679.09 668.75
2   1  190.78  184.85  48.41  12.0  652.43  653.31  0 654.81 655.85
3   1  185.46  176.27  49.85  7.9  655.22  649.88  0 657.51 652.5
4   4  196.04  184.09  50.0  8.0  660.4  664.57  0 663.71 660.95
5   3  188.22  190.2  56.0  419.37  673.05  677.34  0 675.37 679.08
6   1  194.18  192.54  51.96  5.48  670.69  674.26  0 673.67 679.13
1   1  196.67  191.98  50.04  8.25  682.42  679.22  0 682.6 679.72
2   2  197.04  194.94  49.15  7.05  662.19  659.44  0 661.71 663.56
3   4  191.96  174.95  49.13  5.68  654.6  659.47  0 661.07 658.19
4   2  193.51  194.43  49.83  8.27  661.99  667.86  8 667.87 668.28
5   2  200.04  199.14  52.04  6.44  678.63  676.34  0 677.15 679.9
6   2  188.43  201.68  51.88  13.74  675.69  674.22  0 675.04 675.58
1   2  194.16  185.73  52.05  5.91  675.0  671.86  0 672.46 681.59
2   4  188.08  192.81  49.67  32.47  656.52  656.32  0 659.02 659.08
3   3  194.27  186.66  51.06  5.05  658.08  658.81  0 657.79 659.44
4   1  192.7  197.79  51.55  6.69  665.41  672.37  0 666.07 674.3
5   4  197.91  188.04  51.78  7.49  673.26  678.69  0 679.92 674.92
6   3  195.17  196.22  54.15  11.71  672.75  668.62  0 673.83 670.63
1   3  191.8  196.16  51.14  6.76  671.74  673.93  0 672.39 676.96
2   1  189.36  184.45  49.25  6.67  659.4  661.08  34 667.35 661.93
3   1  192.0  189.88  48.65  3.77  655.76  656.32  0 657.29 661.92
4   4  189.87  185.66  49.68  5.71  669.81  665.27  0 664.79 670.23
5   3  196.32  195.62  52.26  9.28  680.08  675.13  0 682.52 676.61
6   1  199.22  197.95  51.31  4.12  669.19  668.07  0 671.78 671.54
1   1  195.98  195.1  53.22  11.39  669.79  667.63  0 670.54 670.76
2   2  191.32  191.16  51.77  12.79  650.9  652.05  0 652.89 651.86
3   4  188.32  189.86  52.73  16.4  655.8  653.26  0 653.34 655.89
4   2  200.5  192.45  50.39  8.16  665.22  665.72  0 671.9 666.09
5   2  194.06  198.15  51.75  10.5  670.77  673.25  0 675.48 671.04
6   2  196.57  191.16  51.01  7.64  671.27  670.6  161 672.49 676.79
1   2  200.83  185.77  50.94  4.04  671.48  671.12  0 671.43 671.91
2   4  189.53  190.78  50.27  5.78  652.43  656.9  0 659.87 653.4
3   3  193.56  185.6  50.16  11.79  652.54  652.43  0 653.09 652.98
4   1  190.22  196.34  51.18  7.36  662.66  664.81  0 664.07 667.3
5   4  198.53  191.77  51.73  13.41  674.66  673.72  0 673.0 674.89
6   3  192.4  193.1  52.44  9.14  671.31  666.0  0 676.83 666.81
1   1  194.41  198.47  51.33  5.04  676.19  675.12  0 679.38 674.02
2   2  185.27  193.55  49.68  9.96  655.44  659.78  65 668.55 656.02
3   4  184.95  192.15  50.95  5.28  655.55  654.96  17 661.71 656.58
4   2  193.5  185.17  49.71  9.16  667.9  665.87  0 666.63 668.31
5   2  192.24  190.44  50.67  10.73  678.04  676.19  0 677.12 681.28
6   2  190.11  187.39  49.97  7.84  667.3  674.58  0 675.3 667.44
1   3  192.46  194.62  51.69  6.56  675.91  678.62  0 677.58 679.38
2   1  188.48  185.53  48.37  10.38  660.04  660.46  0 663.06 661.34
3   1  189.38  176.76  49.4  2.68  658.28  656.96  0 658.27 657.19
4   4  187.43  185.13  49.86  9.92  664.97  664.94  0 665.77 666.57
5   3  191.73  194.15  52.44  4.89  679.47  680.65  0 678.45 682.15
6   1  195.48  196.63  51.73  12.07  674.59  674.23  0 677.17 674.1
1   2  194.52  187.29  50.53  5.31  674.48  675.81  0 676.92 678.74
2   4  189.35  192.14  49.51  4.74  654.05  658.14  0 659.59 656.0
3   3  189.39  180.39  49.44  9.46  653.75  657.28  0 653.37 657.56
4   1  192.02  196.04  49.98  11.33  668.03  668.5  0 670.79 667.77
5   4  194.33  188.05  50.33  6.08  675.39  675.23  0 676.33 675.68
6   3  193.39  195.95  52.4  9.61  674.86  671.12  0 676.32 671.35
1   3  197.63  208.81  51.76  5.17  676.71  677.73  0 676.05 677.99
2   1  202.97  189.58  48.46  6.12  659.09  658.0  0 661.05 658.63
3   1  204.8  198.44  49.45  12.35  657.71  659.3  0 658.46 659.57
4   4  199.53  189.84  49.33  7.8  662.04  662.02  0 662.0 662.98
5   3  200.04  208.35  51.67  13.26  678.33  678.74  0 679.42 680.17
6   1  204.19  210.43  51.77  24.88  673.07  671.05  0 672.13 670.91
1   1  192.76  189.56  49.92  6.9  672.61  677.78  0 672.98 679.55
2   2  185.63  181.4  48.99  10.22  657.45  653.75  0 654.91 659.35
3   4  188.77  181.62  49.18  7.03  657.6  657.28  0 659.27 657.18
4   2  192.94  196.09  50.46  7.57  669.87  666.99  0 667.45 670.76
5   2  193.78  197.53  51.82  12.66  674.14  678.37  0 678.06 674.66
6   2  192.98  199.01  51.48  12.5  671.55  673.27  0 675.04 672.21
1   3  192.95  195.74  51.51  5.17  675.05  672.22  0 675.53 674.06
2   1  189.48  185.39  49.13  12.67  660.49  659.41  41 662.24 669.39
3   1  186.29  175.03  49.31  10.6  658.04  654.25  0 661.6 656.39
4   4  186.97  185.89  49.95  6.26  666.48  667.18  0 666.95 668.16
5   3  195.47  196.24  52.24  8.07  677.92  676.91  0 681.1 678.14
6   1  193.77  197.38  51.17  7.24  672.35  671.74  36 695.32 671.48
1   2  193.71  195.62  51.39  2.2  672.74  675.73  0 676.69 674.55
2   4  188.48  181.06  48.46  17.74  653.79  656.82  0 659.78 653.56
3   3  188.97  193.2  50.22  6.37  658.57  655.33  0 658.7 656.51
4   1  191.23  185.15  49.74  11.04  671.49  664.55  0 674.29 667.01
5   4  196.58  200.72  52.24  7.07  677.96  680.0  0 681.0 679.08
6   3  191.23  185.6  50.8  5.12  676.62  677.07  193 687.41 676.06
1   2  197.5  192.13  50.61  15.11  671.03  673.99  73 670.95 702.03
2   4  191.41  194.5  49.39  12.36  652.29  656.68  25 657.86 662.92
3   3  192.02  184.1  49.66  7.75  653.17  656.67  0 653.71 658.66
4   1  191.84  196.07  49.89  12.32  663.11  664.61  0 664.13 666.09
5   4  199.51  192.67  51.28  5.98  677.09  674.48  0 675.87 682.06
6   3  194.15  195.81  52.27  8.01  672.61  667.51  0 675.53 667.06
1   4  198.04  195.7  50.42  8.58  674.78  674.87  0 677.37 677.3
2   3  186.2  178.1  49.56  8.65  662.58  654.83  0 665.47 658.15
3   2  188.08  191.55  50.18  10.4  657.57  654.78  0 655.86 657.99
4   3  194.92  198.71  50.23  6.7  668.59  668.52  0 667.81 671.82
5   1  194.34  199.19  52.21  5.85  674.62  679.23  0 676.59 680.12
6   4  192.21  183.55  49.73  4.23  666.5  676.59  0 677.9 667.68
1   1  197.71  197.63  50.36  10.07  676.63  674.9  0 677.96 676.05
2   2  187.14  183.61  49.47  10.72  651.74  659.72  0 663.73 652.95
3   4  187.0  181.68  49.62  8.26  657.18  652.56  74 655.7 662.07
4   2  196.43  194.88  50.6  14.49  665.36  665.61  0 667.03 666.93
5   2  191.75  198.38  52.11  21.33  680.99  675.95  0 679.98 683.99
6   2  189.59  199.45  52.15  9.71  670.09  675.73  0 677.04 673.02
1   1  193.14  198.25  51.47  5.3  670.37  672.83  0 670.12 673.4
2   2  185.5  192.92  49.83  12.86  652.82  652.96  0 652.56 654.26
3   4  183.6  192.62  50.83  5.56  654.28  654.31  0 656.01 655.77
4   2  193.66  185.51  49.36  8.22  665.19  662.0  0 664.67 667.19
5   2  196.33  192.07  51.75  12.5  672.76  674.61  0 675.4 673.74
6   2  193.9  188.25  51.07  19.79  669.36  671.95  0 672.35 671.64
1   4  197.01  200.0  54.38  28.4  675.7  674.81  0 680.75 676.8
2   3  188.0  191.75  50.01  13.64  658.2  651.34  0 660.28 652.81
3   2  195.84  175.4  49.56  5.65  658.13  653.55  0 653.88 659.33
4   3  199.91  191.06  49.62  15.58  663.14  664.15  0 662.66 665.1
5   1  198.94  182.61  51.24  5.98  675.04  676.54  0 675.94 679.66
6   4  190.67  197.22  53.09  10.04  666.19  673.24  0 676.98 670.27
1   4  195.17  186.7  50.26  11.52  677.03  673.62  0 674.55 679.08
2   3  187.76  180.36  49.62  5.58  657.49  657.9  0 658.9 659.99
3   2  194.19  191.95  51.36  16.57  652.82  657.95  0 657.77 654.17
4   3  191.32  196.99  50.12  9.63  666.21  671.95  0 667.13 672.7
5   1  195.47  195.72  52.81  9.26  679.14  672.96  0 680.25 675.06
6   4  194.18  196.71  51.14  7.37  670.25  674.18  0 676.83 670.3
1   3  193.6  186.8  50.98  9.25  671.76  674.84  0 672.05 675.86
2   1  192.21  195.41  49.65  15.67  659.37  662.28  0 662.28 663.18
3   1  193.67  188.96  50.99  10.14  656.11  654.29  202 656.45 659.62
4   4  192.63  194.78  50.26  12.1  670.96  664.19  0 664.28 675.28
5   3  199.51  188.81  52.14  10.58  680.81  674.55  0 686.25 677.12
6   1  198.35  196.33  51.04  5.76  670.87  667.97  0 672.11 668.5
1   1  193.13  185.83  50.8  8.88  678.0  669.37  0 679.42 669.96
2   2  189.29  189.36  48.61  13.54  652.44  656.23  40 657.88 680.57
3   4  183.03  182.5  49.61  16.96  654.99  661.07  0 661.42 655.8
4   2  193.22  193.38  50.3  10.1  669.68  671.43  23 682.28 672.43
5   2  196.31  199.55  52.01  11.15  676.07  678.94  0 682.93 681.08
6   2  190.03  197.33  51.95  7.01  674.75  674.72  24 681.97 686.13
1   3  190.61  197.67  51.32  16.03  677.46  672.81  0 678.89 673.67
2   1  198.23  198.01  48.97  6.05  656.88  657.13  46 670.19 658.56
3   1  186.25  180.24  49.13  7.7  657.96  650.64  0 658.94 651.01
4   4  191.95  176.92  49.62  6.33  663.87  666.2  63 666.66 671.82
5   3  200.4  201.82  51.86  6.57  675.93  677.18  0 678.69 678.49
6   1  195.96  196.65  51.07  6.78  671.25  673.33  28 680.11 673.46
1   4  190.81  195.58  51.62  7.73  669.33  673.24  0 676.42 671.27
2   3  183.57  188.61  50.49  17.62  658.76  653.07  0 663.46 655.31
3   2  181.18  174.19  49.11  9.7  655.6  653.87  0 657.52 657.49
4   3  185.31  180.82  49.18  35.92  665.03  664.78  8 667.7 675.95
5   1  191.74  179.32  52.07  20.85  672.61  676.04  0 673.88 679.04
6   4  192.81  193.47  50.93  7.62  667.25  671.6  0 672.49 670.96
1   3  193.31  187.52  50.45  4.11  673.34  677.59  0 674.39 678.85
2   1  190.82  194.26  49.78  4.74  655.34  659.84  0 658.18 660.69
3   1  188.82  189.12  50.51  7.43  656.61  656.27  0 656.55 655.82
4   4  190.76  195.96  50.87  9.46  671.92  663.11  0 664.17 673.96
5   3  193.19  185.94  50.87  8.44  680.89  672.49  0 680.41 673.39
6   1  193.3  188.52  50.11  14.44  673.21  669.43  0 673.17 675.58
1   2  198.71  196.19  54.1  30.53  670.49  675.89  0 678.8 669.43
2   4  193.97  185.83  49.56  7.44  649.16  652.76  0 654.22 651.32
3   3  194.55  192.3  54.91  20.75  653.19  654.85  0 654.33 655.96
4   1  195.15  198.21  49.8  16.31  664.84  668.5  0 666.24 669.73
5   4  199.08  198.86  55.76  32.21  673.11  671.3  0 672.43 675.31
6   3  194.65  188.27  51.29  5.11  673.95  668.69  0 674.67 670.05
1   4  197.67  188.88  50.53  3.56  678.29  677.84  0 678.32 682.18
2   3  189.29  182.73  48.91  9.04  657.5  653.76  127 659.46 661.18
3   2  192.13  191.53  50.5  11.55  655.9  655.92  0 661.22 658.23
4   3  191.42  195.03  50.27  10.7  664.18  660.4  0 663.81 660.89
5   1  195.96  200.38  51.9  5.52  676.21  680.83  0 676.73 681.63
6   4  194.52  187.46  50.31  8.02  669.19  674.74  8 680.15 670.87
1   1  193.39  197.81  51.36  4.02  674.23  674.22  0 674.2 676.09
2   2  187.33  194.61  49.36  11.47  657.24  656.4  0 656.77 657.98
3   4  190.93  196.21  50.87  5.96  660.57  656.48  0 654.46 661.1
4   2  193.95  182.37  49.62  8.58  668.99  664.67  0 664.63 672.59
5   2  193.08  189.53  51.04  5.65  673.43  678.5  0 679.14 674.02
6   2  191.8  189.95  50.8  5.12  668.96  672.46  0 672.58 669.76
1   1  197.46  182.85  50.74  4.99  672.99  668.34  0 673.62 669.34
2   2  192.16  184.13  49.92  6.67  655.7  657.99  0 660.73 657.86
3   4  181.52  165.64  50.27  6.94  651.19  653.96  0 654.05 652.18
4   2  185.83  191.56  51.41  14.42  662.46  665.32  0 665.04 669.04
5   2  190.41  193.32  56.17  29.61  676.58  675.04  0 677.3 677.69
6   2  179.34  193.53  52.09  18.62  668.68  667.15  0 668.99 671.3
1   1  204.49  200.58  51.47  5.55  674.11  673.01  0 674.0 673.02
2   2  180.21  196.18  49.35  5.84  652.45  658.24  150 667.86 654.93
3   4  187.55  191.58  49.93  9.27  658.55  655.78  359 657.32 676.37
4   2  202.03  203.29  49.4  5.58  668.38  666.89  0 666.78 669.51
5   2  197.5  182.43  51.45  7.95  677.33  676.75  0 678.02 680.41
6   2  187.73  187.86  50.89  7.43  671.29  679.14  0 683.91 671.81
1   3  195.9  196.44  53.0  49.59  673.51  672.46  0 676.95 671.76
2   1  194.05  177.33  49.27  7.24  656.22  652.83  166 665.38 655.96
3   1  184.69  172.05  49.62  4.7  651.01  653.41  0 654.53 653.83
4   4  196.9  184.17  50.19  6.69  664.01  664.99  0 665.0 667.2
5   3  194.34  200.58  53.17  46.2  673.62  678.64  0 674.56 680.54
6   1  194.19  198.25  51.32  25.15  673.97  667.0  0 674.92 667.12
1   4  196.97  194.04  53.43  9.3  669.64  673.39  0 674.84 671.08
2   3  190.45  189.34  52.09  7.76  656.61  654.91  0 657.85 655.58
3   2  195.45  186.52  50.21  5.75  649.72  655.1  0 656.56 653.34
4   3  195.51  195.64  50.24  11.55  664.63  664.24  0 665.79 666.33
5   1  196.48  190.79  51.62  4.18  675.94  673.24  0 676.29 673.16
6   4  194.38  192.88  52.63  10.92  665.84  667.29  0 666.9 666.91
1   3  195.08  198.03  52.82  7.88  671.29  673.6  0 671.02 674.14
2   1  196.62  182.89  48.98  6.74  652.46  652.84  83 655.53 658.09
3   1  192.4  183.17  50.04  9.37  652.48  653.78  0 653.91 655.42
4   4  195.71  185.47  49.77  15.39  661.29  659.56  0 663.65 667.25
5   3  191.55  195.47  53.22  14.56  675.94  672.98  0 674.82 677.47
6   1  195.86  197.36  52.44  7.39  669.95  668.1  0 671.8 668.38
1   4  192.77  197.76  51.33  4.92  670.92  674.99  0 676.62 670.36
2   3  194.32  192.72  49.35  22.06  655.29  654.25  0 657.33 654.55
3   2  188.96  182.31  49.04  4.84  652.47  656.96  0 662.15 655.47
4   3  192.4  185.55  49.81  9.26  668.15  668.15  50 671.28 678.61
5   1  197.16  198.19  51.1  5.49  675.57  675.94  0 677.08 676.52
6   4  194.43  196.32  51.28  5.23  673.8  672.96  0 674.21 673.23
1   3  196.59  196.06  51.75  17.27  683.01  680.28  0 683.19 681.85
2   1  197.85  194.24  48.34  13.69  662.15  659.21  48 671.58 662.67
3   1  187.29  179.74  49.83  5.27  659.0  654.02  33 659.04 658.99
4   4  187.71  184.28  49.59  9.77  665.68  666.45  0 666.2 668.34
5   3  199.67  198.14  51.84  15.34  678.21  676.95  0 679.06 677.77
6   1  195.66  196.92  51.23  5.95  674.98  673.94  0 680.12 674.33
1   2  200.3  187.5  51.07  4.03  671.46  673.3  0 677.09 670.96
2   4  190.16  190.27  49.97  12.34  654.98  655.55  0 656.91 653.17
3   3  188.44  181.25  49.83  6.86  655.5  652.01  99 660.75 654.02
4   1  188.14  194.79  50.88  4.9  663.58  663.01  0 665.86 665.84
5   4  198.0  189.66  51.47  5.02  675.98  675.44  0 675.7 677.77
6   3  189.37  190.74  52.65  10.83  669.89  669.82  0 671.09 671.84
1   2  198.56  189.93  51.15  4.5  674.01  672.82  0 673.6 675.41
2   4  190.57  193.18  50.18  9.51  657.67  661.81  0 665.71 659.64
3   3  192.39  187.91  49.65  8.57  654.62  656.69  0 658.51 662.08
4   1  189.06  197.21  50.15  18.06  665.67  664.76  0 667.07 664.21
5   4  197.75  193.73  51.69  11.32  682.6  676.83  0 677.6 686.66
6   3  192.44  195.28  52.39  8.93  673.91  668.13  0 674.09 668.09
1   2  190.3  198.89  51.5  7.06  672.21  674.5  0 676.69 673.08
2   4  183.41  180.05  48.33  3.59  650.47  657.27  0 658.91 651.89
3   3  188.66  194.06  51.37  9.79  655.85  662.97  0 656.83 663.72
4   1  190.57  182.36  48.83  14.68  667.5  666.97  0 671.69 668.25
5   4  195.89  196.26  51.87  7.15  684.18  677.06  0 680.44 684.66
6   3  189.09  184.72  51.22  8.36  678.55  671.07  0 681.55 673.28
1   3  199.37  186.92  50.67  7.07  674.77  670.18  0 675.29 670.22
2   1  192.36  193.9  49.26  5.41  655.83  653.5  0 656.68 654.3
3   1  186.19  190.53  50.92  22.75  655.91  655.15  0 658.84 656.83
4   4  191.16  194.68  51.18  4.7  664.85  664.1  0 666.0 665.34
5   3  198.15  197.83  51.04  6.4  675.48  673.45  0 677.05 675.6
6   1  198.68  187.18  50.13  8.6  671.02  670.65  0 670.46 671.82
1   2  191.64  187.38  50.4  14.06  673.01  678.01  0 678.0 679.0
2   4  192.53  192.41  49.67  13.35  658.55  657.77  0 658.63 660.92
3   3  188.46  184.67  49.57  11.23  657.13  654.47  0 659.82 658.52
4   1  191.11  192.94  50.26  14.18  668.61  666.62  0 672.21 666.9
5   4  197.93  186.45  51.1  7.7  679.2  678.32  0 680.14 680.18
6   3  192.59  193.5  51.34  9.32  672.18  670.35  0 672.91 671.73
1   3  199.4  197.95  52.77  20.83  671.23  673.64  0 671.38 674.76
2   1  191.08  181.84  49.09  5.09  653.78  651.37  0 656.08 652.72
3   1  193.91  176.36  49.83  13.23  652.17  652.34  0 654.03 655.66
4   4  195.09  197.54  49.75  13.46  661.38  661.83  114 679.95 663.28
5   3  191.69  196.39  52.68  14.01  673.98  675.78  0 675.35 677.11
6   1  194.54  197.15  51.85  5.14  672.63  666.89  0 675.46 667.1
1   3  193.42  196.31  51.74  5.48  674.6  669.11  0 676.76 669.57
2   1  191.98  193.3  48.73  9.72  656.55  654.35  0 654.72 654.27
3   1  190.96  185.76  49.98  11.33  657.69  658.38  0 659.31 658.84
4   4  195.33  186.38  50.48  5.69  667.71  669.93  0 669.57 669.67
5   3  199.34  196.95  52.27  14.06  674.12  673.52  26 675.25 679.52
6   1  196.4  199.57  52.52  128.4  675.93  673.15  0 676.96 674.03
1   3  198.35  190.7  51.12  5.05  680.03  672.22  0 680.16 673.34
2   1  193.19  191.51  49.76  6.81  655.13  652.47  0 655.61 654.66
3   1  190.72  189.52  50.51  4.36  657.27  651.16  0 658.54 652.57
4   4  189.79  196.91  50.28  8.33  661.09  665.19  78 681.37 666.06
5   3  196.21  195.38  50.89  20.22  675.12  676.8  0 677.75 677.93
6   1  200.01  189.84  49.83  7.73  670.96  672.06  0 671.06 677.01
1   3  200.05  185.24  50.46  21.06  675.68  677.12  0 676.38 677.52
2   1  188.99  192.91  49.93  6.07  655.86  655.09  0 659.24 657.26
3   1  192.96  191.8  51.98  18.45  657.5  658.63  0 660.38 660.09
4   4  189.83  196.28  50.4  11.11  668.75  665.43  0 666.32 670.01
5   3  196.39  188.65  51.56  11.54  679.96  677.98  0 681.28 678.42
6   1  203.0  201.02  50.13  15.24  673.15  672.73  0 675.22 672.61
1   4  188.44  184.53  49.92  7.32  675.46  672.9  0 674.51 678.85
2   3  187.72  178.97  49.03  7.89  662.06  660.94  0 664.1 660.96
3   2  192.68  191.3  50.65  9.85  658.31  655.87  0 659.16 658.66
4   3  191.5  197.6  50.58  12.92  665.98  673.99  0 668.95 678.98
5   1  194.9  199.59  52.42  11.59  683.39  677.76  0 685.11 678.34
6   4  192.0  183.8  49.89  8.07  670.32  672.15  0 672.68 670.88
1   2  192.18  197.08  51.35  5.91  672.15  675.37  0 675.1 672.5
2   4  191.14  181.76  48.51  8.01  654.82  654.74  10 655.21 662.36
3   3  188.35  193.48  50.41  7.27  656.47  653.45  0 657.08 653.45
4   1  192.66  183.76  49.35  19.86  670.15  667.17  0 668.98 667.32
5   4  196.81  197.55  52.25  9.41  676.53  674.78  0 676.8 675.92
6   3  192.61  185.54  50.15  21.15  672.71  675.55  0 674.44 675.54
1   3  194.09  197.28  51.26  9.38  675.19  675.22  113 679.9 687.0
2   1  190.1  182.19  48.33  8.17  660.4  654.91  10 668.55 657.29
3   1  186.84  178.76  49.09  8.52  654.55  659.48  128 666.04 663.06
4   4  194.49  184.76  49.98  67.74  668.84  663.96  0 665.19 669.54
5   3  193.57  195.69  52.17  12.61  675.03  676.44  77 681.49 678.13
6   1  195.82  195.71  51.23  5.75  676.58  669.16  0 676.8 670.63
1   2  198.47  201.4  51.19  8.72  675.05  674.01  0 675.03 674.07
2   4  192.56  183.22  49.17  11.5  655.01  661.74  177 716.12 678.49
3   3  188.09  194.3  50.66  9.98  655.27  654.25  0 654.91 655.25
4   1  198.12  194.73  49.64  7.26  666.84  667.98  0 667.41 670.32
5   4  195.18  197.34  52.02  5.53  679.39  676.33  0 676.4 681.83
6   3  193.46  181.87  50.39  8.97  672.77  666.35  0 674.03 667.36
1   1  195.03  188.87  50.27  10.11  677.43  672.03  0 677.72 672.28
2   2  193.47  202.72  48.97  11.86  654.19  656.55  0 659.26 654.3
3   4  185.63  181.54  49.17  8.61  655.85  658.12  0 659.11 656.85
4   2  191.88  195.45  50.06  11.05  663.41  668.02  0 671.27 666.67
5   2  203.52  201.08  52.42  18.59  678.65  676.68  0 676.63 678.86
6   2  191.36  198.52  51.7  4.94  672.94  673.94  0 673.67 674.58
1   2  191.74  191.32  51.22  9.38  672.42  673.85  16 680.72 674.87
2   4  186.54  192.86  49.88  11.41  649.73  657.85  0 659.95 651.59
3   3  190.88  177.23  49.95  9.77  654.42  657.01  200 660.76 661.46
4   1  194.39  195.66  51.63  13.08  666.05  666.6  0 666.04 666.51
5   4  201.24  189.8  51.99  15.34  676.75  674.38  0 677.15 677.76
6   3  192.77  195.71  52.78  14.82  676.36  669.73  0 678.95 671.25
1   3  191.34  193.19  51.4  10.71  679.81  680.45  0 680.82 682.27
2   1  186.71  182.93  48.88  11.75  658.09  660.16  0 660.53 661.88
3   1  185.58  177.8  49.32  7.55  658.89  657.96  0 660.54 659.6
4   4  181.36  180.27  49.03  12.02  666.96  663.59  0 665.48 669.1
5   3  194.09  193.59  52.27  7.8  677.49  676.82  0 677.31 680.88
6   1  196.05  194.58  51.48  6.13  675.89  670.48  0 681.55 671.09
1   4  195.88  184.86  50.1  7.86  681.07  674.99  0 676.01 682.1
2   3  187.78  180.61  49.1  10.54  657.92  660.97  0 659.66 665.65
3   2  190.38  192.14  51.17  133.31  655.2  656.59  0 659.49 656.54
4   3  191.5  197.34  50.52  13.39  666.73  673.6  0 666.83 675.05
5   1  193.23  200.62  51.81  10.78  684.07  677.11  0 685.34 679.15
6   4  194.8  186.24  50.41  5.02  672.54  675.66  0 676.78 674.41
1   2  192.7  187.64  50.15  9.91  676.6  671.65  0 672.66 679.42
2   4  188.01  191.42  49.77  6.31  660.44  657.85  0 658.78 661.21
3   3  189.51  188.16  49.11  7.97  655.77  654.48  0 656.83 654.48
4   1  191.58  195.04  49.97  10.95  665.15  670.21  113 681.71 671.29
5   4  195.08  185.76  51.25  5.93  676.91  681.84  0 684.28 678.5
6   3  192.79  194.56  51.53  4.23  671.53  668.3  0 671.2 669.6
1   3  193.76  197.0  51.42  3.55  670.88  675.48  0 675.29 676.88
2   1  189.23  185.08  49.04  11.32  653.31  656.98  0 656.07 657.11
3   1  188.22  180.55  50.39  30.12  657.19  657.35  0 658.88 660.12
4   4  190.44  186.87  50.01  17.89  667.23  664.99  0 665.15 668.13
5   3  195.6  195.23  51.57  19.9  679.19  672.73  0 681.23 674.23
6   1  195.23  198.8  51.74  7.25  676.14  672.03  0 677.68 674.08
1   1  199.54  196.99  50.47  6.69  678.94  677.25  0 679.41 676.82
2   2  182.06  181.0  49.63  5.09  655.3  657.5  0 659.18 655.92
3   4  186.11  181.83  49.45  4.85  657.19  653.92  0 654.66 657.82
4   2  198.12  196.75  50.51  7.16  663.49  663.84  0 663.68 665.41
5   2  191.32  196.25  52.13  36.45  677.77  675.26  0 675.87 678.5
6   2  190.13  197.48  51.85  5.28  668.1  673.48  0 677.21 666.8
1   4  199.53  191.38  51.12  4.93  671.02  674.02  0 676.98 674.96
2   3  195.14  182.92  49.63  11.64  656.3  654.5  0 656.03 655.94
3   2  191.28  190.92  51.49  11.65  654.57  652.52  0 653.93 655.76
4   3  194.15  195.61  51.03  10.81  665.37  665.61  0 665.42 666.39
5   1  195.81  197.62  54.12  20.68  674.7  677.05  0 674.25 677.75
6   4  191.73  189.41  50.68  5.13  665.05  671.01  0 672.55 667.83
1   4  193.7  189.47  50.77  12.78  672.36  673.94  0 674.35 673.1
2   3  186.61  184.01  49.71  8.36  655.36  651.35  0 655.85 653.45
3   2  191.36  187.44  56.51  12.26  653.97  651.09  0 652.14 654.89
4   3  193.74  195.55  51.01  7.27  663.22  669.3  0 665.14 670.56
5   1  197.64  192.2  55.67  37.34  675.11  674.6  0 677.04 676.63
6   4  197.32  188.14  50.52  15.89  664.27  673.82  0 673.67 665.71
1   1  192.94  197.49  51.15  12.69  676.14  669.95  0 677.2 670.88
2   2  191.86  195.06  49.5  7.03  651.16  654.4  0 656.35 651.44
3   4  184.13  192.22  50.15  8.29  655.41  655.62  0 658.33 657.9
4   2  191.71  185.68  49.28  12.54  667.0  667.23  26 673.75 668.71
5   2  196.31  197.71  50.83  8.06  674.4  674.92  0 678.92 675.81
6   2  190.1  184.4  50.8  5.49  670.8  672.41  0 674.3 675.81
1   3  194.39  200.13  51.37  14.36  679.09  678.9  43 689.25 678.95
2   1  193.02  181.76  48.27  9.78  662.69  655.81  0 665.66 656.12
3   1  186.73  181.63  49.1  16.8  656.0  657.92  0 658.19 658.44
4   4  192.04  182.85  49.14  8.47  664.55  664.59  0 666.02 666.34
5   3  192.68  196.55  51.7  4.94  677.32  680.14  0 677.82 681.44
6   1  195.79  196.93  51.19  4.3  678.28  669.91  0 680.8 671.63
1   4  194.53  186.55  50.06  7.87  670.77  675.82  0 675.9 672.15
2   3  189.11  182.12  49.42  8.08  655.13  654.4  6 661.78 655.54
3   2  191.3  190.3  50.33  2.23  653.75  657.61  0 658.67 655.29
4   3  193.57  195.07  50.53  4.81  668.92  662.96  0 668.74 665.18
5   1  196.71  200.37  52.0  15.04  676.11  678.12  0 675.47 678.37
6   4  194.3  186.74  50.07  7.47  674.75  671.06  0 673.52 675.01
1   4  194.99  184.94  50.29  6.26  676.29  671.25  283 673.66 686.92
2   3  188.63  181.77  49.63  4.77  660.3  660.61  470 663.13 686.59
3   2  191.73  192.84  50.64  8.3  657.05  655.43  0 657.97 658.14
4   3  190.76  196.16  50.33  11.33  664.91  668.85  54 664.53 674.92
5   1  193.17  198.65  51.93  6.04  677.67  675.57  173 688.07 676.88
6   4  193.85  186.69  49.73  5.54  669.64  672.18  0 673.61 673.7
1   3  194.36  183.34  50.23  13.07  673.6  676.2  0 674.56 678.08
2   1  187.68  193.8  49.3  16.67  656.34  657.05  115 663.24 661.57
3   1  184.57  189.93  51.58  14.14  656.02  657.66  0 657.47 661.12
4   4  186.29  194.92  51.7  10.2  668.81  665.9  0 665.5 671.86
5   3  190.68  177.43  51.18  13.61  678.2  674.48  0 678.88 677.38
6   1  194.28  179.77  50.34  12.06  674.94  669.32  0 681.58 672.88
1   3  196.35  182.76  50.88  11.64  678.59  672.5  0 678.58 673.96
2   1  189.28  193.46  49.6  14.56  659.02  655.61  0 658.82 655.96
3   1  185.08  190.18  51.21  11.06  656.38  655.46  0 658.79 656.05
4   4  188.04  195.74  50.68  10.48  662.74  667.88  0 671.88 664.09
5   3  199.61  191.56  52.06  25.95  676.98  681.4  0 679.29 682.54
6   1  197.98  189.81  50.36  18.33  672.6  676.24  0 673.13 679.51
1   1  196.22  198.38  51.29  6.17  674.14  673.55  0 676.82 674.95
2   2  187.11  194.53  49.7  7.93  653.93  661.67  0 663.88 656.45
3   4  187.41  193.47  50.27  5.28  660.6  654.83  0 656.5 669.04
4   2  195.33  186.7  49.62  5.58  667.9  667.85  0 668.29 668.44
5   2  193.67  189.63  51.19  12.05  681.52  677.07  0 675.11 685.66
6   2  190.41  187.8  50.16  12.23  665.42  676.76  0 678.8 667.79
1   2  198.99  199.47  50.77  7.38  675.4  675.11  0 675.78 677.21
2   4  189.76  191.62  49.56  8.9  652.79  660.04  0 663.7 655.22
3   3  187.65  185.07  48.99  9.86  653.84  656.81  0 654.28 660.11
4   1  198.47  197.13  50.5  12.93  666.09  665.5  0 667.72 666.52
5   4  198.59  185.36  51.01  9.61  678.02  673.58  0 673.11 678.06
6   3  194.58  192.91  51.48  10.66  677.96  669.34  26 679.02 676.06
1   2  199.85  189.79  51.39  13.65  673.16  673.29  0 675.1 673.64
2   4  189.11  191.73  49.98  6.58  652.71  656.53  93 657.53 660.53
3   3  190.88  183.41  49.73  6.6  652.17  652.91  0 656.23 654.43
4   1  191.52  193.72  50.6  25.11  663.49  663.74  0 662.85 664.73
5   4  200.36  190.3  51.79  10.59  676.62  673.71  0 674.81 680.16
6   3  191.24  190.16  52.39  8.56  672.54  667.57  0 675.21 669.49
1   2  194.36  192.5  50.32  13.54  677.2  677.24  0 677.07 678.52
2   4  190.05  191.88  49.54  9.09  654.14  659.55  0 660.86 654.65
3   3  190.32  185.91  49.25  10.6  654.06  660.41  0 655.51 662.57
4   1  192.84  194.38  49.53  9.28  662.76  661.76  0 666.5 665.47
5   4  195.11  188.51  50.07  10.22  679.5  676.56  0 676.8 682.39
6   3  192.17  198.16  51.94  50.95  674.41  668.84  0 680.36 670.74
1   4  192.9  189.12  50.09  7.83  671.77  676.12  0 678.92 672.52
2   3  191.91  186.38  49.73  19.81  655.05  653.68  0 657.71 657.15
3   2  190.71  193.18  51.25  9.47  654.32  657.88  0 659.07 655.35
4   3  192.64  198.19  50.84  9.0  666.02  667.22  0 667.58 669.75
5   1  198.12  199.77  52.14  9.76  675.7  674.34  0 681.08 677.33
6   4  199.56  184.09  50.59  3.19  673.36  671.74  0 672.75 673.85
