   1 2    200.29    194.75    51.78    6.24    680.52    676.6    0.0602   685.37   687.05
   2 4    193.12    196.95    48.7    4.76    656.9    655.5    0   660.12   661.48
   3 3    190.54    193.71    50.04    6.24    657.79    653.85    0   659.71   654.94
   4 1    190.3    184.63    49.21    6.19    663.21    661.15    0   665.77   661.87
   5 4    201.62    203.45    51.21    9.48    677.96    678.26    0   678.71   679.38
   6 3    191.98    185.0    50.68    6.7    672.04    673.08    0   672.39   673.72
   1 4    198.7    194.78    52.72    44.79    671.9    674.17    0   678.94   675.08
   2 3    185.37    191.44    51.38    13.75    654.1    654.64    0.3639   657.22   660.0
   3 2    186.28    199.15    49.34    9.14    653.85    654.02    0.8238   654.19   658.99
   4 3    194.6    180.17    50.22    5.31    663.9    666.96    0   663.9   668.12
   5 1    199.9    183.85    51.04    5.15    677.24    674.73    0   677.36   676.38
   6 4    201.25    194.17    52.92    13.14    673.88    669.18    0   676.96   672.05
   1 4    199.5    194.41    51.32    14.59    675.05    669.37    0   677.82   672.66
   2 3    191.87    192.65    50.07    25.32    659.57    657.3    0   663.6   659.82
   3 2    183.02    202.55    49.86    10.81    655.12    656.07    0   656.89   660.55
   4 3    195.89    189.73    50.55    7.32    665.62    664.38    0   667.09   665.07
   5 1    199.67    200.38    51.25    10.91    677.0    678.96    0   678.79   680.11
   6 4    197.99    195.05    51.19    17.76    670.97    670.16    0   673.24   671.87
   1 3    194.43    185.89    50.13    9.55    676.17    670.42    0.0823   677.38   683.04
   2 1    191.65    194.88    49.16    4.44    656.15    655.66    0   656.89   658.06
   3 1    189.59    190.8    50.13    4.35    658.57    653.22    0   662.26   654.94
   4 4    196.04    191.86    51.33    4.92    667.73    662.95    0   671.07   666.92
   5 3    196.1    189.25    51.12    4.68    676.15    676.48    0   678.72   676.87
   6 1    196.76    186.36    50.12    8.73    671.19    674.31    0   672.85   677.96
   1 2    199.59    196.96    51.81    4.64    674.49    675.89    0.3187   685.23   674.93
   2 4    181.79    191.67    49.11    9.89    660.15    652.29    0   662.0   655.82
   3 3    188.45    195.41    50.92    6.04    655.94    658.12    0.3316   661.72   658.96
   4 1    193.34    193.6    50.05    9.0    667.0    665.08    0.1975   680.03   666.92
   5 4    200.12    194.74    52.05    8.61    677.43    680.87    0.8838   680.93   686.58
   6 3    194.85    184.78    50.3    9.95    678.3    669.52    0.3641   684.24   671.05
   1 4    184.06    200.28    50.6    4.49    671.88    669.66    0.1489   674.29   688.21
   2 3    193.61    195.26    49.7    21.23    655.91    654.98    0.1498   657.64   670.17
   3 2    191.46    188.32    51.5    9.12    654.41    651.66    0   654.61   653.85
   4 3    188.94    197.06    51.86    16.91    663.6    661.36    0   665.86   662.66
   5 1    201.94    200.93    53.12    28.61    674.21    676.42    0   675.37   677.69
   6 4    182.47    194.42    50.53    5.31    669.23    668.5    0   672.28   670.07
   1 1    196.28    187.27    50.95    5.54    679.12    675.11    0.5411   687.77   700.0
   2 2    185.38    186.32    48.6    3.43    657.66    656.98    0   658.35   658.05
   3 4    182.61    187.7    49.36    9.22    659.02    657.05    0.6072   669.98   659.01
   4 2    194.17    191.98    51.48    7.47    667.67    662.9    0   675.96   665.32
   5 2    199.23    194.52    51.79    9.34    677.01    677.92    0   677.58   679.7
   6 2    199.72    192.62    51.22    12.64    672.3    675.01    0.5435   676.93   684.58
   1 2    196.83    195.38    52.22    22.62    670.16    670.81    0   671.83   674.15
   2 4    173.75    185.49    48.97    5.3    653.7    649.61    0.1258   654.12   655.57
   3 3    189.74    197.1    51.76    28.56    652.43    657.13    0   653.67   659.16
   4 1    196.88    183.4    50.6    4.8    663.62    665.78    0   667.39   666.17
   5 4    198.64    195.96    52.0    18.74    671.31    677.92    0   672.73   678.76
   6 3    197.47    178.66    51.31    5.12    674.92    670.92    0.0642   700.3   670.91
   1 4    196.57    190.77    51.9    7.77    683.07    675.96    0.5779   687.74   684.52
   2 3    184.33    191.02    50.42    18.27    658.15    654.62    0   659.77   658.35
   3 2    175.08    192.34    49.59    12.86    661.04    657.38    0   663.99   658.44
   4 3    187.8    178.68    50.25    10.48    665.09    664.88    0   668.03   666.7
   5 1    193.46    183.63    51.08    7.13    677.81    678.53    0   683.2   681.95
   6 4    193.78    190.5    51.88    15.7    676.07    674.73    0   679.02   676.32
    1  2    197.08    192.35    51.52    7.39    672.46    675.89    0   671.99   676.73
    2  4    182.4    192.19    48.28    10.57    658.28    660.02    0   658.86   661.63
    3  3    188.4    193.05    49.95    14.04    655.42    652.07    0   657.01   653.28
    4  1    188.45    185.07    49.67    5.0    664.8    668.28    0   665.65   667.95
    5  4    197.6    193.49    51.56    8.32    679.55    674.98    0   680.02   677.96
    6  3    193.63    182.31    50.14    19.82    674.6    671.67    0   675.9   671.9
    1  4    199.31    195.55    51.39    2.2    673.51    673.35    0   673.81   673.95
    2  3    189.61    190.74    49.92    10.44    663.43    656.4    0.1337   674.53   670.19
    3  2    178.1    191.9    49.48    13.06    653.5    657.39    0   654.68   659.61
    4  3    192.9    186.97    50.33    5.98    666.3    666.13    0   665.94   667.04
    5  1    194.24    191.03    50.56    8.67    676.61    680.22    0   677.02   682.39
    6  4    195.65    192.74    50.57    5.34    673.4    667.55    0   673.49   668.15
    1  2    187.71    196.09    51.0    15.01    668.91    672.09    0   669.59   672.58
    2  4    191.33    189.81    49.42    18.25    652.09    652.91    0   654.12   653.96
    3  3    192.56    189.35    50.11    7.1    654.04    654.91    0   655.09   653.91
    4  1    190.62    194.28    51.5    4.82    661.62    664.41    0   663.26   667.7
    5  4    189.4    196.36    51.23    9.0    676.77    672.53    0   681.24   673.85
    6  3    195.81    197.86    51.81    8.63    673.22    671.82    0   672.77   671.8
    1  4    189.75    196.0    49.74    4.62    673.22    676.6    0   677.23   675.68
    2  3    189.77    182.96    49.11    11.1    656.09    656.79    0.166   657.34   665.76
    3  2    191.9    191.21    50.72    7.61    655.4    655.53    0   656.46   656.21
    4  3    192.1    196.31    51.19    6.55    662.58    665.3    0   663.29   667.0
    5  1    197.55    199.57    51.72    4.15    678.16    675.91    0   682.66   677.36
    6  4    187.71    194.32    50.18    7.35    673.49    670.62    0   673.38   671.04
    1  3    193.23    197.65    51.48    11.41    673.02    674.98    0   673.11   675.39
    2  1    194.22    187.17    49.18    11.19    657.48    658.79    0.0568   670.44   663.28
    3  1    193.16    181.67    50.12    9.34    655.63    655.02    0   657.33   657.03
    4  4    190.66    191.17    51.2    8.4    664.95    665.61    0.3497   665.27   674.22
    5  3    194.47    199.23    52.38    6.03    680.79    678.96    0   681.2   680.62
    6  1    194.08    199.22    51.15    21.02    673.47    670.4    0   674.73   672.03
    1  4    183.09    194.81    50.36    5.33    673.98    676.08    0   674.9   676.74
    2  3    186.47    181.34    48.85    10.49    655.59    655.48    0   655.94   655.77
    3  2    193.4    197.23    50.94    8.5    653.95    654.79    0   654.63   654.15
    4  3    189.37    194.42    50.62    9.46    661.66    663.22    0   662.58   663.83
    5  1    193.44    199.69    51.89    7.13    677.04    676.97    0   678.01   678.02
    6  4    195.83    197.52    50.11    11.92    674.45    672.1    0.0271   688.14   673.89
    1  4    193.27    201.09    51.26    7.18    676.51    675.61    0   676.36   677.69
    2  3    194.71    180.39    49.57    4.35    656.33    652.18    0   658.37   654.08
    3  2    192.57    192.06    51.33    3.04    652.12    658.96    0   652.22   658.72
    4  3    194.75    198.03    51.9    6.36    663.04    662.32    0   663.34   662.72
    5  1    193.44    200.81    52.16    9.23    674.01    678.06    0   679.01   678.97
    6  4    190.45    198.91    50.3    28.09    674.54    666.71    0   675.28   668.33
    1  1    198.28    196.2    50.09    9.45    674.6    674.75    0   675.55   675.02
    2  2    180.41    181.06    49.51    4.74    656.76    652.65    0   660.2   653.97
    3  4    182.82    185.96    49.23    8.92    654.6    656.08    0   655.39   658.92
    4  2    196.28    197.87    51.26    10.13    663.83    663.66    0   665.23   665.5
    5  2    197.37    191.39    51.78    28.91    675.6    678.32    0   676.0   680.19
    6  2    198.62    191.27    51.63    5.86    675.14    668.98    0   678.09   669.93
    1  1    194.5    196.41    51.25    3.31    673.67    675.27    0   675.34   679.09
    2  2    195.57    187.87    49.74    5.54    664.83    657.52    0.0834   674.17   658.8
    3  4    191.87    184.97    50.46    9.14    654.02    656.98    0   654.94   661.18
    4  2    184.18    189.0    49.97    5.2    665.4    667.0    0   666.99   668.67
    5  2    188.58    190.11    50.71    7.39    678.29    681.26    0   681.43   682.04
    6  2    189.49    185.07    50.24    6.55    676.52    667.93    0   677.93   668.71
    1  4    188.0    191.51    49.77    5.31    674.13    672.55    0   677.31   672.59
    2  3    186.14    178.48    48.21    15.99    658.85    655.61    0.1333   668.36   666.19
    3  2    189.68    189.34    50.58    10.73    654.32    657.74    0   654.5   659.7
    4  3    195.42    196.19    51.62    6.47    668.02    668.53    0   669.42   668.9
    5  1    195.65    199.4    51.76    5.42    677.96    680.96    0   679.03   682.05
    6  4    186.48    191.21    49.95    11.64    678.93    670.97    0   678.75   671.62
    1  3    195.38    186.31    49.97    20.23    674.44    676.75    0.3649   674.54   683.83
    2  1    189.32    193.8    49.09    6.49    656.65    657.83    0.3814   657.44   664.05
    3  1    192.88    190.94    50.36    14.22    654.81    655.0    0   655.3   655.93
    4  4    195.16    191.02    50.56    5.43    663.01    666.52    0   664.12   672.34
    5  3    193.64    187.49    51.07    9.62    680.8    680.33    0.2013   690.05   684.83
    6  1    201.63    194.02    50.34    13.06    674.83    670.19    0   676.79   671.17
    1  4    189.58    198.87    51.05    7.91    672.77    670.23    0   672.32   670.27
    2  3    196.14    178.17    49.77    9.31    656.11    652.78    0   659.24   654.85
    3  2    191.81    191.76    51.35    4.97    653.7    654.4    0   656.34   654.51
    4  3    191.78    194.08    52.18    11.68    663.94    661.8    0   669.77   663.61
    5  1    194.59    200.38    52.72    19.02    675.38    675.85    0   676.42   677.39
    6  4    189.29    195.82    50.31    13.86    669.23    669.09    0   669.48   669.24
    1  2    198.45    193.38    51.49    11.36    674.98    680.01    0   677.54   685.53
    2  4    180.09    191.87    49.07    6.99    655.62    656.99    0.4063   656.32   665.14
    3  3    197.82    196.65    50.44    14.51    654.97    655.72    0   656.08   655.19
    4  1    189.36    184.78    49.8    4.8    662.87    671.43    0.53   666.76   680.68
    5  4    198.54    198.68    51.95    14.35    682.01    678.2    0.3491   698.01   686.18
    6  3    199.7    201.47    51.1    7.48    675.63    671.79    0.4263   675.35   678.13
    1  1    186.72    200.1    53.14    21.53    675.09    671.2    0   676.7   673.63
    2  2    194.64    192.1    51.0    7.16    655.08    655.87    0   654.96   656.84
    3  4    186.08    187.08    53.43    30.95    656.2    649.56    0   657.77   651.71
    4  2    181.36    197.57    50.83    5.59    665.94    660.12    0   667.86   661.56
    5  2    198.15    200.07    51.72    5.55    673.72    676.31    0.6023   676.86   684.08
    6  2    192.41    193.06    51.02    9.4    672.61    674.32    0   674.92   678.64
    1  3    194.0    185.54    51.03    5.31    680.4    674.43    0   681.56   675.72
    2  1    191.1    194.54    49.35    10.99    657.67    657.24    0   658.06   657.13
    3  1    187.59    189.85    50.26    2.88    660.71    656.45    0   661.34   657.11
    4  4    193.75    187.8    50.95    9.25    665.05    659.9    0   667.28   660.54
    5  3    195.99    185.41    50.63    7.09    678.21    680.63    0   678.78   681.13
    6  1    195.41    189.2    49.77    7.39    671.78    673.96    0   671.48   675.39
    1  1    192.56    186.18    50.74    5.24    673.36    675.81    0   674.4   677.3
    2  2    183.72    185.41    49.62    10.73    655.73    658.07    0   656.25   659.03
    3  4    183.27    184.3    50.16    4.07    656.61    657.57    0   657.18   657.18
    4  2    194.69    193.16    51.21    7.41    665.64    668.81    0   667.94   670.65
    5  2    199.33    195.65    52.78    233.0    683.11    679.16    0   689.05   685.28
    6  2    197.35    194.26    51.06    18.42    673.61    672.19    0   675.93   673.46
    1  2    201.39    199.89    51.39    5.45    672.61    674.62    0.1161   680.39   675.21
    2  4    182.84    192.33    48.99    8.5    662.01    657.98    0.0459   704.83   661.27
    3  3    189.56    197.68    50.18    4.0    656.89    659.24    0   657.11   658.98
    4  1    195.97    193.72    50.06    8.12    665.35    666.63    0   665.74   668.0
    5  4    198.55    197.21    51.49    3.9    677.11    680.65    0   676.76   680.88
    6  3    193.37    182.89    50.2    8.95    673.18    668.1    0   675.14   667.77
    1  3    191.46    193.06    52.61    48.28    669.97    672.21    0   671.15   672.13
    2  1    189.2    193.91    49.71    5.79    651.51    653.57    0   650.92   654.74
    3  1    193.09    185.5    50.16    4.57    654.44    652.97    0   655.64   653.16
    4  4    182.76    198.35    50.45    9.44    662.02    665.38    0   662.6   668.55
    5  3    205.38    186.71    51.33    5.22    677.01    675.75    0   678.15   676.01
    6  1    197.66    195.75    51.8    5.63    673.35    672.02    0   674.4   672.18
    1  3    196.93    197.58    51.15    11.23    679.93    672.82    0   684.43   673.17
    2  1    191.68    184.81    48.79    6.38    657.35    655.31    0   658.37   658.43
    3  1    187.41    178.78    49.77    6.89    658.91    655.26    0.2089   665.02   656.2
    4  4    185.41    190.1    49.89    7.17    670.15    662.55    0   671.45   664.14
    5  3    197.21    198.21    51.99    10.09    678.58    677.85    0   681.91   679.88
    6  1    196.26    196.6    50.71    4.8    672.43    673.15    0.5672   671.53   685.0
    1  3    192.79    196.68    51.1    5.37    672.92    676.34    0   675.57   678.1
    2  1    191.89    185.69    48.64    14.16    658.84    660.06    0   661.5   662.99
    3  1    190.46    177.34    49.03    10.86    655.63    651.65    0   656.27   653.02
    4  4    184.76    191.08    49.9    8.98    664.44    668.58    0   664.75   670.35
    5  3    194.42    199.26    51.31    13.64    679.88    677.44    0   679.96   677.94
    6  1    195.98    196.7    50.51    13.48    672.74    670.63    0   673.56   670.81
    1  3    201.06    200.86    50.24    24.65    676.04    676.76    0   678.82   677.06
    2  1    189.73    194.59    48.91    21.15    660.23    654.71    0   662.52   656.01
    3  1    187.35    191.19    50.74    6.74    656.75    658.16    0   659.23   661.03
    4  4    197.59    194.8    52.68    18.37    666.2    667.1    0   666.84   668.85
    5  3    200.02    184.97    50.5    21.19    678.55    682.53    0   677.64   682.68
    6  1    199.11    188.21    50.21    6.83    679.98    670.8    0   681.2   672.82
    1  3    194.5    188.0    50.37    8.98    675.38    678.52    0.267   678.08   687.66
    2  1    189.87    192.49    49.06    8.61    656.09    658.86    0   656.51   659.46
    3  1    191.81    190.15    50.46    9.13    657.34    656.68    0   658.66   657.2
    4  4    195.23    190.65    50.86    5.51    667.02    668.81    0   666.92   669.56
    5  3    193.47    185.7    50.36    3.33    679.24    677.56    0   683.72   678.66
    6  1    198.35    196.02    49.8    13.31    679.09    677.09    0   682.16   679.13
    1  1    200.28    198.46    54.3    36.29    677.27    674.28    0   677.89   675.75
    2  2    191.65    194.88    51.07    21.18    655.68    654.78    0   657.77   654.81
    3  4    189.96    192.51    55.21    23.44    655.97    653.48    0   657.09   655.2
    4  2    187.31    197.35    51.03    4.92    661.88    660.04    0   661.98   663.51
    5  2    200.96    198.74    51.5    6.37    676.21    676.7    0   676.54   678.19
    6  2    194.37    193.63    51.02    9.36    671.98    669.98    0   673.37   670.0
    1  3    193.82    186.57    50.21    7.74    676.9    671.82    0   677.15   671.96
    2  1    199.01    195.85    49.63    9.02    656.55    654.66    0   658.03   655.41
    3  1    187.76    189.38    50.36    7.58    658.14    655.74    0   657.53   656.67
    4  4    195.98    188.86    51.74    10.62    667.03    663.64    0   667.83   666.19
    5  3    201.75    207.63    50.44    10.73    676.0    678.0    0   676.99   679.0
    6  1    195.19    185.37    50.03    7.63    673.61    672.54    0   677.41   674.72
    1  3    195.19    198.82    51.2    8.25    673.5    673.06    0   674.13   674.5
    2  1    191.34    184.18    48.81    7.22    662.91    655.07    0   665.11   659.3
    3  1    186.96    178.11    48.9    5.18    653.1    656.49    0   653.87   657.98
    4  4    186.19    192.85    49.98    8.83    664.83    664.68    0   664.92   667.87
    5  3    195.44    197.31    51.31    8.84    677.42    680.33    0   677.92   681.71
    6  1    196.63    195.98    50.36    11.38    674.59    667.59    0.0559   682.74   670.44
    1  1    197.33    197.95    49.98    6.19    673.27    674.04    0   675.62   675.92
    2  2    182.99    182.82    48.97    6.8    657.55    652.8    0   659.66   656.87
    3  4    182.69    185.81    49.18    9.63    656.03    660.0    0   658.99   660.01
    4  2    195.71    197.58    51.35    6.47    667.36    665.43    0   669.08   666.94
    5  2    196.6    195.31    51.92    8.22    674.4    679.54    0   676.5   682.11
    6  2    198.16    192.06    51.35    3.84    676.12    671.3    0.8244   717.2   672.51
    1  3    191.54    196.6    53.08    19.72    677.02    671.98    0   676.13   675.11
    2  1    195.14    196.01    49.02    6.8    654.61    655.55    0   656.96   655.47
    3  1    188.06    174.8    49.86    8.16    657.18    652.94    0   658.13   656.82
    4  4    175.8    177.5    50.57    9.39    663.54    661.3    0   665.2   664.83
    5  3    200.69    194.49    54.04    15.59    677.82    675.08    0   679.16   674.78
    6  1    194.43    192.24    51.27    45.79    670.34    672.58    0   673.27   671.14
    1  4    187.81    194.48    50.31    4.9    678.21    674.15    0   682.04   675.07
    2  3    189.98    192.16    49.31    4.8    659.44    660.18    0   662.0   663.77
    3  2    191.73    189.86    51.08    7.88    657.42    654.76    0   659.41   656.39
    4  3    190.51    195.74    51.72    7.29    666.95    665.48    0   668.57   666.89
    5  1    200.2    202.82    51.84    6.19    681.0    680.01    0   681.17   688.77
    6  4    183.56    192.72    49.8    9.01    671.03    672.03    0   673.03   674.03
    1  3    192.14    198.94    51.33    11.54    677.64    676.3    0   677.19   678.77
    2  1    187.3    184.39    48.96    4.51    660.41    655.11    0   662.35   658.74
    3  1    182.53    177.97    49.09    15.09    655.0    658.04    0   655.03   659.04
    4  4    183.64    189.35    50.0    6.2    665.05    665.62    0   666.33   667.47
    5  3    194.15    195.56    51.48    10.24    677.29    679.55    0   680.25   680.76
    6  1    195.61    194.04    50.5    4.54    680.29    671.03    0   683.15   673.59
    1  1    196.42    198.6    50.62    5.71    675.52    674.2    0   675.68   675.23
    2  2    183.85    186.01    48.8    6.8    658.06    651.55    0   659.56   652.21
    3  4    182.95    189.5    49.19    9.59    654.21    660.78    0   656.92   661.8
    4  2    197.03    198.69    51.06    6.91    665.65    667.56    0   666.2   667.55
    5  2    199.44    193.96    51.79    6.34    675.71    677.6    0   676.74   677.97
    6  2    198.69    191.7    51.38    7.01    677.66    670.09    0   678.04   672.87
    1  2    199.87    196.47    51.46    18.92    675.39    682.84    0   677.45   683.31
    2  4    181.96    189.53    48.94    9.97    657.97    657.4    0   659.39   658.98
    3  3    189.92    194.32    51.07    4.53    657.8    656.38    0   659.44   662.07
    4  1    189.62    185.42    50.12    20.0    661.55    667.97    0   662.34   670.86
    5  4    200.43    196.54    51.95    8.65    683.32    676.59    0   682.35   678.83
    6  3    191.03    186.76    50.8    27.76    675.19    671.16    0   677.38   671.28
    1  4    192.76    199.81    50.16    10.73    674.21    673.5    0   674.76   673.89
    2  3    189.47    187.14    49.18    12.44    656.97    653.87    0   658.92   654.99
    3  2    198.13    192.36    51.06    8.5    655.62    655.76    0   656.0   655.08
    4  3    193.31    201.96    51.31    9.26    663.57    665.82    0.0847   673.37   667.09
    5  1    196.3    200.91    52.13    17.62    677.12    677.98    0   678.01   680.65
    6  4    188.13    196.21    49.95    4.87    678.69    670.65    0.0448   683.1   702.34
    1  2    196.04    195.25    51.1    5.46    672.0    675.25    0   673.54   675.93
    2  4    178.51    193.83    49.03    7.57    661.54    659.13    0   662.38   663.22
    3  3    199.49    201.38    50.68    9.63    656.16    658.82    0   657.35   660.81
    4  1    188.81    183.43    50.21    11.45    665.89    671.62    0   667.09   673.39
    5  4    200.84    192.49    51.55    4.89    681.23    677.69    0   686.38   679.75
    6  3    199.36    203.13    50.55    10.65    673.11    669.26    0   674.2   669.67
    1  4    196.23    193.42    51.35    7.66    676.61    671.89    0.0458   677.8   699.99
    2  3    190.33    193.11    49.94    10.87    657.75    658.48    0   657.47   658.61
    3  2    176.65    187.44    50.08    5.39    657.85    653.25    0   658.57   654.39
    4  3    189.52    185.77    51.35    6.84    669.01    667.63    0   670.1   669.34
    5  1    196.14    196.49    51.24    4.98    676.18    679.42    0   677.32   680.72
    6  4    196.65    193.03    50.91    12.16    677.39    675.61    0   677.77   678.54
    1  1    194.44    199.6    51.4    6.38    672.98    677.12    0   673.97   674.99
    2  2    190.95    184.56    49.38    15.99    656.88    657.75    0   658.31   657.75
    3  4    194.04    189.23    50.59    6.19    654.57    656.52    0   655.58   656.23
    4  2    184.33    191.86    50.33    5.9    664.02    667.24    0   665.51   668.77
    5  2    182.48    188.98    50.95    20.12    678.93    679.9    0   682.27   680.52
    6  2    197.76    198.35    50.6    11.84    676.42    671.8    0   676.95   671.61
    1  3    191.82    196.74    51.51    12.97    671.85    668.43    0   674.26   673.41
    2  1    193.53    193.12    48.89    12.19    657.8    654.89    0   658.12   657.41
    3  1    190.46    181.69    49.38    6.12    654.6    653.67    0   659.53   655.91
    4  4    184.57    192.47    50.5    6.74    665.39    661.19    0   669.24   663.72
    5  3    199.26    198.63    52.54    15.66    674.73    676.31    0.4569   675.08   680.81
    6  1    196.01    196.4    51.09    4.74    667.27    668.76    0   672.31   670.52
    1  1    195.18    198.06    51.25    8.47    676.43    676.51    0.0572   677.24   690.85
    2  2    193.5    184.94    49.86    11.41    657.16    656.1    0.0563   662.5   659.15
    3  4    192.99    187.28    50.37    10.23    657.81    657.64    0.0853   657.79   667.96
    4  2    184.01    191.01    49.88    9.76    662.18    666.51    0   665.26   668.51
    5  2    187.97    194.19    50.86    7.27    681.74    677.8    0   681.11   677.38
    6  2    188.8    192.57    50.65    7.79    673.98    672.01    0   673.88   671.16
    1  2    192.67    191.58    51.86    6.82    669.76    671.82    0   672.1   674.58
    2  4    183.16    193.5    49.07    8.24    652.82    653.54    0   654.49   654.38
    3  3    190.52    194.25    53.25    20.45    654.22    653.93    0   655.46   655.45
    4  1    191.13    183.08    51.12    8.93    661.19    663.96    0   664.04   664.34
    5  4    200.37    197.92    52.05    11.04    677.4    674.88    0   678.5   676.35
    6  3    198.92    187.89    51.05    8.68    672.5    670.17    0   672.99   671.12
    1  3    197.29    199.15    51.62    5.96    679.78    679.31    0   679.18   681.16
    2  1    188.88    182.02    48.38    10.09    660.22    654.75    0   662.35   656.64
    3  1    188.48    179.88    48.86    7.52    657.53    658.61    0   659.25   660.68
    4  4    192.46    189.5    50.02    9.95    665.01    663.99    0   664.04   665.01
    5  3    194.42    200.4    51.72    13.67    680.2    684.21    0   681.59   684.96
    6  1    198.01    197.49    51.21    8.98    678.39    670.51    0   678.55   671.5
    1  3    195.38    177.59    50.27    5.86    672.32    674.82    0.3285   679.53   675.08
    2  1    192.27    192.39    49.09    11.02    655.36    656.17    0   658.85   659.18
    3  1    193.87    195.09    50.92    5.42    654.9    656.95    0   655.81   657.59
    4  4    195.82    187.6    51.68    9.98    664.3    669.63    0   665.32   671.12
    5  3    191.85    188.9    50.53    3.31    679.27    674.18    0   680.25   674.42
    6  1    202.69    200.58    50.48    5.82    673.64    672.44    0.134   683.52   673.12
    1  4    200.3    197.55    51.94    50.37    671.19    670.13    0   671.33   671.64
    2  3    189.25    192.31    50.5    9.85    659.93    653.97    0   662.12   655.17
    3  2    183.82    191.37    50.42    9.91    651.43    657.04    0   653.27   658.75
    4  3    204.8    190.47    51.19    6.8    662.31    666.98    0   662.85   667.27
    5  1    204.67    189.54    51.39    6.94    675.18    676.19    0   678.54   680.31
    6  4    195.57    192.56    51.43    7.17    670.85    664.7    0   673.62   665.24
    1  2    199.56    191.32    53.23    323.37    669.58    671.94    0   670.23   674.54
    2  4    183.29    192.23    49.19    7.18    653.76    655.09    0   654.3   655.65
    3  3    192.82    194.21    51.64    5.34    653.87    651.21    0   655.79   654.17
    4  1    200.34    181.72    51.41    4.67    664.31    666.91    0   664.04   667.47
    5  4    199.37    195.51    52.62    15.27    675.07    673.54    0   676.59   674.16
    6  3    198.65    191.42    50.75    8.72    674.27    671.54    0   675.54   673.36
    1  1    196.43    197.82    51.33    7.62    675.62    674.95    0   675.77   676.19
    2  2    193.75    185.7    49.51    5.99    658.97    653.8    0   658.94   654.9
    3  4    192.42    186.8    49.86    5.57    653.14    656.18    0   654.36   657.16
    4  2    184.05    192.96    50.12    9.0    663.82    664.37    0   665.23   665.74
    5  2    188.35    194.33    50.8    5.12    677.26    680.79    0   678.19   681.73
    6  2    188.69    190.54    50.04    8.87    676.82    667.88    0   677.46   670.0
    1  1    195.28    197.31    51.27    3.71    678.14    673.66    0.3366   684.0   675.75
    2  2    204.04    186.34    49.88    5.45    666.99    659.31    0.0749   669.56   670.57
    3  4    193.14    183.05    50.16    6.32    659.19    653.86    0   660.57   657.52
    4  2    186.41    191.71    50.05    6.95    667.85    664.74    0   668.84   667.89
    5  2    188.03    196.37    50.66    6.42    678.99    679.2    0   679.71   680.38
    6  2    185.9    191.89    49.89    5.32    671.42    672.25    0   671.33   672.21
    1  3    190.0    193.0    51.45    6.75    675.26    673.32    0   677.14   673.66
    2  1    187.35    183.74    48.91    11.04    655.36    655.22    0   656.66   654.22
    3  1    190.18    168.94    50.51    12.47    657.63    654.06    0.6409   666.3   656.21
    4  4    185.82    187.21    50.47    4.38    665.1    665.61    0.7702   675.83   670.77
    5  3    195.02    195.87    51.99    5.09    678.13    677.23    0   680.23   678.42
    6  1    188.05    197.46    51.25    5.81    672.66    673.02    0   675.83   674.94
    1  2    201.1    193.78    51.55    7.51    679.23    681.77    0   680.81   682.76
    2  4    178.47    189.35    48.96    4.63    659.04    661.49    0.1758   665.98   663.07
    3  3    194.6    195.4    51.22    6.36    659.01    657.21    0   660.17   658.15
    4  1    191.31    183.58    49.56    4.65    663.29    666.1    0.2999   668.45   667.8
    5  4    197.3    195.13    51.41    10.76    680.07    678.66    0   682.12   679.28
    6  3    195.49    198.13    50.67    5.32    674.66    674.62    0   678.43   675.87
    1  1    195.66    203.72    51.03    5.56    675.44    679.92    0.1392   675.78   706.15
    2  2    195.36    188.69    49.71    8.23    656.03    655.02    0.0475   658.56   697.67
    3  4    195.83    194.19    50.12    5.98    657.94    659.04    0.092   658.09   678.3
    4  2    185.08    191.13    50.39    8.11    664.41    667.86    0   665.96   668.54
    5  2    189.83    197.8    50.76    15.81    679.08    676.82    0   679.94   678.2
    6  2    201.61    197.72    50.45    6.0    674.71    672.2    0   675.93   672.47
    1  3    197.78    198.37    51.8    7.91    674.14    674.82    0   675.7   676.15
    2  1    191.12    182.81    48.39    17.22    663.1    656.87    0   663.98   658.69
    3  1    187.67    179.0    49.74    6.04    654.93    659.14    0.3824   663.88   660.59
    4  4    196.01    191.62    51.72    5.92    664.89    663.3    0   668.84   664.58
    5  3    194.55    198.52    51.74    12.63    678.39    683.32    0   679.68   683.78
    6  1    195.22    194.68    51.29    4.92    675.85    668.0    0   675.04   668.94
    1  4    186.01    195.15    50.77    5.5    670.39    672.97    0   670.55   673.4
    2  3    185.78    186.33    49.04    8.96    653.5    654.44    0   654.19   657.48
    3  2    193.03    192.93    51.04    8.21    652.53    657.41    0   657.53   657.52
    4  3    192.9    198.08    51.66    12.25    664.5    670.04    0   663.27   671.58
    5  1    196.1    200.97    51.01    10.91    677.26    674.76    0   677.63   675.14
    6  4    188.68    199.54    50.53    11.2    673.96    671.51    0   675.51   675.85
    1  2    186.84    192.19    51.12    4.93    679.83    674.61    0   680.16   674.16
    2  4    192.39    190.63    49.25    7.7    658.54    656.79    0   659.68   658.74
    3  3    189.4    183.23    48.99    16.19    658.77    653.47    0   659.55   654.45
    4  1    191.11    192.7    50.84    6.8    668.66    665.43    0   668.15   665.89
    5  4    190.39    197.14    50.98    8.08    679.73    680.57    0   681.14   682.61
    6  3    191.76    194.4    51.72    7.79    673.16    672.85    0   674.16   674.57
    1  1    196.3    184.64    50.04    11.37    679.54    673.71    0   680.65   680.65
    2  2    197.17    188.88    49.07    10.24    659.9    658.11    0   661.81   660.92
    3  4    181.69    187.74    49.24    10.52    661.05    652.68    0   660.89   653.01
    4  2    195.51    188.91    50.86    5.02    667.14    664.26    0   668.18   664.35
    5  2    201.01    198.63    51.8    7.16    680.37    680.06    0   680.92   681.43
    6  2    198.57    188.21    51.25    11.08    669.37    673.52    0   669.84   679.13
    1  2    189.37    195.15    51.33    13.28    678.0    673.96    0   679.02   674.87
    2  4    192.52    194.08    49.89    6.67    657.11    656.39    0   658.97   658.01
    3  3    193.5    184.25    50.36    21.01    659.46    652.05    0   661.95   653.09
    4  1    192.21    194.4    51.35    10.36    668.93    663.63    0   674.02   665.69
    5  4    199.52    202.94    51.26    10.49    679.66    679.56    0   683.53   683.48
    6  3    193.01    198.32    51.78    6.24    673.92    675.44    0.4572   681.11   676.66
    1  4    187.34    193.4    50.62    3.75    675.44    675.84    0.1704   677.53   682.48
    2  3    186.46    180.78    49.17    21.65    654.5    657.14    0   656.34   657.58
    3  2    191.44    194.94    50.46    12.88    656.4    656.02    0.1676   657.45   666.94
    4  3    193.37    195.51    51.21    10.56    667.05    668.2    0   668.46   669.23
    5  1    195.58    198.3    51.87    16.9    679.06    677.18    0.4411   684.78   680.5
    6  4    196.99    201.52    49.72    7.09    677.47    676.87    0   680.2   680.95
    1  1    201.38    201.97    50.65    37.76    680.71    681.72    0   681.96   683.15
    2  2    183.12    187.36    49.34    7.74    663.2    653.61    0   666.34   654.59
    3  4    182.68    188.33    50.56    6.05    657.03    663.05    0   659.27   663.26
    4  2    195.69    195.71    52.23    22.92    664.92    663.27    0   665.36   664.84
    5  2    198.24    193.52    52.46    12.78    677.0    686.01    0   677.09   687.96
    6  2    201.08    189.61    51.79    5.34    679.06    671.59    0   681.24   672.92
    1  1    197.5    188.57    51.07    5.53    670.0    672.0    0   670.0   672.0
    2  2    188.1    192.78    48.97    4.9    654.06    655.54    0.5093   653.65   663.58
    3  4    196.06    190.25    49.98    9.08    653.04    652.89    0   655.26   653.75
    4  2    194.11    193.17    51.35    11.44    661.07    665.01    0.468   662.45   672.59
    5  2    200.13    194.12    52.22    9.9    674.14    673.75    0   676.4   676.62
    6  2    200.17    197.0    51.93    7.67    672.01    668.84    0   672.97   670.19
    1  4    186.63    192.6    49.76    6.89    672.87    676.37    0   677.98   677.02
    2  3    189.16    179.79    49.45    6.85    657.49    661.14    0   659.48   662.08
    3  2    190.29    194.46    50.25    7.41    655.49    654.73    0   656.9   657.02
    4  3    191.34    195.93    51.36    4.57    662.85    667.92    0   663.89   669.86
    5  1    193.91    200.01    52.0    11.51    680.64    677.26    0.3222   684.5   686.53
    6  4    190.85    192.57    49.88    10.81    672.94    669.16    0.6764   680.15   669.27
    1  3    193.09    196.64    51.78    9.12    674.94    673.75    0   675.93   674.38
    2  1    191.38    179.53    48.64    7.91    658.75    651.43    0   659.29   653.57
    3  1    190.32    182.31    50.28    29.97    655.17    660.33    0   657.37   660.07
    4  4    189.21    193.13    51.29    7.42    666.86    668.16    0   672.52   670.08
    5  3    193.33    197.71    51.98    21.51    675.24    680.37    0   677.85   683.54
    6  1    195.79    198.9    50.66    15.87    676.07    671.37    0.5312   679.61   675.94
    1  1    191.87    188.2    51.07    3.78    673.75    675.22    0   674.62   675.76
    2  2    179.65    184.12    49.22    9.11    655.43    658.38    0   656.91   659.65
    3  4    180.97    185.04    49.34    8.35    656.18    652.63    0   657.16   655.02
    4  2    192.17    191.74    50.93    10.87    663.09    669.4    0   665.66   670.73
    5  2    198.34    190.79    51.91    10.13    679.83    675.98    0   682.0   677.82
    6  2    199.39    190.61    51.06    6.89    675.01    673.4    0   675.57   674.08
    1  2    197.36    195.0    51.7    10.84    673.14    677.78    0   674.7   677.98
    2  4    179.9    192.13    48.75    9.02    659.99    664.05    0.2163   670.98   664.05
    3  3    188.66    194.35    50.71    6.95    655.84    655.65    0   656.67   655.93
    4  1    189.85    182.38    49.75    8.47    665.22    668.12    0   665.72   669.24
    5  4    197.68    195.69    51.95    7.26    680.22    679.16    0   680.02   679.77
    6  3    192.71    186.11    51.01    144.72    672.26    669.93    0   672.54   670.45
    1  4    197.04    192.6    51.87    19.67    674.76    676.96    0   676.83   678.03
    2  3    186.09    188.96    50.07    5.07    657.25    656.84    0   658.81   659.99
    3  2    193.19    193.74    49.83    7.27    656.98    658.48    0   661.96   659.01
    4  3    189.12    185.12    50.68    3.85    665.26    667.73    0   666.49   669.3
    5  1    198.01    192.26    51.53    6.71    680.83    677.52    0   682.88   679.43
    6  4    196.78    198.83    52.33    11.8    676.38    672.76    0   677.53   673.99
    1  1    195.11    187.32    50.33    2.23    675.32    673.65    0   676.52   679.0
    2  2    200.17    193.74    48.68    11.51    655.72    654.1    0   658.21   656.9
    3  4    182.28    187.27    49.61    8.34    657.36    654.56    0   661.02   658.21
    4  2    193.3    192.75    51.12    4.93    668.94    663.26    0   672.06   664.3
    5  2    202.11    204.38    52.26    12.42    677.77    682.49    0.0779   679.49   689.9
    6  2    199.36    192.15    51.37    13.64    674.7    676.2    0   675.99   678.76
    1  1    192.9    198.62    51.77    17.95    680.23    675.47    0   681.38   676.46
    2  2    195.71    189.18    49.59    8.59    660.06    654.05    0   661.4   655.86
    3  4    193.72    186.54    50.97    11.35    658.39    660.22    0   657.37   660.83
    4  2    174.41    189.23    50.22    9.37    664.96    658.71    0   667.04   659.25
    5  2    194.95    192.51    50.54    13.28    678.02    675.71    0   678.27   678.08
    6  2    190.6    189.52    49.83    52.43    679.0    672.78    0   680.17   675.51
    1  3    198.5    193.98    53.02    11.53    675.77    669.13    0   675.39   670.09
    2  1    193.04    184.08    48.36    9.4    655.18    652.35    0   657.24   652.04
    3  1    194.81    180.68    49.71    6.66    654.95    656.46    0   654.69   657.22
    4  4    191.85    195.21    50.39    13.54    663.59    659.54    0   665.03   659.75
    5  3    196.13    199.15    52.65    14.33    675.59    675.97    0   677.68   675.79
    6  1    194.05    194.9    52.36    28.22    670.09    669.94    0.3061   671.54   674.37
    1  2    187.17    192.28    50.34    7.23    678.43    673.83    0   680.96   675.15
    2  4    192.62    190.39    49.83    7.73    660.86    658.87    0.1203   672.46   659.12
    3  3    183.87    184.27    49.34    5.24    658.63    655.53    0   659.26   658.73
    4  1    189.54    193.01    51.24    11.38    668.58    665.21    0   673.65   666.38
    5  4    186.46    197.22    50.39    10.29    679.48    681.47    0   682.06   682.77
    6  3    190.97    195.16    51.31    7.22    672.51    674.79    0   673.24   675.58
    1  3    194.24    185.56    50.85    10.74    676.84    671.89    0   677.42   675.46
    2  1    191.41    192.36    49.33    3.88    655.87    654.2    0   657.99   654.76
    3  1    189.15    187.6    51.06    189.82    659.55    656.69    0   662.06   657.85
    4  4    194.44    191.91    51.54    11.54    668.13    668.3    0   668.23   668.8
    5  3    197.07    186.84    50.66    6.98    677.44    677.53    0   678.05   677.84
    6  1    196.22    187.93    49.89    7.17    676.28    674.97    0   677.51   677.98
    1  4    194.83    192.33    51.47    10.61    679.43    676.36    0   681.04   676.96
    2  3    188.03    188.03    49.77    7.31    658.93    656.85    0   665.99   658.19
    3  2    180.24    186.43    49.42    11.62    662.03    655.46    0   665.05   656.93
    4  3    182.16    182.93    49.86    12.07    665.53    666.62    0   670.95   667.41
    5  1    192.27    186.94    50.42    7.84    680.2    679.23    0   683.77   681.03
    6  4    192.86    193.83    51.48    8.22    673.48    672.02    0   678.02   672.04
    1  2    198.0    192.52    51.38    4.4    677.64    675.05    0   678.27   674.83
    2  4    182.82    188.79    48.84    7.25    659.05    657.24    0   660.34   657.46
    3  3    188.89    192.34    50.46    7.99    657.64    654.47    0   658.52   656.32
    4  1    190.12    180.43    49.68    5.71    668.99    665.74    0   669.79   666.98
    5  4    197.93    195.96    52.11    11.07    678.9    680.05    0   680.11   681.17
    6  3    188.21    184.4    50.54    5.87    672.87    670.43    0   674.26   671.54
    1  4    178.49    199.79    50.24    7.38    677.27    674.72    0   678.92   678.09
    2  3    198.13    190.57    49.33    9.13    661.76    657.05    0   663.74   658.82
    3  2    191.95    190.39    50.29    6.17    658.58    653.19    0   659.52   654.91
    4  3    189.76    199.09    51.33    8.94    668.55    665.94    0   670.33   667.47
    5  1    201.52    201.84    51.72    6.15    678.57    676.7    0   679.37   678.16
    6  4    187.29    193.62    49.89    7.57    673.86    674.57    0   679.48   676.16
    1  1    193.58    186.45    51.14    38.68    673.56    669.85    0   674.28   670.93
    2  2    184.17    188.3    49.46    13.04    655.45    651.15    0   657.23   651.62
    3  4    183.83    188.44    52.16    323.62    657.35    653.23    0   659.06   654.88
    4  2    193.56    191.34    52.75    15.65    665.99    662.99    0.0702   674.13   663.09
    5  2    196.94    194.8    53.85    23.95    674.71    675.81    0   675.37   678.58
    6  2    200.21    192.64    53.21    11.27    673.69    673.16    0   676.15   676.58
    1  4    196.74    198.75    52.61    38.52    675.94    676.32    0   676.46   677.04
    2  3    188.86    190.28    49.81    22.05    659.28    653.15    0   661.46   655.28
    3  2    181.28    190.27    49.89    5.57    655.82    655.97    0   655.75   659.85
    4  3    194.97    200.65    50.23    9.74    662.67    664.73    0   665.06   666.3
    5  1    198.55    190.73    51.31    10.13    677.54    678.06    0   678.66   679.77
    6  4    196.31    193.23    51.12    14.6    674.99    669.51    0   677.0   670.0
    1  2    196.72    195.98    53.48    7.5    670.2    671.62    0   670.5   672.51
    2  4    182.66    193.34    49.09    7.55    652.65    653.8    0   654.18   658.06
    3  3    192.41    191.17    53.45    35.24    654.08    650.82    0   654.78   653.0
    4  1    197.89    192.09    50.83    5.59    661.34    665.75    0   662.17   671.43
    5  4    195.13    197.12    53.26    20.07    674.41    673.37    0.1087   675.19   682.07
    6  3    194.14    197.15    51.38    6.48    669.95    670.57    0   670.53   671.63
    1  4    197.25    196.27    51.85    14.28    671.72    671.57    0   671.99   672.88
    2  3    186.57    191.31    50.41    16.94    660.32    656.06    0   662.79   659.37
    3  2    181.23    197.48    49.92    5.41    651.0    655.97    0   653.87   658.48
    4  3    195.9    195.45    50.33    7.98    664.59    664.48    0   664.91   665.66
    5  1    198.64    191.1    50.76    10.31    675.08    679.74    0   675.95   681.15
    6  4    196.21    192.87    51.1    7.37    671.38    665.4    0   674.78   667.51
    1  1    197.64    194.68    53.53    15.25    670.74    674.02    0   672.07   675.5
    2  2    188.93    187.05    49.35    75.65    657.49    651.25    0   658.56   657.34
    3  4    188.56    189.13    56.03    25.63    653.12    655.36    0   656.22   656.42
    4  2    186.51    192.26    50.47    18.94    665.01    663.97    0   666.02   664.99
    5  2    192.19    193.28    51.23    7.91    672.81    676.0    0   673.04   675.83
    6  2    191.63    196.58    51.52    14.95    675.69    668.98    0   677.1   670.84
    1  3    192.88    188.44    50.2    13.26    671.67    672.23    0   673.56   671.92
    2  1    189.73    188.63    49.88    9.26    655.5    649.33    0   656.49   652.74
    3  1    188.16    184.45    50.87    6.37    653.93    654.73    0   656.62   656.36
    4  4    187.08    192.09    54.13    28.12    663.25    662.47    0   664.83   664.31
    5  3    193.82    187.99    51.35    6.47    673.2    675.89    0   675.58   676.86
    6  1    190.53    186.82    50.28    10.08    671.99    664.99    0   675.02   665.94
    1  4    197.03    194.18    51.01    5.39    677.13    670.1    0   677.39   671.05
    2  3    193.13    191.76    49.85    7.54    659.22    657.5    0   659.68   659.53
    3  2    171.23    184.23    49.14    6.72    658.06    654.53    0   657.58   655.61
    4  3    191.98    186.28    49.83    6.23    667.45    663.45    0   671.26   668.57
    5  1    201.33    195.48    50.56    5.73    678.01    678.93    0.1803   684.11   680.23
    6  4    193.31    189.45    51.07    5.25    670.87    672.84    0   674.27   673.0
    1  1    194.1    185.92    50.2    7.78    679.1    674.93    0.5042   682.96   689.53
    2  2    193.98    191.34    49.01    6.29    657.69    657.34    0   659.34   659.14
    3  4    184.84    182.11    49.21    10.93    658.89    654.89    0   661.39   657.23
    4  2    192.86    192.03    51.41    31.14    665.52    664.72    0   667.2   664.83
    5  2    200.95    198.05    51.85    4.01    678.31    678.74    0   678.91   681.21
    6  2    199.34    191.89    51.45    8.37    673.5    672.83    0.2406   678.17   679.39
    1  2    198.84    198.78    50.01    8.12    674.7    674.01    0   675.47   673.73
    2  4    192.44    189.15    49.44    5.37    659.13    651.93    0.0817   661.21   662.03
    3  3    189.74    186.05    49.0    8.45    655.27    657.99    0   656.05   659.76
    4  1    197.81    197.87    51.72    18.45    665.99    665.02    0   667.38   665.8
    5  4    185.27    196.94    50.67    12.98    672.56    677.0    0   674.56   677.49
    6  3    195.77    195.61    51.05    6.91    679.03    673.04    0   683.56   674.5
    1  1    192.94    170.28    51.06    12.31    673.52    674.97    0   675.41   675.55
    2  2    181.35    190.32    49.36    10.33    654.98    654.12    0   655.99   655.1
    3  4    184.12    190.32    50.31    5.02    655.32    654.61    0.4041   656.28   664.28
    4  2    188.98    180.39    51.96    21.24    659.67    663.09    0   662.1   665.79
    5  2    194.86    187.37    54.47    17.39    678.12    675.11    0   678.4   676.7
    6  2    196.57    187.27    53.6    234.68    672.47    670.3    0.3042   681.95   672.41
    1  2    198.05    198.06    52.07    9.42    671.8    672.35    0   675.45   673.88
    2  4    178.17    196.8    48.99    6.04    655.79    651.23    0.2486   663.16   653.58
    3  3    189.62    195.95    50.72    6.13    652.2    653.12    0   655.39   653.89
    4  1    195.84    194.67    50.15    8.75    663.31    663.51    0   663.7   664.97
    5  4    199.63    192.18    52.07    16.99    672.94    676.4    0   674.01   676.26
    6  3    198.63    187.03    52.23    291.12    672.47    666.64    0   674.13   667.31
    1  2    199.18    193.36    51.85    7.14    672.34    671.12    0.1759   680.4   671.89
    2  4    184.35    192.22    49.09    7.61    660.96    657.13    0   662.7   657.32
    3  3    187.35    195.53    51.08    15.36    653.98    655.1    0   654.07   655.98
    4  1    194.94    185.34    50.04    10.87    664.69    664.64    0   665.55   666.36
    5  4    195.64    196.47    51.97    9.42    675.75    677.95    0   677.15   680.82
    6  3    196.64    183.72    51.54    11.39    672.46    665.41    0   670.8   665.65
    1  1    193.28    198.46    51.06    4.3    671.97    675.86    0   675.44   676.56
    2  2    193.27    186.78    49.47    5.96    654.28    655.53    0   655.14   658.37
    3  4    192.12    187.5    50.92    9.34    658.58    657.35    0   659.12   659.03
    4  2    182.61    193.45    49.83    7.61    665.86    670.69    0   666.92   671.7
    5  2    186.0    192.44    51.27    14.8    680.65    675.79    0.051   699.66   674.69
    6  2    190.21    191.57    50.24    9.28    675.5    671.94    0   676.63   673.48
    1  3    193.23    199.39    51.12    8.55    678.65    676.94    0   680.38   679.13
    2  1    189.0    184.27    48.43    14.58    658.21    657.64    0.076   665.56   659.76
    3  1    186.98    176.67    49.61    9.49    657.97    653.06    0   658.8   654.01
    4  4    185.9    187.57    50.33    7.23    667.86    664.77    0   668.28   666.0
    5  3    196.57    197.46    52.05    10.29    683.67    679.47    0.0788   709.33   685.42
    6  1    195.95    197.4    50.89    5.31    674.7    676.68    0.2081   680.56   685.43
    1  4    196.7    194.71    51.72    34.12    675.19    668.88    0   678.14   669.66
    2  3    192.2    191.59    51.42    13.14    655.76    654.73    0   658.21   655.27
    3  2    179.5    192.7    50.58    10.44    656.2    651.28    0   662.75   657.69
    4  3    194.61    178.2    50.21    11.12    666.1    662.83    0   672.39   665.31
    5  1    198.19    193.72    51.24    8.88    676.83    674.85    0   675.82   674.94
    6  4    198.12    189.36    52.01    15.15    670.16    668.98    0   669.57   669.28
    1  3    197.43    188.7    51.5    10.5    674.85    671.25    0.1737   675.86   679.13
    2  1    189.56    194.24    49.92    6.67    653.1    654.54    0   654.44   654.21
    3  1    189.73    189.45    51.23    8.98    654.68    649.77    0   653.47   650.64
    4  4    194.56    190.34    51.58    5.63    663.81    659.22    0   666.1   662.49
    5  3    196.44    187.88    51.29    6.17    674.55    675.67    0   676.77   679.32
    6  1    199.45    188.58    50.83    7.33    671.03    672.98    0   674.22   673.35
    1  3    191.86    197.29    51.39    7.6    673.82    676.48    0   674.53   681.33
    2  1    191.37    185.77    48.68    6.77    653.98    657.25    0   654.05   658.24
    3  1    190.59    181.54    50.45    8.0    656.17    655.83    0   658.18   656.67
    4  4    183.89    190.29    51.19    8.01    663.02    669.17    0.4743   663.73   675.67
    5  3    194.28    194.4    51.99    9.59    678.34    673.75    0.304   687.14   674.65
    6  1    195.17    196.66    52.08    9.3    674.33    670.75    0   674.39   672.74
    1  1    194.62    192.55    52.12    5.52    673.22    676.09    0   673.19   680.53
    2  2    193.74    185.38    50.24    4.63    653.73    654.17    0.6215   656.09   663.2
    3  4    184.33    182.09    54.5    336.35    653.55    654.0    0   654.57   655.05
    4  2    180.62    191.31    50.45    5.86    658.86    663.88    0   660.37   665.4
    5  2    185.77    199.99    51.17    14.88    675.15    674.55    0   676.05   674.7
    6  2    190.44    193.57    50.62    6.25    672.7    668.03    0   674.42   671.07
    1  3    193.66    187.65    51.23    4.45    672.99    676.74    0   673.9   676.61
    2  1    191.23    193.41    49.47    15.49    655.75    657.34    0   659.13   658.02
    3  1    192.46    190.1    51.18    8.82    656.55    656.91    0   658.98   658.01
    4  4    193.37    191.45    51.48    6.22    663.83    668.41    0   664.86   670.69
    5  3    199.54    190.36    51.76    9.55    682.43    677.83    0   685.8   678.95
    6  1    199.99    197.3    51.19    4.05    673.22    671.97    0.048   680.4   673.37
    1  3    191.94    195.88    51.12    10.93    671.46    672.94    0   676.22   675.91
    2  1    189.39    186.26    48.62    14.4    657.78    660.2    0.074   673.53   661.74
    3  1    190.85    187.83    49.28    5.2    654.85    654.71    0   656.74   657.29
    4  4    183.75    190.65    50.14    9.38    665.45    666.73    0.3285   672.55   675.1
    5  3    194.71    196.96    51.72    7.29    679.2    676.49    0   679.51   679.85
    6  1    200.37    199.55    50.05    20.8    671.39    668.96    0   677.67   671.67
     1 1    193.6    195.53    51.5    2.31    678.03    671.97    0.0978   689.49   680.5
     2 2    194.82    188.41    49.5    11.03    657.15    654.96    0.2355   669.64   656.86
     3 4    192.58    183.83    50.53    5.31    662.2    655.31    0   663.46   658.8
     4 2    183.44    191.48    50.42    10.59    670.99    667.98    0   673.94   668.06
     5 2    194.72    197.5    50.53    11.06    678.94    676.81    0   680.95   677.7
     6 2    188.37    189.43    51.1    5.21    674.74    676.3    0   674.81   679.45
     1 1    199.45    194.15    50.8    5.12    674.57    675.23    0   675.37   678.52
     2 2    185.52    185.9    48.97    13.95    658.33    654.52    0   662.09   656.8
     3 4    182.91    192.08    49.49    5.32    654.78    658.21    0   658.89   661.36
     4 2    194.92    195.16    51.29    15.82    663.32    662.59    0   666.34   667.33
     5 2    199.67    195.3    52.01    11.73    678.16    678.78    0   679.77   680.05
     6 2    201.05    190.0    51.78    9.24    676.38    667.81    0   676.92   674.08
     1 3    200.87    191.43    51.22    8.11    674.97    672.65    0   676.01   674.11
     2 1    192.08    194.84    49.51    2.86    661.91    655.41    0   663.49   657.26
     3 1    183.46    189.66    50.6    4.24    651.72    657.12    0   652.55   661.23
     4 4    197.23    193.53    52.33    15.48    664.74    666.11    0   666.96   667.14
     5 3    194.98    189.94    51.12    10.68    677.05    678.26    0   678.38   679.05
     6 1    202.84    186.31    50.14    5.93    674.35    666.83    0   676.65   669.25
     1 2    189.65    194.16    50.8    5.12    674.13    681.6    0   676.35   680.85
     2 4    190.42    189.85    49.13    7.2    655.51    658.04    0   659.58   659.4
     3 3    187.83    182.94    49.46    8.08    655.86    656.63    0   656.97   658.17
     4 1    191.51    191.86    50.89    7.93    664.91    668.13    0   664.85   669.13
     5 4    188.45    195.79    50.47    12.19    681.77    679.36    0   681.5   681.0
     6 3    192.15    197.56    51.5    8.35    675.22    674.28    0   677.01   677.92
     1 2    189.86    195.51    51.12    5.05    672.0    672.36    0   673.52   673.29
     2 4    186.6    187.04    50.07    5.07    654.79    651.32    0   658.58   651.38
     3 3    197.04    183.03    49.92    9.67    652.69    653.4    0   654.39   655.31
     4 1    190.32    192.78    52.22    12.49    663.0    664.32    0   664.8   665.21
     5 4    185.35    194.09    51.8    8.9    673.44    675.98    0   676.41   680.08
     6 3    192.14    195.38    52.04    11.69    674.35    669.33    0   674.94   672.92
     1 1    195.44    186.9    51.26    9.21    681.91    676.76    0   683.65   677.56
     2 2    193.9    190.07    48.83    3.96    659.9    659.07    0   663.37   660.95
     3 4    184.23    186.26    50.04    28.83    662.95    656.48    0   664.31   658.28
     4 2    194.05    191.45    50.91    7.7    668.39    664.83    0   670.58   665.44
     5 2    199.99    198.65    51.55    5.29    678.0    679.15    0.3786   678.98   684.11
     6 2    200.8    190.71    50.94    4.79    674.96    674.75    0.6956   677.19   683.25
     1 1    195.95    195.22    50.06    8.72    671.94    672.25    0   673.24   674.28
     2 2    185.85    190.83    48.93    6.82    656.64    651.43    0   660.61   653.17
     3 4    185.57    188.56    49.79    8.24    651.21    655.42    0   652.32   658.65
     4 2    193.14    194.97    51.9    15.49    663.71    662.28    0   663.22   663.92
     5 2    198.37    196.27    51.84    19.82    672.81    677.59    0   673.76   680.84
     6 2    199.72    191.96    51.29    7.67    674.81    667.53    0   677.03   670.42
     1 3    192.86    197.49    51.28    9.9    675.01    673.21    0.0384   683.56   673.51
     2 1    188.93    183.01    48.82    8.36    664.0    657.34    0   665.26   658.12
     3 1    188.19    180.18    49.44    9.37    655.32    659.39    0   657.46   664.02
     4 4    184.5    191.63    49.69    8.26    664.74    667.96    0   665.87   669.84
     5 3    195.3    196.98    51.84    11.93    675.35    680.16    0   675.1   681.84
     6 1    196.77    196.42    50.77    5.5    674.07    670.2    0   674.22   670.0
     1 1    195.19    195.98    51.91    31.16    670.22    674.41    0   671.87   674.48
     2 2    193.2    188.64    50.22    5.37    652.37    655.5    0   653.89   655.97
     3 4    190.79    187.68    51.01    4.77    653.98    655.61    0   654.04   659.12
     4 2    186.55    199.32    50.92    4.79    663.92    664.5    0   663.21   665.39
     5 2    191.82    193.39    51.23    6.12    676.45    674.94    0   675.86   676.26
     6 2    193.55    198.77    51.04    5.4    675.56    672.9    0   678.15   675.14
     1 2    190.93    190.7    50.75    23.84    676.19    673.38    0   675.53   674.43
     2 4    191.2    190.56    49.83    7.86    658.97    653.29    0   660.83   655.07
     3 3    188.23    184.73    49.52    3.52    653.98    657.89    0   656.25   661.59
     4 1    190.63    193.23    51.24    8.02    666.96    663.86    0   666.05   665.8
     5 4    188.65    194.45    51.15    6.21    676.72    681.89    0   678.34   682.31
     6 3    192.71    195.27    51.43    10.8    677.73    669.37    0   678.44   671.52
     1 1    190.93    195.38    51.31    5.62    675.21    671.17    0   675.97   672.97
     2 2    194.22    185.73    49.75    13.83    660.17    656.14    0   659.29   657.94
     3 4    190.99    185.58    51.04    5.76    653.94    654.23    0   655.56   658.35
     4 2    175.4    189.7    50.81    9.12    664.33    662.31    0   667.49   663.76
     5 2    183.51    186.48    50.38    45.89    676.97    677.84    0   678.77   678.08
     6 2    183.02    178.25    50.33    8.31    672.36    664.91    0   676.63   665.55
     1 2    186.16    192.63    50.98    6.09    680.39    675.21    0   680.02   678.64
     2 4    192.38    191.72    49.3    7.79    657.49    656.09    0.0931   668.44   656.69
     3 3    187.74    183.54    49.29    13.59    658.9    653.99    0   658.97   654.31
     4 1    189.28    193.04    50.95    5.38    665.82    661.67    0   666.58   665.05
     5 4    191.7    197.04    50.6    17.11    677.95    677.91    0   680.52   680.42
     6 3    193.46    195.7    51.5    4.56    672.94    675.23    0   677.93   677.11
     1 4    195.39    199.76    50.86    6.02    676.38    675.29    0   677.38   675.96
     2 3    187.4    177.45    49.39    9.5    659.0    651.88    0   660.22   653.08
     3 2    196.04    188.56    51.51    33.01    655.09    659.98    0   658.15   661.36
     4 3    197.37    196.29    51.77    13.1    667.3    666.82    0   667.46   670.65
     5 1    193.58    199.81    51.63    6.45    673.83    679.56    0   676.67   683.37
     6 4    183.57    203.17    50.21    9.62    677.38    672.77    0   679.5   673.36
     1 4    198.35    199.15    52.43    14.11    676.81    684.0    0   677.12   687.44
     2 3    186.39    190.38    50.32    7.55    657.81    658.79    0   664.4   659.76
     3 2    178.81    191.79    50.44    9.04    656.41    658.77    0   662.27   660.62
     4 3    195.74    185.98    51.02    7.53    662.74    666.95    0   662.48   670.49
     5 1    197.47    189.75    51.79    6.1    682.4    677.9    0   686.89   680.89
     6 4    200.8    196.68    50.63    103.81    678.74    672.03    0   679.63   672.27
     1 2    188.85    190.39    50.39    6.97    679.24    671.53    0.1592   685.33   688.83
     2 4    191.34    189.53    49.33    7.38    658.88    656.61    0   660.91   656.71
     3 3    188.73    183.8    49.86    7.0    659.97    652.57    0   662.04   654.0
     4 1    191.6    193.35    51.2    9.75    667.42    665.39    0   668.08   667.45
     5 4    187.5    194.44    50.3    16.95    678.01    680.0    0   680.0   680.0
     6 3    193.55    195.35    51.28    5.23    674.88    674.88    0   676.11   680.55
     1 1    200.4    191.18    51.39    1.95    668.62    671.83    0   673.01   672.23
     2 2    193.73    191.65    49.62    5.58    656.14    657.0    0   657.99   658.33
     3 4    185.14    185.51    49.75    4.97    653.89    651.28    0   654.5   652.7
     4 2    190.61    194.15    52.97    11.65    660.82    664.65    0   660.92   665.07
     5 2    195.69    196.16    54.04    12.78    678.03    673.44    0   681.8   674.09
     6 2    194.86    192.92    53.14    20.26    669.24    665.92    0   669.33   666.81
     1 4    187.84    198.74    50.3    6.6    672.95    675.62    0   673.24   676.52
     2 3    192.38    182.99    49.8    13.63    655.56    657.9    0.9539   656.59   664.04
     3 2    191.68    192.13    51.37    4.38    657.15    655.84    0   657.86   656.7
     4 3    191.56    195.72    51.76    5.42    664.77    667.46    0   667.26   670.42
     5 1    194.48    201.21    52.05    11.04    678.61    676.16    0   681.12   675.99
     6 4    189.72    196.11    50.1    5.79    676.32    674.63    0   675.97   675.81
     1 3    191.99    197.32    51.12    11.15    673.42    672.82    0.0418   681.81   675.53
     2 1    191.04    186.84    48.3    14.89    655.73    652.17    0   657.82   652.63
     3 1    190.11    183.62    50.83    66.66    652.58    653.3    0   654.62   653.6
     4 4    184.27    191.4    50.48    9.82    660.55    661.2    0   663.29   662.78
     5 3    193.38    198.41    52.22    6.03    674.11    677.63    0   675.16   679.49
     6 1    195.79    196.55    51.45    13.45    674.44    667.95    0   677.54   669.25
     1 3    193.91    195.81    51.24    3.91    672.48    674.26    0   673.54   675.47
     2 1    189.3    184.78    48.85    5.74    658.2    659.41    0   660.28   659.23
     3 1    193.79    192.63    48.94    9.46    654.14    654.19    0   655.78   653.79
     4 4    185.18    192.05    49.98    8.08    664.27    666.7    0   665.63   668.02
     5 3    194.51    197.84    51.62    3.93    677.16    676.61    0   681.93   677.81
     6 1    202.93    199.76    50.67    9.64    671.23    669.23    0.034   673.06   678.62
     1 1    199.06    191.72    50.53    11.69    679.83    675.06    0   681.78   676.49
     2 2    186.88    191.54    49.97    5.82    659.41    655.9    0   659.6   658.4
     3 4    186.98    190.71    49.93    10.32    661.35    657.83    0   663.65   660.28
     4 2    194.74    196.82    51.78    7.99    668.9    667.29    0.3202   670.19   676.94
     5 2    200.64    194.52    52.37    26.69    678.04    678.66    0   677.67   680.07
     6 2    200.16    193.58    51.64    10.59    673.08    674.5    0   673.93   675.8
     1 2    192.0    196.87    50.76    11.11    673.61    675.48    0   675.42   679.14
     2 4    191.36    189.22    49.71    6.79    652.12    654.56    0   653.38   656.52
     3 3    190.78    194.25    49.83    8.27    656.78    656.39    0   658.23   657.56
     4 1    191.84    195.45    52.76    161.41    666.12    667.61    0   668.5   671.94
     5 4    188.76    201.7    51.3    4.99    680.86    675.7    0   681.62   677.55
     6 3    197.47    196.21    51.96    10.0    673.34    671.94    0   676.81   673.93
     1 4    198.49    193.83    51.48    8.72    681.39    677.76    0   683.03   677.61
     2 3    188.77    192.67    49.98    6.44    656.94    658.56    0   659.48   660.23
     3 2    184.45    190.24    50.08    10.93    662.67    656.33    0   664.19   658.3
     4 3    190.35    179.28    50.91    26.12    667.84    663.33    0.7086   676.74   666.17
     5 1    198.34    189.2    51.65    10.34    679.84    680.48    0   681.26   681.59
     6 4    196.58    192.68    51.6    12.58    677.73    678.63    0   681.33   682.97
     1 4    195.45    193.5    51.24    3.11    673.01    674.07    0   673.02   676.71
     2 3    189.0    191.45    50.07    11.25    656.3    654.88    0   659.06   658.12
     3 2    178.76    191.64    49.16    6.94    656.92    653.87    0   658.5   655.4
     4 3    188.28    185.28    50.35    6.57    667.64    667.33    0.0579   677.99   668.69
     5 1    199.97    202.59    50.51    10.36    679.77    677.69    0   680.73   677.76
     6 4    199.07    190.55    51.21    7.06    675.7    672.4    0   677.38   675.51
     1 2    187.15    197.2    51.25    6.18    672.13    666.01    0.0593   673.3   675.02
     2 4    193.5    190.33    50.47    8.44    657.82    655.23    0   658.69   658.25
     3 3    196.24    186.93    49.82    6.82    653.01    650.9    0   656.04   652.05
     4 1    186.62    193.24    52.91    13.85    662.76    659.99    0   663.74   661.38
     5 4    191.29    201.98    51.5    4.56    674.83    676.57    0   677.14   680.82
     6 3    192.07    196.13    52.2    9.23    666.93    668.85    0   667.92   669.97
     1 3    192.84    197.41    51.43    6.13    672.86    671.78    0   673.96   672.73
     2 1    188.04    183.2    47.97    7.46    657.73    652.19    0.1323   675.06   653.21
     3 1    185.87    180.5    49.02    5.13    654.46    657.98    0   656.97   660.07
     4 4    183.55    191.87    50.48    4.94    664.05    666.89    0   668.9   667.7
     5 3    193.94    197.22    51.48    14.28    675.56    680.57    0   675.78   682.34
     6 1    194.83    194.75    51.3    11.59    677.73    670.06    0   678.8   671.32
     1 4    186.17    197.67    50.76    6.96    672.55    676.82    0   672.68   678.76
     2 3    188.58    179.92    49.88    12.45    656.87    659.78    0   657.16   661.66
     3 2    190.5    189.42    51.09    5.24    653.98    653.99    0   655.89   657.06
     4 3    190.25    196.89    51.76    5.17    661.6    665.93    0   664.11   666.99
     5 1    192.94    202.07    53.24    60.3    678.91    674.97    0   680.0   676.06
     6 4    184.55    197.29    50.83    7.33    672.97    669.94    0   674.12   670.83
     1 3    193.87    195.56    51.13    7.14    675.52    672.75    0   676.23   672.17
     2 1    192.24    184.95    48.46    10.37    658.08    657.72    0.1634   658.23   664.03
     3 1    185.29    177.19    48.99    9.61    656.27    651.66    0   658.1   652.07
     4 4    183.55    187.73    50.45    4.5    668.64    665.45    0   671.0   666.47
     5 3    195.96    198.96    51.69    6.57    679.47    681.2    0   680.14   684.55
     6 1    194.85    194.75    50.53    9.58    671.1    670.26    0   673.4   671.05
     1 2    192.75    197.5    50.21    13.1    672.59    675.13    0   674.6   676.74
     2 4    191.49    192.41    49.79    13.1    653.53    654.77    0   655.12   655.37
     3 3    192.25    188.63    49.82    10.78    653.15    655.88    0   654.19   655.67
     4 1    192.43    196.17    51.45    7.44    662.19    664.27    0.0979   677.29   665.07
     5 4    188.29    200.63    51.03    8.92    676.83    674.2    0   676.32   676.52
     6 3    194.51    197.84    51.18    10.6    673.19    671.03    0   674.75   671.99
     1 3    196.64    187.5    51.2    6.61    672.02    675.53    0   673.02   677.99
     2 1    189.4    196.44    50.11    12.01    655.07    657.3    0   656.99   659.77
     3 1    191.4    191.86    54.17    36.77    655.6    657.38    0   656.93   657.52
     4 4    197.04    189.36    53.9    53.47    665.78    669.04    0   666.9   670.3
     5 3    196.82    183.79    52.24    15.77    680.75    675.05    0   685.38   676.1
     6 1    199.4    189.72    51.93    9.18    677.79    676.04    0   679.6   678.17
     1 3    198.57    197.63    51.5    6.56    678.01    678.82    0.0924   678.37   702.32
     2 1    189.76    183.18    48.11    14.42    662.07    656.66    0   665.21   657.31
     3 1    185.39    178.25    49.8    9.15    656.54    661.25    0   657.39   663.17
     4 4    188.84    188.72    49.07    21.49    664.54    665.93    0   667.16   667.38
     5 3    196.61    196.35    51.48    4.45    680.17    683.89    0.6779   683.07   688.29
     6 1    194.39    195.87    51.13    10.89    677.52    669.54    0   679.27   672.53
     1 1    198.05    186.71    51.05    6.16    670.31    672.65    0   671.28   674.23
     2 2    179.35    193.24    49.51    5.49    652.73    654.24    0   654.84   655.39
     3 4    194.24    192.15    49.95    5.77    654.22    654.45    0   656.2   653.96
     4 2    194.31    191.75    52.23    12.57    661.04    664.24    0   661.89   666.8
     5 2    199.25    193.33    52.22    6.78    676.74    673.79    0   677.85   674.88
     6 2    198.05    195.25    52.32    5.92    670.36    669.49    0   674.16   670.07
     1 1    195.38    195.62    51.67    8.53    673.85    672.92    0.1659   681.48   673.82
     2 2    195.63    186.42    50.04    11.1    663.69    657.4    0   664.7   661.54
     3 4    192.48    188.61    50.09    10.08    654.87    658.6    0   657.17   661.36
     4 2    183.16    192.85    50.01    10.62    665.96    665.99    0   666.29   668.03
     5 2    188.3    193.7    50.68    4.63    677.48    679.36    0   676.54   679.3
     6 2    189.69    188.75    50.33    2.23    676.13    668.25    0   676.07   668.17
     1 1    194.36    199.06    51.65    20.88    674.98    670.12    0.1561   678.11   680.99
     2 2    194.14    188.37    49.38    4.63    655.41    653.3    0.1364   654.25   672.02
     3 4    192.73    186.29    50.59    11.1    658.05    654.02    0   661.9   654.18
     4 2    186.58    193.58    50.04    9.75    667.82    664.3    0   668.35   666.71
     5 2    192.53    195.32    50.83    4.43    675.85    677.01    0   676.35   680.45
     6 2    189.16    191.27    50.21    7.12    673.56    673.0    0   675.69   673.74
     1 1    193.59    196.84    51.07    10.03    675.24    674.2    0   677.59   679.28
     2 2    195.18    192.96    49.52    7.86    655.37    654.71    0   655.79   655.35
     3 4    192.82    185.62    50.41    5.19    656.6    652.84    0   657.84   653.96
     4 2    183.84    189.3    49.91    7.06    666.55    662.87    0   665.74   664.63
     5 2    198.07    198.11    50.65    8.23    676.28    676.89    0   678.4   678.07
     6 2    186.92    190.83    50.45    13.67    673.26    673.02    0.0671   692.62   674.69
     1 1    195.26    189.43    51.1    4.71    674.61    679.29    0   674.83   679.66
     2 2    182.26    187.37    49.12    10.58    658.85    662.05    0   659.37   662.14
     3 4    191.22    189.84    49.65    21.28    655.55    655.86    0   657.02   657.66
     4 2    194.51    191.64    51.58    3.38    666.33    669.95    0   666.83   671.01
     5 2    199.0    193.0    51.79    9.34    680.35    678.84    0   681.3   679.74
     6 2    201.17    196.39    51.12    5.05    674.25    668.8    0   679.48   671.07
     1 4    196.82    194.78    50.71    6.3    673.58    675.88    0   675.09   678.76
     2 3    187.36    179.52    49.1    6.04    659.63    654.81    0   659.82   657.05
     3 2    191.65    188.3    50.39    3.91    651.16    655.78    0   652.03   658.73
     4 3    193.35    198.0    51.15    8.69    659.93    666.3    0   663.51   667.92
     5 1    194.84    199.07    51.5    4.56    675.11    676.52    0   676.23   677.39
     6 4    181.93    193.74    49.89    7.57    675.17    666.71    0   677.2   666.94
     1 2    187.8    196.34    51.11    7.21    671.35    671.97    0   672.49   672.0
     2 4    192.51    191.82    49.65    12.71    652.56    653.1    0   652.68   654.26
     3 3    198.25    185.3    50.23    5.56    653.77    653.73    0   655.48   658.31
     4 1    191.2    192.08    52.34    12.49    662.01    664.14    0   667.57   665.07
     5 4    193.06    199.9    51.67    6.6    674.23    672.39    0   674.09   674.29
     6 3    194.56    198.83    52.19    10.24    673.21    671.99    0   674.45   672.28
     1 3    193.17    189.65    51.72    11.05    675.61    679.43    0   678.3   681.49
     2 1    194.04    192.79    49.44    3.12    655.74    657.85    0   657.36   658.54
     3 1    188.74    190.15    50.46    9.14    657.57    654.78    0   659.19   657.09
     4 4    193.45    187.93    51.75    11.6    661.47    665.88    0   663.9   667.28
     5 3    193.53    190.0    51.1    7.37    681.01    675.91    0   680.88   681.99
     6 1    197.56    188.61    50.59    11.57    675.05    671.85    0   676.61   672.35
     1 1    191.73    185.26    49.83    6.86    673.55    672.92    0   674.64   674.96
     2 2    195.63    190.79    48.85    8.79    657.05    654.72    0   658.95   654.81
     3 4    184.28    186.18    49.3    13.67    656.06    651.92    0   657.85   652.6
     4 2    193.68    192.06    51.56    14.16    667.07    664.46    0   667.66   665.8
     5 2    200.35    201.02    51.94    10.51    675.97    675.89    0.0586   674.95   686.77
     6 2    199.21    191.65    51.33    10.4    672.56    672.14    0.2738   680.16   674.03
     1 3    193.74    185.94    50.46    12.56    672.47    672.16    0   673.87   672.99
     2 1    190.64    193.74    49.58    7.16    660.7    656.47    0   661.42   659.58
     3 1    187.86    190.17    50.13    8.59    653.25    656.54    0   655.44   660.66
     4 4    195.74    190.4    50.92    5.92    664.82    665.25    0.2462   672.34   667.28
     5 3    193.52    186.68    52.01    278.45    676.42    680.74    0   676.97   681.44
     6 1    195.09    187.64    49.83    7.86    672.89    668.33    0   673.83   669.25
     1 1    194.47    184.92    49.75    4.97    672.28    677.15    0   673.8   679.18
     2 2    184.52    185.06    48.59    3.08    655.83    658.6    0   657.17   660.68
     3 4    200.57    190.52    49.74    5.54    656.62    655.96    0   659.02   658.03
     4 2    193.85    192.96    51.27    7.38    665.07    671.96    0   665.03   673.32
     5 2    198.34    192.46    51.69    7.06    680.62    675.83    0.1798   681.85   680.08
     6 2    201.78    202.82    51.5    4.56    677.4    673.21    0   679.66   673.07
     1 3    192.87    198.51    51.09    5.02    670.97    676.2    0   671.05   677.04
     2 1    189.83    182.55    48.31    13.75    655.49    655.3    0.1099   675.39   655.56
     3 1    189.54    179.89    49.19    7.55    654.93    656.19    0   654.38   656.29
     4 4    185.93    189.55    50.12    10.37    662.18    667.18    0   664.97   667.24
     5 3    194.03    197.41    51.67    7.01    680.93    676.29    0   685.15   676.65
     6 1    196.42    198.46    51.02    7.13    674.81    670.7    0   675.3   669.76
     1 1    193.44    198.78    51.51    7.23    674.37    673.6    0.0489   674.89   683.87
     2 2    194.45    185.01    50.05    16.02    663.55    654.3    0   664.98   656.01
     3 4    193.46    183.97    51.01    7.27    652.83    656.81    0   654.72   659.47
     4 2    187.36    197.08    50.46    21.13    667.38    665.5    0   668.45   667.41
     5 2    185.28    195.41    50.92    5.92    677.67    681.78    0   681.98   682.5
     6 2    191.3    193.16    50.49    4.43    676.76    666.61    0   680.01   667.84
     1 3    193.1    196.27    51.48    10.16    676.08    674.82    0.0708   676.68   695.48
     2 1    190.94    183.91    48.42    10.94    658.36    652.99    0   664.37   654.35
     3 1    188.52    177.01    49.67    10.0    654.37    655.2    0.1217   656.21   661.13
     4 4    181.84    191.71    49.98    6.33    664.03    664.67    0   665.72   665.53
     5 3    193.44    197.61    51.49    6.4    676.98    678.09    0   676.85   679.77
     6 1    197.04    196.15    51.07    4.53    676.12    670.53    0   677.0   671.02
     1 3    193.02    184.99    50.6    9.1    676.73    673.28    0   677.3   673.75
     2 1    193.55    196.34    49.35    11.09    656.91    655.24    0   658.29   656.37
     3 1    185.53    189.83    50.71    5.05    658.84    656.04    0   661.15   660.38
     4 4    194.47    189.46    51.22    8.4    668.63    664.88    0   669.81   667.18
     5 3    201.84    193.19    50.21    9.74    678.38    680.97    0   679.28   682.82
     6 1    196.07    185.05    50.16    8.46    677.31    675.1    0.0631   685.49   681.35
     1 1    194.4    197.91    51.41    4.59    677.87    677.59    0   679.11   678.77
     2 2    195.56    192.14    49.65    7.09    659.85    657.56    0   664.58   659.1
     3 4    192.33    186.19    50.45    8.94    659.83    654.83    0   659.53   657.13
     4 2    181.06    188.73    50.12    9.63    665.21    661.42    0   666.85   662.93
     5 2    199.58    197.28    50.92    4.17    677.31    677.08    0   680.78   678.58
     6 2    189.0    187.9    50.45    4.11    672.7    672.71    0   672.87   674.06
