 1      4  189.24  195.33  51.92  10.53  673.1  669.82  0 675.4 671.43
 2      3  192.77  192.54  51.04  32.29  661.95  659.17  0 661.09 658.97
 3      2  189.48  173.2  49.86  7.51  657.25  654.57  0 660.39 657.5
 4      3  189.4  186.39  50.43  40.17  665.03  667.4  0 668.75 670.48
 5      1  194.06  198.49  50.83  22.76  677.82  679.25  0 680.25 682.25
 6      4  190.6  194.82  51.18  9.32  668.83  669.76  0 672.64 673.16
 1      4  195.51  196.45  51.27  3.71  672.02  675.02  14 672.0 684.02
 2      3  187.42  190.18  49.56  2.65  654.72  656.45  18 658.1 672.5
 3      2  191.11  182.45  49.28  6.54  655.58  653.89  0 656.06 657.56
 4      3  191.11  185.74  49.77  5.81  664.11  669.19  0 664.92 670.25
 5      1  195.04  189.85  50.28  13.29  679.0  674.09  0 680.46 675.75
 6      4  196.1  198.34  51.18  3.6  674.85  672.79  0 675.86 672.89
 1      4  194.46  197.52  51.36  2.32  678.95  674.22  0 678.66 674.38
 2      3  197.47  190.79  49.91  11.41  658.07  655.45  0 658.83 658.3
 3      2  190.62  179.95  48.97  8.61  659.74  654.62  0 661.04 655.13
 4      3  191.35  184.74  49.92  5.91  668.54  663.03  0 670.04 666.42
 5      1  199.44  206.73  50.96  7.53  677.25  676.85  0 678.51 681.06
 6      4  193.16  196.59  50.99  11.7  672.07  674.99  0 672.86 676.82
 1      1  198.71  191.5  50.67  8.32  676.5  670.47  0 676.31 671.33
 2      2  192.83  191.58  49.24  6.66  656.38  655.61  0 657.73 657.39
 3      4  193.75  186.43  49.77  7.89  654.54  655.02  0 657.12 656.39
 4      2  195.08  197.68  51.11  8.09  667.78  663.84  0 668.9 665.85
 5      2  198.52  200.09  51.96  24.28  677.89  678.63  0 678.61 678.31
 6      2  193.9  201.48  51.62  19.82  671.57  669.63  0 674.0 671.64
 1      1  194.33  191.43  51.34  7.34  674.8  674.17  0 676.75 675.63
 2      2  186.71  177.71  49.34  3.49  658.06  653.34  0 660.65 658.72
 3      4  190.96  184.16  50.62  4.25  655.13  657.48  0 656.95 658.2
 4      2  198.11  194.28  52.06  18.27  663.73  665.68  0 663.26 665.87
 5      2  190.93  198.57  52.23  22.98  674.9  678.4  0 676.47 680.84
 6      2  189.42  200.91  52.33  13.74  676.64  668.37  0 679.13 672.48
 1      2  186.59  199.2  52.57  19.05  670.58  673.64  0 671.51 674.83
 2      4  189.52  185.86  49.18  7.44  653.33  655.06  0 654.56 658.83
 3      3  195.07  192.62  53.23  18.44  654.2  653.3  60 653.96 661.77
 4      1  196.15  182.39  50.74  5.24  661.14  667.59  0 661.17 668.71
 5      4  198.57  193.18  53.32  56.41  676.31  675.04  0 678.6 676.5
 6      3  200.26  196.67  51.49  7.15  673.59  670.84  206 680.7 670.88
 1      4  196.16  201.15  52.43  23.62  673.44  676.75  0 674.65 677.97
 2      3  189.81  193.0  49.61  4.21  654.66  655.28  99 656.74 664.97
 3      2  193.32  175.32  49.71  5.73  656.4  654.18  0 657.41 654.61
 4      3  195.92  178.05  49.96  8.01  661.08  664.19  0 662.32 666.06
 5      1  199.89  187.62  51.01  6.64  675.43  673.97  0 675.72 675.11
 6      4  193.8  197.68  51.48  23.62  671.93  671.49  0 672.66 673.41
 1      1  198.23  197.71  53.33  13.64  672.75  669.95  0 673.74 670.64
 2      2  193.39  192.47  50.77  7.01  654.47  653.32  0 657.05 654.43
 3      4  191.59  190.96  54.52  22.2  655.31  651.61  0 655.91 652.6
 4      2  197.95  188.2  51.12  6.05  663.61  662.89  0 664.74 667.61
 5      2  198.98  200.91  51.44  7.25  675.89  676.05  0 675.89 676.7
 6      2  193.8  193.72  50.98  8.11  671.09  669.25  0 671.71 670.62
 1      3  190.37  199.06  51.66  10.11  677.72  672.96  0 678.56 675.6
 2      1  200.47  193.96  49.17  5.48  664.11  660.32  92 677.67 660.93
 3      1  188.89  180.24  48.85  10.93  659.09  653.8  155 660.37 663.05
 4      4  195.71  178.09  49.83  9.86  666.65  665.8  0 670.19 668.48
 5      3  201.6  198.14  51.64  10.6  679.39  678.25  0 679.51 682.58
 6      1  196.04  197.03  50.61  16.05  669.18  672.2  0 670.59 673.79
1      2  192.07  199.4  53.29  326.27  668.92  672.47  0 670.48 674.41
2      4  190.5  182.89  49.24  6.75  652.62  653.76  0 654.91 655.12
3      3  192.68  194.62  51.71  8.56  654.06  653.91  0 654.79 657.95
4      1  200.27  181.57  51.19  7.67  662.98  665.98  0 665.28 666.61
5      4  196.29  199.38  52.67  19.68  675.4  674.87  0 677.53 677.01
6      3  198.53  191.84  50.53  17.5  673.5  673.48  0 675.29 675.09
1      3  193.82  197.27  51.5  2.31  676.62  673.79  0 678.0 674.84
2      1  188.26  183.93  48.85  6.54  657.65  656.58  0 662.47 662.39
3      1  187.39  178.0  49.98  10.23  658.9  652.77  22 665.52 653.86
4      4  189.14  183.45  50.61  13.01  667.83  666.27  24 669.47 681.23
5      3  195.24  196.18  51.84  7.3  677.13  676.37  0 680.8 677.29
6      1  196.85  195.15  50.81  9.37  676.01  673.82  0 677.83 679.6
1      2  191.92  200.55  51.37  6.62  674.91  674.73  0 675.19 678.32
2      4  190.82  183.56  48.35  6.89  661.41  658.49  0 662.34 659.93
3      3  185.95  194.44  50.3  8.18  655.08  657.84  0 655.89 656.43
4      1  193.48  182.54  49.79  13.4  667.13  666.49  0 667.67 668.96
5      4  196.65  197.52  51.78  5.24  678.28  683.44  57 683.69 688.59
6      3  192.97  182.06  50.33  2.23  676.29  667.13  0 678.55 673.41
1      4  197.86  198.45  50.24  7.13  676.17  674.79  0 680.17 675.73
2      3  186.27  178.73  49.34  5.0  659.95  654.08  0 663.75 657.38
3      2  191.5  191.64  50.59  5.69  655.07  657.49  0 655.26 657.15
4      3  196.52  196.66  51.28  6.9  664.84  666.58  0 665.06 667.05
5      1  195.09  198.77  51.24  9.43  675.38  678.41  0 676.21 680.38
6      4  191.1  184.62  50.24  6.63  675.66  669.22  0 676.48 672.03
1      2  194.2  198.33  51.17  5.49  671.99  675.69  0 672.1 674.2
2      4  190.8  182.98  48.51  11.11  653.15  654.91  0 654.21 656.61
3      3  196.47  196.56  50.38  12.81  655.17  655.04  0 656.04 655.38
4      1  191.42  185.92  50.23  8.12  664.02  670.83  0 664.24 671.4
5      4  194.78  199.52  51.42  14.76  679.13  673.72  0 682.91 674.94
6      3  200.56  197.37  50.24  3.38  673.99  673.48  3 674.08 679.11
1      3  191.78  187.74  50.74  6.79  677.31  680.07  0 679.64 681.58
2      1  191.14  191.53  49.49  5.1  658.62  658.13  0 662.69 658.19
3      1  192.28  191.55  49.95  20.06  657.61  656.74  0 659.42 656.54
4      4  189.1  192.84  51.51  10.51  664.14  664.37  0 666.19 665.23
5      3  193.52  187.19  50.98  8.11  680.38  682.21  0 682.88 681.56
6      1  203.52  197.54  49.65  6.34  678.81  675.35  0 683.94 676.05
1      2  197.43  180.93  51.22  6.15  673.14  673.05  0 673.39 673.27
2      4  189.03  192.38  49.43  19.82  652.67  655.15  0 654.84 655.55
3      3  193.69  183.42  49.92  6.67  652.15  657.01  0 653.2 656.77
4      1  190.32  196.92  52.22  53.03  661.18  667.85  0 662.37 670.31
5      4  192.81  179.92  50.89  9.31  676.28  673.48  0 676.82 676.03
6      3  195.49  195.57  52.5  22.97  674.18  668.45  0 677.0 670.2
1      1  193.7  199.94  51.55  9.67  673.49  674.27  0 679.3 676.47
2      2  187.34  195.61  50.1  9.14  662.53  656.56  0 664.02 657.72
3      4  185.74  192.78  50.96  11.86  653.69  658.35  35 673.51 659.56
4      2  197.65  185.54  50.77  4.26  665.15  667.76  0 667.01 669.09
5      2  196.35  192.32  51.07  8.61  676.41  680.88  10 679.14 687.31
6      2  193.63  190.16  50.8  6.01  672.01  666.57  0 673.91 667.89
1      2  189.56  187.27  50.32  12.04  672.63  675.93  0 677.17 675.64
2      4  190.46  188.66  49.31  10.38  653.88  656.11  37 660.41 658.21
3      3  186.72  186.11  49.45  10.68  656.74  656.35  0 658.49 657.0
4      1  190.85  193.55  50.83  5.59  663.55  668.96  0 663.28 671.51
5      4  192.6  189.5  50.65  7.1  682.35  677.84  34 690.05 679.14
6      3  193.3  194.93  51.6  8.34  676.9  674.43  0 679.22 677.76
1      4  190.29  186.22  50.29  7.92  680.02  675.21  49 681.66 682.73
2      3  187.73  177.83  49.27  12.71  658.75  658.42  32 671.1 659.31
3      2  190.58  190.51  51.3  5.43  659.98  656.13  0 661.89 657.01
4      3  188.56  192.41  51.9  6.52  664.76  664.11  0 666.62 666.05
5      1  195.37  199.13  51.78  13.49  679.05  681.14  0 681.6 681.19
6      4  190.85  185.72  50.66  6.98  675.29  673.41  0 675.78 674.09
1      1  195.96  200.09  51.69  13.13  674.83  676.69  0 675.88 679.62
2      2  184.56  194.81  49.49  4.73  661.95  655.69  0 663.35 656.17
3      4  185.78  193.82  51.64  6.23  656.86  661.82  0 661.45 669.13
4      2  196.91  183.3  51.17  9.62  668.15  668.25  0 669.09 670.06
5      2  194.41  181.47  51.34  16.88  678.99  683.05  354 679.51 691.63
6      2  190.69  192.19  50.88  9.55  678.37  666.95  0 680.12 670.04
1      3  193.88  186.81  50.24  8.3  678.94  675.11  115 686.96 675.47
2      1  190.69  195.12  49.35  9.11  656.08  657.04  110 664.08 658.95
3      1  189.85  190.57  50.51  7.79  660.27  654.42  99 665.76 655.38
4      4  190.05  195.4  51.15  7.73  667.61  664.55  0 670.74 666.11
5      3  195.72  188.62  50.99  8.23  676.96  677.92  0 675.65 677.58
6      1  196.09  186.9  50.03  7.87  671.87  676.91  0 673.9 678.93
1      3  198.29  196.92  51.79  10.09  669.96  671.83  0 671.47 674.61
2      1  192.21  185.32  48.24  4.79  654.75  650.96  149 658.8 655.98
3      1  189.4  180.86  49.77  5.81  650.98  655.77  0 654.25 657.21
4      4  193.35  194.52  51.01  12.19  663.64  663.05  0 664.88 663.86
5      3  193.5  197.97  51.72  5.05  671.47  677.44  0 675.0 678.8
6      1  194.45  197.62  51.03  7.56  673.21  668.95  0 677.41 669.18
1      2  198.73  199.55  52.06  12.41  675.44  676.16  0 676.64 677.66
2      4  196.49  178.12  48.83  13.54  656.57  652.75  0 661.96 654.63
3      3  190.47  195.7  51.13  4.77  652.75  654.42  0 654.76 656.03
4      1  194.93  194.12  49.77  8.89  661.24  661.59  0 661.6 662.98
5      4  193.21  200.5  52.16  9.77  674.61  678.04  0 675.37 679.71
6      3  197.64  186.36  51.17  9.28  672.82  667.75  0 677.57 668.34
1      2  191.9  186.34  50.24  11.78  678.42  673.56  0 681.02 674.91
2      4  191.15  192.1  49.36  8.83  658.46  657.31  0 660.99 659.3
3      3  189.71  182.46  49.19  16.29  661.75  655.39  5 669.11 658.26
4      1  190.3  193.06  50.7  10.55  672.67  667.74  0 673.15 669.07
5      4  196.86  188.48  50.62  6.21  680.2  680.26  0 680.19 683.17
6      3  189.78  195.62  51.23  5.95  673.58  675.23  0 680.92 676.25
1      1  198.11  198.17  51.77  5.57  670.46  671.12  0 671.16 671.55
2      2  188.7  195.17  50.35  17.84  657.27  654.56  0 657.86 657.79
3      4  185.62  192.72  51.02  9.32  650.19  655.35  0 653.39 659.87
4      2  196.22  198.48  50.3  10.95  664.35  662.9  27 670.87 666.22
5      2  200.74  192.62  52.19  307.93  674.81  679.13  180 675.0 687.86
6      2  194.56  188.71  51.46  7.28  669.79  665.35  0 670.66 667.24
1      4  193.23  196.08  51.37  7.29  671.0  672.94  0 671.59 673.05
2      3  186.92  191.78  49.8  9.01  655.36  657.48  0 655.66 657.04
3      2  196.14  191.43  49.6  6.67  656.91  656.71  0 658.25 656.98
4      3  194.04  186.38  50.47  7.38  665.75  668.2  0 666.23 670.94
5      1  196.2  188.04  51.02  10.64  678.05  676.41  38 679.15 690.81
6      4  199.91  200.5  51.24  3.98  676.12  673.81  101 690.65 675.98
1      2  192.55  198.87  51.92  5.22  674.62  671.48  0 674.88 673.36
2      4  201.77  186.26  48.93  11.73  655.81  653.95  0 657.53 654.89
3      3  188.79  194.61  50.73  5.94  654.87  651.95  0 655.56 652.56
4      1  189.45  186.06  50.86  5.26  664.53  661.06  0 667.15 663.01
5      4  200.42  202.36  52.09  48.68  675.52  675.57  0 675.28 678.08
6      3  200.48  184.25  51.29  8.51  670.03  670.48  0 672.01 672.02
1      2  194.11  198.43  51.24  3.41  673.45  673.09  153 674.84 740.57
2      4  190.58  184.41  48.61  11.41  663.45  656.33  29 672.71 676.01
3      3  189.7  193.95  50.27  14.81  654.85  658.12  0 656.04 659.9
4      1  192.91  183.12  49.86  8.31  665.19  664.05  0 666.13 666.86
5      4  196.83  198.86  51.25  8.47  677.5  680.53  0 677.94 680.9
6      3  191.31  183.95  50.25  12.41  673.86  666.93  0 674.19 667.91
1      2  190.32  195.9  51.53  4.86  672.56  677.87  95 679.75 679.33
2      4  191.15  182.61  48.44  7.52  654.81  658.57  0 657.77 659.86
3      3  192.48  195.42  50.36  8.24  654.31  655.1  0 655.38 656.41
4      1  183.82  172.2  49.58  5.86  663.12  665.78  0 664.04 667.24
5      4  196.48  198.7  51.57  9.74  679.92  673.97  0 680.06 678.25
6      3  198.45  191.75  50.59  5.94  673.32  670.91  0 673.48 672.47
1      2  197.95  191.76  51.07  6.78  674.03  668.83  0 674.65 673.93
2      4  191.61  192.91  50.19  9.19  653.15  652.89  0 654.55 654.9
3      3  195.94  182.86  50.18  7.0  654.88  652.02  0 656.16 654.92
4      1  192.2  195.44  51.58  6.38  666.64  661.99  0 667.76 663.38
5      4  201.44  195.54  51.41  9.5  674.84  675.52  0 675.32 677.77
6      3  192.12  199.09  52.04  5.94  671.51  674.36  0 672.36 675.5
1      3  194.06  186.68  51.13  11.18  678.87  674.43  55 678.27 708.64
2      1  190.86  193.43  49.59  6.72  656.32  655.14  0 660.25 659.8
3      1  189.01  188.54  50.27  9.78  659.52  654.93  0 661.02 656.87
4      4  191.09  193.45  51.55  16.62  665.89  664.79  0 666.94 665.49
5      3  197.01  186.81  50.57  6.64  677.89  678.47  0 677.34 678.27
6      1  196.53  186.74  49.74  5.62  674.94  672.79  87 675.97 686.16
1      3  192.55  196.03  51.65  4.33  669.96  672.12  0 670.74 675.95
2      1  193.61  185.86  48.87  6.84  652.0  653.06  0 652.02 654.22
3      1  195.81  176.94  50.06  8.87  653.42  651.74  0 654.76 653.53
4      4  194.36  187.65  51.27  11.32  660.95  665.78  0 662.03 666.96
5      3  195.16  195.58  52.4  9.12  674.76  672.57  0 680.55 674.12
6      1  194.46  198.99  52.05  6.33  673.2  671.28  0 673.59 673.13
1      4  194.94  197.49  51.99  8.59  675.31  677.47  0 677.1 677.28
2      3  188.87  192.21  49.56  10.15  655.22  657.07  0 656.32 658.4
3      2  190.6  180.77  49.46  2.66  656.69  655.16  0 657.19 656.6
4      3  190.62  182.99  49.77  5.81  661.81  665.74  0 661.88 666.58
5      1  194.83  190.4  50.57  5.84  678.83  677.91  0 679.36 678.08
6      4  193.69  196.6  50.77  4.26  673.56  672.69  0 675.17 673.45
1      3  192.63  187.15  50.37  7.48  673.1  677.71  115 677.19 688.23
2      1  189.82  192.92  49.51  7.2  656.17  657.84  75 671.4 659.37
3      1  197.73  192.22  50.33  10.2  654.4  655.85  37 655.98 661.75
4      4  191.22  194.68  51.33  3.04  664.58  670.33  0 666.31 672.77
5      3  195.07  185.51  51.04  5.79  678.4  675.9  182 690.47 676.5
6      1  202.75  202.18  50.44  7.79  674.41  671.64  0 675.08 672.99
1      1  194.5  187.94  50.45  5.86  673.74  676.1  12 675.9 685.0
2      2  185.32  182.77  50.4  368.64  659.16  659.22  0 661.95 661.23
3      4  185.52  184.6  48.82  9.19  655.4  657.65  0 655.95 662.95
4      2  193.23  193.56  51.12  10.93  665.94  669.65  0 666.77 673.12
5      2  194.61  199.43  51.18  8.61  680.59  678.77  0 681.2 680.3
6      2  189.38  197.35  52.04  297.74  672.32  669.47  0 673.35 669.41
1      4  192.96  196.98  52.1  11.92  671.15  671.27  0 674.11 674.95
2      3  188.34  186.78  49.98  11.44  658.31  649.5  0 662.02 650.78
3      2  191.11  179.49  50.31  8.07  654.01  658.6  0 654.67 661.78
4      3  194.62  188.31  51.14  9.61  665.07  666.0  0 668.07 667.04
5      1  195.17  192.79  51.58  10.18  675.18  682.1  0 675.46 682.49
6      4  191.68  196.76  52.04  101.61  678.36  671.52  0 682.64 675.11
1      4  186.64  194.54  53.95  10.91  674.8  670.13  0 674.02 672.09
2      3  185.03  188.97  51.19  12.03  656.09  655.0  0 656.71 655.78
3      2  187.9  164.99  49.89  8.07  654.48  650.91  0 653.94 652.84
4      3  194.51  183.26  50.74  6.49  664.29  662.83  0 665.11 663.78
5      1  198.64  189.05  51.6  9.96  675.0  674.88  0 675.36 677.5
6      4  181.66  190.71  51.16  15.49  669.77  670.86  0 671.78 671.15
1      1  201.95  201.35  50.33  15.7  674.32  675.4  0 678.91 676.6
2      2  191.14  182.98  48.57  13.1  662.13  656.71  0 664.84 658.11
3      4  186.62  183.86  50.14  14.49  655.82  657.17  0 655.08 658.19
4      2  197.94  196.85  52.81  28.64  668.12  667.4  32 668.57 674.33
5      2  194.08  199.52  51.91  33.11  677.15  681.9  0 678.11 681.99
6      2  190.74  199.88  51.27  9.94  674.52  668.74  0 678.82 670.78
1      1  194.17  185.22  51.2  8.31  679.85  674.19  84 702.76 674.9
2      2  188.84  193.26  48.38  6.04  658.57  658.23  0 662.08 659.47
3      4  185.31  182.21  49.79  24.33  661.82  655.39  0 660.96 658.63
4      2  190.49  193.94  51.11  8.34  667.75  665.56  0 670.26 667.35
5      2  196.67  200.46  51.4  10.96  677.92  677.23  0 678.74 677.35
6      2  191.09  198.85  50.94  4.79  673.46  675.15  193 678.03 682.4
1      2  192.1  182.45  50.6  4.37  672.48  673.59  11 676.84 680.58
2      4  189.77  191.13  49.21  8.98  655.78  654.59  78 660.94 661.62
3      3  192.45  194.07  48.99  5.5  655.69  654.9  13 657.69 666.09
4      1  189.14  193.71  50.99  11.77  663.51  666.43  0 663.65 667.71
5      4  195.48  189.33  50.43  9.24  677.19  675.78  0 677.7 677.14
6      3  199.56  198.47  51.31  11.84  673.47  672.2  0 673.83 672.18
1      1  194.47  197.34  51.91  9.73  676.88  675.94  0 680.93 677.72
2      2  185.4  194.51  50.28  5.65  657.14  653.35  0 658.97 655.82
3      4  186.47  194.37  51.05  7.91  654.88  657.66  0 656.58 659.24
4      2  196.38  181.44  50.64  8.78  662.03  663.65  0 663.09 666.05
5      2  197.33  186.69  51.72  6.92  675.11  680.13  0 675.0 682.05
6      2  193.07  186.98  50.86  10.37  676.95  669.91  0 680.37 670.08
1      3  195.87  187.59  50.98  12.45  672.65  673.95  0 673.72 679.7
2      1  190.52  195.65  50.31  8.9  656.88  653.41  0 660.58 658.63
3      1  186.07  189.06  52.35  17.52  652.77  655.29  0 652.33 657.03
4      4  190.53  193.86  54.54  9.9  663.86  664.66  0 665.67 666.91
5      3  196.69  189.18  51.84  17.23  674.82  679.28  0 675.39 679.36
6      1  197.3  184.9  50.86  54.31  674.11  664.92  0 674.86 666.36
1      2  200.03  207.2  50.26  11.68  672.97  670.97  0 673.92 672.07
2      4  189.33  193.46  50.03  10.64  662.13  656.59  0 667.01 658.72
3      3  187.68  184.15  49.27  8.05  654.81  657.3  0 656.94 658.24
4      1  199.73  196.45  51.74  10.75  665.58  663.18  0 667.29 663.05
5      4  196.17  189.03  50.62  6.25  675.77  681.08  0 676.04 682.19
6      3  193.01  192.77  51.24  11.13  674.19  666.94  0 676.67 667.69
1      2  195.17  185.76  51.46  14.03  673.19  675.31  0 673.02 681.09
2      4  191.86  192.37  49.49  26.13  655.03  656.6  88 661.84 660.19
3      3  189.58  184.09  50.32  10.54  657.41  661.59  107 660.14 670.58
4      1  192.3  193.72  52.97  9.96  667.07  669.49  0 668.97 671.95
5      4  199.37  188.23  51.25  7.93  680.27  675.78  0 680.73 677.33
6      3  195.6  199.99  51.21  71.66  674.43  674.59  0 675.97 676.99
1      4  197.19  188.66  51.45  5.29  676.79  671.11  0 678.83 672.55
2      3  192.57  181.98  50.63  8.76  658.31  656.31  0 660.04 659.93
3      2  191.18  193.89  53.68  41.18  660.03  655.28  0 662.09 660.31
4      3  191.06  195.77  54.05  69.14  666.56  664.1  52 668.27 671.14
5      1  198.11  201.66  53.14  20.65  678.1  677.77  52 678.27 682.43
6      4  194.6  183.75  51.73  5.41  672.79  672.87  227 671.97 679.68
1      4  195.43  187.89  50.54  6.12  672.76  671.16  97 674.91 686.8
2      3  188.85  180.53  48.96  12.65  660.31  654.57  30 661.5 668.55
3      2  191.06  192.17  50.13  6.06  653.11  655.84  0 654.47 658.27
4      3  194.18  196.68  51.25  11.47  668.03  664.71  0 669.5 668.44
5      1  197.23  198.93  51.35  10.36  673.79  678.39  97 679.78 683.71
6      4  194.05  184.21  49.65  6.34  673.61  664.86  110 680.19 673.4
1      3  197.1  197.19  51.7  9.07  673.63  672.07  0 674.38 672.75
2      1  192.96  185.44  49.0  4.54  656.04  651.45  0 657.92 653.24
3      1  188.75  182.46  49.86  7.16  650.84  656.82  0 651.94 659.89
4      4  193.51  189.85  50.83  19.76  661.68  661.8  0 663.62 662.49
5      3  193.64  198.8  51.87  4.9  672.34  676.72  0 672.84 677.94
6      1  196.48  197.62  51.07  10.78  673.48  669.39  87 682.92 669.21
1      2  194.07  198.68  51.74  6.52  674.49  673.46  0 678.53 674.74
2      4  188.48  183.68  48.21  6.29  658.24  650.22  0 660.21 652.7
3      3  188.04  193.49  50.48  15.93  654.56  657.93  0 655.25 660.3
4      1  192.55  182.11  49.9  8.98  666.45  666.72  0 665.89 669.57
5      4  196.59  198.15  51.2  7.86  676.38  680.38  0 677.35 680.82
6      3  194.03  182.27  50.39  11.97  679.95  670.98  0 679.01 672.81
1      3  193.31  188.75  50.63  7.08  678.12  681.83  65 680.47 688.53
2      1  190.99  191.61  49.44  6.62  657.52  659.0  0 659.87 661.53
3      1  191.28  190.51  50.63  9.08  658.26  657.43  0 659.41 658.69
4      4  189.43  193.85  50.98  5.59  663.1  664.01  0 665.94 665.79
5      3  194.72  186.38  50.42  4.53  681.09  678.87  0 681.38 679.25
6      1  198.78  195.52  49.73  13.78  678.17  674.75  0 678.63 678.12
1      4  190.34  188.38  50.32  6.57  675.06  670.7  106 682.27 673.24
2      3  185.47  177.8  50.24  101.19  655.77  652.03  0 660.22 655.63
3      2  185.2  191.33  51.13  14.15  658.86  655.7  0 659.75 656.22
4      3  187.43  193.68  51.68  5.97  665.67  665.14  0 666.71 667.71
5      1  192.68  199.19  52.91  20.1  678.25  676.71  0 679.03 679.58
6      4  194.47  174.78  50.94  16.21  673.01  670.84  230 675.52 680.16
1      3  197.13  197.7  51.52  5.82  673.35  672.85  0 674.41 672.94
2      1  191.68  183.06  49.04  6.54  663.36  658.52  0 666.4 660.16
3      1  187.32  178.8  49.38  17.8  653.16  656.19  0 655.44 657.78
4      4  193.73  197.64  52.09  309.18  666.42  665.79  0 667.98 666.96
5      3  193.9  199.23  51.58  5.88  676.29  679.75  0 677.04 681.08
6      1  194.28  196.4  50.74  5.49  673.5  666.1  0 674.02 668.4
1      2  197.69  197.99  51.8  16.76  675.2  672.65  0 676.22 673.82
2      4  189.66  181.21  48.73  9.6  658.24  652.63  0 659.53 652.69
3      3  189.72  194.23  50.72  5.21  657.01  658.86  0 657.91 661.99
4      1  192.53  194.43  51.25  11.47  666.1  666.61  0 666.69 668.95
5      4  195.69  197.56  52.13  8.86  675.99  681.0  0 676.01 681.02
6      3  193.59  183.98  51.01  9.5  677.27  672.02  0 678.37 672.83
1      1  195.97  180.38  50.97  9.6  675.64  673.37  0 677.36 678.52
2      2  183.8  180.95  48.75  14.69  661.59  653.49  0 663.65 654.22
3      4  183.26  175.31  49.76  15.03  655.56  658.93  0 657.8 659.67
4      2  189.73  194.15  51.79  8.32  663.93  664.77  0 666.63 666.51
5      2  189.74  196.52  53.04  20.69  677.47  680.19  0 678.86 682.45
6      2  188.3  198.39  51.72  9.05  680.52  671.99  0 684.03 676.96
1      3  194.1  197.34  51.72  7.29  674.19  674.47  0 674.57 674.4
2      1  194.24  185.17  49.09  8.15  661.13  655.35  0 662.59 656.32
3      1  191.67  183.8  49.79  8.23  654.77  660.01  0 657.68 664.05
4      4  192.33  186.87  50.56  10.88  665.9  667.38  0 667.15 668.99
5      3  193.71  198.36  51.86  5.82  677.34  680.08  0 681.21 682.11
6      1  195.07  196.87  51.92  182.84  674.76  666.95  0 676.06 667.68
1      1  193.88  197.57  51.55  7.76  677.73  673.39  0 680.88 676.99
2      2  190.22  192.25  49.56  6.15  656.64  655.67  0 657.74 657.41
3      4  185.5  192.08  50.04  11.25  657.78  652.39  0 659.4 652.75
4      2  192.43  182.12  49.83  5.61  667.48  661.36  0 668.74 664.06
5      2  192.38  193.51  50.71  5.3  676.36  677.61  0 677.53 678.36
6      2  190.47  190.11  49.94  8.52  674.1  674.0  55 674.91 702.97
1      4  194.4  191.04  49.95  5.77  673.29  674.28  0 673.92 675.17
2      3  189.66  182.01  49.06  13.52  654.62  654.59  0 654.42 656.78
3      2  191.98  191.98  51.11  10.9  655.47  657.02  0 656.19 658.47
4      3  193.21  197.35  50.95  6.87  663.87  668.02  0 664.48 667.54
5      1  197.12  200.37  51.37  7.97  677.44  674.69  0 678.96 675.71
6      4  196.09  188.24  50.16  8.46  676.08  673.3  206 675.81 680.4
1      3  192.78  193.1  49.7  18.72  680.54  679.0  0 682.74 683.77
2      1  189.26  191.44  49.67  5.0  659.49  653.88  0 666.07 657.02
3      1  187.43  189.39  49.95  9.89  657.97  662.01  0 660.72 669.54
4      4  194.25  194.52  51.29  4.92  664.09  663.39  0 665.67 665.37
5      3  191.63  185.36  50.66  13.23  677.06  683.88  0 679.11 685.69
6      1  195.46  186.3  49.54  11.22  678.0  672.48  0 678.99 672.98
1      1  189.45  192.56  52.82  732.53  671.48  670.89  0 672.23 673.29
2      2  185.25  188.17  49.63  5.15  655.94  649.82  0 660.31 651.51
3      4  184.64  192.1  51.21  9.7  649.71  654.01  216 651.83 660.16
4      2  193.91  183.95  50.57  8.89  662.17  661.61  0 666.22 665.26
5      2  192.81  185.17  51.55  10.69  672.5  677.52  0 677.03 680.16
6      2  197.07  186.6  51.23  6.94  671.12  666.21  0 671.61 666.89
1      1  196.17  182.81  50.03  8.61  667.87  672.8  0 668.33 676.2
2      2  191.0  179.59  49.45  5.82  655.66  657.77  0 660.2 660.76
3      4  192.75  182.66  49.05  12.31  653.69  654.58  0 654.23 656.62
4      2  191.43  195.76  52.73  22.72  662.88  667.11  0 662.26 666.98
5      2  190.48  199.47  53.23  14.1  680.19  672.28  0 682.68 674.09
6      2  192.65  200.56  52.95  36.67  669.02  667.2  0 669.94 666.85
1      1  197.44  195.01  53.74  12.55  670.68  673.29  0 673.59 675.46
2      2  187.44  189.05  49.64  28.36  656.94  651.56  0 658.26 652.63
3      4  189.05  188.67  55.31  19.74  652.01  654.4  0 655.26 655.04
4      2  192.7  187.79  50.53  17.09  667.21  663.94  0 667.13 665.27
5      2  192.85  191.48  51.16  7.18  672.9  676.34  0 673.11 676.46
6      2  198.38  192.23  51.55  7.89  675.3  670.6  0 676.32 671.53
1      2  199.41  190.78  51.33  4.67  674.16  671.08  0 673.9 671.14
2      4  190.48  196.87  47.24  39.51  654.67  654.57  0 655.69 654.45
3      3  190.23  184.93  49.53  9.9  654.2  651.9  0 655.58 653.58
4      1  191.68  192.97  51.82  5.28  663.37  660.82  0 666.42 663.23
5      4  212.19  189.24  51.47  6.02  674.79  674.62  0 676.94 674.43
6      3  191.63  194.66  51.72  7.3  670.13  671.04  0 671.24 671.92
1      1  196.25  191.75  50.97  7.1  671.62  672.72  0 672.6 673.22
2      2  188.8  185.64  48.72  11.78  654.54  657.14  0 655.57 658.76
3      4  187.72  182.27  49.75  17.1  651.55  650.89  0 652.8 652.48
4      2  191.77  193.71  51.79  9.34  662.31  664.79  0 663.63 667.5
5      2  193.35  199.7  52.2  11.31  676.3  674.95  0 677.25 675.03
6      2  189.12  198.53  51.23  6.0  670.2  667.61  0 671.24 668.36
1      4  191.13  179.81  50.66  14.16  675.43  669.81  0 675.79 672.09
2      3  182.0  173.98  49.25  74.9  655.98  651.2  0 656.89 653.55
3      2  190.59  189.32  50.53  2.81  654.99  655.18  0 656.13 659.95
4      3  186.77  193.96  51.7  4.94  662.23  661.08  0 666.59 663.01
5      1  191.69  201.89  51.95  11.01  674.06  679.95  0 676.0 679.97
6      4  184.13  177.11  49.84  7.57  674.99  670.75  0 679.96 675.72
1      3  194.82  181.34  50.89  5.4  676.64  670.97  0 676.87 672.16
2      1  189.21  194.03  49.46  18.44  655.68  652.78  0 658.72 655.64
3      1  188.18  190.72  51.12  8.46  657.68  657.25  0 659.24 662.06
4      4  187.95  196.5  52.49  11.38  669.18  666.48  0 669.98 670.96
5      3  196.87  189.89  51.49  6.4  675.6  677.36  194 676.63 684.28
6      1  197.84  189.79  50.64  17.27  674.74  675.44  0 675.98 676.46
1      4  194.23  198.97  51.78  9.97  675.46  678.0  0 676.12 679.2
2      3  188.71  193.29  51.29  167.46  657.95  657.13  0 660.77 660.19
3      2  192.41  190.23  49.87  11.06  657.57  656.29  0 657.46 656.19
4      3  194.45  187.77  50.45  4.36  661.0  668.11  0 664.67 670.35
5      1  197.62  195.54  51.33  4.92  680.01  678.04  0 679.98 680.01
6      4  197.85  196.66  51.46  10.86  674.42  670.8  0 676.6 672.63
1      3  191.22  196.67  51.82  35.32  673.6  674.94  0 674.23 676.21
2      1  187.89  186.84  48.27  3.88  657.71  657.98  0 661.56 657.2
3      1  192.29  188.84  49.1  6.27  656.74  657.34  0 657.93 658.16
4      4  188.63  183.04  49.91  14.51  665.66  668.29  0 664.89 673.77
5      3  194.62  197.16  51.95  6.01  679.12  678.0  113 685.18 681.91
6      1  201.47  200.5  50.95  9.24  675.5  673.07  0 678.83 675.54
1      1  194.22  196.46  51.04  5.53  675.4  672.95  0 675.23 678.29
2      2  187.63  193.21  49.69  8.4  661.39  657.38  0 661.84 658.73
3      4  185.88  191.87  50.32  13.54  652.4  657.68  0 653.87 659.9
4      2  193.85  181.21  49.75  6.98  666.02  667.91  0 665.99 669.13
5      2  194.95  188.46  50.32  7.56  677.25  679.84  0 676.74 684.8
6      2  187.92  190.03  49.98  10.19  674.52  669.17  0 675.59 670.49
1      3  194.66  198.01  51.32  9.94  673.84  673.13  0 673.7 674.5
2      1  190.76  183.41  48.66  17.5  659.27  653.15  183 669.48 655.62
3      1  188.74  180.52  49.59  10.84  657.1  658.1  271 658.12 670.71
4      4  190.13  186.67  49.68  4.53  666.79  667.95  0 669.83 669.63
5      3  194.29  197.52  51.64  6.09  675.53  678.98  49 677.09 686.22
6      1  193.78  197.57  51.23  7.82  676.11  669.39  158 685.0 670.34
1      3  192.63  185.45  49.94  12.05  674.08  677.97  94 682.33 678.98
2      1  189.88  192.66  49.42  7.12  655.98  657.08  99 660.96 660.15
3      1  189.32  190.26  50.68  5.13  656.02  655.65  100 662.32 660.02
4      4  191.62  194.45  51.62  6.47  665.01  670.05  0 665.98 670.11
5      3  194.84  184.47  50.55  10.23  682.06  677.53  12 686.22 685.16
6      1  197.28  187.85  50.72  113.13  673.93  670.93  0 674.43 674.07
1      2  202.46  192.05  50.53  9.95  671.43  672.55  0 672.34 673.33
2      4  196.84  202.66  49.15  14.31  656.59  659.46  0 657.58 659.28
3      3  202.99  199.85  49.21  4.94  654.61  654.39  0 655.41 655.76
4      1  194.62  204.32  50.94  9.5  664.24  665.32  0 666.5 667.6
5      4  206.62  194.67  50.83  9.59  679.21  679.26  0 680.75 679.75
6      3  202.11  207.67  52.28  16.35  672.62  667.8  0 673.56 669.61
1      1  193.07  186.19  50.03  7.01  676.43  676.45  34 693.24 678.79
2      2  184.35  183.03  48.94  9.33  661.09  656.38  37 678.76 658.6
3      4  182.05  180.76  49.12  12.0  656.5  659.0  0 656.01 660.01
4      2  192.77  193.33  51.59  8.77  664.96  665.37  0 667.03 666.54
5      2  192.19  198.71  51.63  5.82  677.37  681.52  0 678.03 684.55
6      2  190.38  199.28  51.11  8.09  679.03  670.02  0 681.01 672.98
1      3  193.37  196.26  51.57  4.99  673.08  675.25  0 673.7 676.72
2      1  186.01  182.39  48.96  9.75  656.6  655.2  0 656.49 657.38
3      1  193.17  188.26  49.14  7.62  656.53  655.76  0 658.21 656.75
4      4  190.11  183.18  50.12  8.5  664.02  667.22  0 666.76 668.24
5      3  192.0  194.61  51.47  9.14  676.59  674.32  0 678.03 676.06
6      1  201.23  199.72  51.28  6.15  673.78  672.56  0 675.26 672.01
1      2  192.4  201.35  51.84  8.96  678.03  680.51  0 679.78 684.48
2      4  193.02  180.88  48.78  10.46  655.52  661.35  86 666.11 664.16
3      3  192.86  195.22  51.28  3.65  656.04  657.08  0 658.55 660.8
4      1  192.76  180.95  50.86  6.02  660.92  664.13  0 661.93 668.3
5      4  195.27  199.76  52.18  5.23  681.05  678.74  0 680.98 682.7
6      3  196.17  195.28  50.4  10.88  676.32  671.89  0 678.44 672.19
1      4  194.11  186.18  49.64  10.13  675.65  676.77  0 676.43 678.31
2      3  184.58  178.77  49.09  15.18  654.75  656.1  0 655.59 656.34
3      2  192.54  190.18  51.14  7.51  655.68  655.91  0 657.78 656.07
4      3  190.48  195.4  51.21  4.2  663.9  669.74  0 667.96 671.96
5      1  196.09  197.93  51.67  17.76  682.44  676.24  0 682.95 676.6
6      4  190.13  187.09  49.66  5.03  674.59  669.88  0 677.8 672.89
1      3  194.2  187.18  50.15  26.29  672.85  674.49  84 672.27 681.76
2      1  190.47  193.62  49.65  8.34  658.51  660.67  100 660.82 668.5
3      1  193.75  189.38  50.5  9.0  654.45  655.54  0 656.35 657.13
4      4  191.74  194.64  50.76  10.91  663.46  670.63  0 666.21 671.72
5      3  193.42  187.33  50.75  9.54  680.23  679.23  0 681.83 683.42
6      1  201.09  194.62  49.83  12.23  674.15  667.95  0 674.83 668.37
1      2  196.09  181.41  50.71  6.67  674.15  670.33  0 675.39 670.84
2      4  190.65  194.49  50.51  5.97  653.3  652.54  0 657.33 653.76
3      3  193.53  178.98  49.57  8.98  656.38  652.66  0 656.96 654.51
4      1  192.03  194.29  54.04  65.46  666.52  664.39  0 668.11 664.48
5      4  204.72  192.64  50.55  12.21  674.45  674.84  0 674.51 677.56
6      3  190.45  196.54  53.49  19.44  670.98  670.65  0 672.51 676.09
1      3  193.72  197.78  51.93  5.57  670.88  673.19  0 673.54 674.37
2      1  193.43  184.19  48.8  9.22  654.58  656.42  28 660.79 655.92
3      1  193.35  181.7  49.78  6.74  651.99  653.0  0 655.15 653.91
4      4  193.97  187.42  50.7  8.66  662.84  661.44  0 662.66 662.72
5      3  193.44  193.16  52.18  8.97  676.38  675.88  0 675.68 674.97
6      1  196.82  195.78  51.47  28.45  672.17  669.15  0 672.56 670.3
1      4  192.91  192.79  52.24  5.32  670.2  670.88  0 671.1 672.81
2      3  186.49  184.27  50.47  9.58  657.46  654.84  0 658.78 657.79
3      2  190.53  183.03  49.65  5.9  652.87  653.52  0 653.74 654.47
4      3  190.59  185.68  51.35  6.97  661.15  662.4  0 664.56 663.58
5      1  190.43  189.75  51.41  7.34  676.12  673.2  0 678.46 676.35
6      4  193.99  189.62  51.49  59.9  671.53  665.89  0 672.94 668.6
1      4  193.34  194.94  50.96  7.44  676.52  677.79  0 676.84 679.11
2      3  186.88  189.62  49.93  8.06  653.94  655.38  0 658.19 656.12
3      2  194.92  192.41  49.71  5.11  657.98  654.63  0 658.95 655.54
4      3  185.54  180.2  49.83  10.23  663.89  666.66  0 665.14 666.79
5      1  193.63  191.56  50.97  4.6  679.22  676.95  0 679.17 677.16
6      4  196.41  199.31  51.36  4.02  674.74  670.92  0 674.67 670.99
1      1  192.39  195.74  51.12  3.93  673.87  675.99  0 674.31 676.13
2      2  184.22  191.82  49.29  8.3  657.32  657.37  0 659.31 657.82
3      4  183.27  193.43  50.26  9.18  656.3  655.51  0 659.88 657.51
4      2  189.69  182.83  50.29  9.68  664.23  667.47  0 666.01 668.68
5      2  188.2  187.13  50.4  11.75  679.03  679.41  0 679.98 680.4
6      2  192.26  188.43  50.4  11.38  676.8  676.34  0 676.6 677.41
1      4  194.69  198.96  51.35  13.01  678.66  680.32  0 678.88 680.85
2      3  187.77  190.62  50.16  5.71  657.55  657.89  116 658.91 663.14
3      2  198.28  198.79  49.48  9.39  658.28  659.91  0 659.11 661.66
4      3  191.41  184.32  49.97  5.95  662.84  665.05  0 663.32 667.89
5      1  196.21  188.35  50.94  4.04  679.47  678.4  0 680.36 677.78
6      4  203.33  199.42  51.38  8.43  674.16  671.12  0 674.95 671.51
1      3  193.15  194.64  52.51  11.63  670.05  673.01  0 672.44 677.54
2      1  193.88  188.16  49.15  8.64  652.35  653.41  0 654.66 653.55
3      1  196.74  181.21  49.92  9.07  653.55  654.72  0 654.59 657.33
4      4  193.91  185.2  51.04  5.53  662.4  664.21  0 663.29 665.44
5      3  197.08  197.91  51.81  8.64  675.68  674.46  0 676.77 674.76
6      1  196.74  198.55  51.42  11.55  672.13  668.9  0 673.28 669.69
1      3  192.91  187.33  50.39  8.11  673.53  672.52  39 673.63 680.78
2      1  190.82  196.01  49.77  7.06  661.69  660.46  40 663.88 666.93
3      1  188.61  189.5  50.65  4.89  656.0  657.12  0 656.03 658.23
4      3  193.56  195.64  51.32  5.78  666.49  668.45  0 668.12 669.82
5      1  199.13  202.56  51.3  27.3  678.18  680.51  0 679.35 681.89
6      4  192.78  184.24  50.22  8.52  672.5  672.23  0 673.83 672.78
1      3  197.46  185.88  51.4  8.38  667.42  670.54  0 670.54 674.82
2      1  190.74  193.61  49.78  5.73  651.18  653.15  0 650.93 653.41
3      1  187.58  190.3  51.89  8.41  653.0  653.05  0 653.63 651.46
4      4  187.89  194.43  52.58  11.45  661.1  667.06  0 662.87 667.1
5      3  201.73  186.69  50.97  16.64  673.67  671.12  0 678.6 673.59
6      1  200.6  190.51  50.49  10.42  674.24  670.41  0 676.83 670.33
1      2  192.87  186.26  50.71  5.05  673.9  676.9  0 676.68 677.75
2      4  190.24  191.53  49.21  7.88  659.4  657.17  0 661.85 659.48
3      3  191.97  193.89  49.59  7.84  653.74  652.29  0 654.75 654.58
4      1  190.73  194.44  51.57  7.34  662.1  669.84  0 663.04 670.5
5      4  194.29  187.56  50.24  9.43  681.51  674.24  0 682.59 675.54
6      3  198.92  196.49  51.29  15.4  673.26  669.77  0 674.91 669.33
1      2  189.74  198.53  51.72  7.56  678.08  674.49  0 677.7 674.85
2      4  188.58  180.72  49.19  6.67  660.55  658.17  62 670.29 658.92
3      3  187.64  193.35  50.06  6.97  658.03  651.64  0 658.98 653.69
4      1  191.84  180.35  49.92  9.57  669.54  664.3  0 673.25 665.59
5      4  194.71  199.37  51.69  4.85  679.02  680.99  0 679.03 685.01
6      3  187.44  184.56  50.93  7.12  670.3  668.76  0 670.52 670.59
1      2  198.71  199.24  51.52  7.04  676.27  675.84  0 678.9 677.65
2      4  200.53  178.45  49.11  6.53  658.68  655.75  0 661.11 658.31
3      3  186.77  193.76  50.14  4.43  652.84  658.03  0 654.27 657.39
4      1  195.23  190.59  50.28  10.58  665.13  666.15  0 667.13 666.96
5      4  194.57  203.4  53.14  88.28  677.39  681.92  0 677.4 683.19
6      3  192.18  182.11  50.99  8.64  678.24  669.3  0 679.72 670.9
1      4  197.26  198.73  51.46  7.69  674.81  674.7  0 677.65 676.21
2      3  186.4  190.59  49.57  11.43  659.92  651.92  0 665.24 653.99
3      2  192.42  176.5  49.44  4.37  655.64  661.15  0 656.11 662.5
4      3  193.31  198.54  49.97  7.09  666.02  667.78  0 667.74 670.73
5      1  196.92  187.29  50.78  7.32  674.66  681.79  21 680.79 681.54
6      4  190.82  199.64  51.16  4.42  678.28  671.14  0 681.05 672.98
1      2  192.4  200.82  51.99  7.09  678.01  674.93  0 679.44 676.08
2      4  192.62  182.59  49.02  4.42  656.99  654.92  0 660.04 656.62
3      3  190.52  192.28  50.79  8.14  656.12  653.87  72 657.24 662.22
4      1  194.07  182.21  50.97  19.81  662.55  658.36  0 663.31 659.51
5      4  195.71  201.2  52.05  13.11  677.54  678.2  83 692.04 679.24
6      3  192.54  188.45  50.47  8.69  672.16  672.73  0 672.65 672.53
1      3  195.84  186.67  49.92  11.69  678.76  671.09  0 678.56 674.69
2      1  190.7  192.83  49.12  6.0  656.52  654.88  0 656.85 654.69
3      1  185.62  188.87  50.19  6.36  656.87  653.69  0 657.47 653.88
4      4  190.22  194.75  51.39  4.2  668.7  663.14  0 669.04 665.8
5      3  194.97  191.64  50.47  4.13  677.39  678.41  0 679.33 679.27
6      1  194.53  184.81  50.2  5.39  673.32  675.65  0 677.12 677.03
1      1  194.88  195.55  51.04  4.03  675.82  670.99  0 676.53 676.99
2      2  189.9  193.36  49.77  7.31  661.66  660.83  0 663.6 661.08
3      4  182.84  193.78  49.98  8.08  657.59  652.74  0 658.73 655.7
4      2  191.87  181.18  49.99  14.38  668.46  664.92  0 668.86 664.84
5      2  194.19  188.97  50.38  12.06  677.98  678.44  0 679.09 678.05
6      2  192.49  187.58  50.33  4.23  671.09  673.94  0 671.1 675.04
1      2  193.06  189.74  51.54  4.98  675.95  670.21  0 678.13 672.41
2      4  190.89  191.62  49.71  11.73  655.07  653.7  0 656.39 655.57
3      3  187.06  185.7  50.41  7.88  658.31  652.79  0 660.89 656.02
4      1  188.69  192.47  51.99  12.45  667.26  666.5  11 665.76 675.07
5      4  195.55  188.85  51.29  9.9  676.11  675.99  26 683.85 676.89
6      3  195.55  197.4  52.09  8.37  672.93  675.09  0 675.09 677.09
1      2  200.41  190.49  50.74  5.49  672.1  672.97  0 672.12 672.96
2      4  191.77  190.61  49.98  6.33  654.99  656.22  0 656.2 656.44
3      3  194.83  187.61  50.62  92.16  654.92  654.92  0 658.24 657.73
4      1  190.35  192.3  53.4  18.11  661.22  666.22  0 662.27 668.87
5      4  195.71  191.02  51.35  4.97  677.32  674.4  0 679.38 676.63
6      3  194.94  193.32  51.68  18.38  673.52  667.54  0 675.33 668.73
1      2  196.46  198.8  51.12  3.93  674.24  673.99  0 676.01 675.12
2      4  189.53  191.47  49.74  5.54  662.34  655.99  0 662.08 659.55
3      3  185.63  180.76  49.59  8.77  653.68  653.76  0 654.72 658.29
4      1  197.39  195.86  51.63  7.95  667.96  669.06  0 668.37 672.28
5      4  192.77  186.63  50.22  13.18  676.02  680.09  19 676.0 690.05
6      3  189.92  193.89  50.84  10.79  671.95  669.4  0 672.88 669.9
1      3  195.77  193.52  53.09  11.26  674.04  671.41  0 675.54 671.91
2      1  192.77  185.33  48.93  7.28  653.92  654.4  0 655.7 654.69
3      1  195.79  180.43  49.74  9.03  654.1  650.71  0 658.32 652.75
4      4  194.31  191.62  50.89  7.93  662.42  660.32  0 663.6 661.74
5      3  196.67  197.14  52.45  12.1  676.11  675.16  0 677.18 675.02
6      1  194.12  194.0  52.69  36.19  670.04  669.03  0 671.19 671.71
1      3  193.94  187.69  50.53  4.75  673.17  676.47  0 673.3 677.07
2      1  189.74  193.68  49.24  10.97  654.23  658.91  0 655.24 661.53
3      1  188.23  189.83  50.12  10.0  655.86  655.76  0 657.78 656.85
4      4  189.64  196.15  51.28  5.23  665.04  665.58  0 666.48 666.71
5      3  191.81  187.38  51.11  10.84  678.55  678.24  0 680.51 679.9
6      1  194.17  190.4  49.99  9.82  675.22  676.17  0 675.34 676.77
1      3  195.16  197.75  52.08  11.49  679.89  680.12  0 679.92 681.03
2      1  186.52  184.09  48.7  4.06  656.49  656.02  0 659.12 656.16
3      1  185.62  181.85  49.75  7.97  657.26  660.98  0 657.57 663.18
4      4  186.51  181.82  50.1  9.04  662.19  665.95  0 666.15 669.99
5      3  195.91  195.99  51.92  5.5  680.85  677.52  0 681.67 679.73
6      1  197.49  196.62  51.1  7.47  676.76  672.84  0 678.71 673.77
1      4  192.38  185.12  50.45  4.43  677.15  676.26  0 678.26 677.63
2      3  178.69  177.65  48.96  8.75  658.66  656.15  0 660.94 657.46
3      2  189.57  187.46  50.82  6.35  655.76  655.88  0 657.65 656.67
4      3  191.17  196.64  51.24  3.98  666.63  669.79  0 671.93 671.87
5      1  192.85  198.51  51.87  14.9  678.5  683.37  0 680.61 686.59
6      4  188.03  185.1  49.83  9.27  680.76  668.47  26 686.53 670.81
1      3  191.62  196.25  50.95  5.54  675.31  671.02  0 677.05 671.26
2      1  191.31  184.53  48.6  14.52  658.23  658.25  0 660.77 660.15
3      1  186.69  178.77  49.45  4.6  656.95  651.81  0 658.53 656.2
4      4  188.95  183.98  50.0  8.0  665.17  659.78  0 665.3 663.38
5      3  195.29  200.19  51.78  5.74  678.51  682.29  0 679.41 683.28
6      1  195.41  197.98  50.68  4.26  669.69  673.85  0 671.2 674.59
 1      4  194.51  198.41  51.45  5.29  677.64  672.17  0 677.56 674.3
 2      3  187.53  187.61  49.96  9.51  658.35  651.1  32 663.87 652.54
 3      2  190.2  178.5  49.32  10.47  654.96  661.03  0 655.41 661.56
 4      3  192.71  186.75  50.11  13.74  667.0  664.47  0 669.03 666.61
 5      1  192.1  187.61  50.93  9.12  675.69  680.93  0 675.19 681.06
 6      4  193.6  195.69  51.26  5.76  678.11  673.48  0 679.54 675.98
 1      3  196.09  188.84  51.0  7.03  675.51  677.52  0 677.78 678.71
 2      1  191.24  193.67  49.26  7.56  655.76  656.99  148 657.0 661.65
 3      1  188.24  190.59  51.17  6.03  657.46  658.4  0 658.33 658.96
 4      4  192.56  193.85  51.55  4.89  664.51  671.04  0 665.99 671.03
 5      3  192.35  185.38  50.95  5.63  680.89  675.59  0 682.5 677.03
 6      1  195.91  186.56  49.9  13.23  674.25  668.86  0 674.25 671.85
 1      4  198.62  190.62  51.26  11.21  674.81  674.48  0 675.07 674.65
 2      3  192.15  184.55  50.54  8.16  658.54  656.26  0 659.93 657.59
 3      2  189.62  189.59  51.05  11.41  649.5  649.06  0 653.87 650.04
 4      3  190.27  196.82  52.1  5.36  662.37  664.55  0 662.9 666.22
 5      1  196.64  198.94  52.54  18.66  673.44  678.11  0 673.98 680.96
 6      4  194.92  186.38  50.83  4.09  672.42  667.02  0 674.86 673.33
 1      3  193.38  187.44  50.61  9.82  676.53  679.35  0 675.83 679.6
 2      1  190.45  195.32  49.19  10.71  655.95  660.94  0 658.56 661.96
 3      1  188.51  190.73  50.69  6.94  654.35  654.09  0 654.88 655.75
 4      4  188.57  192.1  51.5  2.31  661.96  667.75  0 663.25 670.19
 5      3  190.75  186.2  50.28  9.48  678.28  674.07  0 681.48 675.3
 6      1  197.77  186.87  50.04  9.75  674.68  671.29  0 675.24 672.28
 1      2  197.25  201.33  50.19  4.48  675.0  673.75  0 677.58 674.31
 2      4  188.71  191.36  49.14  16.31  654.53  650.08  0 658.2 650.35
 3      3  193.84  184.3  50.27  2.61  655.78  655.62  0 656.68 657.98
 4      1  195.13  193.47  53.33  16.32  665.06  668.62  0 664.95 668.36
 5      4  196.64  188.68  50.94  7.25  675.58  676.68  0 675.92 676.58
 6      3  194.14  196.65  52.19  13.05  676.83  672.34  0 678.28 674.44
 1      2  193.46  198.24  51.92  5.6  680.32  677.2  30 681.42 683.25
 2      4  194.1  190.58  48.67  11.5  658.65  658.01  0 659.25 663.55
 3      3  189.64  193.25  50.51  7.35  658.97  652.8  0 658.0 653.04
 4      1  191.97  180.96  49.86  9.16  665.02  663.37  24 676.45 664.25
 5      4  202.33  201.63  51.24  8.93  678.12  678.7  0 678.68 685.83
 6      3  190.7  185.75  50.33  4.9  673.99  672.03  0 677.32 675.23
 1      4  192.64  196.64  51.67  16.1  671.59  675.33  0 674.94 675.03
 2      3  187.24  190.7  50.39  4.11  654.44  655.22  0 655.02 659.53
 3      2  194.25  189.88  49.62  7.58  652.5  655.0  0 656.0 658.0
 4      4  195.12  185.62  50.42  14.85  662.81  666.8  14 669.74 667.78
 5      3  193.07  198.31  51.85  20.8  677.93  674.31  0 679.99 675.64
 6      1  197.95  197.01  51.14  7.0  673.02  668.16  246 682.64 670.17
 1      3  197.77  198.31  50.43  4.92  672.16  673.21  0 673.88 676.29
 2      1  192.64  193.49  49.56  4.65  662.85  657.93  0 666.07 660.42
 3      1  188.23  189.03  50.27  4.94  653.02  657.71  0 653.58 659.62
 4      4  196.69  198.76  51.64  8.5  664.95  666.21  0 665.09 667.98
 5      3  194.49  189.37  50.75  5.52  676.36  681.79  0 677.37 685.82
 6      1  197.06  185.61  49.89  6.32  672.56  668.35  0 671.23 668.26
 1      1  192.13  198.38  51.87  7.4  673.94  676.8  0 673.43 680.0
 2      2  183.95  194.07  50.22  6.68  654.75  660.46  0 655.35 663.98
 3      4  190.37  194.96  52.32  17.62  658.96  657.46  0 659.28 658.48
 4      2  196.98  179.49  51.74  14.63  665.98  675.65  0 666.94 678.28
 5      2  192.19  187.18  50.95  5.79  682.31  673.79  0 685.5 674.66
 6      2  198.54  200.61  50.69  20.54  677.24  675.72  0 679.56 677.57
 1      2  194.33  199.54  51.41  4.84  673.85  672.93  0 674.69 674.99
 2      4  194.47  181.94  48.64  9.41  656.59  653.2  0 657.46 654.3
 3      3  190.42  195.68  51.04  3.4  652.13  651.66  0 653.5 652.39
 4      1  195.51  188.49  50.77  10.58  662.97  663.01  0 664.04 664.34
 5      4  197.41  199.16  51.89  19.51  674.41  677.11  0 675.41 681.3
 6      3  197.33  189.39  50.4  11.3  673.19  668.03  0 677.68 667.3
 1      4  196.73  198.68  51.1  4.71  673.48  675.37  25 675.37 681.79
 2      3  188.99  192.67  50.22  7.02  658.46  659.88  0 660.02 661.39
 3      2  195.33  194.72  49.46  2.16  655.6  654.88  0 657.08 654.45
 4      3  194.37  186.64  50.22  11.19  665.61  667.38  0 666.92 669.62
 5      1  194.28  189.31  51.12  6.93  679.71  677.65  0 679.74 677.81
 6      4  198.72  198.67  50.5  4.54  675.02  669.49  32 689.96 681.25
 1      2  192.67  199.32  51.36  5.81  677.39  678.34  20 681.6 688.76
 2      4  190.03  178.63  48.96  8.53  654.94  657.94  121 656.15 663.13
 3      3  188.62  193.15  51.65  16.14  658.97  656.06  0 660.01 657.16
 4      1  186.68  184.55  49.74  5.54  661.96  667.24  32 671.25 668.51
 5      4  196.46  197.49  51.22  11.14  680.41  678.74  106 689.24 681.85
 6      3  189.5  184.72  50.06  16.49  674.67  672.0  0 674.24 674.25
 1      4  198.43  195.08  50.32  16.71  675.59  675.12  60 677.6 695.07
 2      3  186.85  176.64  49.62  15.4  659.79  650.2  46 663.64 662.05
 3      2  188.96  190.44  51.17  6.53  654.79  658.53  0 656.14 662.35
 4      3  194.62  197.28  51.06  8.0  666.98  668.43  0 668.06 669.07
 5      1  192.92  198.19  51.97  14.68  676.06  681.32  0 676.54 683.49
 6      4  192.39  187.1  50.28  14.07  680.65  672.79  0 681.59 674.12
 1      4  202.0  197.73  50.81  13.99  678.89  680.35  0 680.22 679.92
 2      3  188.83  177.7  48.97  6.69  662.01  655.02  102 663.92 670.29
 3      2  189.42  191.54  51.28  3.65  657.07  659.55  0 660.24 659.9
 4      3  196.49  198.3  50.9  11.44  663.88  665.16  0 664.78 667.07
 5      1  193.77  200.34  51.68  4.32  677.9  680.84  0 682.39 681.84
 6      4  194.52  187.63  50.38  12.81  679.1  671.97  231 701.1 672.85
 1      1  193.65  184.48  50.24  11.93  668.4  676.61  0 671.01 676.6
 2      2  185.25  184.61  48.94  6.78  657.31  656.6  0 660.71 656.72
 3      4  185.97  190.67  49.65  4.09  652.8  653.96  0 652.9 657.81
 4      2  190.45  193.85  50.63  6.65  661.82  663.87  0 662.61 666.26
 5      2  195.58  198.55  51.66  32.25  677.89  679.46  0 678.15 679.76
 6      2  194.65  201.35  50.93  7.12  675.52  669.63  0 677.68 672.39
 1      3  194.48  187.52  49.98  4.94  673.53  675.81  0 674.62 676.3
 2      1  190.53  193.09  49.56  6.4  660.21  661.46  0 661.44 662.7
 3      1  193.66  191.7  51.25  4.81  658.26  662.35  0 657.86 661.62
 4      4  189.94  197.37  51.36  8.32  666.12  668.6  12 672.05 670.41
 5      3  194.39  183.11  50.77  8.75  682.72  680.42  40 687.15 689.46
 6      1  199.78  198.1  49.85  7.49  673.22  670.33  0 674.31 674.86
 1      1  196.33  197.61  51.18  4.35  672.5  675.38  0 675.92 677.2
 2      2  183.71  193.25  49.32  4.14  653.09  656.96  0 654.59 657.63
 3      4  191.94  196.46  50.31  12.61  654.95  653.74  0 655.52 655.87
 4      2  190.92  185.98  49.89  6.82  664.57  672.64  0 666.02 673.11
 5      2  193.81  178.79  50.67  13.26  677.01  672.3  195 681.97 688.95
 6      2  201.07  203.25  50.68  5.85  675.39  672.03  0 679.16 674.31
 1      2  192.34  199.99  52.3  9.18  673.97  675.06  0 672.95 675.15
 2      4  189.82  178.2  49.23  5.56  654.35  655.62  0 656.94 659.38
 3      3  189.18  192.45  51.61  7.79  654.37  651.06  0 654.66 651.71
 4      1  197.0  182.74  49.95  8.64  660.81  662.49  0 661.74 665.88
 5      4  194.49  194.34  52.31  13.04  677.84  675.87  0 679.77 676.21
 6      3  194.42  187.66  51.01  5.37  673.16  669.84  0 674.3 669.13
 1      1  199.97  201.38  51.64  4.48  676.12  674.7  11 678.08 681.15
 2      2  187.22  192.2  49.71  7.36  661.25  655.22  0 665.2 655.55
 3      4  183.27  192.44  51.29  7.11  654.56  657.57  0 655.56 658.74
 4      2  197.61  190.88  50.36  6.74  665.92  667.78  0 667.23 670.19
 5      2  190.6  188.09  50.54  5.12  677.84  678.33  0 677.7 680.61
 6      2  190.23  187.32  50.21  7.48  677.84  667.51  0 679.53 672.05
 1      2  190.94  199.02  53.32  30.91  671.08  675.77  0 671.9 677.9
 2      4  193.42  173.5  48.84  26.02  654.21  656.0  111 656.06 665.54
 3      3  191.59  191.5  54.77  25.4  652.02  653.01  0 652.05 654.05
 4      1  192.28  181.31  50.61  18.55  660.73  668.43  178 664.34 678.08
 5      4  197.56  199.14  52.08  53.52  678.99  672.99  0 681.07 673.0
 6      3  194.36  190.54  51.08  7.42  672.29  668.45  0 674.61 668.63
 1      1  193.71  192.45  52.2  29.76  670.18  675.6  26 677.08 678.02
 2      2  183.35  192.45  50.24  17.47  652.25  654.15  0 652.72 655.81
 3      4  191.21  188.47  53.46  37.6  652.36  654.9  0 653.79 657.53
 4      2  192.35  178.77  50.45  6.0  663.27  667.7  0 664.3 669.01
 5      2  181.73  179.86  51.05  8.68  676.55  674.41  0 677.73 676.23
 6      2  199.34  201.45  50.65  4.89  675.77  672.95  0 675.33 672.76
 1      2  195.39  192.26  50.86  7.02  678.14  675.71  0 680.37 676.77
 2      4  192.55  193.2  50.34  8.43  657.69  654.94  0 659.1 655.0
 3      3  196.77  184.23  49.97  12.95  657.98  654.67  0 661.29 655.23
 4      1  190.45  193.06  51.42  5.55  665.48  659.66  0 668.95 660.41
 5      4  203.04  194.29  51.42  8.97  678.25  677.99  0 680.25 680.16
 6      3  187.16  197.2  51.72  7.29  671.0  673.97  9 672.35 684.34
 1      3  195.01  190.26  50.58  14.48  672.05  678.31  0 675.47 681.17
 2      1  188.92  194.77  49.26  9.03  656.96  659.8  162 656.96 666.05
 3      1  187.78  190.61  51.28  4.98  656.05  654.14  0 656.82 655.08
 4      4  188.16  195.43  51.87  11.15  662.83  669.49  0 664.05 672.83
 5      3  195.44  183.4  50.77  13.38  679.99  675.95  0 681.01 678.01
 6      1  201.09  188.65  50.43  26.97  674.54  671.17  0 675.64 671.79
 1      2  193.62  187.56  50.16  9.48  673.96  675.64  0 674.6 677.32
 2      4  190.7  192.03  49.41  10.87  659.91  662.46  55 661.28 681.14
 3      3  189.22  187.04  49.33  3.88  656.72  655.49  0 657.58 659.23
 4      1  190.76  192.37  51.72  7.18  665.77  668.0  0 666.22 669.88
 5      4  194.53  186.78  50.8  6.62  682.65  677.8  0 684.01 678.24
 6      3  191.48  194.68  51.17  8.26  672.01  669.03  0 672.23 674.51
 1      1  192.47  197.45  51.49  5.98  676.01  671.93  0 680.86 672.63
 2      2  189.44  194.35  49.75  31.14  655.93  654.79  70 671.04 656.21
 3      4  184.72  192.66  50.83  4.68  657.42  653.94  0 658.3 656.56
 4      2  194.21  184.46  49.74  6.42  669.62  665.79  0 671.29 668.92
 5      2  195.05  200.19  50.23  13.37  678.86  678.53  0 678.62 679.67
 6      2  191.57  188.48  50.5  11.3  676.67  677.88  0 677.13 677.01
 1      4  199.91  198.63  52.04  5.94  679.59  677.75  27 680.29 685.35
 2      3  189.07  192.42  50.16  12.6  657.03  656.37  0 659.46 658.7
 3      2  194.16  184.73  49.69  4.15  659.6  658.22  0 662.45 658.47
 4      3  194.86  188.78  50.3  12.78  668.02  665.28  0 671.58 667.95
 5      1  199.64  192.35  51.98  8.45  678.68  680.19  0 678.87 681.5
 6      4  195.44  198.47  51.57  8.74  676.14  676.14  0 676.18 677.47
 1      4  193.7  197.3  51.61  6.04  672.73  669.58  0 673.57 670.32
 2      3  191.95  191.22  51.37  8.36  657.27  654.54  0 657.82 655.01
 3      2  193.49  181.09  49.98  11.93  653.71  650.94  0 654.73 652.42
 4      3  197.3  181.34  51.06  7.05  664.26  661.5  0 664.77 663.2
 5      1  202.01  200.66  51.38  18.16  676.95  677.09  0 679.14 679.06
 6      4  192.45  196.36  51.51  4.73  670.09  669.1  0 670.89 669.25
 1      2  192.85  198.28  51.47  9.05  674.72  676.65  0 677.95 678.17
 2      4  188.96  178.9  48.61  13.37  654.91  655.41  0 657.56 656.98
 3      3  194.71  195.67  50.77  8.38  654.0  653.96  0 655.16 653.9
 4      1  190.26  184.0  49.89  7.17  661.35  665.86  0 664.07 667.67
 5      4  196.97  198.69  51.75  9.81  680.02  678.16  0 679.76 678.29
 6      3  196.79  199.33  50.4  14.25  673.62  673.79  0 674.52 675.06
 1      3  194.64  193.95  50.37  16.79  676.07  675.59  0 677.08 675.2
 2      1  190.85  193.14  49.09  6.49  660.31  652.52  0 660.47 652.31
 3      1  187.4  190.65  50.86  13.51  657.9  659.05  0 660.04 660.66
 4      4  191.39  196.16  51.48  4.29  667.7  665.85  0 669.33 666.58
 5      3  197.01  186.58  50.12  7.37  677.38  680.38  0 678.85 680.65
 6      1  196.35  187.82  50.07  14.47  678.84  673.83  0 680.52 676.54
 1      3  192.86  197.09  51.66  6.36  676.16  680.21  0 677.71 681.98
 2      1  188.24  177.72  49.09  10.34  657.43  655.99  0 659.62 656.47
 3      1  189.14  187.35  49.56  5.65  657.44  660.59  0 657.86 661.86
 4      4  186.95  182.17  50.28  10.8  663.19  668.24  0 667.0 669.77
 5      3  195.29  196.47  51.24  10.43  683.2  679.53  0 687.8 680.87
 6      1  200.08  197.87  51.19  6.55  677.35  672.63  0 677.33 673.14
 1      3  192.5  197.81  51.55  2.79  674.3  677.63  0 676.98 677.21
 2      1  188.25  183.15  48.92  11.29  657.41  657.89  178 663.11 661.57
 3      1  191.8  191.16  49.86  7.92  656.11  659.01  0 655.39 664.11
 4      4  192.18  187.26  50.95  9.53  665.62  668.51  13 665.88 677.03
 5      3  193.34  197.14  52.21  11.47  679.72  676.1  0 680.13 678.51
 6      1  201.18  196.68  52.01  9.73  674.89  670.78  0 677.59 671.23
 1      3  192.46  198.44  50.98  5.11  670.73  675.69  0 672.8 675.65
 2      1  191.34  185.09  48.77  4.45  657.58  660.47  0 659.32 664.04
 3      1  189.88  187.89  49.37  4.56  654.82  653.34  0 654.71 654.74
 4      4  192.74  185.16  49.82  9.58  663.0  668.15  0 663.94 669.2
 5      3  194.55  198.14  51.78  6.24  678.58  676.93  0 679.27 677.48
 6      1  200.52  198.73  50.97  4.6  671.65  669.2  0 673.14 669.21
 1      3  194.7  193.52  50.18  10.4  670.78  671.08  18 675.85 677.84
 2      1  190.66  193.32  48.74  14.53  655.16  649.78  266 656.79 665.54
 3      1  187.99  189.05  50.74  5.47  652.98  654.14  0 654.4 660.94
 4      4  195.01  193.76  52.14  10.08  664.72  666.96  0 664.18 666.84
 5      3  198.41  189.61  50.36  9.58  672.9  673.78  0 673.16 677.88
 6      1  197.19  190.36  50.4  11.93  675.88  667.29  0 677.16 670.01
 1      2  193.18  198.99  51.84  8.19  676.26  675.62  0 677.49 675.03
 2      4  188.42  183.66  49.33  7.92  659.96  654.35  0 662.15 658.55
 3      3  188.26  195.71  51.3  4.68  652.41  657.52  0 656.77 658.76
 4      1  190.12  183.84  50.58  19.75  664.24  665.02  0 665.16 669.18
 5      4  199.74  198.64  51.48  15.13  674.98  683.08  0 676.52 683.46
 6      3  191.74  185.46  51.14  7.01  675.98  669.73  0 676.25 670.21
 1      4  198.0  189.15  51.01  5.39  669.67  671.69  0 670.65 674.24
 2      3  194.99  189.87  49.91  8.41  655.09  656.37  0 653.67 662.78
 3      2  193.02  188.53  53.49  25.31  650.91  652.96  0 652.33 653.6
 4      3  192.74  192.17  53.26  9.94  661.72  662.2  0 663.35 663.59
 5      1  198.24  197.24  53.86  11.05  676.25  673.94  0 678.11 675.21
 6      4  194.06  196.59  51.23  7.0  670.7  665.87  60 677.74 666.7
 1      4  197.45  193.97  53.42  14.54  675.15  672.02  0 676.56 674.12
 2      3  189.46  188.16  52.12  8.85  654.36  652.84  45 661.57 654.2
 3      2  195.89  186.29  50.13  13.21  654.33  651.96  82 663.74 661.86
 4      3  194.64  195.29  51.18  3.85  663.04  663.53  0 663.86 665.02
 5      1  196.29  191.58  51.53  5.55  674.97  674.01  0 675.98 673.14
 6      4  195.35  193.74  52.5  10.5  669.84  669.51  0 670.19 669.18
 1      2  199.5  187.72  50.58  10.17  674.39  677.21  0 676.03 683.04
 2      4  191.7  191.96  49.69  8.26  656.05  653.95  0 659.45 656.25
 3      3  192.49  191.49  50.25  6.82  655.0  656.05  0 656.79 657.47
 4      1  189.28  196.84  51.82  7.78  662.87  668.65  0 664.65 672.7
 5      4  196.27  190.08  50.51  5.17  678.07  676.99  0 681.59 678.35
 6      3  195.78  197.78  51.73  6.41  674.31  673.42  0 678.83 675.16
 1      4  195.26  197.05  51.53  9.88  678.57  678.64  47 678.62 698.05
 2      3  188.73  189.41  49.92  7.32  660.61  654.09  0 661.86 655.24
 3      2  188.97  182.0  49.97  16.92  657.59  660.94  0 658.57 662.38
 4      3  187.61  185.93  49.77  8.89  663.93  663.64  23 668.22 664.01
 5      1  192.32  190.15  50.84  9.87  675.7  682.38  0 680.7 687.96
 6      4  193.21  196.56  51.13  4.77  678.15  671.32  0 683.88 670.92
 1      1  194.27  188.72  49.95  9.29  672.64  675.8  0 672.92 676.62
 2      2  186.53  182.45  48.68  13.41  654.73  656.14  0 656.31 656.97
 3      4  187.3  183.25  49.46  2.16  655.04  653.63  0 654.01 655.18
 4      2  192.35  195.15  51.07  9.28  664.09  666.3  0 663.71 666.87
 5      2  194.48  199.03  51.11  8.09  679.23  675.76  0 679.32 676.68
 6      2  195.91  198.13  51.38  14.05  673.6  673.05  0 676.61 673.96
 1      2  190.49  186.82  50.59  6.07  673.81  676.01  19 674.59 684.21
 2      4  187.59  195.0  50.37  7.73  661.24  661.03  0 664.46 667.21
 3      3  191.84  198.13  49.62  5.85  656.59  656.63  0 658.11 660.71
 4      1  189.18  196.06  51.05  8.66  664.77  671.02  0 665.13 672.48
 5      4  198.71  186.2  50.71  4.8  680.62  675.78  0 681.17 676.51
 6      3  192.79  194.93  51.8  19.56  670.95  668.49  0 673.71 673.95
 1      1  193.98  189.43  50.74  10.66  679.34  671.67  0 679.53 673.55
 2      2  185.24  183.92  48.83  10.17  657.39  653.55  0 658.32 653.98
 3      4  182.54  181.95  49.59  6.14  660.35  654.61  0 661.71 655.28
 4      2  193.05  192.87  51.01  5.39  669.29  663.2  0 669.37 663.87
 5      2  195.87  199.51  51.7  4.69  679.07  682.33  0 679.06 683.34
 6      2  192.51  197.14  51.33  3.04  674.43  678.0  0 675.65 679.44
 1      3  196.59  197.07  51.72  7.29  678.42  677.03  0 678.67 677.02
 2      1  189.1  183.44  48.7  9.17  657.33  653.98  0 658.39 654.92
 3      1  186.74  181.59  49.26  7.06  654.32  658.73  0 653.93 658.82
 4      4  192.48  183.63  50.12  6.48  665.35  665.29  0 668.21 667.07
 5      3  194.06  198.55  51.57  5.19  676.26  679.92  0 678.28 681.45
 6      1  197.13  195.28  50.83  5.59  676.11  668.89  0 676.25 671.48
 1      1  195.02  192.54  50.48  2.69  673.91  672.9  0 674.66 674.36
 2      2  188.28  185.86  48.93  8.28  659.49  655.18  0 660.25 659.95
 3      4  184.6  182.65  48.99  12.61  654.6  653.71  0 655.15 654.01
 4      2  193.53  195.84  50.98  7.12  665.42  662.36  0 666.51 664.1
 5      2  195.34  200.6  51.71  11.56  675.0  678.97  125 677.75 685.2
 6      2  190.93  198.26  51.06  16.5  674.66  666.22  0 675.83 667.32
 1      2  194.18  188.78  50.95  5.54  675.12  676.06  0 675.73 676.62
 2      4  190.75  190.75  49.38  4.63  654.4  653.84  0 655.72 655.53
 3      3  193.76  197.35  49.29  8.34  655.45  658.34  0 658.5 658.44
 4      1  191.55  194.17  50.52  9.58  663.88  666.59  0 664.59 668.59
 5      4  194.03  188.23  50.75  8.27  679.21  677.11  0 679.72 678.12
 6      3  200.69  198.5  51.69  11.44  673.95  670.95  0 674.01 671.92
 1      3  195.73  196.74  50.74  8.72  675.59  671.78  33 676.18 680.54
 2      1  195.69  185.35  48.71  7.88  654.5  652.51  0 658.53 653.91
 3      1  189.98  178.89  49.91  7.91  656.4  651.58  0 657.7 652.35
 4      4  188.75  192.14  50.3  11.6  666.71  662.17  0 667.54 663.27
 5      3  197.11  198.74  51.57  9.74  675.68  674.71  0 677.58 679.87
 6      1  195.5  199.86  51.07  5.75  673.75  676.95  0 674.83 678.07
 1      2  193.56  187.51  50.67  8.15  683.81  678.46  0 684.84 679.81
 2      4  191.06  193.43  49.56  6.15  658.09  655.52  38 668.38 657.88
 3      3  188.5  181.36  49.63  12.65  661.55  656.02  0 663.63 658.35
 4      1  187.25  192.61  51.04  6.4  665.82  660.62  0 667.07 660.26
 5      4  200.45  199.26  50.46  7.63  681.13  683.11  0 682.66 683.62
 6      3  190.59  195.16  51.33  2.98  673.17  673.62  0 675.74 675.37
 1      3  203.77  204.91  50.38  3.01  676.94  673.01  0 677.02 674.96
 2      1  191.44  191.72  49.1  9.58  660.01  652.38  0 663.59 655.47
 3      1  182.24  191.81  50.1  15.7  654.49  657.77  0 655.82 659.42
 4      4  201.72  197.4  51.82  5.54  665.74  667.77  0 665.2 669.67
 5      3  191.92  186.53  50.71  4.67  677.25  681.77  0 678.34 683.1
 6      1  200.07  182.08  50.08  9.86  675.17  670.79  67 684.12 673.24
 1      4  193.79  182.68  50.28  6.08  673.07  671.42  0 673.44 673.95
 2      3  189.31  178.58  49.57  11.73  659.25  657.98  33 666.32 661.68
 3      2  190.87  191.74  49.98  6.69  656.12  654.0  0 657.17 657.78
 4      3  192.57  195.5  51.41  5.84  666.97  664.13  0 667.02 665.18
 5      1  194.6  199.61  52.02  6.95  678.09  678.73  88 689.29 679.82
 6      4  194.41  183.88  49.95  10.27  668.66  670.94  0 669.44 671.74
 1      1  198.39  198.0  51.45  6.0  673.66  675.18  0 675.52 676.17
 2      2  185.6  184.15  49.4  5.68  658.64  651.77  19 671.41 652.74
 3      4  190.71  184.52  50.69  6.94  655.65  660.11  0 656.72 663.49
 4      2  199.23  194.42  52.21  8.6  667.12  674.05  0 667.37 674.55
 5      2  193.03  197.67  51.76  6.46  677.23  677.16  0 677.23 677.89
 6      2  190.98  200.87  51.74  16.71  679.67  667.57  0 679.73 669.11
