 1 1   184.94   184.97   50.75   14.94   676.66   679.59   0  
 2 2   178.91   183.82   49.26   14.92   657.79   656.84   116  
 3 4   177.31   180.08   51.93   40.78   655.41   656.69   0  
 4 2   189.48   183.28   50.58   8.96   666.6   663.14   0  
 5 2   192.77   189.15   52.24   10.07   677.53   681.28   0  
 6 2   187.68   188.94   51.81   10.89   673.69   675.5   0  
 1 1   181.16   175.19   49.89   24.59   679.66   672.5   0  
 2 2   176.09   175.75   49.09   22.97   655.1   658.02   0  
 3 4   164.6   172.77   49.5   14.79   656.57   659.68   0  
 4 2   184.12   183.57   51.26   16.99   667.4   668.36   68  
 5 2   190.35   186.95   50.75   101.69   678.06   677.21   0  
 6 2   181.89   187.95   53.23   18.86   673.67   672.34   0  
 1 1   196.27   180.52   50.62   4.0   676.17   674.32   0  
 2 2   185.33   175.23   49.55   12.9   657.64   661.33   0  
 3 4   181.64   171.86   50.16   11.63   656.59   659.43   0  
 4 2   189.36   193.1   50.6   3.99   668.77   667.72   0  
 5 2   190.81   193.76   51.08   9.61   681.86   678.15   0  
 6 2   184.39   193.06   53.2   139.71   669.2   672.06   0  
 1 1   189.03   178.98   47.06   10.83   677.65   670.34   382  
 2 2   167.62   181.95   47.52   21.93   654.44   658.63   0  
 3 4   174.14   177.7   48.46   14.45   658.17   661.44   145  
 4 2   190.47   183.96   51.1   18.43   665.89   670.08   0  
 5 2   195.34   179.68   51.86   21.82   681.48   677.38   0  
 6 2   184.4   189.82   52.0   9.48   673.4   675.49   78  
 1 1   184.15   185.57   51.56   7.07   681.01   675.91   0  
 2 2   177.31   182.31   51.23   234.27   656.13   659.8   0  
 3 4   172.74   178.26   51.58   7.38   656.59   659.05   0  
 4 2   179.95   169.36   49.5   7.28   667.97   667.69   0  
 5 2   185.65   168.56   50.58   40.23   680.81   680.57   0  
 6 2   178.55   177.63   50.75   7.77   674.9   673.61   0  
 1 1   194.08   185.71   49.73   7.85   684.62   682.97   39  
 2 2   156.54   182.85   49.65   11.22   663.63   655.09   11  
 3 4   178.37   176.6   49.64   21.18   653.3   661.36   175  
 4 2   193.87   181.43   51.65   16.47   672.66   670.27   0  
 5 2   193.75   188.34   52.88   13.1   677.83   684.4   0  
 6 2   182.49   193.74   53.18   19.24   672.0   672.23   0  
 1 1   191.62   184.5   50.02   16.91   674.14   677.97   252  
 2 2   180.09   173.78   46.2   350.78   659.96   656.45   0  
 3 4   179.23   176.43   49.83   13.14   661.76   656.26   294  
 4 2   191.16   186.66   50.48   8.13   671.36   665.12   10  
 5 2   186.69   188.5   52.0   16.83   679.47   682.02   284  
 6 2   186.28   189.42   52.21   7.56   670.03   674.56   95  
 1 1   187.95   182.44   51.19   12.34   676.89   677.34   0  
 2 2   172.37   163.58   50.24   13.01   659.21   659.51   0  
 3 4   178.08   183.35   49.71   12.54   658.43   662.31   113  
 4 2   186.41   179.38   51.99   16.68   674.27   666.39   0  
 5 2   183.78   183.13   52.99   18.85   679.13   678.92   0  
 6 2   182.36   186.54   52.6   11.68   674.84   679.03   0  
 1 1   193.98   186.19   50.37   27.06   682.01   674.69   10  
 2 2   189.84   191.28   49.45   4.35   655.63   658.59   0  
 3 4   182.85   167.25   49.77   6.64   657.21   661.1   0  
 4 2   191.59   187.63   50.47   12.5   664.16   670.05   0  
 5 2   198.79   194.67   52.46   20.61   679.28   678.04   0  
 6 2   183.0   193.37   53.25   24.91   674.1   673.54   0  
 1 1   186.95   183.38   49.77   6.64   673.65   678.19   0  
 2 2   177.24   176.53   48.8   14.2   657.42   654.87   0  
 3 4   176.87   179.7   49.21   10.51   656.89   658.19   0  
 4 2   189.27   182.26   50.63   7.08   668.0   664.31   72  
 5 2   189.36   188.4   51.81   12.13   677.68   682.83   0  
 6 2   184.96   186.29   51.72   10.49   669.32   675.49   0  
 1 1   184.93   176.05   50.21   19.62   681.62   676.27   0  
 2 2   181.66   178.78   49.1   11.68   662.5   663.95   0  
 3 4   171.74   170.56   48.79   16.29   656.99   661.39   0  
 4 2   184.24   177.87   51.21   12.43   669.18   669.04   0  
 5 2   187.96   187.76   52.69   10.78   681.34   681.76   0  
 6 2   180.57   184.86   52.28   10.8   675.94   674.2   0  
 1 1   189.26   184.3   49.8   25.8   679.02   674.22   17  
 2 2   187.54   196.79   48.58   12.31   655.65   655.82   0  
 3 4   178.5   179.03   48.71   12.56   656.4   662.17   0  
 4 2   191.27   185.69   50.82   7.29   668.76   672.13   0  
 5 2   199.28   192.47   52.29   11.04   678.25   678.74   0  
 6 2   187.12   189.51   51.96   7.07   676.96   675.37   0  
 1 1   181.26   184.98   50.46   15.63   672.9   675.72   0  
 2 2   173.52   171.9   48.84   13.26   656.4   657.43   0  
 3 4   176.12   179.9   49.08   7.15   657.46   655.31   0  
 4 2   189.5   180.13   51.2   9.81   675.42   662.52   0  
 5 2   185.23   184.26   53.86   129.88   675.67   678.24   0  
 6 2   189.58   190.38   52.05   13.36   670.12   677.34   43  
 1 1   184.4   178.04   49.91   12.04   678.15   673.84   268  
 2 2   176.85   180.18   49.07   5.71   659.23   660.52   42  
 3 4   172.46   173.65   49.39   13.6   658.0   662.23   21  
 4 2   185.93   181.31   51.42   7.46   668.52   669.58   70  
 5 2   189.21   185.5   52.41   16.57   680.46   680.99   0  
 6 2   179.37   186.25   52.53   16.57   670.31   673.03   0  
 1 1   193.57   190.01   51.78   10.47   683.63   675.34   25  
 2 2   176.11   183.48   50.6   24.62   653.38   663.13   0  
 3 4   181.53   185.02   51.48   16.53   662.47   665.07   42  
 4 2   186.8   170.3   49.2   60.88   668.9   669.95   29  
 5 2   183.25   181.97   49.67   123.42   682.03   683.04   206  
 6 2   179.1   184.39   51.56   13.44   670.43   678.76   0  
 1 1   186.13   178.67   50.86   17.76   679.38   673.93   0  
 2 2   186.49   165.37   50.68   6.73   654.88   657.06   0  
 3 4   169.49   175.93   49.19   10.05   657.61   659.83   0  
 4 2   185.47   181.72   53.62   121.92   668.64   668.74   0  
 5 2   171.33   186.45   53.09   24.92   676.13   677.55   0  
 6 2   184.21   180.91   51.76   5.42   674.46   675.84   0  
 1 1   186.63   175.4   52.26   16.68   679.82   680.0   22  
 2 2   167.88   177.8   49.47   12.21   655.8   662.68   68  
 3 4   174.78   172.8   48.84   8.34   660.28   658.57   0  
 4 2   179.75   173.69   56.85   117.59   666.96   665.73   0  
 5 2   186.3   186.67   52.3   16.68   682.5   679.11   0  
 6 2   178.89   185.78   52.32   4.7   667.66   678.82   0  
 1 1   186.22   185.63   50.32   11.65   676.06   676.64   0  
 2 2   177.83   177.81   48.94   16.37   659.04   658.16   316  
 3 4   179.73   186.2   49.13   11.76   659.45   659.64   0  
 4 2   191.4   182.52   50.86   42.81   673.9   668.58   139  
 5 2   187.32   188.36   52.24   9.07   677.95   682.04   0  
 6 2   191.86   188.55   52.37   9.27   672.61   674.17   0  
 1 1   184.74   182.46   51.7   3.97   675.19   675.25   23  
 2 2   178.23   184.08   50.25   12.72   659.05   661.99   0  
 3 4   172.96   180.24   50.88   11.25   657.56   659.48   0  
 4 2   180.21   172.75   49.32   5.14   665.9   667.65   0  
 5 2   184.15   180.24   50.26   17.26   678.39   680.53   37  
 6 2   174.2   169.58   50.51   3.35   669.89   671.71   0  
 1 1   174.23   181.25   50.07   14.88   675.97   674.15   0  
 2 2   172.18   174.75   49.02   9.12   653.74   659.55   0  
 3 4   176.87   175.6   49.45   10.48   661.22   657.83   0  
 4 2   186.55   181.34   51.18   8.6   670.24   667.76   0  
 5 2   180.55   181.46   52.02   16.45   680.22   674.76   0  
 6 2   179.32   186.6   53.59   22.84   670.4   677.3   0  
 1 1   186.02   184.24   51.49   8.9   678.02   673.49   0  
 2 2   185.2   184.74   49.47   10.13   656.0   659.33   0  
 3 4   182.32   186.44   50.95   7.78   658.07   659.6   180  
 4 2   182.89   177.56   49.95   14.16   668.09   667.36   133  
 5 2   183.49   186.47   50.48   11.01   679.05   678.44   0  
 6 2   187.29   163.38   50.83   6.83   672.41   673.07   0  
