bad1_150mm2 373.5 504.5 16.0 59.5 63.5 213 213
bad1_150mm3 368.5 418.5 17.1 64.5 63.5 214 212
bad1_150mm4 282.5 506.5 15.6 61.5 62.5 212 214
bad1_150mm5 283.5 420.5 17.1 63.5 65.5 213 212
bad1_150mm6 284.5 502.5 16.0 64.5 63.5 213 212
bad1_250mm2 338.5 482.5 13.6 54.5 54.5 182 182
bad1_250mm3 338.5 408.5 13.4 54.5 53.5 182 182
bad1_250mm4 265.5 484.5 13.2 51.5 52.5 179 182
bad1_250mm5 266.5 412.5 13.6 54.5 57.5 181 182
bad1_250mm6 269.5 483.5 13.4 55.5 52.5 180 181
bad1_300mm2 310.5 487.5 13.6 51.5 53.5 183 184
bad1_300mm3 307.5 410.5 14.3 56.5 53.5 184 184
bad1_300mm4 234.5 487.5 13.4 52.5 54.5 182 185
bad1_300mm5 232.5 413.5 13.6 52.5 56.5 183 183
bad1_300mm6 235.5 485.5 13.8 55.5 53.5 182 183
bad1_320mm2 340.5 491.5 15.0 58.5 57.5 198 198
bad1_320mm3 338.5 410.5 15.4 59.5 59.5 198 198
bad1_320mm4 258.5 490.5 14.5 56.5 58.5 196 198
bad1_320mm5 259.5 413.5 14.7 57.5 62.5 197 198
bad1_320mm6 262.5 489.5 13.8 60.5 58.5 196 197
bad1_350mm2 344.5 505.5 18.0 66.5 69.5 232 233
bad1_350mm3 341.5 414.5 17.7 69.5 72.5 232 233
bad1_350mm4 250.5 508.5 16.3 67.5 66.5 229 233
bad1_350mm5 248.5 414.5 16.3 68.5 71.5 231 232
bad1_350mm6 252.5 507.5 17.2 70.5 67.5 230 232
bad1_400mm2 356.5 510.5 15.2 60.5 62.5 207 209
bad1_400mm3 353.5 427.5 15.6 63.5 63.5 208 209
bad1_400mm4 270.5 512.5 15.2 60.5 61.5 207 210
bad1_400mm5 269.5 429.5 15.5 59.5 65.5 207 209
bad1_400mm6 275.5 511.5 14.7 64.5 61.5 207 209
bad1_450mm2 335.5 471.5 13.6 53.5 56.5 189 191
bad1_450mm3 333.5 394.5 15.0 56.5 58.5 190 192
bad1_450mm4 256.5 472.5 14.9 55.5 55.5 188 191
bad1_450mm5 255.5 395.5 14.1 54.5 58.5 188 191
bad1_450mm6 258.5 470.5 14.1 57.5 57.5 189 191
bad1_500mm2 294.5 417.5 13.2 51.5 53.5 176 176
bad1_500mm3 294.5 348.5 13.6 52.5 54.5 176 176
bad1_500mm4 222.5 419.5 12.9 50.5 50.5 174 176
bad1_500mm5 223.5 348.5 13.6 52.5 53.5 176 175
bad1_500mm6 226.5 418.5 10.9 54.5 51.5 174 176
