bad2_150mm2 375.5 512.5 17.4 59.5 56.5 214 214
bad2_150mm3 377.5 409.5 16.6 55.5 58.5 214 211
bad2_150mm4 276.5 515.5 16.0 56.5 53.5 215 214
bad2_150mm5 271.5 413.5 16.0 52.5 58.5 215 211
bad2_150mm6 274.5 508.5 15.8 55.5 58.5 214 213
bad2_250mm2 345.5 490.5 13.0 49.5 47.5 182 182
bad2_250mm3 347.5 408.5 13.6 46.5 52.5 183 181
bad2_250mm4 258.5 493.5 13.6 46.5 43.5 184 182
bad2_250mm5 257.5 407.5 13.1 46.5 51.5 182 181
bad2_250mm6 257.5 486.5 13.6 46.5 50.5 182 182
bad2_300mm2 373.5 494.5 15.2 52.5 47.5 187 189
bad2_300mm3 376.5 408.5 14.1 47.5 54.5 187 187
bad2_300mm4 286.5 496.5 14.1 48.5 44.5 189 187
bad2_300mm5 286.5 407.5 13.2 48.5 53.5 188 186
bad2_300mm6 285.5 490.5 13.2 50.5 50.5 190 188
bad2_320mm2 342.5 503.5 18.5 57.5 46.5 198 199
bad2_320mm3 346.5 406.5 14.7 52.5 56.5 199 196
bad2_320mm4 253.5 500.5 14.0 52.5 47.5 200 198
bad2_320mm5 250.5 407.5 13.2 49.5 56.5 197 197
bad2_320mm6 250.5 495.5 15.4 50.5 52.5 198 198
bad2_350mm2 346.5 518.5 17.4 66.5 56.5 231 233
bad2_350mm3 350.5 408.5 17.2 60.5 66.5 232 231
bad2_350mm4 243.5 517.5 16.6 62.5 56.5 233 232
bad2_350mm5 240.5 407.5 17.4 60.5 65.5 232 231
bad2_350mm6 239.5 511.5 17.2 60.5 62.5 233 233
bad2_400mm2 360.5 519.5 16.1 59.5 54.5 209 210
bad2_400mm3 364.5 425.5 15.4 53.5 61.5 210 209
bad2_400mm4 264.5 524.5 14.7 54.5 49.5 209 210
bad2_400mm5 261.5 423.5 14.5 52.5 59.5 208 208
bad2_400mm6 263.5 516.5 15.0 55.5 56.5 210 210
bad2_450mm2 337.5 482.5 13.8 54.5 45.5 191 192
bad2_450mm3 340.5 392.5 13.7 49.5 55.5 192 191
bad2_450mm4 249.5 482.5 13.2 50.5 45.5 191 191
bad2_450mm5 248.5 391.5 14.1 48.5 54.5 189 190
bad2_450mm6 247.5 475.5 14.4 48.5 52.5 191 192
bad2_500mm2 298.5 426.5 13.2 48.5 44.5 176 176
bad2_500mm3 300.5 345.5 12.9 45.5 50.5 176 176
bad2_500mm4 216.5 429.5 12.9 45.5 41.5 176 176
bad2_500mm5 215.5 345.5 12.0 44.5 50.5 176 175
bad2_500mm6 214.5 422.5 13.2 45.5 47.5 177 176
