mao_pictures/cube0904_25mm.jpg
[[  0.]
 [  0.]
 [  0.]
 [  0.]
 [  0.]
 [  0.]
 [  0.]
 [  0.]
 [  0.]
 [  0.]
 [  0.]
 [  0.]
 [  0.]
 [  7.]
 [143.]
 [257.]
 [106.]
 [ 70.]
 [ 84.]
 [103.]
 [ 88.]
 [ 77.]
 [ 49.]
 [ 54.]
 [ 53.]
 [ 34.]
 [ 36.]
 [ 28.]
 [ 29.]
 [ 27.]
 [ 29.]
 [ 14.]
 [ 12.]
 [ 17.]
 [ 21.]
 [ 23.]
 [ 16.]
 [ 21.]
 [ 15.]
 [ 16.]
 [ 30.]
 [  6.]
 [ 12.]
 [ 17.]
 [ 29.]
 [ 30.]
 [ 19.]
 [ 25.]
 [ 17.]
 [ 24.]
 [ 24.]
 [ 18.]
 [ 35.]
 [ 20.]
 [ 29.]
 [ 47.]
 [ 53.]
 [ 75.]
 [ 67.]
 [ 58.]
 [ 72.]
 [ 98.]
 [118.]
 [104.]
 [111.]
 [160.]
 [114.]
 [163.]
 [210.]
 [297.]
 [417.]
 [405.]
 [418.]
 [348.]
 [211.]
 [198.]
 [206.]
 [183.]
 [120.]
 [ 60.]
 [ 85.]
 [ 44.]
 [ 25.]
 [ 29.]
 [ 25.]
 [ 26.]
 [ 17.]
 [ 26.]
 [ 14.]
 [ 18.]
 [  6.]
 [  5.]
 [ 11.]
 [  7.]
 [ 14.]
 [  4.]
 [  4.]
 [  6.]
 [ 10.]
 [  5.]
 [  6.]
 [  3.]
 [  2.]
 [  7.]
 [  1.]
 [  6.]
 [  7.]
 [  6.]
 [  0.]
 [  4.]
 [  1.]
 [  1.]
 [  6.]
 [  5.]
 [  2.]
 [  5.]
 [  1.]
 [  3.]
 [  4.]
 [  0.]
 [  4.]
 [  2.]
 [  0.]
 [  3.]
 [  1.]
 [  4.]
 [  8.]
 [  5.]
 [  3.]
 [  5.]
 [  2.]
 [  2.]
 [  3.]
 [  2.]
 [  3.]
 [  2.]
 [  3.]
 [  1.]
 [  1.]
 [  3.]
 [  2.]
 [  3.]
 [  0.]
 [  3.]
 [  4.]
 [  2.]
 [  4.]
 [  0.]
 [  3.]
 [  2.]
 [  1.]
 [  2.]
 [  6.]
 [  3.]
 [  0.]
 [  0.]
 [  0.]
 [  1.]
 [  0.]
 [  0.]
 [  1.]
 [  0.]
 [  0.]
 [  0.]
 [  0.]
 [  0.]
 [  1.]
 [  0.]
 [  1.]
 [  0.]
 [  1.]
 [  0.]
 [  0.]
 [  0.]
 [  0.]
 [  0.]
 [  0.]
 [  0.]
 [  0.]
 [  0.]
 [  0.]
 [  0.]
 [  0.]
 [  0.]
 [  0.]
 [  0.]
 [  0.]
 [  0.]
 [  0.]
 [  0.]
 [  0.]
 [  0.]
 [  0.]
 [  0.]
 [  0.]
 [  0.]
 [  0.]
 [  0.]
 [  0.]
 [  0.]
 [  0.]
 [  0.]
 [  0.]
 [  0.]
 [  0.]
 [  0.]
 [  0.]
 [  0.]
 [  0.]
 [  0.]
 [  0.]
 [  0.]
 [  0.]
 [  0.]
 [  0.]
 [  0.]
 [  0.]
 [  0.]
 [  0.]
 [  0.]
 [  0.]
 [  0.]
 [  0.]
 [  0.]
 [  0.]
 [  0.]
 [  0.]
 [  0.]
 [  0.]
 [  0.]
 [  0.]
 [  0.]
 [  0.]
 [  0.]
 [  0.]
 [  0.]
 [  0.]
 [  0.]
 [  0.]
 [  0.]
 [  0.]
 [  0.]
 [  0.]
 [  0.]
 [  0.]
 [  0.]
 [  0.]
 [  0.]
 [  0.]
 [  0.]
 [  0.]
 [  0.]
 [  0.]
 [  0.]
 [  0.]
 [  0.]]
