bad1_1 666.0 2870.0 1129.0
bad1_2 606.0 2754.0 1009.0
bad1_3 286.0 1234.0 613.0
bad1_4 498.0 2194.0 901.0
bad1_5 645.0 2869.0 901.0
bad1_6 529.0 2369.0 901.0
bad2_1 275.0 975.0 901.0
bad2_2 356.0 1276.0 1009.0
bad2_3 206.0 630.0 901.0
bad2_4 260.0 744.0 901.0
bad2_5 377.0 1433.0 1009.0
bad2_6 272.0 884.0 901.0
bad3_1 532.0 2316.0 1129.0
bad3_2 198.0 686.0 901.0
bad3_3 418.0 1666.0 1129.0
bad3_4 298.0 1018.0 901.0
bad3_5 190.0 686.0 901.0
bad3_6 310.0 1166.0 1009.0
bad4_1 286.0 682.0 901.0
bad4_2 433.0 1593.0 901.0
bad4_3 347.0 1175.0 901.0
bad4_4 288.0 1084.0 901.0
bad4_5 310.0 1250.0 901.0
bad4_6 319.0 1023.0 901.0
bad5_1 438.0 1750.0 901.0
bad5_2 295.0 1075.0 901.0
bad5_3 269.0 725.0 901.0
bad5_4 450.0 1970.0 901.0
bad5_5 369.0 1385.0 901.0
bad5_6 332.0 1324.0 901.0
bad6_1 441.0 1617.0 1009.0
bad6_2 466.0 1502.0 901.0
bad6_3 214.0 626.0 901.0
bad6_4 325.0 1221.0 901.0
bad6_5 464.0 1788.0 1129.0
bad6_6 363.0 1319.0 901.0
bad7_1 0 0 0
bad7_2 181.0 621.0 901.0
bad7_3 540.0 2356.0 1129.0
bad7_4 240.0 892.0 901.0
bad7_5 321.0 1085.0 901.0
bad7_6 303.0 1211.0 901.0
bad8_1 313.0 933.0 1009.0
bad8_2 315.0 1131.0 1009.0
bad8_3 322.0 1038.0 1009.0
bad8_4 238.0 866.0 1009.0
bad8_5 511.0 1907.0 1129.0
bad8_6 221.0 685.0 901.0
bad9_1 264.0 980.0 901.0
bad9_2 359.0 1427.0 1009.0
bad9_3 270.0 850.0 901.0
bad9_4 277.0 1117.0 901.0
bad9_5 249.0 977.0 1009.0
bad9_6 225.0 793.0 901.0
bad10_1 482.0 2010.0 901.0
bad10_2 182.0 506.0 901.0
bad10_3 282.0 990.0 1009.0
bad10_4 309.0 1293.0 797.0
bad10_5 257.0 857.0 901.0
bad10_6 262.0 942.0 1009.0
bad11_1 466.0 1574.0 1129.0
bad11_2 198.0 702.0 901.0
bad11_3 284.0 1228.0 613.0
bad11_4 311.0 915.0 901.0
bad11_5 486.0 1662.0 901.0
bad11_6 189.0 617.0 901.0
bad12_1 203.0 459.0 901.0
bad12_2 250.0 862.0 901.0
bad12_3 247.0 623.0 901.0
bad12_4 298.0 938.0 901.0
bad12_5 228.0 604.0 901.0
bad12_6 308.0 1152.0 1009.0
bad13_1 268.0 1096.0 709.0
bad13_2 364.0 984.0 901.0
bad13_3 339.0 1231.0 901.0
bad13_4 548.0 2352.0 901.0
bad13_5 461.0 1857.0 901.0
bad13_6 289.0 789.0 901.0
bad14_1 428.0 1244.0 1009.0
bad14_2 377.0 1361.0 901.0
bad14_3 470.0 1862.0 1009.0
bad14_4 122.0 230.0 901.0
bad14_5 257.0 897.0 901.0
bad14_6 294.0 1062.0 901.0
bad15_1 339.0 1071.0 1009.0
bad15_2 348.0 1168.0 901.0
bad15_3 314.0 1078.0 1009.0
bad15_4 466.0 1866.0 1129.0
bad15_5 286.0 1010.0 1009.0
bad15_6 271.0 755.0 901.0
bad16_1 194.0 574.0 901.0
bad16_2 398.0 1434.0 1009.0
bad16_3 259.0 871.0 901.0
bad16_4 170.0 494.0 901.0
bad16_5 272.0 936.0 901.0
bad16_6 217.0 745.0 901.0
bad17_1 172.0 436.0 901.0
bad17_2 202.0 674.0 901.0
bad17_3 662.0 3022.0 901.0
bad17_4 232.0 572.0 901.0
bad17_5 753.0 3561.0 901.0
bad17_6 198.0 606.0 901.0
bad18_1 501.0 1633.0 1129.0
bad18_2 272.0 828.0 901.0
bad18_3 223.0 619.0 901.0
bad18_4 333.0 1045.0 901.0
bad18_5 329.0 913.0 901.0
bad18_6 364.0 1312.0 901.0
bad19_1 433.0 1773.0 1129.0
bad19_2 236.0 792.0 901.0
bad19_3 286.0 994.0 901.0
bad19_4 345.0 1321.0 901.0
bad19_5 252.0 676.0 901.0
bad19_6 307.0 923.0 901.0
bad20_1 501.0 1837.0 1009.0
bad20_2 546.0 2366.0 1009.0
bad20_3 420.0 1624.0 901.0
bad20_4 200.0 612.0 901.0
bad20_5 251.0 735.0 901.0
bad20_6 344.0 1300.0 901.0
bad21_1 437.0 1681.0 1129.0
bad21_2 179.0 779.0 797.0
bad21_3 259.0 1003.0 901.0
bad21_4 198.0 722.0 901.0
bad21_5 302.0 1170.0 901.0
bad21_6 372.0 1608.0 901.0
bad22_1 322.0 966.0 1009.0
bad22_2 433.0 1689.0 1129.0
bad22_3 402.0 1518.0 1009.0
bad22_4 467.0 1475.0 1009.0
bad22_5 310.0 1202.0 901.0
bad22_6 306.0 1182.0 901.0
bad23_1 262.0 762.0 901.0
bad23_2 180.0 592.0 901.0
bad23_3 155.0 443.0 901.0
bad23_4 210.0 654.0 901.0
bad23_5 181.0 429.0 901.0
bad23_6 236.0 808.0 901.0
bad24_1 217.0 629.0 901.0
bad24_2 425.0 1109.0 1009.0
bad24_3 442.0 1370.0 1009.0
bad24_4 332.0 1036.0 1009.0
bad24_5 317.0 893.0 901.0
bad24_6 443.0 1611.0 1009.0
bad25_1 416.0 1452.0 1009.0
bad25_2 391.0 1323.0 1009.0
bad25_3 338.0 1406.0 901.0
bad25_4 381.0 1233.0 901.0
bad25_5 444.0 1712.0 901.0
bad25_6 343.0 1231.0 901.0
bad26_1 327.0 1323.0 901.0
bad26_2 511.0 2015.0 1129.0
bad26_3 192.0 524.0 901.0
bad26_4 476.0 2012.0 901.0
bad26_5 362.0 1402.0 901.0
bad26_6 477.0 1885.0 901.0
bad27_1 447.0 1675.0 1129.0
bad27_2 344.0 960.0 901.0
bad27_3 644.0 3112.0 797.0
bad27_4 302.0 926.0 1009.0
bad27_5 265.0 1213.0 441.0
bad27_6 308.0 864.0 901.0
bad28_1 307.0 1331.0 1009.0
bad28_2 266.0 918.0 901.0
bad28_3 285.0 1069.0 901.0
bad28_4 489.0 1981.0 1129.0
bad28_5 283.0 1099.0 901.0
bad28_6 438.0 1838.0 1129.0
bad29_1 162.0 422.0 901.0
bad29_2 249.0 941.0 901.0
bad29_3 241.0 929.0 901.0
bad29_4 144.0 360.0 901.0
bad29_5 292.0 1060.0 901.0
bad29_6 295.0 1111.0 901.0
bad30_1 479.0 1695.0 1129.0
bad30_2 245.0 857.0 901.0
bad30_3 178.0 350.0 901.0
bad30_4 193.0 469.0 901.0
bad30_5 174.0 498.0 901.0
bad30_6 211.0 655.0 901.0
bad31_1 319.0 1047.0 901.0
bad31_2 246.0 762.0 901.0
bad31_3 145.0 337.0 901.0
bad31_4 289.0 805.0 901.0
bad31_5 474.0 1898.0 1129.0
bad31_6 377.0 1509.0 1129.0
bad32_1 380.0 1312.0 1129.0
bad32_2 241.0 873.0 1009.0
bad32_3 490.0 1862.0 1009.0
bad32_4 248.0 964.0 1009.0
bad32_5 274.0 750.0 901.0
bad32_6 355.0 1371.0 1129.0
bad33_1 425.0 1789.0 901.0
bad33_2 453.0 1977.0 1009.0
bad33_3 493.0 2069.0 1009.0
bad33_4 295.0 1211.0 901.0
bad33_5 317.0 1389.0 901.0
bad33_6 330.0 1354.0 901.0
bad34_1 215.0 571.0 901.0
bad34_2 246.0 818.0 901.0
bad34_3 213.0 557.0 901.0
bad34_4 317.0 1017.0 1009.0
bad34_5 211.0 599.0 901.0
bad34_6 351.0 1247.0 901.0
bad35_1 324.0 1132.0 901.0
bad35_2 689.0 3177.0 901.0
bad35_3 235.0 779.0 901.0
bad35_4 375.0 1367.0 901.0
bad35_5 307.0 1119.0 1009.0
bad35_6 603.0 2683.0 901.0
bad36_1 434.0 1834.0 1129.0
bad36_2 264.0 660.0 901.0
bad36_3 341.0 1353.0 901.0
bad36_4 237.0 837.0 901.0
bad36_5 288.0 932.0 901.0
bad36_6 392.0 1432.0 901.0
bad37_1 422.0 1590.0 1129.0
bad37_2 325.0 1069.0 1009.0
bad37_3 789.0 3705.0 1009.0
bad37_4 202.0 594.0 901.0
bad37_5 588.0 2740.0 901.0
bad37_6 226.0 614.0 901.0
bad38_1 402.0 1610.0 1129.0
bad38_2 271.0 1163.0 901.0
bad38_3 288.0 736.0 901.0
bad38_4 179.0 447.0 901.0
bad38_5 311.0 915.0 901.0
bad38_6 339.0 1343.0 901.0
bad39_1 359.0 1383.0 901.0
bad39_2 287.0 967.0 901.0
bad39_3 389.0 1465.0 1009.0
bad39_4 468.0 1952.0 901.0
bad39_5 491.0 1735.0 1009.0
bad39_6 349.0 1221.0 901.0
bad40_1 820.0 3780.0 1129.0
bad40_2 913.0 4153.0 1129.0
bad40_3 308.0 960.0 901.0
bad40_4 615.0 2755.0 901.0
bad40_5 437.0 1213.0 1009.0
bad40_6 713.0 3297.0 901.0
bad41_1 264.0 888.0 901.0
bad41_2 224.0 732.0 901.0
bad41_3 257.0 673.0 901.0
bad41_4 330.0 930.0 1009.0
bad41_5 186.0 634.0 901.0
bad41_6 427.0 1559.0 1009.0
bad42_1 205.0 665.0 901.0
bad42_2 437.0 1697.0 1009.0
bad42_3 279.0 803.0 901.0
bad42_4 308.0 1012.0 901.0
bad42_5 273.0 857.0 901.0
bad42_6 422.0 1642.0 901.0
bad43_1 338.0 1286.0 901.0
bad43_2 402.0 1618.0 901.0
bad43_3 530.0 2098.0 1009.0
bad43_4 356.0 1436.0 901.0
bad43_5 456.0 1756.0 1009.0
bad43_6 287.0 1223.0 901.0
bad44_1 170.0 534.0 901.0
bad44_2 164.0 604.0 901.0
bad44_3 147.0 415.0 901.0
bad44_4 472.0 1984.0 1129.0
bad44_5 217.0 793.0 901.0
bad44_6 190.0 638.0 901.0
bad45_1 248.0 888.0 901.0
bad45_2 513.0 2053.0 1129.0
bad45_3 514.0 2222.0 1129.0
bad45_4 223.0 767.0 901.0
bad45_5 292.0 976.0 901.0
bad45_6 354.0 1210.0 901.0
bad46_1 208.0 568.0 901.0
bad46_2 644.0 2548.0 1009.0
bad46_3 367.0 999.0 901.0
bad46_4 310.0 1146.0 1009.0
bad46_5 397.0 1321.0 1009.0
bad46_6 593.0 2361.0 901.0
bad47_1 247.0 883.0 901.0
bad47_2 428.0 1656.0 901.0
bad47_3 250.0 846.0 901.0
bad47_4 315.0 1211.0 901.0
bad47_5 309.0 1053.0 901.0
bad47_6 538.0 2194.0 901.0
bad48_1 337.0 1125.0 901.0
bad48_2 424.0 1876.0 901.0
bad48_3 416.0 1800.0 901.0
bad48_4 193.0 537.0 901.0
bad48_5 375.0 1523.0 1009.0
bad48_6 274.0 958.0 901.0
bad49_1 229.0 689.0 901.0
bad49_2 302.0 1082.0 901.0
bad49_3 257.0 901.0 901.0
bad49_4 429.0 1553.0 901.0
bad49_5 526.0 2210.0 1009.0
bad49_6 464.0 1856.0 901.0
bad50_1 192.0 588.0 901.0
bad50_2 190.0 486.0 901.0
bad50_3 270.0 846.0 901.0
bad50_4 351.0 1055.0 901.0
bad50_5 190.0 622.0 901.0
bad50_6 249.0 625.0 901.0
bad51_1 506.0 2226.0 901.0
bad51_2 358.0 1398.0 901.0
bad51_3 419.0 1623.0 901.0
bad51_4 420.0 1740.0 1009.0
bad51_5 343.0 1151.0 901.0
bad51_6 277.0 1005.0 901.0
bad52_1 348.0 1292.0 1009.0
bad52_2 210.0 598.0 901.0
bad52_3 267.0 871.0 901.0
bad52_4 484.0 1948.0 1009.0
bad52_5 386.0 1294.0 901.0
bad52_6 133.0 385.0 901.0
bad53_1 637.0 2369.0 1129.0
bad53_2 315.0 1067.0 901.0
bad53_3 246.0 750.0 901.0
bad53_4 552.0 2148.0 1009.0
bad53_5 497.0 1961.0 1009.0
bad53_6 470.0 1710.0 901.0
bad54_1 731.0 3291.0 1009.0
bad54_2 361.0 1469.0 901.0
bad54_3 533.0 2349.0 901.0
bad54_4 488.0 2036.0 901.0
bad54_5 347.0 1463.0 901.0
bad54_6 361.0 1437.0 901.0
bad55_1 365.0 1469.0 1009.0
bad55_2 560.0 2380.0 1129.0
bad55_3 242.0 922.0 901.0
bad55_4 269.0 881.0 901.0
bad55_5 215.0 807.0 901.0
bad55_6 335.0 1247.0 1009.0
bad56_1 430.0 1434.0 1009.0
bad56_2 781.0 3625.0 1009.0
bad56_3 463.0 1915.0 1129.0
bad56_4 415.0 1507.0 1129.0
bad56_5 391.0 1339.0 1009.0
bad56_6 0 0 0
bad57_1 342.0 1334.0 901.0
bad57_2 189.0 573.0 901.0
bad57_3 337.0 1157.0 901.0
bad57_4 355.0 1211.0 901.0
bad57_5 173.0 533.0 901.0
bad57_6 302.0 974.0 901.0
bad58_1 407.0 1655.0 901.0
bad58_2 594.0 1746.0 1009.0
bad58_3 595.0 2315.0 901.0
bad58_4 262.0 994.0 901.0
bad58_5 255.0 987.0 613.0
bad58_6 548.0 1756.0 901.0
bad59_1 371.0 1351.0 901.0
bad59_2 383.0 1307.0 1009.0
bad59_3 307.0 1111.0 901.0
bad59_4 447.0 1627.0 1129.0
bad59_5 412.0 1468.0 1129.0
bad59_6 238.0 562.0 901.0
bad60_1 315.0 927.0 901.0
bad60_2 240.0 628.0 901.0
bad60_3 370.0 1318.0 901.0
bad60_4 249.0 717.0 901.0
bad60_5 296.0 1148.0 1009.0
bad60_6 192.0 572.0 901.0
bad61_1 524.0 2240.0 901.0
bad61_2 382.0 1174.0 901.0
bad61_3 331.0 1039.0 901.0
bad61_4 454.0 1782.0 901.0
bad61_5 321.0 1005.0 901.0
bad61_6 363.0 891.0 901.0
bad62_1 354.0 1314.0 1009.0
bad62_2 306.0 982.0 901.0
bad62_3 363.0 1263.0 901.0
bad62_4 232.0 700.0 901.0
bad62_5 182.0 562.0 901.0
bad62_6 271.0 931.0 901.0
bad63_1 253.0 737.0 901.0
bad63_2 789.0 3501.0 1009.0
bad63_3 371.0 1287.0 1009.0
bad63_4 249.0 741.0 901.0
bad63_5 406.0 1250.0 1009.0
bad63_6 773.0 3609.0 901.0
bad64_1 317.0 1181.0 901.0
bad64_2 243.0 595.0 901.0
bad64_3 256.0 736.0 901.0
bad64_4 540.0 2096.0 1009.0
bad64_5 425.0 1597.0 901.0
bad64_6 351.0 1235.0 901.0
bad65_1 403.0 1471.0 1129.0
bad65_2 276.0 792.0 901.0
bad65_3 240.0 564.0 901.0
bad65_4 276.0 860.0 901.0
bad65_5 323.0 1103.0 901.0
bad65_6 286.0 1010.0 901.0
bad66_1 253.0 813.0 901.0
bad66_2 274.0 1006.0 901.0
bad66_3 308.0 1188.0 797.0
bad66_4 208.0 740.0 901.0
bad66_5 299.0 1259.0 901.0
bad66_6 282.0 934.0 901.0
bad67_1 301.0 993.0 901.0
bad67_2 303.0 799.0 901.0
bad67_3 493.0 1757.0 1009.0
bad67_4 367.0 1207.0 1009.0
bad67_5 480.0 1844.0 901.0
bad67_6 316.0 940.0 901.0
bad68_1 237.0 965.0 797.0
bad68_2 206.0 794.0 901.0
bad68_3 259.0 1079.0 901.0
bad68_4 422.0 1714.0 901.0
bad68_5 261.0 965.0 901.0
bad68_6 247.0 799.0 901.0
bad69_1 344.0 1448.0 1009.0
bad69_2 323.0 1279.0 1009.0
bad69_3 343.0 1103.0 1009.0
bad69_4 418.0 1598.0 1009.0
bad69_5 201.0 437.0 901.0
bad69_6 309.0 1141.0 901.0
bad70_1 262.0 870.0 901.0
bad70_2 234.0 890.0 901.0
bad70_3 248.0 1048.0 901.0
bad70_4 301.0 1017.0 901.0
bad70_5 273.0 1017.0 901.0
bad70_6 346.0 1266.0 901.0
