good1_1 230.0 626.0 901.0
good1_2 257.0 813.0 1009.0
good1_3 158.0 382.0 901.0
good1_4 202.0 698.0 901.0
good1_5 209.0 401.0 901.0
good1_6 183.0 459.0 901.0
good2_1 249.0 913.0 1009.0
good2_2 125.0 341.0 901.0
good2_3 246.0 954.0 1009.0
good2_4 238.0 938.0 1009.0
good2_5 118.0 342.0 901.0
good2_6 97.0 297.0 901.0
good3_1 143.0 435.0 901.0
good3_2 179.0 471.0 901.0
good3_3 241.0 637.0 901.0
good3_4 146.0 462.0 901.0
good3_5 230.0 654.0 901.0
good3_6 265.0 789.0 1009.0
good4_1 311.0 1043.0 1009.0
good4_2 389.0 1449.0 1129.0
good4_3 429.0 1513.0 1129.0
good4_4 66.0 166.0 797.0
good4_5 155.0 463.0 901.0
good4_6 153.0 577.0 901.0
good5_1 207.0 559.0 901.0
good5_2 237.0 705.0 901.0
good5_3 372.0 840.0 901.0
good5_4 208.0 436.0 901.0
good5_5 365.0 1001.0 901.0
good5_6 175.0 639.0 901.0
good6_1 141.0 381.0 901.0
good6_2 215.0 599.0 901.0
good6_3 129.0 373.0 901.0
good6_4 285.0 869.0 1009.0
good6_5 196.0 440.0 901.0
good6_6 309.0 969.0 1009.0
good7_1 199.0 527.0 901.0
good7_2 332.0 1044.0 1009.0
good7_3 197.0 569.0 901.0
good7_4 272.0 884.0 1009.0
good7_5 214.0 538.0 901.0
good7_6 313.0 1133.0 1009.0
good8_1 198.0 634.0 901.0
good8_2 197.0 409.0 901.0
good8_3 234.0 574.0 901.0
good8_4 251.0 603.0 901.0
good8_5 266.0 902.0 1009.0
good8_6 156.0 416.0 901.0
good9_1 275.0 863.0 901.0
good9_2 244.0 636.0 901.0
good9_3 213.0 497.0 901.0
good9_4 132.0 404.0 901.0
good9_5 275.0 799.0 901.0
good9_6 122.0 330.0 901.0
good10_1 320.0 772.0 901.0
good10_2 268.0 756.0 901.0
good10_3 122.0 350.0 901.0
good10_4 237.0 553.0 901.0
good10_5 205.0 685.0 901.0
good10_6 195.0 559.0 901.0
good11_1 156.0 584.0 901.0
good11_2 230.0 718.0 901.0
good11_3 205.0 505.0 901.0
good11_4 225.0 805.0 901.0
good11_5 212.0 644.0 901.0
good11_6 270.0 922.0 901.0
good12_1 224.0 528.0 901.0
good12_2 263.0 827.0 1009.0
good12_3 293.0 721.0 901.0
good12_4 291.0 851.0 1009.0
good12_5 309.0 817.0 901.0
good12_6 270.0 846.0 901.0
good13_1 251.0 755.0 901.0
good13_2 212.0 616.0 901.0
good13_3 233.0 789.0 901.0
good13_4 150.0 466.0 901.0
good13_5 224.0 688.0 901.0
good13_6 360.0 1144.0 1009.0
good14_1 195.0 491.0 901.0
good14_2 229.0 537.0 901.0
good14_3 178.0 558.0 901.0
good14_4 254.0 786.0 901.0
good14_5 270.0 650.0 901.0
good14_6 247.0 663.0 901.0
good15_1 206.0 422.0 901.0
good15_2 174.0 382.0 901.0
good15_3 349.0 977.0 1009.0
good15_4 272.0 800.0 901.0
good15_5 259.0 727.0 901.0
good15_6 281.0 757.0 901.0
good16_1 170.0 514.0 901.0
good16_2 261.0 645.0 901.0
good16_3 159.0 415.0 901.0
good16_4 180.0 428.0 901.0
good16_5 202.0 462.0 901.0
good16_6 288.0 924.0 1009.0
good17_1 477.0 1929.0 1129.0
good17_2 315.0 983.0 1009.0
good17_3 420.0 1744.0 1129.0
good17_4 172.0 512.0 901.0
good17_5 285.0 1001.0 1009.0
good17_6 256.0 864.0 1009.0
good18_1 140.0 384.0 901.0
good18_2 257.0 809.0 1009.0
good18_3 178.0 426.0 901.0
good18_4 382.0 1370.0 1009.0
good18_5 268.0 948.0 1009.0
good18_6 115.0 331.0 901.0
good19_1 239.0 851.0 901.0
good19_2 360.0 1152.0 1009.0
good19_3 197.0 521.0 901.0
good19_4 203.0 531.0 901.0
good19_5 223.0 623.0 901.0
good19_6 245.0 637.0 901.0
good20_1 301.0 885.0 1009.0
good20_2 298.0 998.0 1009.0
good20_3 328.0 1016.0 1009.0
good20_4 251.0 795.0 901.0
good20_5 172.0 480.0 901.0
good20_6 219.0 867.0 1009.0
good21_1 133.0 461.0 901.0
good21_2 235.0 819.0 1009.0
good21_3 284.0 1020.0 1009.0
good21_4 282.0 886.0 1009.0
good21_5 319.0 1251.0 1129.0
good21_6 245.0 833.0 1009.0
good22_1 142.0 430.0 901.0
good22_2 355.0 1355.0 1009.0
good22_3 116.0 364.0 901.0
good22_4 235.0 583.0 901.0
good22_5 130.0 282.0 901.0
good22_6 219.0 707.0 901.0
good23_1 209.0 597.0 901.0
good23_2 270.0 838.0 901.0
good23_3 157.0 365.0 901.0
good23_4 359.0 1239.0 901.0
good23_5 109.0 305.0 901.0
good23_6 255.0 659.0 901.0
good24_1 177.0 553.0 901.0
good24_2 188.0 436.0 901.0
good24_3 227.0 563.0 901.0
good24_4 179.0 487.0 901.0
good24_5 192.0 556.0 901.0
good24_6 223.0 631.0 901.0
good25_1 179.0 431.0 901.0
good25_2 182.0 546.0 901.0
good25_3 258.0 890.0 901.0
good25_4 176.0 544.0 901.0
good25_5 238.0 962.0 901.0
good25_6 213.0 661.0 901.0
good26_1 330.0 1250.0 1009.0
good26_2 231.0 643.0 901.0
good26_3 230.0 758.0 901.0
good26_4 304.0 1184.0 901.0
good26_5 458.0 1738.0 901.0
good26_6 201.0 581.0 901.0
good27_1 270.0 998.0 901.0
good27_2 286.0 1018.0 1009.0
good27_3 337.0 1381.0 901.0
good27_4 276.0 1124.0 901.0
good27_5 275.0 1023.0 901.0
good27_6 282.0 1014.0 1009.0
good28_1 279.0 991.0 1009.0
good28_2 239.0 799.0 901.0
good28_3 259.0 911.0 901.0
good28_4 237.0 653.0 901.0
good28_5 274.0 1174.0 901.0
good28_6 284.0 880.0 901.0
good29_1 142.0 434.0 901.0
good29_2 270.0 806.0 901.0
good29_3 236.0 936.0 901.0
good29_4 198.0 562.0 901.0
good29_5 173.0 589.0 901.0
good29_6 296.0 1052.0 1009.0
good30_1 371.0 1287.0 1009.0
good30_2 416.0 1364.0 1009.0
good30_3 294.0 946.0 1009.0
good30_4 207.0 623.0 901.0
good30_5 177.0 501.0 901.0
good30_6 178.0 478.0 901.0
good31_1 130.0 314.0 901.0
good31_2 177.0 429.0 901.0
good31_3 139.0 391.0 901.0
good31_4 222.0 546.0 901.0
good31_5 180.0 500.0 901.0
good31_6 228.0 536.0 901.0
good32_1 175.0 483.0 901.0
good32_2 258.0 682.0 901.0
good32_3 280.0 996.0 1009.0
good32_4 330.0 1106.0 1009.0
good32_5 229.0 925.0 1009.0
good32_6 342.0 1010.0 901.0
good33_1 157.0 573.0 901.0
good33_2 184.0 652.0 901.0
good33_3 296.0 1192.0 901.0
good33_4 244.0 840.0 901.0
good33_5 452.0 1688.0 901.0
good33_6 215.0 531.0 901.0
good34_1 357.0 1221.0 1009.0
good34_2 183.0 459.0 901.0
good34_3 198.0 422.0 901.0
good34_4 180.0 492.0 901.0
good34_5 156.0 376.0 901.0
good34_6 187.0 507.0 901.0
good35_1 287.0 859.0 901.0
good35_2 302.0 1202.0 901.0
good35_3 323.0 1159.0 901.0
good35_4 222.0 670.0 901.0
good35_5 216.0 664.0 901.0
good35_6 296.0 1056.0 901.0
good36_1 262.0 790.0 1009.0
good36_2 295.0 987.0 1009.0
good36_3 132.0 336.0 901.0
good36_4 268.0 932.0 1009.0
good36_5 218.0 718.0 901.0
good36_6 227.0 675.0 901.0
good37_1 310.0 1174.0 901.0
good37_2 334.0 1254.0 901.0
good37_3 332.0 1232.0 1009.0
good37_4 153.0 373.0 901.0
good37_5 197.0 577.0 901.0
good37_6 235.0 723.0 901.0
good38_1 153.0 401.0 901.0
good38_2 267.0 871.0 1009.0
good38_3 268.0 856.0 901.0
good38_4 268.0 808.0 901.0
good38_5 326.0 1170.0 1009.0
good38_6 204.0 588.0 901.0
good39_1 185.0 637.0 901.0
good39_2 196.0 512.0 901.0
good39_3 270.0 970.0 901.0
good39_4 260.0 1072.0 901.0
good39_5 195.0 599.0 901.0
good39_6 116.0 288.0 901.0
good40_1 233.0 509.0 901.0
good40_2 230.0 602.0 901.0
good40_3 275.0 955.0 901.0
good40_4 278.0 790.0 901.0
good40_5 297.0 1037.0 901.0
good40_6 322.0 998.0 1009.0
good41_1 222.0 846.0 1009.0
good41_2 222.0 586.0 901.0
good41_3 264.0 816.0 901.0
good41_4 213.0 613.0 901.0
good41_5 191.0 615.0 901.0
good41_6 153.0 393.0 901.0
good42_1 207.0 807.0 901.0
good42_2 247.0 819.0 1009.0
good42_3 248.0 980.0 1009.0
good42_4 189.0 481.0 901.0
good42_5 191.0 459.0 901.0
good42_6 200.0 612.0 901.0
good43_1 313.0 925.0 1009.0
good43_2 198.0 594.0 901.0
good43_3 229.0 661.0 901.0
good43_4 154.0 390.0 901.0
good43_5 335.0 1123.0 1009.0
good43_6 223.0 699.0 901.0
good44_1 423.0 1719.0 1129.0
good44_2 218.0 830.0 1009.0
good44_3 208.0 684.0 901.0
good44_4 198.0 622.0 901.0
good44_5 187.0 667.0 901.0
good44_6 161.0 377.0 901.0
good45_1 182.0 482.0 901.0
good45_2 221.0 465.0 901.0
good45_3 266.0 718.0 901.0
good45_4 186.0 434.0 901.0
good45_5 219.0 683.0 901.0
good45_6 265.0 725.0 901.0
good46_1 314.0 1158.0 901.0
good46_2 198.0 530.0 901.0
good46_3 326.0 1238.0 901.0
good46_4 289.0 1053.0 901.0
good46_5 498.0 2106.0 1129.0
good46_6 218.0 754.0 901.0
good47_1 191.0 607.0 901.0
good47_2 162.0 606.0 901.0
good47_3 155.0 583.0 901.0
good47_4 156.0 424.0 901.0
good47_5 182.0 590.0 901.0
good47_6 142.0 418.0 901.0
good48_1 233.0 757.0 901.0
good48_2 391.0 1587.0 901.0
good48_3 296.0 1176.0 1009.0
good48_4 246.0 714.0 901.0
good48_5 233.0 909.0 901.0
good48_6 168.0 504.0 901.0
good49_1 225.0 641.0 901.0
good49_2 337.0 1217.0 901.0
good49_3 287.0 955.0 1009.0
good49_4 180.0 640.0 901.0
good49_5 204.0 568.0 901.0
good49_6 233.0 709.0 901.0
good50_1 219.0 667.0 901.0
good50_2 223.0 707.0 901.0
good50_3 208.0 576.0 901.0
good50_4 307.0 1015.0 901.0
good50_5 258.0 930.0 901.0
good50_6 245.0 821.0 901.0
good51_1 229.0 721.0 901.0
good51_2 274.0 862.0 901.0
good51_3 361.0 1153.0 1009.0
good51_4 200.0 540.0 901.0
good51_5 193.0 617.0 901.0
good51_6 351.0 1223.0 901.0
good52_1 182.0 498.0 901.0
good52_2 212.0 580.0 901.0
good52_3 237.0 817.0 901.0
good52_4 193.0 525.0 901.0
good52_5 331.0 1011.0 901.0
good52_6 185.0 557.0 901.0
good53_1 322.0 1146.0 1009.0
good53_2 301.0 941.0 901.0
good53_3 296.0 980.0 901.0
good53_4 173.0 485.0 901.0
good53_5 179.0 491.0 901.0
good53_6 165.0 501.0 901.0
good54_1 232.0 940.0 901.0
good54_2 305.0 1293.0 901.0
good54_3 207.0 663.0 901.0
good54_4 411.0 1719.0 1009.0
good54_5 328.0 1168.0 1009.0
good54_6 292.0 1132.0 901.0
good55_1 228.0 732.0 901.0
good55_2 436.0 1784.0 1009.0
good55_3 340.0 1436.0 1009.0
good55_4 296.0 940.0 901.0
good55_5 335.0 1415.0 901.0
good55_6 441.0 1757.0 901.0
good56_1 204.0 588.0 901.0
good56_2 260.0 688.0 901.0
good56_3 170.0 562.0 901.0
good56_4 305.0 965.0 1009.0
good56_5 278.0 958.0 901.0
good56_6 183.0 491.0 901.0
good57_1 246.0 738.0 901.0
good57_2 349.0 1109.0 1009.0
good57_3 237.0 641.0 901.0
good57_4 182.0 498.0 901.0
good57_5 230.0 582.0 901.0
good57_6 188.0 436.0 901.0
good58_1 271.0 895.0 901.0
good58_2 433.0 1773.0 901.0
good58_3 229.0 841.0 901.0
good58_4 318.0 1178.0 1009.0
good58_5 242.0 754.0 901.0
good58_6 311.0 1095.0 1009.0
good59_1 158.0 462.0 901.0
good59_2 214.0 690.0 901.0
good59_3 278.0 1038.0 901.0
good59_4 303.0 967.0 901.0
good59_5 336.0 1160.0 901.0
good59_6 198.0 542.0 901.0
good60_1 346.0 1290.0 901.0
good60_2 373.0 1381.0 901.0
good60_3 236.0 732.0 901.0
good60_4 419.0 1583.0 1009.0
good60_5 350.0 1278.0 1009.0
good60_6 259.0 871.0 901.0
good61_1 288.0 972.0 901.0
good61_2 291.0 903.0 1009.0
good61_3 251.0 907.0 901.0
good61_4 216.0 620.0 901.0
good61_5 250.0 778.0 901.0
good61_6 223.0 551.0 901.0
good62_1 281.0 1041.0 1009.0
good62_2 381.0 1457.0 1009.0
good62_3 339.0 1411.0 1009.0
good62_4 226.0 650.0 901.0
good62_5 291.0 1103.0 901.0
good62_6 347.0 1287.0 1009.0
good63_1 176.0 476.0 901.0
good63_2 198.0 518.0 901.0
good63_3 357.0 1145.0 1009.0
good63_4 404.0 1364.0 1009.0
good63_5 247.0 619.0 901.0
good63_6 244.0 688.0 901.0
good64_1 210.0 470.0 901.0
good64_2 251.0 735.0 901.0
good64_3 170.0 370.0 901.0
good64_4 320.0 1064.0 901.0
good64_5 243.0 663.0 901.0
good64_6 272.0 756.0 901.0
good65_1 390.0 1594.0 901.0
good65_2 199.0 655.0 901.0
good65_3 325.0 1217.0 1009.0
good65_4 395.0 1683.0 901.0
good65_5 213.0 737.0 901.0
good65_6 216.0 752.0 901.0
good66_1 258.0 798.0 901.0
good66_2 325.0 1057.0 1009.0
good66_3 259.0 783.0 901.0
good66_4 234.0 594.0 901.0
good66_5 219.0 647.0 901.0
good66_6 220.0 684.0 901.0
good67_1 238.0 586.0 901.0
good67_2 163.0 503.0 901.0
good67_3 244.0 892.0 901.0
good67_4 253.0 637.0 901.0
good67_5 231.0 855.0 901.0
good67_6 254.0 790.0 901.0
good68_1 377.0 1505.0 1009.0
good68_2 342.0 1394.0 901.0
good68_3 284.0 1052.0 1009.0
good68_4 351.0 1455.0 1009.0
good68_5 364.0 1428.0 901.0
good68_6 346.0 1250.0 901.0
good69_1 260.0 828.0 901.0
good69_2 181.0 497.0 901.0
good69_3 273.0 1041.0 1009.0
good69_4 245.0 813.0 1009.0
good69_5 315.0 1235.0 1009.0
good69_6 245.0 877.0 1009.0
good70_1 301.0 713.0 901.0
good70_2 213.0 521.0 901.0
good70_3 350.0 1254.0 1009.0
good70_4 160.0 460.0 901.0
good70_5 226.0 614.0 901.0
good70_6 189.0 549.0 901.0
