bad2_1 275.0 975.0 901.0
bad2_2 356.0 1276.0 1009.0
bad2_3 206.0 630.0 901.0
bad2_4 260.0 744.0 901.0
bad2_5 377.0 1433.0 1009.0
bad2_6 272.0 884.0 901.0
bad3_1 532.0 2316.0 1129.0
bad3_2 198.0 686.0 901.0
bad3_3 418.0 1666.0 1129.0
bad3_4 298.0 1018.0 901.0
bad3_5 190.0 686.0 901.0
bad3_6 310.0 1166.0 1009.0
bad12_1 203.0 459.0 901.0
bad12_2 250.0 862.0 901.0
bad12_3 247.0 623.0 901.0
bad12_4 298.0 938.0 901.0
bad12_5 228.0 604.0 901.0
bad12_6 308.0 1152.0 1009.0
bad18_1 501.0 1633.0 1129.0
bad18_2 272.0 828.0 901.0
bad18_3 223.0 619.0 901.0
bad18_4 333.0 1045.0 901.0
bad18_5 329.0 913.0 901.0
bad18_6 364.0 1312.0 901.0
bad22_1 322.0 966.0 1009.0
bad22_2 433.0 1689.0 1129.0
bad22_3 402.0 1518.0 1009.0
bad22_4 467.0 1475.0 1009.0
bad22_5 310.0 1202.0 901.0
bad22_6 306.0 1182.0 901.0
bad23_1 262.0 762.0 901.0
bad23_2 180.0 592.0 901.0
bad23_3 155.0 443.0 901.0
bad23_4 210.0 654.0 901.0
bad23_5 181.0 429.0 901.0
bad23_6 236.0 808.0 901.0
bad24_1 217.0 629.0 901.0
bad24_2 425.0 1109.0 1009.0
bad24_3 442.0 1370.0 1009.0
bad24_4 332.0 1036.0 1009.0
bad24_5 317.0 893.0 901.0
bad24_6 443.0 1611.0 1009.0
bad28_1 307.0 1331.0 1009.0
bad28_2 266.0 918.0 901.0
bad28_3 285.0 1069.0 901.0
bad28_4 489.0 1981.0 1129.0
bad28_5 283.0 1099.0 901.0
bad28_6 438.0 1838.0 1129.0
bad32_1 380.0 1312.0 1129.0
bad32_2 241.0 873.0 1009.0
bad32_3 490.0 1862.0 1009.0
bad32_4 248.0 964.0 1009.0
bad32_5 274.0 750.0 901.0
bad32_6 355.0 1371.0 1129.0
bad34_1 215.0 571.0 901.0
bad34_2 246.0 818.0 901.0
bad34_3 213.0 557.0 901.0
bad34_4 317.0 1017.0 1009.0
bad34_5 211.0 599.0 901.0
bad34_6 351.0 1247.0 901.0
bad38_1 402.0 1610.0 1129.0
bad38_2 271.0 1163.0 901.0
bad38_3 288.0 736.0 901.0
bad38_4 179.0 447.0 901.0
bad38_5 311.0 915.0 901.0
bad38_6 339.0 1343.0 901.0
bad41_1 264.0 888.0 901.0
bad41_2 224.0 732.0 901.0
bad41_3 257.0 673.0 901.0
bad41_4 330.0 930.0 1009.0
bad41_5 186.0 634.0 901.0
bad41_6 427.0 1559.0 1009.0
bad45_1 248.0 888.0 901.0
bad45_2 513.0 2053.0 1129.0
bad45_3 514.0 2222.0 1129.0
bad45_4 223.0 767.0 901.0
bad45_5 292.0 976.0 901.0
bad45_6 354.0 1210.0 901.0
bad50_1 192.0 588.0 901.0
bad50_2 190.0 486.0 901.0
bad50_3 270.0 846.0 901.0
bad50_4 351.0 1055.0 901.0
bad50_5 190.0 622.0 901.0
bad50_6 249.0 625.0 901.0
bad57_1 342.0 1334.0 901.0
bad57_2 189.0 573.0 901.0
bad57_3 337.0 1157.0 901.0
bad57_4 355.0 1211.0 901.0
bad57_5 173.0 533.0 901.0
bad57_6 302.0 974.0 901.0
bad60_1 315.0 927.0 901.0
bad60_2 240.0 628.0 901.0
bad60_3 370.0 1318.0 901.0
bad60_4 249.0 717.0 901.0
bad60_5 296.0 1148.0 1009.0
bad60_6 192.0 572.0 901.0
bad62_1 354.0 1314.0 1009.0
bad62_2 306.0 982.0 901.0
bad62_3 363.0 1263.0 901.0
bad62_4 232.0 700.0 901.0
bad62_5 182.0 562.0 901.0
bad62_6 271.0 931.0 901.0
bad65_1 403.0 1471.0 1129.0
bad65_2 276.0 792.0 901.0
bad65_3 240.0 564.0 901.0
bad65_4 276.0 860.0 901.0
bad65_5 323.0 1103.0 901.0
bad65_6 286.0 1010.0 901.0
bad67_1 301.0 993.0 901.0
bad67_2 303.0 799.0 901.0
bad67_3 493.0 1757.0 1009.0
bad67_4 367.0 1207.0 1009.0
bad67_5 480.0 1844.0 901.0
bad67_6 316.0 940.0 901.0
bad69_1 344.0 1448.0 1009.0
bad69_2 323.0 1279.0 1009.0
bad69_3 343.0 1103.0 1009.0
bad69_4 418.0 1598.0 1009.0
bad69_5 201.0 437.0 901.0
bad69_6 309.0 1141.0 901.0
