bad2_1 252.0 1674.0 901.0
bad2_2 259.0 1591.0 901.0
bad2_3 199.0 1018.0 901.0
bad2_4 261.0 1458.0 901.0
bad2_5 270.0 1854.0 901.0
bad2_6 269.0 1475.0 901.0
bad3_1 293.0 2192.0 901.0
bad3_2 196.0 1231.0 901.0
bad3_3 192.0 1047.0 901.0
bad3_4 276.0 1761.0 901.0
bad3_5 160.0 898.0 901.0
bad3_6 310.0 2236.0 1009.0
bad7_1 175.0 949.0 901.0
bad7_2 191.0 1379.0 901.0
bad7_3 356.0 3011.0 901.0
bad7_4 240.0 1707.0 901.0
bad7_5 321.0 2040.0 901.0
bad7_6 303.0 2346.0 901.0
bad8_1 312.0 1662.0 1009.0
bad8_2 315.0 2151.0 1009.0
bad8_3 351.0 2403.0 1009.0
bad8_4 227.0 1514.0 1009.0
bad8_5 297.0 1683.0 901.0
bad8_6 221.0 1265.0 901.0
bad12_1 310.0 1813.0 1009.0
bad12_2 222.0 1203.0 901.0
bad12_3 247.0 1093.0 901.0
bad12_4 265.0 1444.0 901.0
bad12_5 228.0 1074.0 901.0
bad12_6 308.0 2207.0 1009.0
bad28_1 203.0 1580.0 901.0
bad28_2 261.0 1638.0 901.0
bad28_3 262.0 1756.0 901.0
bad28_4 262.0 1657.0 901.0
bad28_5 283.0 2119.0 901.0
bad28_6 327.0 2586.0 1009.0
bad34_1 226.0 1351.0 901.0
bad34_2 335.0 2207.0 1009.0
bad34_3 213.0 987.0 901.0
bad34_4 317.0 1892.0 1009.0
bad34_5 211.0 1084.0 901.0
bad34_6 339.0 2211.0 901.0
bad38_1 184.0 1075.0 901.0
bad38_2 271.0 2278.0 901.0
bad38_3 288.0 1296.0 901.0
bad38_4 193.0 949.0 901.0
bad38_5 311.0 1670.0 901.0
bad38_6 376.0 3049.0 901.0
bad41_1 240.0 1176.0 901.0
bad41_2 224.0 1367.0 901.0
bad41_3 351.0 2088.0 1009.0
bad41_4 226.0 730.0 901.0
bad41_5 270.0 1656.0 1009.0
bad41_6 321.0 2085.0 901.0
bad56_1 430.0 2689.0 1009.0
bad56_2 673.0 6100.0 901.0
bad56_3 241.0 1609.0 901.0
bad56_4 295.0 1690.0 1009.0
bad56_5 303.0 1734.0 901.0
bad56_6 789.0 6990.0 1009.0
bad60_1 315.0 1692.0 901.0
bad60_2 257.0 1382.0 901.0
bad60_3 395.0 2717.0 901.0
bad60_4 234.0 999.0 901.0
bad60_5 296.0 2213.0 1009.0
bad60_6 209.0 1379.0 901.0
bad62_1 354.0 2514.0 1009.0
bad62_2 306.0 1827.0 901.0
bad62_3 337.0 2092.0 901.0
bad62_4 240.0 1275.0 901.0
bad62_5 182.0 1037.0 901.0
bad62_6 248.0 1454.0 901.0
bad65_1 283.0 1642.0 1009.0
bad65_2 276.0 1437.0 901.0
bad65_3 240.0 969.0 901.0
bad65_4 263.0 1343.0 901.0
bad65_5 323.0 2078.0 901.0
bad65_6 368.0 2582.0 1009.0
bad67_1 302.0 1841.0 901.0
bad67_2 410.0 2345.0 1009.0
bad67_3 385.0 2293.0 901.0
bad67_4 266.0 1283.0 901.0
bad67_5 480.0 3549.0 901.0
bad67_6 409.0 2524.0 1009.0
