good1_1 206.0 665.0 901.0
good1_2 257.0 1508.0 1009.0
good1_3 146.0 578.0 901.0
good1_4 176.0 1013.0 901.0
good1_5 209.0 641.0 901.0
good1_6 168.0 573.0 901.0
good2_1 249.0 1743.0 1009.0
good2_2 125.0 611.0 901.0
good2_3 246.0 1839.0 1009.0
good2_4 238.0 1813.0 1009.0
good2_5 118.0 622.0 901.0
good2_6 181.0 1261.0 1009.0
good3_1 143.0 800.0 901.0
good3_2 276.0 1680.0 1009.0
good3_3 241.0 1132.0 901.0
good3_4 105.0 339.0 901.0
good3_5 230.0 1184.0 901.0
good3_6 265.0 1444.0 1009.0
good4_1 298.0 1630.0 1009.0
good4_2 268.0 1582.0 1009.0
good4_3 319.0 1786.0 1009.0
good4_4 245.0 1964.0 1009.0
good4_5 155.0 848.0 901.0
good4_6 153.0 1107.0 901.0
good5_1 201.0 921.0 901.0
good5_2 237.0 1290.0 901.0
good5_3 372.0 1425.0 901.0
good5_4 314.0 1718.0 1009.0
good5_5 337.0 1354.0 901.0
good5_6 278.0 2159.0 1009.0
good6_1 163.0 1063.0 901.0
good6_2 312.0 1932.0 1009.0
good6_3 226.0 1549.0 1009.0
good6_4 179.0 728.0 901.0
good6_5 196.0 745.0 901.0
good6_6 309.0 1794.0 1009.0
good7_1 194.0 806.0 901.0
good7_2 332.0 1934.0 1009.0
good7_3 284.0 1742.0 1009.0
good7_4 272.0 1649.0 1009.0
good7_5 303.0 1743.0 1009.0
good7_6 313.0 2158.0 1009.0
good8_1 187.0 1015.0 901.0
good8_2 228.0 1155.0 901.0
good8_3 234.0 999.0 901.0
good8_4 337.0 1840.0 1009.0
good8_5 158.0 653.0 901.0
good8_6 261.0 1737.0 1009.0
good9_1 243.0 1098.0 901.0
good9_2 244.0 1126.0 901.0
good9_3 213.0 852.0 901.0
good9_4 148.0 850.0 901.0
good9_5 245.0 1028.0 901.0
good9_6 122.0 590.0 901.0
good10_1 401.0 1877.0 1009.0
good10_2 243.0 810.0 901.0
good10_3 144.0 927.0 901.0
good10_4 336.0 1803.0 1009.0
good10_5 159.0 627.0 901.0
good10_6 293.0 1949.0 1009.0
good11_1 140.0 968.0 901.0
good11_2 230.0 1328.0 901.0
good11_3 205.0 880.0 901.0
good11_4 235.0 1648.0 901.0
good11_5 208.0 1099.0 901.0
good11_6 270.0 1737.0 901.0
good12_1 308.0 1631.0 1009.0
good12_2 181.0 838.0 901.0
good12_3 292.0 1354.0 901.0
good12_4 199.0 766.0 901.0
good12_5 397.0 2242.0 1009.0
good12_6 353.0 2261.0 1009.0
good13_1 233.0 962.0 901.0
good13_2 180.0 639.0 901.0
good13_3 235.0 1351.0 901.0
good13_4 148.0 778.0 901.0
good13_5 212.0 950.0 901.0
good13_6 360.0 2124.0 1009.0
good14_1 275.0 1607.0 1009.0
good14_2 234.0 963.0 901.0
good14_3 178.0 1033.0 901.0
good14_4 342.0 2097.0 1009.0
good14_5 363.0 1866.0 1009.0
good14_6 247.0 1183.0 901.0
good15_1 206.0 692.0 901.0
good15_2 189.0 846.0 901.0
good15_3 349.0 1762.0 1009.0
good15_4 263.0 1145.0 901.0
good15_5 259.0 1312.0 901.0
good15_6 281.0 1352.0 901.0
good16_1 160.0 835.0 901.0
good16_2 240.0 915.0 901.0
good16_3 163.0 739.0 901.0
good16_4 180.0 738.0 901.0
good16_5 202.0 670.0 901.0
good16_6 288.0 1719.0 1009.0
good17_1 248.0 1481.0 901.0
good17_2 315.0 1818.0 1009.0
good17_3 284.0 2039.0 1009.0
good17_4 264.0 1524.0 1009.0
good17_5 285.0 1896.0 1009.0
good17_6 256.0 1624.0 1009.0
good18_1 154.0 793.0 901.0
good18_2 257.0 1499.0 1009.0
good18_3 198.0 963.0 901.0
good18_4 303.0 1914.0 901.0
good18_5 165.0 867.0 901.0
good18_6 115.0 601.0 901.0
good19_1 204.0 1275.0 901.0
good19_2 360.0 2142.0 1009.0
good19_3 222.0 1275.0 901.0
good19_4 192.0 840.0 901.0
good19_5 284.0 1535.0 1009.0
good19_6 245.0 1127.0 901.0
good20_1 199.0 694.0 901.0
good20_2 204.0 1023.0 901.0
good20_3 328.0 1876.0 1009.0
good20_4 335.0 2225.0 1009.0
good20_5 177.0 879.0 901.0
good20_6 219.0 1677.0 1009.0
good21_1 112.0 544.0 901.0
good21_2 235.0 1549.0 1009.0
good21_3 266.0 1634.0 1009.0
good21_4 192.0 903.0 901.0
good21_5 156.0 903.0 901.0
good21_6 133.0 439.0 901.0
good22_1 142.0 790.0 901.0
good22_2 247.0 1525.0 901.0
good22_3 115.0 628.0 901.0
good22_4 322.0 1762.0 1009.0
good22_5 233.0 1457.0 1009.0
good22_6 228.0 1317.0 901.0
good23_1 209.0 1082.0 901.0
good23_2 270.0 1548.0 901.0
good23_3 157.0 625.0 901.0
good23_4 359.0 2366.0 901.0
good23_5 120.0 750.0 901.0
good23_6 357.0 2130.0 1009.0
good24_1 177.0 1023.0 901.0
good24_2 294.0 1743.0 1009.0
good24_3 227.0 983.0 901.0
good24_4 179.0 872.0 901.0
good24_5 192.0 1011.0 901.0
good24_6 191.0 704.0 901.0
good25_1 286.0 1771.0 1009.0
good25_2 182.0 1001.0 901.0
good25_3 246.0 1344.0 901.0
good25_4 174.0 1011.0 901.0
good25_5 238.0 1867.0 901.0
good25_6 207.0 1125.0 901.0
good27_1 382.0 2983.0 1009.0
good27_2 286.0 1933.0 1009.0
good27_3 345.0 2847.0 901.0
good27_4 265.0 1984.0 901.0
good27_5 275.0 1958.0 901.0
good27_6 282.0 1929.0 1009.0
good28_1 189.0 1215.0 901.0
good28_2 198.0 1008.0 901.0
good28_3 259.0 1726.0 901.0
good28_4 327.0 2001.0 1009.0
good28_5 259.0 2086.0 901.0
good28_6 290.0 1577.0 901.0
good29_1 142.0 799.0 901.0
good29_2 352.0 2170.0 1009.0
good29_3 302.0 2345.0 1009.0
good29_4 198.0 1017.0 901.0
good29_5 172.0 1054.0 901.0
good29_6 296.0 1997.0 1009.0
good30_1 371.0 2432.0 1009.0
good30_2 324.0 1701.0 901.0
good30_3 198.0 927.0 901.0
good30_4 248.0 1661.0 901.0
good30_5 235.0 1351.0 1009.0
good30_6 173.0 938.0 901.0
good31_1 161.0 962.0 901.0
good31_2 177.0 744.0 901.0
good31_3 139.0 706.0 901.0
good31_4 222.0 951.0 901.0
good31_5 202.0 1147.0 901.0
good31_6 268.0 1303.0 901.0
good32_1 171.0 846.0 901.0
good32_2 251.0 1061.0 901.0
good32_3 280.0 1891.0 1009.0
good32_4 330.0 2076.0 1009.0
good32_5 137.0 956.0 901.0
good32_6 434.0 2630.0 1009.0
good33_1 157.0 1093.0 901.0
good33_2 267.0 1806.0 1009.0
good33_3 275.0 2012.0 901.0
good33_4 244.0 1585.0 901.0
good33_5 452.0 3233.0 901.0
good33_6 215.0 926.0 901.0
good34_1 357.0 2301.0 1009.0
good34_2 185.0 878.0 901.0
good34_3 198.0 702.0 901.0
good34_4 180.0 882.0 901.0
good34_5 181.0 937.0 901.0
good34_6 167.0 599.0 901.0
good35_1 384.0 2490.0 1009.0
good35_2 302.0 2327.0 901.0
good35_3 273.0 1632.0 901.0
good35_4 235.0 1360.0 901.0
good35_5 216.0 1224.0 901.0
good35_6 400.0 2938.0 1009.0
good36_1 162.0 522.0 901.0
good36_2 216.0 1170.0 901.0
good36_3 132.0 591.0 901.0
good36_4 268.0 1762.0 1009.0
good36_5 218.0 1343.0 901.0
good36_6 211.0 985.0 901.0
good37_1 310.0 2254.0 901.0
good37_2 334.0 2404.0 901.0
good37_3 210.0 1182.0 901.0
good37_4 256.0 1633.0 1009.0
good37_5 182.0 947.0 901.0
good37_6 235.0 1333.0 901.0
good38_1 253.0 1612.0 1009.0
good38_2 203.0 1112.0 901.0
good38_3 268.0 1591.0 901.0
good38_4 251.0 1331.0 901.0
good38_5 223.0 1312.0 901.0
good38_6 303.0 1815.0 1009.0
good39_1 185.0 1202.0 901.0
good39_2 196.0 907.0 901.0
good39_3 270.0 1845.0 901.0
good39_4 245.0 1775.0 901.0
good39_5 204.0 1212.0 901.0
good39_6 116.0 503.0 901.0
good40_1 242.0 953.0 901.0
good40_2 230.0 1067.0 901.0
good40_3 353.0 2378.0 1009.0
good40_4 371.0 2279.0 1009.0
good40_5 297.0 1962.0 901.0
good40_6 227.0 1019.0 901.0
good41_1 142.0 907.0 901.0
good41_2 222.0 1041.0 901.0
good41_3 231.0 1086.0 901.0
good41_4 287.0 1502.0 1009.0
good41_5 265.0 1552.0 1009.0
good41_6 153.0 693.0 901.0
good42_1 333.0 2817.0 1009.0
good42_2 166.0 1057.0 901.0
good42_3 248.0 1895.0 1009.0
good42_4 204.0 1023.0 901.0
good42_5 234.0 1341.0 901.0
good42_6 277.0 1735.0 1009.0
good43_1 314.0 1745.0 1009.0
good43_2 198.0 1089.0 901.0
good43_3 208.0 739.0 901.0
good43_4 154.0 685.0 901.0
good43_5 335.0 2108.0 1009.0
good43_6 279.0 1647.0 1009.0
good44_1 216.0 1341.0 901.0
good44_2 120.0 633.0 901.0
good44_3 297.0 2106.0 1009.0
good44_4 198.0 1152.0 901.0
good44_5 187.0 1267.0 901.0
good44_6 161.0 647.0 901.0
good45_1 182.0 857.0 901.0
good45_2 221.0 770.0 901.0
good45_3 376.0 2356.0 1009.0
good45_4 186.0 744.0 901.0
good45_5 174.0 777.0 901.0
good45_6 265.0 1300.0 901.0
good47_1 293.0 2120.0 1009.0
good47_2 217.0 1603.0 1009.0
good47_3 149.0 1049.0 901.0
good47_4 156.0 759.0 901.0
good47_5 182.0 1100.0 901.0
good47_6 142.0 763.0 901.0
good48_1 233.0 1412.0 901.0
good48_2 391.0 3082.0 901.0
good48_3 296.0 2276.0 1009.0
good48_4 246.0 1299.0 901.0
good48_5 341.0 2789.0 1009.0
good48_6 175.0 1093.0 901.0
good49_1 211.0 1039.0 901.0
good49_2 326.0 2171.0 901.0
good49_3 287.0 1790.0 1009.0
good49_4 157.0 814.0 901.0
good49_5 168.0 546.0 901.0
good49_6 322.0 2050.0 1009.0
good50_1 219.0 1227.0 901.0
good50_2 223.0 1312.0 901.0
good50_3 304.0 1807.0 1009.0
good50_4 307.0 1900.0 901.0
good50_5 258.0 1770.0 901.0
good50_6 245.0 1541.0 901.0
good52_1 212.0 1256.0 901.0
good52_2 212.0 1040.0 901.0
good52_3 328.0 2263.0 1009.0
good52_4 232.0 1474.0 901.0
good52_5 300.0 1443.0 901.0
good52_6 183.0 957.0 901.0
good53_1 330.0 2292.0 1009.0
good53_2 301.0 1741.0 901.0
good53_3 296.0 1835.0 901.0
good53_4 179.0 944.0 901.0
good53_5 179.0 881.0 901.0
good53_6 165.0 921.0 901.0
good54_1 232.0 1825.0 901.0
good54_2 295.0 2068.0 901.0
good54_3 304.0 1915.0 1009.0
good54_4 411.0 3354.0 1009.0
good54_5 328.0 2218.0 1009.0
good54_6 292.0 2182.0 901.0
good55_1 219.0 1191.0 901.0
good55_2 331.0 2536.0 901.0
good55_3 340.0 2806.0 1009.0
good55_4 403.0 2743.0 1009.0
good55_5 317.0 2567.0 901.0
good55_6 441.0 3402.0 901.0
good56_1 309.0 2055.0 1009.0
good56_2 275.0 1427.0 901.0
good56_3 252.0 1773.0 1009.0
good56_4 305.0 1790.0 1009.0
good56_5 261.0 1368.0 901.0
good56_6 175.0 715.0 901.0
good57_1 253.0 1450.0 901.0
good57_2 241.0 979.0 901.0
good57_3 237.0 1146.0 901.0
good57_4 182.0 893.0 901.0
good57_5 321.0 1797.0 1009.0
good57_6 188.0 746.0 901.0
good58_1 271.0 1675.0 901.0
good58_2 344.0 2567.0 901.0
good58_3 229.0 1606.0 901.0
good58_4 318.0 2253.0 1009.0
good58_5 349.0 2347.0 1009.0
good58_6 305.0 1907.0 1009.0
good60_1 346.0 2470.0 901.0
good60_2 373.0 2641.0 901.0
good60_3 344.0 2414.0 1009.0
good60_4 317.0 2099.0 901.0
good60_5 350.0 2438.0 1009.0
good60_6 268.0 1753.0 901.0
good61_1 305.0 1862.0 901.0
good61_2 291.0 1668.0 1009.0
good61_3 251.0 1727.0 901.0
good61_4 216.0 1125.0 901.0
good61_5 250.0 1438.0 901.0
good61_6 223.0 961.0 901.0
good62_1 281.0 1991.0 1009.0
good62_2 381.0 2802.0 1009.0
good62_3 269.0 2249.0 901.0
good62_4 304.0 1807.0 1009.0
good62_5 291.0 2118.0 901.0
good62_6 347.0 2462.0 1009.0
good63_1 182.0 1028.0 901.0
good63_2 198.0 918.0 901.0
good63_3 358.0 2221.0 1009.0
good63_4 404.0 2564.0 1009.0
good63_5 232.0 835.0 901.0
good63_6 244.0 1243.0 901.0
good65_1 380.0 2891.0 901.0
good65_2 199.0 1225.0 901.0
good65_3 325.0 2332.0 1009.0
good65_4 380.0 3008.0 901.0
good65_5 198.0 1152.0 901.0
good65_6 235.0 1711.0 901.0
good67_1 238.0 1021.0 901.0
good67_2 156.0 903.0 901.0
good67_3 341.0 2402.0 1009.0
good67_4 358.0 2149.0 1009.0
good67_5 280.0 2008.0 1009.0
good67_6 254.0 1460.0 901.0
good69_1 260.0 1538.0 901.0
good69_2 190.0 1000.0 901.0
good69_3 273.0 2001.0 1009.0
good69_4 151.0 781.0 901.0
good69_5 317.0 2306.0 1009.0
good69_6 245.0 1667.0 1009.0
good70_1 330.0 1590.0 901.0
good70_2 231.0 1158.0 901.0
good70_3 350.0 2384.0 1009.0
good70_4 160.0 835.0 901.0
good70_5 209.0 821.0 901.0
good70_6 268.0 1663.0 1009.0
