1 66.32 58.82
2 66.92 57.4
3 68.54 59.76
4 69.38 55.62
5 68.5 50.86
6 70.06 54.76
7 64.74 61.38
8 65.2 61.04
9 68.58 59.96
10 68.7 60.08
11 69.06 56.8
12 66.96 58.2
13 63.48 66.4
14 64.62 60.68
15 66.1 65.48
16 65.24 60.6
17 66.88 61.42
18 66.78 59.58
19 60.9 67.54
20 61.78 67.56
21 61.74 67.88
22 62.86 66.48
23 63.6 65.34
24 63.96 65.74
25 56.56 70.46
26 58.9 70.58
27 59 70.08
28 59.18 70.66
29 59.7 69.08
30 59.9 69.92
31 51.92 73.42
32 51.82 73.02
33 52.96 75.84
34 52.82 72
35 54.02 74.56
36 53.3 74.94
37 76.74 58.02
38 78.26 55.18
39 78.42 54.1
40 81.06 49.36
41 81.24 53.4
42 80.6 52.24
43 75.04 59.76
44 76.34 59.66
45 77.76 59.72
46 78.18 60.42
47 78.7 58
48 78.54 57.2
49 72.6 62.92
50 75.46 63.96
51 75.42 65.1
52 76.9 62.46
53 77.78 63.14
54 77.74 61.3
55 71.68 67.2
56 71.5 68.18
57 71.52 67.1
58 72.34 66.26
59 73.04 67.08
60 73.18 64.02
61 65.82 71.12
62 66.48 73.3
63 68.36 70.58
64 69.54 69.18
65 69.44 69.04
66 69.42 67.8
67 59.34 76.3
68 60.38 78.14
69 60.9 73.92
70 61.9 74.18
71 61.64 74.48
72 62.06 74.54
73 81.44 56.74
74 82.66 57.82
75 82.88 53.42
76 84.32 54.34
77 85.04 53.76
78 84.94 52.5
79 79.46 60.76
80 81.18 60.82
81 82.08 59.56
82 82.36 58.16
83 82.7 57.04
84 82.98 54.38
85 77.08 66.58
86 79 63.84
87 80.56 60.86
88 80.84 63.56
89 81.4 58.86
90 82.44 61.4
91 73.3 66.64
92 73.94 66.46
93 75.5 66.48
94 75.8 65.3
95 77.74 65.06
96 77.2 63.2
97 69.76 73.26
98 71 69.88
99 72 71.56
100 73.36 69.78
101 72.54 71.24
102 72.46 68.94
103 61.28 75.7
104 63.56 73.78
105 64.44 76.64
106 65.1 70.92
107 66.7 72.44
108 66.24 74.08
109 83.46 55.78
110 84.96 53.76
111 85.76 52.62
112 87.44 52.36
113 86.98 53.24
114 87.5 53.26
115 82.44 56.58
116 82.72 60.06
117 84.26 57.84
118 85.62 57.92
119 85.72 56.92
120 85.8 57.96
121 79.2 66.64
122 81.66 61.82
123 82.4 63.42
124 83.56 61.78
125 84.48 61.64
126 84.3 62.92
127 76.48 66.92
128 77.18 66.16
129 79.1 65.22
130 79.48 69.5
131 78.78 67.42
132 80.26 66.16
133 71.84 71.02
134 73.3 71.26
135 73.42 69.4
136 76.06 70.96
137 74.56 68
138 75.6 71.76
139 64.14 75.82
140 64.3 76.22
141 67.08 75.36
142 68.16 74.22
143 67.54 70.32
144 67.06 73.52
145 83.8 58.56
146 86.06 55.32
147 86.76 54.1
148 87.96 54.6
149 87.54 53.24
150 88.84 54.5
151 82.96 61.7
152 83.16 57.18
153 85.28 60.44
154 86.4 52.54
155 85.98 54.7
156 85.46 58.78
157 81.1 62.96
158 82.32 64.74
159 83.38 60.44
160 84.8 58.96
161 84.62 59.34
162 84.14 59.3
163 75.92 68.12
164 78.48 66.74
165 78.54 63.48
166 79.76 63.86
167 79.32 64.96
168 81.04 62.68
169 72.22 74.4
170 73.72 73.66
171 73.9 68.56
172 75.44 68.6
173 75.84 70.3
174 75.02 67.52
175 62.9 77.04
176 65.52 73.58
177 66.82 74.96
178 67.58 74.16
179 66.42 75.74
180 68.48 72.92
181 84.14 54.52
182 85.74 54.18
183 86.82 55.46
184 87.98 57.6
185 88.76 54.22
186 88.96 52.68
187 83.22 58.56
188 84.14 58.42
189 84.12 59.94
190 85.84 58.72
191 86.74 56.4
192 88.1 56.3
193 81.22 63.92
194 82 62.18
195 83.88 57.88
196 84.56 62.08
197 84.8 59.94
198 83.78 60.04
199 77.78 67.56
200 78.2 64.1
201 79.8 65.4
202 80.76 64.52
203 80.1 68.66
204 81.02 65.48
205 72.62 70.22
206 73.56 71.82
207 74.24 69.68
208 75.6 70.1
209 76.62 69.16
210 77.06 70.82
211 65.04 76.46
212 66.66 74.88
213 66.58 73.18
214 67.98 74.96
215 66.84 73.68
216 67.64 72.06
217 66.52 54.62
218 66.66 56.18
219 68.18 58.34
220 68.92 56.1
221 69.6 56.86
222 69.94 53.66
223 64.96 59.82
224 66.64 57.94
225 67.22 62.52
226 66.6 54.12
227 68.12 57.68
228 68.26 55.26
229 62.04 63.86
230 65.44 62.68
231 64.64 63
232 67.88 63.88
233 67.48 58.2
234 66.26 59.98
235 61.88 68.46
236 62.24 67.78
237 62.52 67.3
238 63.26 64.8
239 63.12 66.26
240 63.26 65.64
241 56 70.1
242 57.4 70.48
243 58.06 69.94
244 60.18 69.42
245 59.34 69.22
246 59.98 71.76
247 51.08 76.34
248 51.16 74.3
249 52.86 75.9
250 52.02 74.58
251 53.6 73.84
252 53 75.34
253 75.88 57.58
254 77.42 58.56
255 78.6 56.6
256 79.16 54.6
257 79.54 55.34
258 80.26 54.98
259 75.4 57.74
260 76.86 59.5
261 77.16 61.62
262 78.44 60.22
263 77.22 57.04
264 78.4 56.94
265 72.46 64.46
266 74.84 64.06
267 75.86 60.76
268 75.36 60.54
269 77.14 63.3
270 76.82 60.58
271 69.32 65.54
272 70.44 64.14
273 71.66 66.34
274 73.86 64.5
275 73.28 65.14
276 73.82 66.86
277 64.86 73.82
278 67.44 70.38
279 67.34 70.6
280 69.46 68.14
281 68.54 69.6
282 69.16 71.02
283 58.16 75.84
284 58.56 74.72
285 60.4 74.06
286 60.68 71.76
287 60.78 74.8
288 61.62 74.52
289 80.46 55.3
290 81.02 54.34
291 82.52 56.88
292 84.48 55.8
293 84 54.76
294 84 51.54
295 79.06 63.08
296 80.12 60.34
297 81.6 62.76
298 82.22 58.38
299 82.8 56.22
300 81.98 56.78
301 76.38 65.6
302 78.88 63.32
303 79.5 65.16
304 80.52 61.92
305 80.5 56.5
306 81.74 63.16
307 75.14 71.52
308 75.42 65
309 75.98 67.4
310 77.2 64.42
311 77.8 64.4
312 76.6 62.96
313 69.68 70.92
314 70.18 69.68
315 72.06 70.14
316 72.24 70.58
317 72.9 70.82
318 72.24 71.56
319 61.84 76.04
320 62.62 76.8
321 64.34 74.76
322 64.3 74.04
323 64.14 74.2
324 65.3 75.98
325 83.22 56.9
326 84.66 56.4
327 86.34 54.66
328 85.84 56.86
329 86.46 57.26
330 87.66 54
331 81.56 58.78
332 83.68 60.22
333 82.74 56.18
334 85.28 55.8
335 85.64 54.74
336 86.22 59.08
337 80.78 60.42
338 80.28 61.54
339 82.24 62.26
340 83.5 60.56
341 84.14 60.3
342 83.08 58.72
343 76.06 70.14
344 77.2 67.12
345 77.74 65.06
346 79.2 63.02
347 78.38 66.02
348 79.82 66.24
349 71.66 73
350 72.48 72.06
351 73.36 69.9
352 74.56 69.8
353 75.92 70.32
354 75.3 68.64
355 63.96 75.96
356 63.74 74.6
357 65.76 76.72
358 67.02 73.94
359 66.94 75.8
360 66.68 76
361 83.92 54.6
362 85.1 54.1
363 85.98 56.96
364 87 51.82
365 86.86 52.02
366 87.98 55.5
367 82.58 58.1
368 83.54 60.14
369 84.06 58.02
370 85.78 60.38
371 84.84 56
372 86.32 54.78
373 80.56 61.38
374 81.22 61.12
375 83.16 59.04
376 84.42 57.94
377 83.6 59.92
378 84.18 59.86
379 76.36 67.84
380 78.22 67.52
381 78.56 66.12
382 79.5 66.7
383 80.02 63.66
384 80.06 65.48
385 71.74 70.92
386 72.74 70.5
387 74.54 70.7
388 74.28 69.38
389 74.48 69.78
390 75.68 68.18
391 63.82 75.28
392 64.36 73.52
393 66.5 74.8
394 66.22 73.46
395 66.92 74.38
396 68.06 71.76
397 83.48 56.12
398 85.22 55.9
399 86.64 56.1
400 87.9 56.04
401 86.92 53.16
402 87.88 52.58
403 82.86 56.42
404 83.68 58.04
405 84.44 54.96
406 85.06 62.24
407 85.42 57.66
408 86.6 58.98
409 80.28 61.54
410 81.82 63.46
411 83.54 61.14
412 84.6 59.94
413 84.78 60.6
414 85.14 60.8
415 76.64 68.98
416 77.68 67.22
417 78.6 66.9
418 80.02 64.44
419 79.8 65.42
420 80.16 63.4
421 72.24 69.94
422 74.3 72.32
423 74.04 70.52
424 75.18 70.08
425 74.68 68.26
426 76.14 68.88
427 63.28 75
428 65.42 73.92
429 66.44 74.12
430 66.28 70.56
431 66.16 73.58
432 67.74 73.3
433 65.12 58.38
434 65.38 55.8
435 65.88 55.2
436 67.66 53.86
437 67.82 54.26
438 66.62 55.16
439 62.8 57.8
440 65 56.06
441 64 62.06
442 65.46 60.14
443 67.3 57.82
444 66.38 58.44
445 61.52 65.62
446 62.86 65.62
447 63.66 65.88
448 65.82 61.4
449 64.92 61
450 66.02 59.24
451 60.4 70.26
452 60.24 65.98
453 58.82 66.72
454 61.56 67.08
455 61.76 68.38
456 60.04 64.42
457 55.24 73.6
458 56.42 72.06
459 57.86 73.06
460 58.1 71.16
461 57.84 72.68
462 58.76 71.28
463 49.5 79.32
464 50.16 77.48
465 50.62 76.36
466 53.32 75.96
467 52.8 76.44
468 51.1 75.58
469 75.14 55.96
470 76.86 55.06
471 76.46 54.24
472 77.3 57
473 77.18 54.46
474 78.52 56.74
475 73.12 60
476 74.12 60.86
477 74.94 59.74
478 76.8 56.46
479 77.34 56.38
480 77.16 60.32
481 72.54 63.8
482 71.5 62.58
483 73.88 61.86
484 74.6 63.18
485 75.28 65.92
486 75.6 61.88
487 68.94 68.42
488 68.78 69.68
489 69.28 69.6
490 71.26 67.54
491 69.46 64.56
492 71.94 67.44
493 64.96 75.02
494 65.72 72.68
495 66.44 70.76
496 67.1 71.58
497 66.66 73.14
498 66.66 73.94
499 56.14 77.4
500 58.72 75.88
501 58.96 75.66
502 60.36 75.14
503 60.02 73.46
504 60.22 72.2
505 79.8 57.92
506 80.28 58.92
507 80.88 57.08
508 81.82 53.82
509 82.22 53.4
510 81.52 54.32
511 77.52 59.64
512 78.66 60.7
513 80.02 59.82
514 81.08 60.34
515 80.48 60.6
516 80.16 57.68
517 75.96 65.52
518 76.68 62.78
519 78.62 62.06
520 80.12 62.44
521 79.94 62.5
522 79.06 59.34
523 71.72 69.12
524 73.4 70.26
525 73.2 66.22
526 74.5 68.7
527 76.22 67.52
528 75.46 68.14
529 68.1 70.18
530 68.32 71.64
531 69.9 72.96
532 70.42 72.78
533 71.22 71.84
534 70.78 70.02
535 59.3 76.9
536 61.34 75.04
537 62 78.18
538 63.86 75
539 62.84 74.76
540 63.36 75.86
541 81.3 57.96
542 83.12 57.1
543 82.84 55.78
544 84.26 56.62
545 84.46 53.88
546 85.4 52.94
547 78.76 63.74
548 80.9 57.08
549 82.12 58
550 83.6 59.12
551 83.92 57.32
552 83.22 56.2
553 76.76 64.38
554 79.7 60.62
555 80.44 62.88
556 80.46 59.34
557 82.24 60.38
558 81.2 62.88
559 73.7 70.36
560 75.22 67.94
561 76.32 66.26
562 77.02 66.4
563 78.42 64.66
564 78.14 65.78
565 69.24 70.98
566 69.92 71.66
567 70.92 70.92
568 72.34 69.2
569 73.98 70.34
570 72.32 69.54
571 62.52 78.2
572 63.62 77.08
573 62.54 76.94
574 63.48 73.64
575 65.8 74.5
576 66.02 76.56
577 81.1 59.46
578 82.74 53.32
579 84.26 58.82
580 85.26 55
581 84.64 60.16
582 85.88 53.88
583 80.58 59.22
584 81.96 58.7
585 83.12 61.46
586 83.54 59.28
587 82.88 58.42
588 84.36 60.74
589 77.12 64.26
590 79.58 60.08
591 80.86 60.82
592 83 60.24
593 80.98 62.24
594 82.12 59.84
595 74.52 68.54
596 74.66 68.84
597 76.98 65.3
598 78.4 66.14
599 77.34 65.4
600 77.8 65
601 71.1 72.32
602 71.46 71.78
603 73 71.7
604 72.98 69.84
605 73.36 69.04
606 73.88 71.88
607 62.7 76.16
608 63.4 76.22
609 64.1 76.38
610 64.68 77.34
611 66.18 74.92
612 66.46 72.7
613 81.28 57.38
614 82.82 52.94
615 84.36 57.16
616 85.68 54.86
617 85.88 54.14
618 85.86 53.5
619 79.94 60.1
620 81.38 58.44
621 82.88 56.52
622 84.16 57.34
623 83.68 60.42
624 84.36 58.4
625 78.46 64.14
626 78.74 62.76
627 80.82 61.5
628 82.46 63.4
629 82.96 62.54
630 82.96 60.76
631 74.36 66.6
632 77.42 67.44
633 77.48 65.74
634 77.8 65.52
635 78.08 67.76
636 78.64 65.3
637 70.44 72
638 71.26 70.04
639 72 70.18
640 73.94 70.78
641 74.3 70.3
642 73.14 69.5
643 62.66 77.36
644 62.84 76.66
645 65.1 77.2
646 65.92 75.12
647 65.98 77.28
648 65.04 71.74
