1 68.7 43.1
2 67.56 40.9
3 69.44 37.08
4 69.22 39.3
5 70.04 39.4
6 69.98 40.04
7 65.16 42.32
8 66.64 44.58
9 66.6 40.28
10 67.92 40.5
11 67.82 41.06
12 69.16 42.16
13 63.64 45.06
14 64.24 45.16
15 65.46 46.42
16 67.44 43.82
17 68.02 45.48
18 65.56 39.72
19 61.22 50.82
20 62 47.18
21 62.98 49.94
22 64.56 50.28
23 63.48 47.68
24 64.38 48.72
25 57.48 55.56
26 58.26 54.16
27 59.26 51.16
28 59.44 51.82
29 59.78 51.32
30 61.1 52.54
31 50.66 57.42
32 52.34 57.48
33 51.88 58.34
34 54.1 56.54
35 54.5 54.7
36 53.8 57.08
37 78.02 39.16
38 78.8 39.56
39 79.04 43.28
40 79.66 41.16
41 79.86 37.06
42 80.08 37.4
43 76.76 43.6
44 77.06 43.52
45 77.72 41.74
46 79.16 39.02
47 79.38 39.5
48 79.4 41.48
49 74.58 46.14
50 75.08 43.14
51 76.82 43.38
52 77.32 45.24
53 76.8 43.1
54 76.58 44.52
55 70.12 50.68
56 71.12 50.6
57 71.66 52.16
58 73.72 47.58
59 73.3 47.82
60 73.18 50.96
61 66.96 54.24
62 67.68 52.76
63 68.98 56
64 69.76 53.18
65 68.2 52.4
66 69.36 51.86
67 59.68 59.46
68 60.58 58.16
69 61.84 59.28
70 61.8 57.3
71 62.22 58.68
72 62.3 58.5
73 82.04 38.28
74 82.26 38.18
75 83.2 39.6
76 83.86 37.94
77 82.8 38.98
78 85.34 36.98
79 78.18 42.14
80 81.2 42.44
81 82.72 44.2
82 83.16 39.78
83 82.52 41.56
84 83.98 37.78
85 78.24 49.08
86 79.48 47.18
87 78.42 46.26
88 80.94 44.98
89 81.62 43.52
90 80.44 43.36
91 73.76 51.28
92 76.02 51.14
93 76 51.64
94 77.34 47.72
95 77.9 48.62
96 77.42 49.18
97 69.9 55.72
98 71.06 54.6
99 71.88 52.32
100 71.74 50.86
101 73.08 53.5
102 73.34 51.08
103 61.64 59.72
104 63.78 60.2
105 63.84 58.92
106 66.36 55.56
107 63.34 55.3
108 65.74 56.2
109 82.7 41.88
110 84.82 39.62
111 85.78 39.52
112 86.52 40.44
113 87.14 40.12
114 86.56 39.94
115 82.38 43.3
116 83.02 44.88
117 85.16 40.36
118 85.48 44.56
119 85.9 38.76
120 85.4 42.9
121 79.96 46.54
122 81.44 47.52
123 82.2 45.2
124 83.78 43.4
125 84.3 43.56
126 83.36 44.62
127 75.78 51.02
128 78.3 52.14
129 78.32 50.54
130 79.34 48.78
131 80.44 46.78
132 80.12 48.66
133 73.06 55.36
134 72.02 54.6
135 73.42 53.18
136 75.96 51.04
137 75.76 52.26
138 76.3 52.36
139 64.5 57.48
140 65.14 59.88
141 65.94 56.34
142 66.42 58.12
143 66.08 57.04
144 67.02 56.24
145 84.72 41.26
146 85.4 41.62
147 86.24 40.54
148 87.12 37.66
149 87.44 40.16
150 87.4 39.28
151 83.7 42.24
152 83 42.4
153 84.36 44.26
154 86.72 43.2
155 87.14 38.16
156 86.3 41.98
157 80.36 44.84
158 83.2 45.78
159 83 46.08
160 85.42 43.76
161 83.92 40.74
162 85.04 45.22
163 76.26 50.36
164 78.3 47.38
165 77.94 49.04
166 80.86 47.28
167 79.16 48.54
168 80.96 45.12
169 71.94 55.24
170 74.22 54.16
171 75 53.2
172 75.22 51.28
173 76.44 53.98
174 75.08 54.88
175 63.24 57.3
176 64.62 56.62
177 66.98 53.74
178 66.92 56.9
179 67.12 58.5
180 66.88 58.72
181 84.3 44.02
182 85.36 39.04
183 87.32 41.72
184 88.06 38.74
185 87.96 38.7
186 88.64 36.78
187 81.76 44.76
188 84.08 43.14
189 84.62 42.54
190 86.8 41.46
191 87.14 41.02
192 86.74 40.86
193 80.24 46.24
194 82.54 46.24
195 83.18 45.58
196 84.54 46.2
197 84.5 43.94
198 85.84 42.26
199 77.4 52.24
200 79.42 49.48
201 79.9 50.54
202 80.22 49.04
203 79.8 46.32
204 80.36 45.98
205 73.28 51.94
206 74.36 54.02
207 75.3 54.22
208 74.92 55.52
209 76.82 50.04
210 75.64 51.04
211 63.64 59.58
212 65.38 58.06
213 67 56.18
214 67.88 56.52
215 67.6 56.38
216 67.7 56.1
217 66.06 42.6
218 67.04 40.9
219 69.28 39.62
220 69.68 41.22
221 67.94 41.6
222 68.66 38.74
223 66 42.7
224 65.02 41.84
225 65.48 44.8
226 65.66 44.6
227 68.26 43.46
228 67.5 44.26
229 63.82 46.04
230 63.86 46.64
231 63.8 44.88
232 66.2 44.78
233 67.28 44.74
234 65.94 41.9
235 60.9 50.98
236 62.86 51.04
237 62.48 46.92
238 63.02 49.46
239 62.86 46.78
240 63.92 47.76
241 57.38 56.38
242 57.82 52.72
243 59.32 53.22
244 60.98 52.6
245 60.32 50.74
246 58.42 52.5
247 50.96 55.82
248 51.94 58.32
249 53 55.88
250 52.56 56.5
251 52.5 54.42
252 54.18 54.4
253 77.66 43.06
254 77.24 38.36
255 77.4 41.98
256 80.42 38.74
257 79.4 40.96
258 80.38 40.12
259 75.72 42
260 77.08 41.88
261 77.66 45.58
262 78.38 43.6
263 78.02 40.88
264 78.32 39.5
265 73.66 47.02
266 75.7 45.68
267 75.42 43.54
268 77.38 43.98
269 76.72 40.16
270 77.86 45.08
271 69.56 50.9
272 70.4 50.4
273 72.28 49.98
274 73.36 49.68
275 72.46 50.64
276 73.02 49.48
277 66.22 56.14
278 66.9 51.94
279 67.78 54.56
280 68.78 53.02
281 69.34 54.94
282 68.54 52.1
283 58.1 61.16
284 59.62 60.04
285 61.66 55.94
286 61.38 58.32
287 60.42 55.92
288 61.04 55.82
289 80.28 38.62
290 81.56 41
291 81.56 39.36
292 84.3 39.5
293 83.74 43.12
294 84.72 37.62
295 78.44 44.32
296 81.14 41.98
297 81.48 43.54
298 81.7 41.66
299 83.36 44.18
300 83.2 42.22
301 77.9 46.48
302 78.26 44.86
303 80.06 47.38
304 80.08 41.62
305 81.36 44.86
306 80.94 47.42
307 73.94 47.12
308 74.82 52.7
309 75.34 49.2
310 76.26 50.38
311 76.72 47.72
312 76.76 47.98
313 68.54 53.56
314 69.54 53.28
315 70.38 55.78
316 72.16 52.3
317 73.46 52.82
318 72.6 52.96
319 62.06 60.6
320 63.8 58.88
321 64.22 58.48
322 65.1 60.96
323 64.32 58.8
324 64.54 58.98
325 81.92 42.5
326 84.28 36.8
327 86.12 40.1
328 87 43.52
329 86.62 38.22
330 86.34 37.98
331 81.48 44.18
332 82.66 42.04
333 83.84 40.3
334 85.24 42.84
335 85.26 42.54
336 85.48 41.6
337 79.62 46.52
338 80.22 42.62
339 81.84 45.3
340 83.38 45.54
341 83 47.18
342 83.38 43.46
343 76.78 52.88
344 77.36 48.08
345 77.34 49.26
346 78.68 48.82
347 79.46 49.7
348 79.66 49.76
349 71.84 57.72
350 73.3 51.36
351 74.3 53.24
352 75.34 52.88
353 73.2 51.8
354 75.86 51.5
355 63.26 58.96
356 66.46 59.2
357 65.68 58.68
358 66.28 54.44
359 68 57.58
360 66.5 57.46
361 83.48 43.06
362 85.22 44.66
363 85.58 40.04
364 87.84 42.18
365 87.74 35.5
366 87.48 39.52
367 82.76 41.44
368 83.14 42.72
369 84.94 43.72
370 85.18 43.64
371 85.42 38.8
372 85.04 40.9
373 80.66 46.34
374 81.62 45.98
375 82.84 46
376 84.22 42.58
377 84.44 42.96
378 83.68 41.8
379 76.46 53.6
380 76.86 50.76
381 77.68 50.96
382 79.6 47.24
383 80.28 49.86
384 79.82 47.02
385 72.12 56.92
386 73.98 53.72
387 73.94 52.18
388 75.46 52.46
389 74.42 51.72
390 74.88 54.18
391 65.62 56.68
392 65.76 58.02
393 65.42 59.16
394 66.92 58.42
395 65.22 57.3
396 67.4 56.52
397 84.82 41.4
398 85.08 36.48
399 86.68 41.24
400 87.54 41.86
401 88.08 37.8
402 87.78 42.88
403 82.86 44.16
404 83.78 45.44
405 85.92 42.86
406 86.68 43.22
407 86.66 41.86
408 86.64 39.9
409 80.48 47
410 82.16 45.36
411 83.72 46.62
412 84.2 44.56
413 84.34 44.94
414 83.9 45.24
415 76.4 51.74
416 77.68 51
417 78.26 52.68
418 80.06 44.42
419 79.94 49.42
420 81.04 49.36
421 71.7 55.48
422 74 51.5
423 74.68 52.58
424 75.22 52.32
425 74.78 53.72
426 76.66 52.48
427 64.94 57.4
428 65.96 57.92
429 66.3 58.72
430 66.74 55.82
431 67.54 56.28
432 68.44 57.06
433 63.52 39.52
434 65.94 44.08
435 65.34 36.6
436 67.58 40.98
437 67.76 40.02
438 66.78 40.64
439 63.62 43.32
440 64.06 43.9
441 65.08 42.72
442 67.46 40.66
443 66.02 44.34
444 66.64 44.98
445 61.74 49.02
446 63.32 45.12
447 61.84 42.02
448 63.92 44.06
449 64.28 43.76
450 65.42 45.1
451 58.26 51.02
452 59.3 50.72
453 60.72 52.62
454 62.08 51.52
455 62.26 51.44
456 61.54 49.98
457 55.06 54.28
458 55.94 56
459 57.62 53.24
460 58.92 53.74
461 57.78 53.3
462 59.32 51.64
463 49.02 60.48
464 51.1 57.84
465 51.26 58.44
466 51.16 58.06
467 51.38 57.82
468 51.14 59
469 74.4 42.94
470 75.52 40.78
471 76.76 43.84
472 78.04 41.48
473 78.16 40.46
474 78.5 40.12
475 73.12 43.72
476 75.74 43.14
477 75.48 44
478 76.74 40.22
479 76.68 43.44
480 78.48 41.68
481 71.56 48.28
482 72.96 46.04
483 74.02 47.02
484 75.16 43.86
485 75.22 44.84
486 75.86 43.76
487 68.3 49.88
488 70.22 49.04
489 70.78 50.84
490 70.58 50.74
491 71.2 48.64
492 70.72 47.12
493 65.88 55.7
494 65.9 55.02
495 65 54.92
496 67.32 54.46
497 67.62 56.24
498 66.88 51.68
499 58.44 61.16
500 59.26 61.7
501 60.82 58.88
502 59.94 58.12
503 60.64 57.44
504 61.52 57.52
505 78.42 41.18
506 80.04 43.6
507 80.14 38.76
508 81.7 39.56
509 82.06 40
510 82.7 37.86
511 78.06 44.62
512 78.5 41.8
513 79.26 47.7
514 80.7 42.86
515 81.04 40.28
516 80.48 44.72
517 76.44 45.8
518 77.14 47.12
519 77.56 45.26
520 78.6 44.26
521 79.48 45.36
522 78.84 47.16
523 69.88 51.04
524 71.84 51.36
525 73.94 51.98
526 75 48.48
527 75.1 49.96
528 75.7 51.48
529 66.3 55.1
530 69.06 54.6
531 69.68 54.7
532 70.14 54.22
533 70.32 52.42
534 70.02 53.9
535 60.94 62.94
536 60.98 55.88
537 61.92 60.12
538 63.16 59.86
539 63.46 54.16
540 63.02 57.42
541 80.18 40.34
542 82.18 42.18
543 82.96 40.24
544 84.82 42.68
545 84.34 42.46
546 85.14 38.36
547 80.06 43.68
548 80.72 44.24
549 81.7 43.68
550 83.04 38.92
551 83.26 43.88
552 83.64 43.48
553 76.8 43.96
554 79.38 44.24
555 80.16 45.5
556 81.72 47.86
557 80.68 44.2
558 81.44 46.6
559 74.68 52.3
560 76.32 52
561 75.18 49.1
562 78.18 48.54
563 76.24 48.74
564 76.72 49.4
565 68.7 59.28
566 71.62 54.38
567 71.26 54.26
568 72.32 52.68
569 73.18 55.46
570 72.8 53.94
571 63.46 58.48
572 62.9 59.38
573 64.24 57.68
574 65.5 58.12
575 64.16 60.48
576 64.88 58.64
577 81.64 40.46
578 83 41.54
579 83.62 41.2
580 84.36 38.9
581 84.9 40.64
582 85.72 41.28
583 80.2 47.52
584 80.86 42.48
585 83.1 40
586 83.5 42.3
587 83.8 45.32
588 84.02 39.18
589 77.46 46.08
590 79.78 48.72
591 81.34 45.74
592 81.62 42.98
593 81.9 43.58
594 81.78 44.46
595 74.36 50.62
596 75.58 53.12
597 77.76 51.42
598 77.12 51.52
599 77.36 50.78
600 78.74 50.7
601 71.84 53.04
602 71.38 58.08
603 72.92 53.6
604 73.28 56.9
605 73.16 53.22
606 74.24 53.74
607 62.14 58.36
608 64.08 58.6
609 64.3 59.92
610 64.16 57.96
611 64.64 59.72
612 65.98 55.18
613 81.1 40.16
614 83.24 38.98
615 84.3 43.96
616 85.48 39.46
617 86.44 38.82
618 85.6 39.46
619 80.46 44.18
620 81.5 43.86
621 82.66 48.56
622 84.12 43.48
623 84.2 42.92
624 84.38 43.74
625 79.02 46.08
626 79.94 46.28
627 81.14 43.94
628 82.02 43.44
629 82.34 44
630 82.14 43.78
631 74.4 50.38
632 75.6 48.62
633 77.24 53.4
634 78.72 50.36
635 78.06 51.1
636 78.54 50.2
637 70.12 57.5
638 71.36 53.46
639 72.8 54.48
640 72.42 52.74
641 73.18 56.06
642 72.68 52.78
643 63.1 59.46
644 64.92 59.82
645 64.76 60.64
646 64.58 57.6
647 65.42 59.68
648 67.12 58.62
