1 89.11 19.72
2 89.85 18.96
3 90.27 17.88
4 90.25 17.94
5 90.55 17.8
6 90.71 18.08
7 89.18 18.72
8 88.8 18.4
9 89.72 16.86
10 90.47 16.6
1 88.73 1.12
2 89.62 0.78
3 89.94 0.94
4 91.32 1.02
5 90.77 0.62
6 91.25 0.88
7 87.92 0.68
8 89.3 0.9
9 90.74 0.98
10 90.05 0.8
11 90.69 0.68
12 90.61 0.92
13 88.51 0.84
14 89.69 0.96
15 90.6 0.92
16 90.48 1.1
17 90.96 0.84
18 90.47 0.68
19 88.41 0.84
20 89.59 0.96
21 89.61 0.84
22 90.22 0.7
23 89.72 0.8
24 90.21 0.74
25 87.06 1.16
26 88.1 1
27 88.31 0.86
28 88.78 0.96
29 89.23 0.5
30 88.7 0.92
31 84.5 0.88
32 86.16 0.66
33 86.52 0.7
34 86.43 0.68
35 86.39 0.8
36 86.76 0.96
37 88.76 0.7
38 89.45 0.78
39 91.34 0.76
40 90.98 0.86
41 91.04 0.94
42 90.99 0.8
43 88.47 0.78
44 88.87 0.94
45 89.9 0.94
46 90.49 0.92
47 90.93 0.84
48 90.65 1.1
49 88.4 0.98
50 90.1 1.04
51 90.17 0.96
52 90.5 0.64
53 90.21 0.8
54 90.84 0.78
55 88.39 1.02
56 89.41 0.88
57 90.62 1.06
58 90.52 0.92
59 90.17 0.82
60 90.31 0.88
61 87.54 1.16
62 88.22 0.74
63 89.38 0.82
64 89.4 0.96
65 88.74 0.78
66 89.28 0.94
67 84.79 1.18
68 85.85 0.9
69 86.49 0.86
70 86.78 0.82
71 87.92 0.9
72 86.95 0.9
73 88.64 0.96
74 90.21 0.58
75 90.55 0.8
76 90.71 0.78
77 90.71 0.96
78 90.7 0.9
79 89.36 1.02
80 89.59 1.04
81 90.77 0.94
82 90.66 0.8
83 90.89 0.96
84 90.6 0.82
85 89.43 0.86
86 89.4 0.68
87 89.76 1.02
88 90.1 0.68
89 90.45 0.78
90 90.61 1.04
91 88.75 0.88
92 89.52 0.94
93 89.6 0.84
94 90.94 0.92
95 90.78 1.14
96 90.48 0.86
97 86.58 0.76
98 88.43 0.9
99 88.97 0.68
100 89.47 0.92
101 89.2 0.72
102 89.93 0.9
103 85.74 0.72
104 86.1 1.04
105 86.91 0.94
106 87.26 0.86
107 87.42 0.68
108 87.49 1
109 89.76 0.64
110 89.83 1.1
111 89.81 0.98
112 90.9 1.14
113 90.52 0.64
114 91.6 0.88
115 88.94 0.84
116 90.14 0.78
117 90.08 0.8
118 91.05 0.72
119 90.68 0.86
120 90.83 1
121 88.43 0.66
122 89.77 0.76
123 90.56 0.78
124 90.53 0.9
125 90.94 0.7
126 91.5 0.66
127 88.96 0.98
128 89.26 0.96
129 90.03 0.92
130 90.79 1.04
131 90.62 0.56
132 90.4 0.9
133 88.22 1.04
134 88.35 1.12
135 89.41 0.74
136 89.07 0.78
137 89.4 0.74
138 89.52 0.86
139 86.12 0.82
140 86.67 0.88
141 86.23 0.9
142 86.89 0.76
143 86.88 0.86
144 86.85 0.8
145 89.26 0.96
146 89.44 0.94
147 90.68 0.88
148 90.67 0.84
149 90.78 0.7
150 91.33 0.56
151 89.73 1.14
152 89.47 1.1
153 90.44 0.66
154 90.51 0.86
155 90.77 0.7
156 90.51 0.62
157 88.61 0.88
158 89.42 0.98
159 90.51 0.92
160 91.24 0.9
161 90.75 0.88
162 90.89 0.64
163 89 0.96
164 89.24 1.04
165 90.03 0.72
166 90.59 0.78
167 90.65 0.88
168 90.03 1.1
169 87.66 0.86
170 88.98 0.78
171 88.39 0.98
172 89.18 0.58
173 89.04 0.84
174 89.24 1.04
175 85.6 0.74
176 86.38 1.16
177 86.82 1.02
178 87.31 0.88
179 86.79 1.04
180 87.86 0.8
181 88.94 0.9
182 90.25 0.86
183 90.59 0.76
184 90.53 0.8
185 90.56 1.08
186 91.46 0.88
187 89.33 0.96
188 89.4 0.82
189 90.16 1
190 90.99 0.76
191 90.81 0.78
192 90.34 0.68
193 88.3 0.8
194 89.8 0.62
195 89.82 1.02
196 90.17 0.8
197 90.43 0.88
198 90.9 0.94
199 88.67 0.88
200 89.65 0.94
201 90.22 0.88
202 90.68 0.74
203 90.47 0.98
204 90.11 0.96
205 87.17 0.96
206 88.62 0.78
207 88.89 0.6
208 88.9 0.78
209 89.66 0.9
210 89.43 0.96
211 85.64 1.06
212 86.08 0.9
213 86.71 0.9
214 86.8 0.58
215 87 0.76
216 86.74 0.76
217 88.69 0.9
218 89.15 1
219 90.24 0.72
220 90.9 0.66
221 90.86 0.88
222 90.78 0.62
223 88.67 0.76
224 89.8 0.92
225 90.42 0.82
226 90.46 0.94
227 90.22 0.7
228 91.26 0.84
229 88.69 0.8
230 89.39 1.02
231 90.15 1.1
232 90.21 0.76
233 90.34 0.8
234 90.48 1.34
235 88.19 0.96
236 89.48 0.78
237 90.27 0.94
238 90.66 1.2
239 89.93 1.02
240 90.13 0.94
241 86.92 0.68
242 88.24 0.8
243 88.79 1.08
