82.2951  82.2998
82.294  82.2998
82.2957  82.2965
82.2928  82.2908
82.2908  82.2947
82.2996  82.293
100  82.2987
82.2789  82.2924
100  82.2994
82.2958  82.2958
82.3  82.2991
82.2937  82.296
82.2997  82.2934
100  82.2962
82.2957  82.299
82.2916  82.2947
82.287  100
100  82.2934
82.2987  100
82.2943  82.3
82.2969  82.2986
82.2923  82.297
82.2889  82.2979
82.2955  100
82.2985  82.2966
82.2885  82.2758
82.2943  82.2903
82.2961  100
82.2995  82.299
82.3  82.2985
82.2969  82.2997
82.2951  82.2983
82.2969  82.2981
82.299  82.2997
82.2911  82.2914
82.2997  82.2969
82.2986  82.2948
82.2976  82.2916
82.2936  82.2973
82.2947  82.2994
82.2953  82.2968
82.2947  82.2994
82.2976  82.2978
82.2979  82.287
82.2992  82.3
82.2966  82.2895
82.2978  100
100  82.2989
82.2991  82.2986
82.2893  82.2936
82.2969  82.2961
82.2985  82.2826
82.2998  82.2958
82.2885  82.2984
82.2945  100
82.2921  82.2991
82.285  82.2975
100  82.2989
82.2928  82.2996
82.2977  82.2999
82.2938  82.2994
82.2998  82.2799
82.2932  82.2953
82.2965  82.2994
82.2862  82.295
82.2952  82.2892
82.295  82.2984
82.2973  82.2997
82.2984  82.2868
82.2989  82.2992
82.2997  82.2966
82.2967  82.2937
82.2935  82.2997
82.2974  100
82.298  82.283
82.2953  82.2932
82.2961  82.2961
82.2972  82.2985
82.2953  82.29
82.2982  82.2985
82.2969  82.2949
82.2954  82.2994
82.2963  82.2937
82.2992  82.2944
82.2949  82.2937
82.2946  100
82.2974  82.2996
82.299  82.2949
82.2875  82.2997
82.2948  82.2905
82.2963  82.298
82.293  82.2866
82.2939  82.2935
82.2995  82.2921
82.2952  82.2916
82.2961  82.2957
82.2991  82.2904
82.285  82.2984
82.2942  100
82.2983  82.2975
82.2953  82.2992
82.2973  82.299
82.2953  82.2972
100  82.2981
82.2995  82.2935
82.2991  82.2942
82.2855  82.2978
82.2979  82.2951
82.2961  82.2942
82.2996  82.3
82.2928  82.2866
82.2987  82.2986
82.2991  82.2995
82.2992  82.283
82.2964  82.2966
82.2961  82.2951
82.2956  82.2876
82.2952  82.2995
82.2968  82.2957
82.2902  82.2985
82.2937  82.2985
82.2955  82.298
82.2985  82.2966
82.2976  82.2994
82.2965  82.2988
82.2988  82.2986
82.2995  82.2967
82.289  82.2982
82.2978  82.2963
82.297  82.2911
82.2961  82.2961
82.2963  82.2893
82.297  82.297
82.2977  82.2939
82.2903  82.2925
82.2934  100
82.2806  82.297
82.299  82.2966
82.2967  82.2962
100  82.2978
82.2659  82.2957
82.2944  82.2988
82.2981  82.28
82.2889  82.2931
82.2978  82.2921
82.298  100
82.2941  82.2916
82.2964  82.2993
82.2973  82.2972
82.2968  82.2982
82.2974  82.2969
82.2979  82.2978
100  82.2961
82.3  82.2988
82.2937  82.2981
82.2914  100
82.299  82.2901
82.296  82.298
82.2998  82.2979
82.2952  82.2978
82.2871  82.2978
82.3  82.2928
100  100
82.2974  82.2943
82.2942  82.2981
82.2968  82.2982
82.2748  82.2769
82.2997  82.2997
82.2921  82.2805
82.2951  82.2833
82.2974  82.2976
82.2958  82.2957
82.2998  82.2986
100  82.3
82.2966  82.2915
82.294  100
82.2995  82.2979
82.2991  82.2953
82.2994  82.2951
82.2997  100
82.2993  82.2789
82.2982  82.2959
82.2992  82.2937
100  82.2994
82.2977  82.2964
82.2988  82.2918
82.2951  82.2994
82.2982  82.2942
82.2964  82.2968
82.2992  82.297
82.2944  82.2983
82.299  82.2959
82.2977  82.2996
82.2924  100
82.2855  82.2996
82.2984  82.2999
82.2941  82.2979
82.2985  82.2995
82.2895  82.2973
82.2894  82.2998
82.2957  82.2991
82.2987  82.294
82.2908  82.2944
82.2908  82.2963
82.2955  82.2865
82.2953  100
82.2947  82.2887
82.2971  82.2776
82.2981  82.2942
82.2983  82.2951
82.2992  82.298
82.2938  82.2842
82.2998  82.2949
82.2983  82.2974
82.2925  82.296
82.2807  82.2981
82.2975  82.2906
82.2958  82.2905
82.2944  82.2984
82.292  82.2992
82.2952  82.2936
100  82.2964
82.2935  82.2969
82.2912  82.2972
82.2995  82.2975
82.2993  82.2953
82.2963  82.2984
82.2973  82.2951
82.2953  82.2975
82.2952  82.2898
82.2993  82.2937
82.3  100
82.2989  82.2986
82.2995  82.2966
82.2858  82.2965
82.2989  82.2999
82.2989  82.2916
82.299  82.2975
82.283  82.2986
82.2978  82.2983
82.2963  82.2787
100  82.2989
82.2924  82.2979
82.2907  82.284
100  82.2922
82.2946  82.2945
82.2934  82.298
82.2987  82.2994
82.2992  82.2958
82.2979  82.289
82.2961  82.2956
82.28  82.2977
82.2959  82.2975
82.2966  82.2996
82.2989  82.2991
82.2978  82.2982
82.2958  82.298
100  82.2843
82.2928  100
82.292  82.2938
82.2859  82.2963
82.2936  82.2966
82.2985  82.2984
100  82.2985
82.2916  82.2973
82.2979  82.299
82.2893  82.2902
82.2993  82.2976
82.2841  82.2995
100  82.2909
82.2932  100
82.2869  82.2923
82.2911  100
82.2935  82.2996
82.296  82.2948
82.2902  82.2939
82.2786  82.2991
82.2917  82.2956
82.2982  82.292
82.2982  82.2931
82.285  82.2979
82.2844  82.295
100  82.2996
82.288  82.2991
82.2755  82.296
82.2955  100
82.2852  82.2998
82.2924  82.2901
82.2967  82.2961
82.2986  82.2994
82.2995  82.2974
82.2971  100
82.2926  82.2977
82.2992  82.2945
82.298  82.2975
82.2991  82.2958
82.2984  82.2767
82.2965  100
82.2999  82.2981
82.2961  82.2947
82.2984  100
82.2942  82.2962
100  82.2906
82.2977  82.297
82.296  82.2959
82.2903  100
82.2997  82.2994
82.2891  82.2989
82.2998  82.2996
82.2996  82.2997
82.2899  82.2974
82.2945  82.2923
100  82.2926
82.2625  82.2997
100  82.2973
82.2942  82.2963
82.289  82.2941
82.2756  82.2957
82.2903  82.2916
82.2915  82.2983
82.2946  82.2964
82.2903  82.2966
82.2946  82.2973
100  100
82.2913  82.287
82.2956  82.2978
82.2997  82.2925
82.2905  82.2971
82.2996  82.2962
82.2977  82.2948
82.2985  82.294
100  82.2996
82.2993  82.2995
82.2899  82.2953
82.2909  82.296
82.2993  82.2993
82.2953  82.2984
82.2977  82.2931
82.2966  82.2947
82.2989  100
82.2968  82.2971
82.2973  82.2991
82.296  100
82.299  82.2954
82.2976  82.2998
82.2919  82.2939
82.2977  82.2979
82.2956  82.2854
100  100
82.2942  82.2991
82.299  82.294
82.2991  82.2956
82.2906  82.2961
82.2961  82.2991
82.2992  82.2939
82.2891  82.2964
82.2998  82.2982
82.2999  82.2989
82.2986  82.2986
82.2626  82.2938
82.2968  82.2988
82.2946  82.291
82.2953  82.2997
82.2995  100
82.2947  82.2979
82.2854  82.2949
82.2951  82.2963
82.295  82.2959
82.2935  82.2963
82.299  82.2928
82.298  82.294
82.2957  82.2958
82.2974  82.2993
100  82.3181
82.2998  82.2948
82.2939  82.2954
82.2967  82.2997
82.2893  82.2986
82.2973  82.2987
82.3  82.2998
82.2978  82.2937
82.2993  100
82.2964  82.295
82.2957  82.2819
82.2781  82.2983
82.2995  82.2907
82.2978  82.2963
82.2899  82.2959
82.2961  82.2859
82.2984  82.287
82.2648  82.299
82.2992  82.2998
82.2911  82.289
82.2802  82.297
82.2998  82.2991
82.2996  82.2858
82.2937  82.2972
82.2979  82.2968
82.2984  82.2972
82.2966  82.2987
82.2997  100
82.2973  82.2927
82.2987  82.293
82.2953  82.2897
82.2919  82.2756
82.2963  82.2969
82.284  82.2972
82.2988  82.2967
82.2884  82.2988
82.2989  82.2879
82.2908  82.2945
82.2899  82.2994
82.2972  82.2988
82.3  82.2985
82.2971  100
82.2944  82.2991
82.2993  82.2949
82.295  100
82.299  82.2931
82.2995  82.2985
82.2972  82.2981
82.2996  82.2979
82.2985  82.2966
82.2979  82.2977
82.2986  100
82.2998  100
82.2974  82.291
82.2946  82.2903
82.2931  82.2902
100  82.2786
100  82.2981
100  82.2919
82.2971  82.2982
82.2895  82.2976
82.2982  82.2962
100  82.299
82.2995  100
82.2961  100
82.2945  82.2991
82.2994  82.2977
100  82.2965
82.2964  82.2994
82.2951  100
82.2938  82.2984
82.2896  82.2956
82.2998  82.2959
82.2999  82.2942
82.2942  82.2975
82.2997  82.2882
82.2949  100
82.2936  82.2853
82.2986  82.2979
82.2986  82.2877
82.2939  82.2937
82.2961  82.2858
82.2993  82.2933
82.2868  82.2978
82.2971  82.2978
82.2918  82.2993
82.293  82.2919
82.2876  82.2931
82.2907  82.3005
82.2956  82.2926
82.299  82.2886
82.2887  82.2769
82.2997  82.2965
100  82.2983
82.2914  82.2962
100  82.2919
82.2988  82.2974
82.2988  82.2903
82.296  82.2953
82.2993  82.2943
82.299  82.2982
82.299  82.2975
82.2987  82.2999
82.2835  82.298
82.2908  82.2955
82.2955  82.2896
82.2975  82.2929
82.2988  82.2971
82.2967  82.2943
82.2858  82.2976
82.2979  82.2962
82.2982  82.2997
82.2897  82.2903
82.2987  100
82.2981  82.2945
82.2934  82.2905
100  100
82.2976  82.2987
82.2922  82.2869
82.2915  82.2973
82.2973  82.2999
82.2938  100
82.2994  82.2989
82.2961  100
82.2937  82.2923
82.2999  82.2983
82.2984  82.2944
82.2991  82.2968
82.286  82.2937
82.2958  82.2829
82.2988  82.2974
82.2956  82.2989
82.2897  82.2915
82.292  100
82.2989  82.2997
82.2986  82.2981
82.2973  82.2967
82.2972  82.2982
82.299  82.296
82.2993  82.298
82.295  82.2919
82.2801  82.2995
82.2952  82.2983
82.298  82.2836
82.2926  82.2989
82.2977  82.2842
82.2967  82.2898
82.2971  82.2961
82.2874  82.2857
82.2998  82.2917
82.2819  100
82.2933  82.2877
82.3  82.2993
82.2961  82.298
100  82.2875
82.2999  82.2936
82.2993  82.2986
82.2935  82.2996
100  82.298
82.2923  82.299
82.2921  82.2679
100  82.2952
82.2852  82.2949
82.2974  82.2991
82.2989  82.2999
82.2766  100
82.2687  82.2871
82.2967  82.2999
82.2996  82.2944
82.2987  100
82.298  82.2974
82.2914  82.2978
100  100
82.2936  100
82.2987  82.2982
82.2931  82.2973
82.298  82.2988
82.2956  82.2879
82.2992  82.2924
82.2978  100
82.2976  82.2956
82.288  82.2966
82.2912  82.2979
82.2993  82.2935
100  82.2888
100  82.2967
82.2829  82.2981
82.2911  82.2947
82.2835  82.2772
82.2983  82.2939
100  82.2871
82.2879  82.2985
82.2803  82.2903
82.292  82.2822
82.2923  82.2992
82.2991  100
82.2884  82.2997
82.2887  82.285
100  82.2996
82.2987  82.297
82.2999  82.2915
82.2882  82.2846
82.2969  100
82.2984  82.2928
82.2919  82.2987
82.2982  82.2964
82.2994  82.2963
82.2967  82.2997
82.2837  82.2983
82.2999  82.2945
82.2884  82.2985
82.2993  82.2902
82.2953  82.2902
82.3  82.2984
82.2947  82.2966
82.2805  100
82.2975  82.2943
82.2926  82.2918
82.2978  82.2988
82.2985  82.2966
82.2988  82.2995
82.2983  82.2918
82.299  82.2993
82.297  82.2896
82.2986  100
82.2967  100
82.2989  82.2958
82.298  82.2855
82.293  82.2948
82.2966  82.2938
82.2874  82.2943
82.2999  82.2957
82.2855  82.2963
82.2992  82.2941
82.2812  82.2991
82.2973  82.2841
100  82.2948
82.2963  82.2948
82.2954  82.2841
82.2982  82.2927
82.298  82.2995
82.2974  82.2845
82.2914  82.279
100  82.2983
82.2919  100
82.2998  82.2985
82.2968  82.2972
100  82.2934
100  82.2919
82.2998  82.2929
82.2998  82.2991
82.2941  82.2996
82.2991  82.2819
82.2996  82.291
82.2928  82.2939
82.2999  100
100  82.2971
82.2979  82.2967
82.2945  82.2995
82.297  82.2998
82.2992  82.2967
100  82.2979
82.2998  82.2997
82.2984  82.2736
82.2925  100
82.2842  82.2994
82.2907  82.298
82.2987  82.2992
82.2992  82.2962
82.2942  100
82.2974  82.2923
82.2997  82.2962
82.2928  82.2893
82.2995  82.2995
82.2969  100
82.2972  82.2995
82.2978  82.297
82.2913  100
100  82.2993
100  82.2994
82.2868  82.2825
100  82.2916
82.2977  82.2943
82.2909  82.2999
82.2955  82.2954
100  82.2941
82.2966  82.2964
82.2867  82.2904
82.2812  82.2968
82.2839  82.2971
82.288  82.2972
82.2903  82.2897
82.2948  100
82.2995  82.292
82.2951  82.2982
82.2948  82.2876
82.2999  82.2949
82.293  82.2981
82.2972  82.2964
82.2925  100
82.2872  82.2821
82.2952  82.2938
82.2819  82.295
82.298  82.2999
82.2966  82.2922
82.2958  82.2981
82.298  82.2964
82.2991  82.2984
82.2979  100
82.2868  82.299
82.2999  82.2891
82.2888  82.2941
82.2916  82.2826
82.2989  82.2967
82.2955  82.2986
82.2989  82.2917
82.3  82.2903
82.2978  82.2983
82.2996  82.2969
82.2938  82.2954
82.2994  82.2975
82.2986  82.2976
82.2991  82.2937
82.2993  82.298
82.2985  82.2999
82.2992  82.2988
82.2944  100
82.2984  82.2937
82.2952  82.2995
82.2938  82.2903
82.2984  82.2979
100  82.298
82.2987  82.2951
82.2943  82.2979
82.296  82.2979
82.2955  82.2944
82.2805  82.299
82.2956  82.2927
82.2959  82.2898
82.286  82.2977
82.2974  82.29
82.2993  82.2937
82.2997  82.2842
82.2963  82.2947
82.2947  82.296
82.2888  82.2939
82.2968  82.2982
82.2814  82.2991
82.2994  82.2912
82.2962  82.2983
82.2957  82.289
82.2982  82.2981
82.2959  82.2956
82.2906  82.2907
82.2991  82.2922
82.3  82.2998
82.2996  82.2894
82.2999  82.2974
82.2923  82.2846
82.297  82.2947
82.2976  82.2938
82.2917  82.2964
82.298  82.2968
82.2964  82.299
82.2987  82.2962
82.2989  82.2993
82.2996  82.2916
82.2931  82.2937
82.2941  82.2994
82.293  82.2965
82.2999  82.2929
82.2879  82.293
82.2962  82.2593
82.2897  82.2949
82.2991  82.296
100  82.2995
82.2955  82.2984
82.2999  82.2924
82.2945  82.2839
100  82.2946
82.2958  100
82.2966  82.2921
100  82.2961
82.2936  100
82.2988  82.2948
82.2862  82.2925
82.2981  82.2958
82.2942  82.2976
82.2958  82.2963
82.2937  82.2993
82.2882  82.2998
82.2903  82.2972
82.2854  82.2888
82.2837  82.2984
82.2993  82.2894
82.2974  82.2989
82.2958  82.2994
82.2971  82.2953
82.2948  82.296
82.2999  82.2997
82.299  82.2879
82.2893  82.2993
82.2999  100
100  82.2981
82.2866  82.2965
82.2943  100
82.2975  82.2993
82.2968  82.2966
82.288  82.2873
82.2994  82.2944
82.298  82.2943
82.2984  82.2959
82.2952  82.3
82.2903  82.283
82.2962  82.2986
100  82.2994
82.2973  82.2974
82.297  82.2988
82.2967  82.2933
82.2996  100
82.2971  82.2822
82.2985  82.2966
82.2946  82.2787
82.2981  100
82.281  100
82.2929  82.2972
82.2972  82.2968
82.2943  82.299
82.299  82.2977
82.299  82.2971
82.2862  82.2999
82.2959  82.2947
82.2997  82.2989
82.2986  82.2958
82.2894  82.2953
82.296  82.2997
100  100
82.2995  82.2884
82.2981  82.2991
82.2998  82.2984
82.2982  82.2972
100  82.2982
82.2999  82.2923
82.2924  82.2959
100  82.2988
82.2979  82.2984
82.294  82.2933
82.2956  82.2986
82.2985  82.2935
82.2916  82.2968
82.2922  82.2958
82.2992  82.2774
82.2966  82.2912
82.2991  82.2815
82.2991  82.2914
82.2967  82.2954
82.2962  82.2969
100  100
82.2961  82.2982
82.2991  82.2954
82.2987  82.2972
82.2995  82.2984
82.2979  82.2972
82.2941  82.2917
82.2924  82.29
82.2866  82.29
82.2937  82.2991
82.2999  82.2892
82.2887  82.2868
82.2943  82.2977
82.2984  82.2983
82.2853  82.2944
82.2975  82.2913
82.2992  82.2813
82.2963  82.2993
82.2957  82.2835
82.2855  82.2943
82.2987  82.2973
82.2952  100
82.2945  82.2896
82.2981  100
82.298  82.2966
82.2983  82.2978
100  82.2922
82.2997  82.2995
82.2929  82.2944
82.2914  100
82.2995  82.2926
82.2913  82.296
82.2841  82.2948
82.2931  82.2948
82.2919  82.2978
82.2985  82.2962
82.2984  82.2928
100  82.2987
82.2981  82.2964
82.2966  82.2954
82.2999  82.2989
82.2969  82.2964
82.297  82.2971
82.2683  82.2963
82.2983  82.2988
82.2989  82.2984
82.298  82.2999
82.2992  82.2989
82.2742  82.2971
82.2969  82.2981
82.296  82.289
100  82.2856
82.2874  82.2969
82.2964  82.2782
82.2974  82.2935
82.2921  82.2962
82.2972  82.2772
82.2959  82.2601
82.2903  82.2962
82.2932  82.2995
82.2957  82.2964
82.2971  82.2936
82.2927  82.2976
82.2929  82.2974
82.2986  82.2881
100  82.2987
82.2855  82.296
82.2957  82.2914
82.2951  82.2995
82.2965  82.2993
82.2958  82.2979
82.2961  82.2976
100  82.2953
82.2982  82.2801
100  82.2993
82.2921  82.2999
82.2992  82.2991
82.2849  82.2992
82.2953  82.2965
82.2972  82.2981
100  82.2963
82.2942  82.298
82.2882  82.296
82.288  82.2969
82.299  82.2946
100  82.2929
82.2929  82.2934
82.2937  82.2982
82.2993  82.2998
82.2977  82.2996
82.2991  82.2962
82.2986  82.2905
82.299  82.2982
82.2944  82.2909
82.2997  82.2964
82.2992  82.298
82.2999  82.2941
82.2983  82.2981
82.2996  82.2967
82.2976  82.297
82.2957  82.2982
82.2891  82.2753
100  82.2996
82.2774  82.2981
82.298  82.2989
82.2935  82.2883
100  82.2926
82.288  82.2966
82.2956  82.2981
82.2999  82.2964
82.2909  82.2844
82.2996  82.2903
82.2988  82.2881
100  82.2949
82.2998  82.2985
100  82.2925
82.2997  82.2977
82.2983  82.2998
82.2933  82.298
82.2926  82.2998
82.283  82.2896
82.2976  82.296
82.2948  82.2988
82.2907  82.2961
82.2949  82.2927
82.2993  82.2987
82.2981  82.2997
82.299  82.3
82.2998  82.2984
100  82.2981
82.2957  82.2961
82.2841  82.2969
82.2933  82.2962
82.2994  100
82.2999  82.2842
82.2937  82.2953
82.2996  82.2953
82.2995  82.2988
82.2937  82.2986
82.2978  82.2912
82.2995  82.2944
82.2944  82.2963
100  100
82.2989  100
82.2912  82.2949
82.2974  82.2901
82.2989  82.2967
82.2997  100
82.2996  82.2943
82.2963  82.2966
82.2934  82.2936
82.2967  82.2986
82.2998  82.2974
82.2901  82.296
82.2863  100
82.2915  82.2982
82.2946  82.2942
100  82.2965
82.2936  82.3628
82.2991  100
82.2997  82.2978
82.2986  82.2959
82.2974  82.2989
82.2962  82.2985
82.2989  82.2999
82.2996  82.2994
82.2997  82.291
82.2979  82.2996
82.2949  82.2908
82.2999  82.2961
82.2953  82.2917
82.2966  82.2968
82.2937  82.2965
82.2938  82.2979
100  82.2975
82.294  82.2988
82.2988  82.2948
82.2959  82.2993
82.2879  82.2867
82.2956  82.2955
100  82.298
82.2894  82.2952
100  82.2994
82.2925  82.2966
82.2993  82.2908
82.2967  82.2913
82.2981  82.299
82.2988  82.294
82.2908  82.2965
82.2899  82.2935
82.2898  82.2971
82.2913  82.2985
82.2913  100
82.2984  82.2908
82.2983  82.2754
82.2709  100
82.2952  82.2966
82.2882  82.2933
82.293  100
82.2989  82.2957
82.2994  82.2988
82.2995  82.2962
82.2973  82.2965
82.2907  82.2981
82.2923  82.2952
100  82.2927
82.2997  82.2974
82.2988  82.2924
82.2829  82.2968
82.2947  82.2977
82.2987  82.2974
100  82.2927
82.2992  82.2983
100  82.2944
82.296  82.298
82.2865  82.2993
82.2941  100
82.2995  82.2948
82.2978  82.2949
82.2899  100
82.2986  82.2982
82.3  82.2797
82.2993  82.2997
82.2851  100
82.2986  82.2954
82.2983  82.2889
82.2996  82.2854
82.2898  82.2994
82.2924  82.299
82.289  82.2988
82.2982  82.2986
82.2966  82.2992
82.2921  82.2921
82.2927  82.2881
100  82.2999
82.2975  82.2768
82.2981  82.2998
82.2968  82.2976
100  82.2897
82.2993  82.2894
82.299  82.2979
82.2997  82.2975
82.2985  82.2983
82.2994  82.2995
82.2953  82.2971
100  82.2985
82.2931  82.2953
82.2958  82.2928
82.2979  82.2985
82.2822  82.2998
82.2951  100
82.2961  82.2995
82.2977  100
82.2836  82.2936
82.3087  82.2983
82.2918  82.2949
82.2962  82.2981
82.2924  82.2943
82.2956  82.2978
82.2946  82.2971
82.2923  82.2937
82.2978  82.2986
82.286  100
82.2946  82.2994
82.2674  82.2966
82.2994  82.2887
82.2986  82.2981
82.2998  82.2972
82.2912  82.2957
82.2943  82.299
82.2932  82.2966
82.2997  82.2941
82.297  82.2836
82.2938  82.2971
82.2925  82.2963
82.2935  82.2848
82.2969  82.2962
82.2902  82.2969
82.2994  82.2995
82.2974  82.2999
82.2991  82.2991
82.2991  100
82.2954  82.2928
82.2988  82.2912
82.2946  82.2928
82.2979  82.2815
82.295  82.2965
82.2911  82.2933
82.2975  82.2886
82.2989  82.2796
82.2986  82.2995
82.2985  82.2963
82.2885  82.2971
100  82.2999
82.2946  82.2938
82.2988  82.2901
82.2913  82.2925
82.2972  82.2991
82.2973  82.2986
82.2921  82.284
82.2978  82.2966
82.2998  82.2962
82.2975  82.2982
82.2915  82.2974
82.2833  82.2995
82.2992  82.2944
82.282  82.2812
82.2998  82.2903
82.2996  82.2743
82.2954  82.2983
82.2853  82.2956
82.299  82.2971
82.2931  82.2992
82.281  82.2885
82.2983  82.2978
82.2917  82.2976
82.2917  82.2867
82.2969  82.2939
82.2962  82.29
82.2936  82.2996
82.2885  82.2971
82.2922  100
82.2972  82.2901
82.2872  82.2899
82.2953  82.2812
100  82.2961
100  82.2917
82.2979  82.2921
82.2977  82.2982
82.2951  82.2944
82.299  82.299
82.2988  82.2965
82.2988  82.2987
100  82.2917
82.2909  82.2949
82.2998  82.2965
82.2985  82.2972
82.2775  82.2834
82.2965  82.2936
82.2999  82.2822
82.2965  82.2999
82.2909  82.2995
82.2996  82.2944
82.2982  82.297
82.2972  82.2993
82.2906  82.2951
82.2985  82.2967
100  82.2985
100  82.2963
82.2925  82.2983
100  82.2962
82.2946  82.2949
82.297  82.2971
82.2979  82.2993
82.2934  100
82.292  82.2946
82.2995  82.2995
82.3  82.2992
82.2984  82.2933
82.2975  82.2997
82.2912  82.2977
82.2944  82.2979
82.2895  82.2998
82.2917  82.2983
82.2915  82.2923
82.286  82.2985
82.2985  82.2975
82.2931  82.2987
82.2984  82.2967
82.2974  82.2951
82.2987  82.2966
82.2966  82.2988
82.2942  82.297
82.2936  82.2979
82.2904  82.2989
82.297  82.2856
82.2959  82.2974
82.2935  82.2974
100  82.2937
82.2983  82.2874
82.2952  82.2999
82.2934  82.2899
82.299  82.3
82.2991  100
82.2989  82.2957
82.2991  82.2996
82.2995  100
82.2903  82.2989
82.2985  82.299
82.2974  82.296
82.2887  82.2928
82.2966  100
82.2962  82.2998
82.29  100
82.2964  82.2962
82.287  82.2921
82.2995  82.2986
82.2985  82.2966
82.2989  82.2924
82.2982  82.3
82.2959  82.296
82.2948  82.2875
82.2999  82.2993
82.2966  82.2946
100  82.2943
100  82.2985
100  82.2993
100  82.2975
100  82.2933
82.2917  82.2833
82.2994  82.295
82.2993  82.2977
82.297  82.2977
100  82.2971
82.2952  82.2956
82.2871  82.289
82.2971  82.2981
82.2947  82.2994
82.2999  82.2987
82.2888  100
100  82.2846
82.2994  100
82.2972  82.2932
82.2836  82.2956
82.2974  82.2974
82.2975  82.2947
82.2944  100
82.2898  82.2952
82.297  82.292
82.2989  82.2975
82.2983  100
82.2997  82.2975
82.292  82.2966
100  82.2985
82.2998  82.2972
82.2997  82.2997
82.2788  82.2847
82.2977  82.299
82.2972  82.2999
82.2885  82.2989
82.2989  82.29
82.294  82.2923
82.2971  82.2982
82.2965  82.2975
82.2996  82.2907
82.2986  82.2931
82.2999  82.2966
82.2928  82.2755
82.2962  82.2979
82.2911  82.2896
82.2802  82.2914
82.2939  82.2924
82.2948  82.296
82.2995  82.296
82.2952  82.2995
82.2944  82.2943
82.2942  82.2989
82.2995  82.2931
82.2983  82.2932
82.2983  82.2985
82.2917  82.2959
100  82.2947
82.2974  82.2994
82.2924  82.2957
82.2953  82.299
82.2917  82.2964
82.2926  82.2976
100  82.2925
82.2982  82.2919
82.2995  100
82.2995  82.2946
82.2991  82.2981
82.2955  82.2892
82.2988  82.2942
82.2978  100
82.2995  82.2999
82.298  82.2886
82.2982  82.296
82.288  82.2992
82.299  82.297
82.297  82.2979
82.2991  82.2901
82.299  82.2898
82.2971  82.2964
82.2998  82.2954
82.298  82.2875
82.2996  82.284
82.2751  82.2793
82.2992  100
82.2954  82.2946
82.2888  82.2994
82.2993  82.2941
82.2936  82.2988
82.2921  82.2977
82.2948  82.2755
82.2818  82.299
100  82.298
82.2826  82.2992
82.2989  82.2955
82.2945  82.2881
82.2973  82.2837
82.2969  82.295
82.2941  82.3
82.2951  82.291
82.2973  82.2994
82.299  82.2936
82.2948  82.298
82.2969  82.2995
82.2991  82.2997
82.2969  82.2845
82.297  82.2984
82.2994  82.2939
82.2897  82.2919
82.2962  82.2918
82.2975  82.279
82.2947  82.2956
82.2988  82.2962
82.2987  82.2969
82.2878  82.2968
82.2921  82.2981
82.2909  82.2994
82.2978  100
82.2962  100
82.297  100
82.2956  82.2757
82.2995  82.2911
82.295  82.299
82.2835  82.2892
82.2806  100
82.2978  82.2992
82.298  82.2973
82.2983  82.2939
82.2921  100
82.2978  82.296
82.2995  82.2968
82.2815  82.2984
82.2983  82.2991
82.2987  82.2964
82.3  82.293
82.2992  82.2922
82.2988  82.2944
82.2967  82.2935
82.2985  82.2956
82.2958  82.2997
82.2956  100
82.2997  82.2905
82.2915  82.2859
82.2946  82.3098
82.2925  82.2969
82.295  82.2972
82.2911  82.2957
82.2967  82.296
100  82.2985
82.2992  82.2988
82.2959  100
82.2953  82.2971
82.2984  82.2901
82.2983  82.2907
82.2997  82.2888
82.294  82.2964
82.2976  82.2999
82.2967  82.297
82.2991  82.2924
82.2934  82.283
82.2973  100
82.2958  82.2935
82.2854  82.2988
82.279  82.2978
82.294  82.2984
82.2998  82.2989
82.3  82.299
82.2985  82.2997
82.2986  82.2946
82.2974  82.2972
82.2867  82.299
82.2918  82.2974
82.2977  82.2978
82.295  82.2839
100  82.2964
82.2982  82.2968
82.2992  82.2983
82.2903  82.2959
100  82.2964
82.289  82.2989
82.3  82.2992
82.2887  82.2939
82.2883  82.2914
82.2945  82.296
82.2964  82.2911
100  82.297
82.2841  82.2919
82.2865  82.2971
100  82.2994
82.2893  82.2981
82.2917  82.2975
82.2988  82.2978
82.2928  82.2972
82.299  82.2939
82.2996  82.2919
100  82.2959
82.297  82.3
82.2849  82.2988
82.2918  82.2949
82.2924  82.2988
82.2977  82.2873
82.2985  82.3
82.2978  82.2961
82.2927  82.2938
82.2934  82.2998
82.2981  82.2979
82.2991  82.2963
82.2968  82.2999
82.2997  82.2975
82.2897  82.2978
82.2926  82.2978
82.2958  82.2873
82.2925  82.2904
82.2977  82.2963
82.2988  100
82.2969  82.2937
82.2892  82.2996
82.2975  82.2983
82.2981  82.2918
82.2983  82.2981
82.2952  82.2986
82.2944  82.2971
82.2827  82.2953
100  82.2991
82.2902  82.2931
82.2954  82.2974
82.2829  82.2979
82.2992  82.2987
100  82.2922
100  82.2966
100  82.2988
82.2958  82.2853
82.2955  82.289
82.2959  82.2913
82.2946  82.2998
82.2978  100
82.2945  82.2952
100  82.2996
82.2989  82.2978
82.2919  82.2988
82.2965  82.2996
82.2949  82.2961
82.2939  82.2997
82.2996  82.2997
82.298  82.2936
82.2922  82.2941
100  82.2971
82.2984  82.2959
82.2829  82.2983
82.2854  82.2916
82.2936  82.297
82.2991  100
82.2995  82.296
82.2927  82.2823
82.2999  82.2686
82.2977  82.293
82.2988  82.2958
82.2987  82.2994
82.2999  82.2973
82.2992  82.2934
82.298  82.2972
82.294  82.2948
82.2992  82.2798
82.2892  82.2947
82.2999  82.2977
82.2963  82.2944
82.2909  82.2991
82.2944  82.2989
82.2992  82.2977
82.2952  82.2992
82.2807  82.2935
100  82.291
82.2954  82.2976
82.2973  82.2942
82.2769  82.2956
82.2994  82.2984
82.2955  82.2962
82.2914  82.2982
82.292  82.2952
82.2982  82.2908
82.2785  100
82.2955  82.2976
82.2987  82.2998
82.2952  82.298
82.2891  82.2939
82.2939  82.2956
82.2978  82.2993
82.2949  82.2976
82.2997  82.2865
82.2963  82.2998
82.2996  82.3
82.2987  82.2999
82.2945  100
82.2997  82.2979
82.2991  82.2844
82.2978  82.2992
82.2984  82.2986
82.2984  82.2966
82.2995  82.2959
82.2984  82.298
82.2974  82.2984
82.2976  100
82.3  82.2947
82.2924  82.2994
82.2865  82.2812
82.2979  82.299
82.2973  82.2987
82.2975  82.2957
82.299  82.2906
82.2995  82.2986
82.2837  82.2929
82.2979  82.2808
82.2969  82.2972
82.299  82.296
82.2967  82.2997
82.2995  82.2946
82.2876  82.2912
82.2969  82.2952
82.2988  82.2976
82.297  82.2995
82.2982  100
82.2987  82.3
82.2985  82.2997
82.2895  82.2987
82.2933  82.2995
82.2959  82.2983
82.2987  82.2969
82.2962  82.2998
82.2844  82.2973
82.2922  82.2949
82.3  82.2992
82.2977  82.2937
100  82.2983
82.2967  82.299
82.2988  82.2857
100  82.295
82.2993  82.2983
82.2955  82.2865
82.2955  82.2975
82.2883  82.2929
100  82.2919
82.2953  82.2962
82.2967  100
82.2995  82.2971
82.2921  82.2998
82.2948  82.2978
82.2981  82.2987
82.2888  82.2964
82.2989  82.2995
82.2917  82.2995
82.2993  82.2981
82.2923  82.2962
82.296  82.2858
82.2974  100
82.2979  82.2955
82.2938  82.2956
82.2988  82.2966
82.2917  82.2942
82.2991  82.2992
82.2965  82.2991
100  82.2911
82.2942  82.2997
82.2988  82.2941
82.2988  82.2983
82.2937  82.2962
82.2871  82.2968
82.2872  82.2994
82.2776  82.2962
82.2853  82.2939
82.2879  82.2952
82.2994  82.2974
82.2999  100
82.285  82.2883
82.2793  82.287
82.2952  82.2998
82.2986  82.2977
82.2938  82.2969
82.2975  82.2968
82.2987  82.2985
82.2936  82.2911
82.2968  82.2927
82.2898  82.2959
82.2893  82.2954
82.2906  100
82.2951  82.2948
82.2919  82.2885
82.2979  82.29
82.2962  82.2866
82.2959  82.2983
82.2925  82.2964
82.2983  82.2965
82.2909  82.2994
82.2957  82.2953
82.2835  82.3
82.2895  82.2961
82.2981  82.2985
82.295  82.297
82.2989  82.2951
100  82.298
82.2999  82.2996
82.2768  82.2959
82.2973  82.2964
82.2849  82.2918
82.2978  100
82.2978  82.2792
82.2999  82.2967
82.295  82.2982
82.2874  82.2966
82.299  82.2902
82.299  82.299
82.2967  82.299
82.2992  82.2992
82.2936  82.2997
82.2929  82.2925
82.2956  82.2947
82.2959  82.2921
82.2968  82.2979
82.2992  82.2989
82.2724  82.2983
82.2981  82.2799
82.2988  82.295
82.2994  82.2948
82.2965  82.2981
82.2948  82.2997
82.2944  82.2914
82.2984  82.2961
82.2869  82.286
82.2989  82.2897
82.2819  82.2963
82.2938  82.2993
82.2999  82.2996
82.2985  82.2999
82.2965  82.2933
82.2908  82.2973
82.2916  82.2988
82.298  82.2911
82.2985  82.294
82.2975  82.2954
82.2978  82.2931
100  82.2902
82.2924  82.2993
82.2936  82.2905
82.2999  82.2989
82.2877  82.2957
82.2928  82.2996
82.2888  82.2701
82.2988  100
82.2967  82.2967
82.2934  82.2996
100  82.2943
82.2986  82.2998
82.2995  100
82.2859  82.29
82.2986  82.298
82.2927  82.2964
82.2979  82.2935
82.2981  82.2986
82.2862  82.2969
82.2934  100
82.298  82.2814
82.2941  82.2995
82.2836  100
100  82.2844
82.289  82.2999
82.2984  82.2962
82.2939  100
82.2874  82.2939
82.2955  82.2977
82.2989  82.2992
82.2976  82.2986
82.2965  82.2969
82.2817  82.2952
82.2968  82.2936
82.287  82.2931
100  82.2983
100  82.2987
82.2937  82.2954
82.2914  82.2947
82.2849  82.2994
82.2932  82.2954
82.2989  82.2967
100  82.2986
82.2957  82.2997
82.2992  82.2985
82.2963  82.2968
82.2999  82.2956
82.2912  82.2879
82.2989  82.2986
82.2977  82.2797
82.298  82.2912
82.2965  82.2961
82.2909  82.2906
100  82.2713
82.293  82.2944
82.2913  82.2833
82.2976  82.2995
82.2977  82.2753
82.2984  82.2839
82.2834  82.2836
82.2962  82.2987
82.298  82.2958
82.2965  82.295
82.2947  82.2829
82.2926  82.2964
100  82.2928
82.2969  82.2947
82.2998  82.2993
82.298  82.2949
82.2994  82.2969
82.3  82.2833
82.2932  82.2992
82.2959  82.2991
82.2986  82.2971
100  82.2828
82.2919  82.2967
82.2917  82.2992
82.2969  82.2957
82.2914  82.2983
82.2927  82.2975
82.2992  82.2981
82.2931  82.2947
82.2984  82.2978
82.2889  100
82.2973  82.2902
82.2966  82.2897
82.2965  100
82.2916  82.296
82.2979  82.2991
82.2821  82.2958
82.2998  82.261
100  100
82.2979  82.2981
82.2943  82.2925
82.298  82.2991
82.2994  82.2927
82.2965  82.2913
82.2968  82.2987
100  82.2909
100  82.2982
82.2954  82.2903
82.2952  82.2938
82.2933  82.2982
100  82.2997
82.2754  82.2995
82.2974  82.2894
82.2979  82.2992
82.2983  82.2936
82.2957  82.2901
82.2903  82.2985
82.2991  82.2978
82.2995  82.2949
82.2998  82.2999
82.2994  82.2918
82.2948  82.2942
82.2997  82.2929
82.299  82.2976
82.2994  82.2963
100  82.2966
82.2925  82.2964
82.2958  82.2989
82.2997  82.2983
82.293  82.2984
82.2995  82.2994
82.2912  82.2981
82.2822  100
82.2922  82.2961
82.2998  100
82.298  82.2993
82.2977  82.2962
82.2943  82.2849
82.2986  82.2958
82.2887  82.2981
82.2992  82.299
82.2972  82.281
82.2824  82.2953
82.3  82.2849
100  82.2828
82.2975  82.2936
82.2923  82.2972
82.2971  82.2934
82.2953  82.2988
82.2938  82.29
82.2909  82.2949
82.2993  82.2984
82.2984  82.2911
82.297  82.2993
82.2987  82.2996
82.2993  82.2993
82.299  82.299
82.2987  82.2991
82.2985  82.2956
82.2919  100
82.2961  82.2898
82.2993  82.2992
82.2984  82.2956
82.2996  82.2958
82.2915  82.2985
82.2977  82.2984
82.2916  82.2949
82.2993  82.291
82.2944  82.2961
82.2997  82.2939
82.2903  82.2946
82.2993  82.2934
82.2945  82.2981
100  82.2986
82.2999  100
82.2996  82.2983
82.2983  82.2991
82.2962  82.291
82.2929  82.2951
82.2947  82.2857
82.2814  82.299
82.3  82.299
82.2949  82.2989
82.294  82.2956
82.291  82.2941
82.2983  82.297
82.2974  82.2988
82.2991  82.2938
82.2948  100
82.2987  82.2971
82.2998  82.2944
82.2994  82.2977
82.2991  82.2986
82.299  82.2894
82.296  82.2905
82.2751  82.2835
82.2864  82.299
82.2977  82.2944
82.2992  82.298
82.2963  82.2948
82.2998  82.2983
82.2961  82.2986
82.2993  82.2997
82.2965  82.2979
82.2946  82.2964
82.2931  82.294
82.2951  100
82.2954  82.2927
82.2992  82.2947
82.2966  82.2999
82.2969  82.2833
82.2989  82.2954
82.2962  82.2996
82.2986  82.2882
82.2968  82.2975
100  82.2974
82.2974  100
82.2981  82.2953
82.2732  82.2959
82.282  82.2968
82.2967  82.2998
82.2987  82.2993
82.2919  82.2965
82.2976  82.2985
82.2999  82.2972
82.2974  82.2982
82.2999  82.2972
82.2958  82.2958
82.2929  82.2977
100  82.2986
82.2976  100
82.2972  100
82.2994  82.2962
82.2942  82.2951
82.2919  82.292
82.2857  82.2997
82.2909  82.289
82.2778  82.2987
82.2947  82.2908
82.2944  82.2961
82.2971  82.2997
100  100
82.2978  82.2927
82.2999  82.298
82.2988  82.283
82.2986  82.2973
82.2759  82.279
82.2972  82.297
82.2943  82.2994
82.2819  100
82.2988  82.295
82.2923  82.2793
82.2993  82.2999
100  82.2946
82.2872  82.2962
82.2984  82.298
82.2998  82.2987
82.2976  82.2982
82.2997  82.2889
82.2964  82.2978
82.2966  82.2932
82.2989  82.2985
82.2993  82.2978
82.2952  82.2979
82.2995  82.2981
82.2994  100
82.2959  82.2941
82.296  82.2982
82.2914  82.2914
82.2982  82.2976
82.2922  82.2962
82.2952  82.2932
82.2962  82.289
82.2976  82.2985
82.2932  82.2991
82.2966  82.2963
82.2821  82.294
82.2976  82.2979
82.2988  82.2861
82.2993  82.2951
82.2887  82.2975
82.2911  100
82.2952  82.2953
100  100
82.2989  82.2937
82.2934  100
82.2969  82.2983
82.2969  82.2928
82.2876  82.2996
82.2938  82.2999
82.2972  82.2983
82.2942  82.2967
82.2982  82.2911
82.2998  82.2897
82.2968  82.2875
82.2999  82.2964
82.2964  82.2995
100  82.2887
82.2996  82.294
82.292  82.2986
82.2945  82.2757
82.2878  82.2937
100  82.2886
82.2968  100
82.2967  82.2993
82.2939  82.2951
82.2968  82.2797
82.299  82.2999
82.297  82.2999
82.2966  100
82.2954  82.2881
82.296  82.2894
82.2961  82.2994
82.2975  82.2847
82.2965  82.2942
82.2979  100
82.2998  82.2962
82.299  82.2955
82.2978  82.2823
82.2887  82.298
82.2924  82.2899
82.2886  82.2929
82.2969  82.2828
100  82.298
82.2974  82.2948
82.2985  82.2983
82.2935  82.2973
82.2935  82.2972
100  82.2906
82.2998  82.2977
82.2995  82.2983
82.2993  82.2969
82.2993  82.2972
82.2987  82.2999
82.2917  82.2971
82.3  100
82.299  82.2975
82.2999  82.2945
82.2977  100
82.2843  82.2998
82.2975  82.295
82.2961  82.2854
82.2934  82.2998
82.296  82.2926
82.293  82.2989
82.2991  82.2847
82.2996  82.2981
82.2989  82.2996
82.2992  82.2976
82.296  82.2984
82.2951  82.297
82.2781  82.2944
82.2988  82.2975
82.2914  82.2966
82.2941  100
82.2958  82.2932
82.2997  82.2999
100  82.2986
82.2999  82.2972
82.2949  82.2875
82.2953  100
82.2981  82.2966
82.2939  82.2983
82.2943  82.2999
82.2973  82.2981
82.2981  82.297
82.2962  82.2991
100  82.2903
82.2924  82.2969
82.2998  82.288
82.284  82.2971
82.299  82.2987
82.297  82.2999
82.2991  82.2991
82.2953  82.2976
82.2998  100
82.2966  82.2935
82.2984  82.2999
82.3  82.291
82.2954  82.287
82.2959  82.2925
82.2986  82.297
82.2904  82.2995
82.2918  82.2998
82.2974  82.2972
82.283  82.2819
82.2987  82.2972
82.2974  82.2979
82.2971  82.2987
82.2802  82.3
82.2999  82.2997
100  100
82.294  82.2967
82.2991  82.2991
82.2913  82.2934
82.2967  82.2916
82.2985  82.2944
82.299  82.2948
82.2957  82.2889
100  82.2962
82.2885  82.2976
82.2967  82.2964
82.2972  82.2976
82.2975  82.2996
82.2828  82.2997
82.2943  82.2987
82.2978  82.29
82.2941  100
82.2986  82.2988
82.2959  82.2944
82.2982  82.2912
82.2931  82.2919
82.2941  82.2922
82.2992  82.297
82.2931  82.288
82.2934  82.2979
82.2877  82.2974
82.2926  82.2969
82.2836  100
82.2967  82.2936
82.2934  82.2933
82.2996  82.2951
82.296  82.2939
82.2974  82.2962
82.2859  82.2989
82.2888  82.2951
82.2988  82.2981
82.2978  82.299
82.2922  82.2941
82.2972  82.2999
82.2942  82.2963
82.2952  100
82.2916  82.2917
82.2987  82.2908
82.2899  82.29
82.2991  82.2975
82.2965  82.2934
82.2982  82.2966
82.2985  82.2958
82.2971  82.2989
82.2979  82.2938
82.2922  100
82.2981  82.2973
82.2983  82.2959
82.2989  82.2971
82.2918  82.2997
82.2966  82.2997
100  82.2955
82.2919  82.2994
82.2964  82.2935
82.2937  82.2991
82.2953  82.2957
82.2989  82.2944
82.2966  82.2973
82.2832  82.2957
82.2946  82.2877
82.2835  82.2967
82.2981  82.2953
82.295  82.2968
82.2943  82.2811
82.2976  82.2975
82.2959  82.2988
82.2991  82.2898
82.299  82.2884
82.2983  82.2995
82.2978  82.2857
82.2954  82.2966
82.2958  100
82.2938  82.2828
82.2937  82.2957
82.2972  82.2983
82.2953  82.2792
82.2945  100
82.2927  82.2984
82.2972  82.2989
82.2955  100
82.2985  82.2929
82.2975  82.2937
82.2943  82.2962
82.2994  82.2945
82.2926  82.299
82.2871  82.298
82.2734  82.2959
82.2944  82.2914
82.298  82.2886
82.2934  82.294
82.2998  82.2976
82.2993  82.2863
82.2991  82.2974
82.2947  82.2955
82.28  82.2972
82.2927  82.2995
100  82.287
82.2865  82.2994
82.2958  82.2964
100  82.2991
82.2817  82.296
82.2983  82.2996
82.2937  82.2937
100  82.2973
82.2867  82.2893
82.2978  82.2937
82.2987  82.2928
82.2984  82.2951
82.2947  82.2857
82.2965  82.2947
100  82.2982
82.2955  82.2999
82.2976  82.2992
100  82.2985
82.2949  82.2993
100  82.2969
82.2986  82.2991
82.2936  82.2999
82.2929  82.296
82.2984  82.2985
82.2957  100
82.2973  82.2999
100  82.2936
82.2992  82.2953
82.2881  82.2992
82.2959  82.2961
82.2965  82.2879
82.2995  82.2964
82.2936  82.2985
82.2923  82.2949
82.2867  82.2958
82.2941  82.2993
82.2965  82.2903
82.2965  82.2953
82.2917  100
82.2991  82.2976
82.2926  82.2992
82.294  82.2854
82.2964  82.2994
82.2827  82.2962
82.2934  100
82.2981  82.2939
82.2973  82.293
82.2935  82.2894
100  82.2984
82.2979  82.2997
100  82.2944
82.2919  82.2999
82.2992  82.299
82.2901  82.2996
100  82.2936
82.2965  100
82.2861  100
82.2945  82.2979
82.2868  82.2933
82.2876  82.3
82.299  82.2998
82.2976  82.299
82.2937  82.2952
82.2987  82.2994
82.2959  82.2942
82.2976  82.299
82.2993  82.2922
82.2997  82.2994
82.2977  82.297
100  82.2996
82.2937  82.2962
82.2958  82.2966
82.2975  82.2986
82.2996  82.2972
82.2954  82.2757
82.2863  82.2999
82.2987  82.2991
82.2974  82.2967
82.2939  82.297
82.2981  82.2968
82.2999  82.2996
82.2994  82.2965
82.2942  82.2964
82.2934  82.2873
82.294  82.282
82.2972  82.2937
82.2881  82.2962
82.2969  82.297
82.2929  82.2999
82.2784  82.2945
82.2942  82.2565
82.2979  82.2978
82.2999  82.2951
82.2963  100
82.2978  82.296
82.2867  82.2965
82.2998  82.296
82.2885  82.2988
82.2951  82.2993
82.2925  82.2956
82.2985  82.297
82.2971  82.2984
82.296  82.292
82.2992  82.2904
82.2981  82.2861
82.2998  82.2912
82.294  82.2718
82.2926  82.299
82.297  82.2998
82.2982  82.2985
82.2978  82.2988
82.2993  82.2994
82.2977  82.2914
82.2975  82.2947
82.2956  82.2964
82.2911  82.2992
82.2926  82.3
100  82.2985
82.299  82.2991
82.2955  82.2997
82.2941  82.2943
82.2983  82.2988
82.2958  82.2992
82.2953  82.2995
82.2968  100
82.2938  82.2962
82.2996  82.2936
82.2998  82.2959
82.2911  82.2974
82.2933  82.2857
82.2929  82.2963
100  82.2973
100  82.2997
82.2941  82.2963
82.2966  82.2984
82.2896  82.2973
82.2922  82.2954
82.2699  82.2997
82.2962  100
82.2965  82.2973
82.2855  82.289
82.2923  82.297
82.2957  82.2987
82.295  82.2908
82.2981  82.2951
82.2865  100
82.2842  82.2946
82.2941  82.2901
82.3  82.2966
82.2808  82.2977
82.296  82.2948
82.2983  82.294
82.2984  82.2978
82.2995  82.2925
82.2778  82.2937
82.2898  82.2985
82.2951  82.2981
82.2992  82.2961
82.2982  82.2904
82.2851  82.2991
82.2962  82.2953
100  82.2912
82.2865  82.2993
82.2986  82.2861
82.2937  82.2949
82.2885  82.2898
82.2984  82.2981
82.2957  82.2959
82.296  82.2997
82.2989  82.2979
82.2868  100
100  82.2822
82.2999  82.2943
82.2943  82.2869
82.2826  82.2936
82.2972  82.2893
82.2966  82.2884
82.2979  82.2994
82.2971  82.2985
82.2986  82.2963
82.2956  82.2913
82.2989  82.2945
82.2944  82.299
82.2995  82.2987
82.2993  82.2904
82.2974  82.2998
82.2863  82.2948
100  100
82.2972  82.2886
82.2989  82.2945
82.29  82.2831
82.2987  82.2929
82.2966  100
82.2985  82.2975
82.2987  82.2914
82.2905  82.298
82.296  82.2981
82.2946  82.2972
82.2984  82.2963
82.2878  82.2981
100  82.2947
82.2909  82.2995
82.2941  82.2891
82.2981  82.2966
82.2958  82.2961
82.29  82.2997
82.2995  82.2965
82.2999  82.2773
82.292  82.294
82.2992  82.2971
82.2835  82.2979
82.2971  82.2949
82.2879  82.299
82.2978  82.2954
82.2996  82.2987
82.2936  82.2987
82.2968  82.2977
82.2977  82.2979
82.295  82.2994
82.2995  100
82.2947  82.3
82.296  82.2936
82.2931  82.2988
82.299  82.2991
82.296  82.2711
82.2889  82.298
82.2995  82.2991
82.2968  82.2995
82.2947  82.2918
82.299  82.2939
82.2972  82.2957
82.2999  82.2941
82.2965  82.2846
82.2979  82.2995
82.2991  100
82.2995  82.2902
82.3  100
82.2992  82.292
82.2903  82.2995
82.2969  82.2947
82.2972  100
82.2981  82.2965
82.2975  82.2961
82.2936  82.2742
82.2894  82.2975
82.2998  82.2998
82.2946  82.2993
100  82.2991
82.2992  82.2992
100  82.299
82.2872  82.2978
82.286  82.2952
82.2804  82.2896
82.3  82.2997
82.2877  82.298
82.2889  100
82.2981  82.2996
82.2931  82.296
82.2976  100
82.29  82.2997
82.2957  82.2823
82.296  82.2945
82.3  82.2992
82.2997  82.2969
82.2978  82.2975
82.2932  82.2855
82.2995  82.2971
100  82.2997
100  100
82.293  82.2983
82.2955  82.2988
82.2943  82.2996
82.2992  82.2916
82.2975  82.2956
82.2939  82.2993
82.2943  82.2943
82.2955  82.2963
82.2989  82.2909
82.2963  82.2985
82.2937  82.2619
82.2997  82.2903
82.2988  82.2932
82.2921  82.2848
82.2948  82.2993
82.2957  82.2918
82.2991  82.2993
82.2969  82.2853
82.2953  82.2978
82.2991  82.271
82.2945  82.2999
82.2966  82.2921
82.2955  82.2991
82.2995  82.2958
82.2984  82.2516
82.2851  82.2925
82.2964  82.2967
82.2953  82.2974
82.2998  82.2957
82.2981  82.296
82.296  82.2932
82.2986  82.2989
82.2938  82.2973
82.2998  82.2917
82.2745  82.297
82.2978  82.2988
82.2968  82.2988
82.2994  100
82.2994  82.2959
82.2976  100
82.2906  100
100  82.2955
82.2772  82.2999
82.2849  82.2883
82.2899  82.2948
100  82.2915
82.2945  82.2998
82.2983  82.2995
82.2988  82.2991
82.2983  82.2908
82.2931  82.2988
82.2995  82.2959
100  82.2997
82.2933  82.2984
82.2942  100
82.2984  82.2993
82.2942  82.2971
100  82.2965
82.2916  82.2993
82.2967  82.294
82.2985  82.2967
82.2975  100
82.2967  100
82.295  82.2993
82.2998  82.298
82.2963  82.2999
82.2994  82.298
82.2835  82.2954
82.2984  82.2969
82.2966  82.2883
100  82.297
82.2801  82.2999
82.2916  82.2957
82.2857  82.2966
82.2983  82.2956
82.2988  100
82.2992  82.2995
82.2994  100
82.2971  82.2975
82.2998  82.297
82.2963  82.2872
82.2977  100
82.2962  82.2855
82.2991  82.2993
82.2987  82.2959
82.2998  82.2944
82.2985  82.2882
82.2958  82.2944
82.2993  82.2972
82.299  82.2987
82.2922  82.2975
82.2975  82.286
82.2987  82.2926
100  82.2956
82.2976  82.2946
82.287  82.2945
82.2948  82.2975
82.2941  82.2955
82.2847  82.2973
82.2916  82.2812
82.2994  82.2953
82.2918  82.2934
100  82.2999
82.2899  82.2877
82.2908  82.2974
82.2761  82.2985
82.297  82.2978
100  82.297
82.2953  82.2952
82.2992  82.2997
82.2851  82.2983
82.2957  82.3
82.2976  82.2832
82.285  82.2931
82.2981  82.2969
82.2988  82.2989
100  82.2826
82.2986  82.2993
100  82.2964
82.2995  82.2948
82.2579  82.2931
82.2925  82.2974
100  82.2933
82.2984  100
82.2981  82.2959
82.2983  82.2906
82.2893  82.2979
100  82.2989
100  82.2917
100  82.2974
82.2989  82.2996
82.2962  82.2984
82.2901  82.2983
82.2994  82.2907
82.298  82.2997
82.2981  100
82.298  82.2879
82.299  82.2978
82.2962  82.3
82.2987  82.2967
82.2957  82.2917
82.2959  82.2974
82.2978  82.2921
82.2967  82.2994
82.2913  82.295
82.2971  82.2994
82.296  82.2914
100  82.2833
82.2979  82.2926
82.2985  82.2944
82.2955  82.2904
82.2957  82.294
82.2983  82.298
100  82.297
82.2992  82.2999
82.2963  82.2979
82.2949  82.2997
82.2958  82.2899
82.2902  82.2984
82.2902  82.2983
82.2974  82.2927
82.2997  82.2951
82.2957  100
82.2931  100
82.2988  82.2985
82.2993  82.2979
82.2988  82.2996
82.2997  82.2983
82.2977  82.2942
82.2958  82.2966
82.2919  82.2949
82.2906  82.2983
82.2932  82.2952
82.2972  82.2969
82.2899  82.2988
100  82.2927
100  82.2974
82.2965  82.2902
82.2882  82.2918
82.2931  82.2986
82.2946  82.2996
82.2879  82.2994
82.2972  82.2943
82.2991  82.2978
82.2931  82.2917
82.2932  82.2843
82.2891  100
82.299  82.2986
82.2984  82.2894
82.298  82.2996
100  82.2951
82.2994  82.2995
82.298  82.2918
82.2995  82.2999
82.2939  82.2899
82.2978  82.2922
82.2983  82.2996
82.2994  82.2954
82.2922  82.2992
82.2725  82.2801
82.2971  82.2899
82.2971  82.2891
82.2949  82.2663
82.2972  82.2973
100  82.2994
82.2965  82.2999
82.2942  82.2915
82.274  82.2995
100  82.2971
82.2964  82.2998
82.2988  82.295
82.2924  82.2841
82.2946  82.2993
82.2994  82.2811
82.2929  82.2889
82.2998  82.2973
82.2996  82.299
82.2988  82.2933
82.2995  100
100  82.2973
82.2992  82.2981
82.2897  82.2976
82.2984  82.2938
82.299  82.2994
82.2919  82.2948
82.2996  82.2999
82.2911  82.2963
82.299  82.2943
82.2964  82.2992
82.2974  82.2951
82.2905  82.2964
82.2999  82.2992
100  82.2928
82.2929  82.2973
82.289  82.288
82.2857  82.2974
82.2995  82.2995
82.2949  82.2922
82.2986  82.2987
82.2923  82.2993
82.2907  82.2983
82.2952  82.2994
82.2939  100
82.2974  100
82.2986  82.2988
82.2996  82.2999
82.2963  82.2975
82.2992  82.2991
82.2994  82.2915
100  82.2982
82.2982  82.2937
82.292  82.2964
82.2992  82.2969
82.2947  82.2988
82.2981  82.28
82.2979  100
82.2939  82.2964
100  82.2823
82.2948  82.2969
82.293  82.2962
100  82.2927
82.2959  82.2794
82.299  82.2973
82.2941  82.2901
82.2962  100
82.2986  82.2964
82.299  82.2959
100  82.2999
82.2746  82.2974
82.29  100
82.2842  82.2831
82.2985  82.2934
100  82.2993
82.2979  82.2873
82.2978  82.2995
82.2903  82.2994
82.2989  82.2989
82.2992  82.2985
82.296  82.2993
82.2958  82.2999
100  82.2924
82.2879  82.2888
82.2911  82.2992
82.2942  82.2994
82.292  82.2971
82.2984  82.2899
82.2949  82.2955
82.2931  82.2958
82.2962  82.2985
82.2996  82.2952
82.2966  100
82.3  82.2915
82.2983  82.3
82.2963  82.2929
82.2995  100
82.2946  82.2965
82.2872  82.2946
82.2971  82.299
100  82.2933
82.2985  100
82.2955  82.2999
82.2927  82.2975
82.297  82.2905
82.2988  82.2975
82.2807  82.2877
100  82.2997
82.285  82.2976
82.2992  82.2937
82.2915  82.2976
82.2903  82.2935
82.2954  82.2974
82.2921  82.2952
82.2967  82.3103
82.2931  100
100  82.289
82.2989  82.2986
82.2956  82.2992
82.2946  82.2896
100  82.2969
82.2994  82.2919
82.2925  82.2957
82.2929  82.295
82.2845  82.2974
82.2904  82.2923
82.2988  82.2933
82.2943  82.2891
82.2861  82.2999
82.2938  82.2986
82.2985  82.286
82.2904  82.2986
82.2975  82.2895
82.2973  82.2967
82.2981  82.2968
82.2939  82.2995
82.2925  82.2941
82.2973  82.2995
82.2898  82.2874
82.2998  100
82.2973  82.296
82.2971  100
82.2674  82.2963
82.2994  82.2988
82.2983  82.2956
82.2958  82.2996
82.2789  82.2924
82.2946  82.2917
82.299  82.2966
82.2968  100
82.2916  82.2921
82.2946  82.2993
82.2966  82.2912
82.2937  82.2988
82.2856  82.296
82.2999  82.2936
82.2908  82.2981
82.291  82.2953
100  82.2973
82.2996  82.2985
82.2843  82.2977
82.299  82.2944
82.2952  82.2974
82.2681  82.2954
82.2968  82.2982
82.2857  82.2989
82.2995  82.2731
82.2973  82.2925
82.2976  82.2995
82.2962  82.2999
82.2982  82.298
100  82.2982
82.2835  82.2993
82.2921  82.2993
82.2982  82.2567
82.2945  82.2863
82.291  82.2932
82.2905  82.2876
82.299  82.2995
100  82.2929
82.2996  100
100  82.2924
82.2967  82.2987
82.2989  100
82.2968  100
82.2957  82.2984
82.2965  82.2981
82.2938  100
82.2992  82.2969
100  82.297
82.2958  82.2999
82.2871  82.295
82.2956  82.2989
82.2944  82.299
82.2755  82.2973
82.2923  82.2958
82.2835  82.2953
82.2978  82.2855
82.2932  82.2983
82.2832  82.288
82.297  82.2971
82.2787  82.2982
82.2984  82.2744
100  100
100  82.2999
82.2982  82.2987
82.2954  82.2949
82.2924  100
82.2984  100
82.2952  82.2938
82.2901  82.2987
82.2981  82.2977
82.2944  82.2984
82.2954  82.2971
82.296  82.2899
82.2997  82.2793
82.2923  82.2941
82.2983  82.2964
82.2934  82.2972
82.2999  82.2973
82.2911  82.293
82.2988  82.2984
82.2998  82.2977
82.2958  82.2969
82.293  82.2997
82.294  82.2975
82.2975  82.2893
82.2968  100
82.2994  82.2996
82.255  82.2941
82.2986  82.2984
82.2936  82.2989
82.2992  100
82.2935  82.2987
82.2976  82.2857
82.2994  82.2971
82.2961  82.2915
82.2997  82.2996
82.2989  82.2924
82.2982  82.2923
82.2954  82.3028
100  82.2873
82.2906  82.2991
82.2998  82.3
82.2866  82.2909
82.2904  82.2891
100  82.2935
82.2966  82.2971
82.2958  82.2888
82.2992  82.2958
82.296  82.2896
82.2949  82.2962
82.296  82.2924
82.2882  82.293
82.2925  82.2964
82.2957  82.2994
82.2962  82.2992
82.2889  82.2951
82.2974  82.2712
100  100
82.2956  82.2955
82.298  82.2746
82.298  82.2957
82.2812  82.2966
82.2978  82.292
82.2992  82.2929
82.2994  82.2994
82.2886  82.2995
82.2973  82.2831
82.296  82.2938
82.2988  82.2972
82.2969  82.2994
82.2988  82.284
100  82.2996
82.2907  82.2777
82.2996  82.2981
82.2994  82.2972
82.2905  82.2934
82.2987  82.2946
82.2978  82.2933
82.299  82.2862
82.2982  82.2982
82.2955  100
82.2878  82.2999
82.2965  82.2644
82.2964  82.2994
82.2983  82.2995
82.2939  100
82.2958  82.2929
82.2951  82.2986
82.295  82.2919
100  100
100  82.2997
82.291  82.2962
82.2964  82.2869
82.2945  82.299
82.2875  82.2915
82.2903  82.299
82.299  82.2977
82.2993  82.2996
82.2947  82.2983
82.2995  82.2844
82.2957  82.2951
82.2927  82.291
82.299  82.2998
82.2912  82.2988
82.2899  100
82.2952  82.2943
100  82.2964
82.2915  82.2992
82.2979  82.2935
82.2984  82.2806
82.2975  82.2978
82.2909  82.2991
82.2992  82.2805
82.2934  82.2967
82.2908  82.2952
82.2989  82.2858
82.2933  82.2955
82.2988  82.2967
82.2994  82.298
82.2944  82.2972
82.2975  82.2996
82.2933  82.2883
82.2969  82.2917
82.297  100
82.2956  82.2837
82.2851  82.2889
82.2964  82.2999
82.2979  82.296
82.2954  82.2885
82.2985  82.288
100  82.2997
82.2893  82.2824
82.2917  82.292
82.2959  82.2943
82.2933  82.297
82.2991  82.2975
82.2974  82.2936
82.2953  82.2924
82.2977  82.2968
82.2737  82.2995
82.2963  82.2977
82.2992  82.2996
82.2973  82.2967
82.289  82.2984
82.2938  82.2977
82.2937  82.2982
82.2984  82.2947
100  82.2983
100  82.2974
82.2933  100
82.2989  82.299
82.298  82.2953
82.2986  82.2984
100  82.2883
82.2945  82.2929
82.2994  82.2858
82.2946  100
82.2954  82.2901
82.298  100
82.299  82.2992
82.2999  82.2981
82.2963  82.2976
82.2984  82.2914
82.2961  82.2992
82.2905  100
82.2999  82.2904
82.2979  82.2999
82.2977  82.2889
82.2997  82.2984
100  82.2917
82.2959  82.2956
82.2974  82.2877
82.2986  82.293
82.2964  82.2989
82.2989  82.2964
100  82.2859
82.2998  82.2979
82.2977  82.2992
82.2978  82.2936
82.2954  82.2982
100  82.2939
82.2933  82.2971
82.2994  82.2785
82.2989  82.2868
82.2995  82.2834
82.2989  82.2969
82.2903  82.2968
82.2967  82.297
82.2973  82.2898
82.2964  82.2986
82.2902  82.299
82.2929  82.2966
82.2989  82.2949
82.2963  100
82.2945  100
82.2871  82.2773
82.2997  82.2904
82.2951  82.2716
100  82.2998
82.2929  82.2908
82.2915  82.2983
82.2798  82.2942
82.2882  82.2903
100  82.2887
82.2906  82.2958
82.2973  100
82.2983  82.2982
82.2981  82.2929
82.2938  82.2969
82.2995  82.2996
82.2994  82.2972
82.2974  82.2992
82.2993  82.2983
82.2992  100
82.2874  82.2968
82.2972  82.29
82.2955  82.2964
82.2907  82.2978
82.299  82.2969
82.2988  82.2969
82.2979  82.2838
82.2951  82.2993
82.2996  82.2918
100  82.2972
82.2885  82.2937
82.2916  82.2991
82.2937  82.2896
82.2957  82.299
82.2911  82.2977
82.2838  82.2995
82.2873  82.297
82.293  82.2946
82.2988  82.2978
82.2992  82.2938
82.299  82.2994
82.2998  82.2982
82.2979  82.29
82.2999  82.2948
82.2973  82.2996
82.2989  82.2992
82.2904  82.296
82.2939  100
82.291  82.2951
82.2996  100
82.2987  82.299
82.2967  82.2984
82.2879  82.2943
82.294  82.2881
82.2999  82.2922
82.2997  82.2845
100  82.2994
82.2996  82.2927
82.2988  82.2927
82.2982  82.2976
82.2983  82.2978
82.2964  82.2982
82.2924  82.2953
82.2933  82.2833
82.2973  82.2964
82.2996  82.2979
82.2933  82.2989
82.276  100
82.2978  100
100  100
82.2996  82.2974
82.2943  82.2957
82.2919  82.2998
82.2932  82.3
82.2934  82.2968
82.2951  100
100  82.2983
82.2967  82.2969
82.294  82.2987
82.2875  82.2916
82.2961  82.2952
82.2989  82.2978
82.2711  82.2976
82.2886  82.2967
82.2985  82.2892
82.2941  82.2927
82.2984  82.2997
82.2995  82.298
82.2921  82.2933
82.2974  82.2937
82.2958  82.2849
82.2991  82.2975
82.2824  82.2958
82.2987  100
82.2954  82.2971
82.2968  82.2991
82.2846  82.295
82.2997  82.2954
82.2728  100
82.2972  100
82.2978  82.2927
82.2993  82.2983
82.2983  82.2677
82.2986  82.2965
82.2854  82.2957
82.2991  82.2952
82.2992  82.299
82.2965  82.2853
82.2925  82.2989
82.299  82.2863
82.2946  82.295
82.2978  82.298
82.292  82.2933
82.2989  82.2971
82.2877  82.2859
82.2984  82.2995
82.2911  82.2987
82.2946  82.2958
82.2999  100
82.2919  82.2972
82.2886  82.2861
82.2941  82.2871
82.2992  82.2933
82.2963  82.2941
82.2852  82.2948
82.2934  82.2984
100  82.294
82.2983  82.2956
82.2972  82.2967
82.2988  82.2974
100  82.2971
82.2974  82.2979
82.2946  82.2984
82.2935  82.2869
82.2938  82.3
82.2919  82.2882
82.2932  82.299
82.2903  82.2973
82.2845  82.2923
82.2996  82.2944
82.284  82.2966
82.2953  82.2982
82.2994  82.2991
82.2999  82.2926
82.2989  82.2895
82.2974  100
82.2987  82.2982
100  82.2998
82.2998  82.2838
82.2992  82.2955
82.2995  82.2837
82.2842  82.2981
82.2948  82.2977
82.2965  82.2999
82.2944  82.2923
82.2933  82.2823
82.2992  82.2964
82.2954  82.2858
82.2995  100
82.296  82.3
82.297  82.2859
82.2984  82.2807
82.2993  82.2904
82.299  82.2884
82.2887  82.2962
100  82.2958
82.2903  82.2951
82.2998  82.3
82.294  82.2957
82.2884  82.2851
82.2986  82.2945
82.2983  82.2989
82.2952  82.2909
82.2989  82.2829
82.2991  82.2963
82.2932  82.2927
82.2961  82.2985
82.2966  100
82.2918  82.2984
82.2921  82.2959
82.2954  82.2984
82.2996  82.2851
82.2918  82.297
82.2994  82.2906
82.2888  82.2969
82.2879  82.2985
82.2969  82.2771
82.2959  82.2988
100  82.2922
82.2997  82.299
82.2959  82.2911
82.2994  82.2982
82.2991  82.2986
82.2812  100
82.2906  82.2852
82.2966  82.2973
82.2989  82.2995
82.2954  82.2992
82.2965  82.2909
100  82.2977
82.299  82.2994
82.2805  82.2968
82.2979  82.2977
82.2921  82.2872
82.2956  82.297
82.2913  82.2943
82.2983  100
82.2811  82.2911
82.2877  82.2785
82.292  82.2977
82.2975  82.2985
82.2964  82.2954
82.2861  100
82.2995  82.2982
82.289  82.297
82.2988  82.2935
82.2927  82.2943
82.2911  82.2875
82.2938  82.2887
82.2978  82.299
82.2944  82.2818
82.293  82.296
82.2953  82.2907
82.2926  82.2995
82.296  100
82.2905  82.2959
82.2984  82.2978
82.2941  82.2993
82.2961  82.2974
82.2895  82.2882
82.2997  82.2959
82.2981  82.2979
82.2952  82.2993
82.2994  82.2964
82.2883  82.2999
82.2929  82.2947
82.2998  82.2996
82.2975  82.2974
82.2868  82.296
82.2966  82.2949
82.2963  82.296
82.2951  82.2994
82.2911  82.2991
82.2959  82.2928
82.2926  82.2974
82.2907  82.2978
82.2995  82.2947
82.2982  82.2941
82.2848  82.2948
82.2883  100
82.2876  82.2887
82.2944  82.2984
82.2861  82.2859
82.296  82.2877
82.2826  82.2963
82.2986  100
82.2932  82.2923
82.298  82.2841
82.2956  82.2922
82.2982  100
82.2926  82.2947
82.2899  82.298
82.2916  100
82.2988  82.2913
82.295  82.2979
82.2979  82.2973
82.2998  82.2955
82.2967  82.298
82.2961  82.2886
82.2932  100
82.296  82.2971
82.2947  82.2967
82.298  82.2979
82.2858  82.2779
82.2805  100
82.2928  100
82.2994  82.2998
82.2971  82.2977
82.2989  82.2884
82.2994  82.2999
82.2958  82.2942
82.2992  82.2746
82.2983  82.2976
82.2969  82.2943
82.2994  82.2929
82.2947  82.2943
82.3  82.2983
82.2991  82.2982
82.2953  82.2946
82.2915  82.2984
82.2762  82.2991
82.2997  82.2881
82.2972  82.2901
82.2914  82.2992
82.2988  100
82.2944  82.2965
82.2987  82.2954
100  82.2909
82.2944  100
82.2955  82.2953
82.2961  82.2932
82.2946  82.2991
82.2808  82.2992
82.293  82.2993
82.2892  100
82.2933  82.2966
82.2965  82.295
82.2909  82.2866
82.2995  82.2997
82.2987  82.2984
82.2926  82.2918
82.2978  82.299
82.2965  82.2944
82.299  82.2946
82.2996  82.2867
82.2958  82.2953
82.2982  82.2948
82.2947  82.2947
82.2934  82.297
82.295  82.2976
82.2987  82.281
82.2908  82.2937
82.2976  82.2904
82.2922  82.2978
100  100
82.2817  82.2886
82.2939  82.2964
82.2929  82.2893
82.2947  82.2947
82.2962  100
82.2948  82.2984
82.2981  82.2915
82.2978  82.299
100  82.2977
82.297  82.2972
82.2999  82.2946
82.2963  82.2953
82.2994  82.2977
100  82.2996
82.2996  82.2977
82.2936  82.295
82.2994  82.292
82.2949  82.2994
82.2999  82.2852
82.2939  82.2985
82.2992  82.2889
82.2895  82.2953
82.2991  82.2982
82.2927  82.2995
82.2849  82.2843
82.3  82.2977
82.2967  82.2946
82.2938  82.2938
82.2998  82.2903
100  100
100  82.2893
100  82.2947
82.2972  82.296
82.2979  82.2894
82.296  82.2998
82.2977  100
82.2957  82.2996
82.2836  82.2991
82.2821  82.2961
82.2956  82.2999
82.2975  82.2952
82.2932  82.2981
82.2872  82.2992
82.2984  82.2939
82.2961  82.2981
82.2992  82.2992
82.2834  82.2939
82.2964  82.2917
82.2983  82.2791
82.2945  82.2905
82.2956  82.2914
82.2964  82.2934
82.2867  82.2783
82.2999  82.2878
82.2675  82.2887
82.2995  82.2942
82.2968  82.2993
82.2981  82.297
82.2993  82.2841
82.2935  82.2987
82.2908  82.2969
82.2826  82.2962
82.2987  82.2974
82.2988  82.2926
82.2973  82.2916
82.2999  82.2964
82.2932  100
82.2992  82.2902
82.2993  82.2917
82.2917  82.298
82.2888  100
82.296  82.2999
100  82.2802
82.2985  82.2816
82.2958  82.2953
82.2955  82.2966
82.2966  82.2816
82.2958  100
82.2956  82.2935
82.298  82.298
82.297  82.2975
82.2947  82.2999
82.2962  82.2932
82.2978  82.2995
82.2978  82.2967
82.296  82.2914
82.2999  82.2942
82.2975  82.2668
82.2975  82.2979
82.2964  82.2857
82.2993  100
82.2953  100
82.2985  82.2965
82.283  82.2952
82.2971  82.2943
82.2909  82.2986
82.2976  82.2989
82.2964  82.2967
82.2985  82.299
82.2997  82.2985
82.274  100
82.2967  82.289
82.2964  82.299
82.2996  82.2939
82.2995  82.2941
82.2955  82.284
82.2949  82.2961
82.2982  82.2978
82.2868  82.2941
82.2964  82.2972
100  82.2995
82.2998  100
82.2996  82.2996
82.299  82.2937
82.2976  82.2997
82.2924  82.2995
100  82.2998
82.2753  82.2969
82.2979  82.2977
82.297  82.2825
82.2993  82.2898
82.2983  82.2976
100  82.2913
82.2996  82.2996
82.2962  82.2946
82.2995  100
82.2987  82.2993
82.2975  82.2997
82.2952  82.299
82.2969  82.2973
82.2992  82.2954
82.2989  82.2989
82.2897  82.2955
82.2929  82.2986
82.2977  82.2966
82.2992  82.2991
82.2998  100
82.2895  82.2945
82.2934  82.2869
82.2911  82.2934
82.2954  82.2994
82.2897  82.2879
82.291  82.2997
82.2779  82.2917
82.294  82.2987
82.2956  82.2994
82.2989  82.2953
82.2995  82.2908
82.2935  82.2852
82.2915  82.2978
100  82.2952
82.2983  82.2949
82.2995  82.298
82.2925  82.3
82.28  82.2979
82.2988  82.2979
82.2963  82.2979
82.2987  82.2974
82.2988  82.2982
82.2976  82.2962
82.2999  82.295
82.2936  82.2887
82.2931  82.2891
82.2983  100
82.2998  82.2957
82.2963  82.2945
82.2968  82.2999
82.2954  82.2952
82.2979  82.299
82.2906  82.2949
82.2986  82.287
82.2973  82.2998
82.2995  82.2919
82.2946  82.2939
82.2926  82.2994
82.2974  82.2939
82.2997  82.2975
82.2776  82.2983
82.299  82.3107
82.2993  82.299
82.2985  82.2985
82.2982  82.2958
82.2909  82.298
82.2983  82.2999
82.2716  82.2926
100  82.2999
82.2972  82.2927
82.2902  82.2984
82.2939  82.2984
82.2969  82.2934
82.2949  82.2953
82.2987  82.2954
82.2956  82.2901
82.2996  82.2884
82.299  82.2936
82.2951  82.293
82.2929  82.2916
82.295  82.2881
82.2993  82.2983
82.2931  82.2951
82.2999  82.2878
82.2988  82.2927
82.2979  82.2955
82.2904  100
82.2845  82.2977
100  82.298
82.2925  82.2741
82.2992  82.2975
82.2857  82.2962
82.2941  82.2842
82.2955  82.2907
82.2986  82.296
82.2915  82.2937
82.2904  100
82.2989  82.2961
82.2912  82.2981
82.2995  82.2976
82.2938  82.2908
82.2997  82.2995
82.2943  82.2851
82.2983  82.2912
82.2851  82.293
82.2981  82.2939
82.2973  82.2994
82.2998  82.2986
82.3085  82.2881
82.2967  82.2745
82.2969  100
82.2976  100
82.2928  82.2984
82.3  82.2957
82.2858  82.2991
82.2984  82.2879
82.2929  82.2889
82.2994  82.2986
82.2986  82.2991
82.2671  82.2998
82.2944  82.2942
82.297  82.2814
82.2927  100
82.2844  100
82.2989  82.295
82.2957  82.292
82.2932  82.2983
82.2976  82.2973
82.2975  100
82.298  82.2974
100  82.2841
82.2983  82.2941
82.2958  82.2979
82.2963  82.2903
82.2976  100
82.2967  100
82.2942  82.2807
82.2893  82.2964
82.2972  82.2965
82.2949  82.2964
82.2986  82.2937
82.2862  82.2902
82.296  82.2936
82.2975  82.2834
82.2986  82.2977
82.2938  82.2943
82.2914  82.2893
82.2982  82.293
82.2992  82.2953
82.2961  82.2986
82.2949  82.2976
82.2999  82.2957
82.2988  82.2979
82.2995  82.2998
82.2997  82.2919
82.2996  82.2841
100  82.2901
82.2886  82.2995
82.2866  82.2975
82.2995  82.2995
82.2967  82.2968
82.297  82.2974
82.2965  82.2983
82.2921  82.2892
82.2931  82.285
82.2963  100
82.299  82.2972
82.2928  82.2983
82.298  82.2999
82.2849  82.2941
82.2972  100
82.2921  82.2944
100  82.299
100  82.2979
82.2997  82.2949
82.2945  82.2946
82.2989  82.2984
82.2958  100
82.2977  82.2963
82.2957  82.298
82.2917  82.2888
82.2962  82.2986
82.2753  82.2863
82.2926  82.2851
82.2951  82.2966
82.2897  82.287
82.2976  82.2981
82.2936  82.2962
82.2996  82.2983
82.2931  82.2998
82.297  82.2979
82.2932  82.2949
82.2893  82.2758
82.2893  82.2945
82.2985  82.2878
82.2962  82.3
100  82.2957
82.295  82.2998
82.2871  82.2947
82.296  82.2935
82.2934  82.2931
82.2909  82.2984
100  82.2988
100  82.2919
100  82.298
82.2978  82.2902
82.297  82.2943
82.2911  82.2976
82.2997  82.2992
82.2896  100
100  82.2999
82.2933  82.2938
82.2993  82.2943
82.296  82.29
82.2925  100
82.2973  100
100  82.2955
82.2898  82.2944
82.2866  82.2947
82.2944  82.2786
82.2998  82.2954
100  82.2976
100  82.2907
82.2996  82.2972
82.2992  82.2866
82.2985  82.2995
100  82.2999
82.2989  82.2936
100  82.2941
82.2989  100
82.2945  82.2948
82.2971  82.2978
100  82.2968
82.293  82.2842
82.2772  82.2994
100  82.298
82.2985  82.285
82.2991  82.2953
82.2909  82.2883
82.2947  82.29
82.2914  82.2939
82.2979  82.2941
82.2995  100
82.298  82.2957
82.2997  82.2981
82.2848  82.2854
82.2963  82.2987
82.2998  82.3
82.3172  100
82.2974  82.2994
82.2998  82.2955
82.2993  82.2883
82.2915  82.2996
82.298  82.2726
82.2907  82.2879
82.2973  82.2904
100  82.2939
82.2981  82.295
100  82.299
100  82.2847
82.2966  82.2796
82.2978  100
82.2995  82.2916
82.2954  82.2989
82.2964  82.2899
82.2952  82.2937
82.2958  82.2982
82.2854  82.2962
82.2988  82.2944
82.3  82.2989
82.2992  82.2932
82.2979  82.2898
82.2937  82.2986
82.2965  100
82.2984  82.296
82.2984  82.2967
82.2934  82.2992
82.2971  82.2822
82.2954  82.2985
82.2962  82.2978
82.2946  82.291
82.2993  82.2998
82.2982  82.2955
82.2901  82.2919
82.2878  82.2995
82.2959  100
100  82.2997
82.2976  82.2984
82.2996  82.2958
82.2984  82.2961
82.298  82.2993
82.3784  82.2967
82.2968  82.298
82.2997  82.2956
82.2886  82.29
82.2974  82.2956
82.2894  82.2982
82.2957  82.2977
82.2878  82.2993
82.2881  82.3
82.2859  82.2981
82.2999  82.2887
82.2971  82.2988
82.2944  82.2964
82.2971  82.2988
82.2926  100
82.2948  82.299
82.2973  82.2978
82.2957  82.2949
82.292  82.2938
82.2931  82.2932
82.2885  82.2963
82.2999  82.2997
82.2788  82.2963
82.297  82.2987
82.2998  82.2984
82.2982  82.2995
82.2953  82.2963
82.2938  82.2991
82.2975  82.2899
82.2991  82.2945
82.2909  82.2992
82.2946  82.2997
82.2994  82.292
82.2923  82.2895
82.2946  82.3
82.2988  82.2927
82.2959  82.2949
82.2966  82.2972
82.2873  82.2915
82.2993  82.2931
100  82.2999
82.2993  82.2971
82.2954  82.2991
82.2966  100
82.2974  82.2912
82.2961  82.2761
82.2998  82.2981
82.2962  82.294
82.2948  82.2995
82.2993  82.2986
82.296  82.2902
82.2884  82.2975
82.2979  82.2972
82.2894  82.2987
82.2739  82.2974
82.2999  82.2958
100  82.2981
82.2976  82.2971
82.2978  82.2865
82.298  82.2872
82.297  82.2994
82.297  82.2911
82.2748  82.2925
82.3028  82.2924
82.294  82.2903
100  82.298
82.287  82.2995
82.2916  82.2953
82.299  82.2994
82.2997  82.2908
82.2917  100
82.2997  82.2826
82.2916  82.2999
82.2987  82.2857
82.2913  82.2903
82.2983  82.2994
82.2992  82.2986
82.2906  82.2955
82.2994  82.2888
82.2936  82.2892
100  82.3
82.2984  82.2891
82.2978  82.297
82.299  82.2894
82.2983  82.2957
82.2907  82.2958
82.2951  82.297
82.2919  82.2958
82.2967  82.2911
82.2981  100
82.2943  82.2968
82.3117  82.2934
82.2984  82.2888
82.2991  82.2982
82.2997  82.2978
82.2927  82.2916
82.2842  82.2983
82.2904  82.2957
82.2975  82.2937
82.2948  82.2996
82.294  82.299
82.2992  82.2963
82.2981  82.2919
82.2981  82.2928
82.2995  82.2959
82.2946  82.2932
82.2919  82.2991
82.2911  82.2999
82.2993  82.2974
82.2942  100
82.2934  100
82.2945  82.2921
82.2845  82.2964
82.277  82.2947
82.2925  82.2947
100  100
82.3  82.2992
82.2966  82.294
82.274  82.299
82.2988  82.298
82.2908  82.2929
82.3  82.2973
82.2888  82.2955
82.2996  82.2977
82.298  82.2993
82.2989  82.2971
82.2937  82.2948
82.2998  82.2993
82.2993  82.2971
82.2987  82.2993
82.2996  82.2961
82.2972  82.2986
82.2946  82.2879
82.2977  82.2957
82.2982  82.293
82.2984  82.2998
82.2943  82.2981
82.299  82.2938
82.2987  82.2907
82.296  82.2985
82.2971  82.299
82.298  100
82.2995  82.3
82.2957  82.2985
82.2998  82.2971
82.2929  82.2904
82.2959  82.2994
100  82.298
100  82.2922
100  82.2951
82.2977  82.2992
100  82.2977
82.2933  82.2925
82.2983  82.2978
82.2968  82.2969
82.2978  82.2929
82.3  82.2948
82.2988  82.2861
82.2957  82.2925
82.2862  82.2875
82.2912  82.2996
82.2973  82.2919
82.2958  82.2986
82.299  82.2994
82.2972  82.2931
100  82.2955
82.2942  82.299
82.2979  100
82.2966  82.2977
82.2998  82.2887
82.2976  82.2969
82.2989  82.2943
82.2996  82.2995
82.2918  82.2995
82.2867  82.2974
82.2972  82.2957
82.2964  82.3
82.2989  82.2938
82.2829  82.2867
82.2812  82.2822
82.2995  82.299
82.2932  82.2892
82.2988  82.2915
82.2991  82.2969
82.2975  82.2998
82.2965  82.2949
82.296  82.3
82.2966  82.2974
82.2916  100
100  82.2991
82.2955  82.2973
82.2829  82.2974
82.2975  82.2873
82.2984  82.2936
82.2998  82.2991
82.2995  82.2967
82.2961  82.2994
82.2945  82.292
82.2934  82.2915
82.2975  82.2998
82.2966  82.2981
82.287  82.2981
82.2994  82.297
82.2946  82.2974
82.299  82.2973
82.2977  100
82.296  82.2801
82.2979  82.2999
82.2914  82.2986
82.2992  82.2952
82.2981  82.2998
82.2994  82.2988
82.298  82.2975
82.2994  82.2988
82.2993  82.2984
82.2921  82.2996
82.2894  82.2977
82.2996  82.2996
82.2981  82.2924
82.2931  82.293
82.2961  100
82.2977  82.2991
82.2994  82.2931
82.2908  82.2999
82.2987  82.2988
82.296  82.2947
82.293  82.2998
82.2801  82.2941
82.2975  82.2983
100  82.2925
82.2971  82.2826
100  82.286
82.2992  82.2997
82.2967  82.2934
82.2971  82.2999
82.2967  82.2968
82.2899  82.2984
82.2952  82.2993
82.2887  82.2832
82.2983  82.2991
100  82.2874
82.298  82.2882
82.2973  100
82.2989  82.296
82.2945  82.2957
82.2989  82.2965
82.2984  82.2993
82.2981  82.2924
82.2976  82.297
82.2998  82.2798
82.2994  82.2999
82.299  82.2899
82.2969  82.2975
82.2979  82.299
82.2937  82.2973
100  82.2968
82.2879  82.2922
82.2988  82.2928
82.2971  82.2964
82.2982  82.299
82.2999  82.2957
82.2981  82.2956
82.2988  82.2986
82.2943  82.2938
82.2999  82.294
82.286  82.2966
82.3  82.289
82.2974  82.2996
82.2959  82.2908
82.2965  82.2996
82.2946  82.2963
82.2993  82.2998
82.2913  82.2996
82.2971  82.2969
82.2935  82.2987
82.2981  82.2984
82.2922  82.2993
82.2998  82.2966
82.2734  82.2841
82.2964  100
82.2966  100
82.2953  82.2858
82.2965  100
82.2989  82.299
82.2994  82.2947
82.2982  82.2993
82.2965  82.2941
82.2951  82.2982
82.2972  82.2934
82.2998  82.2951
82.2904  82.2999
82.2956  82.3
82.2912  82.2994
82.2984  82.2939
82.2998  82.2864
82.2996  100
82.2932  82.289
82.2968  100
82.2842  82.299
82.297  82.2986
82.297  82.2958
82.2998  82.2981
82.2945  82.2995
82.2959  82.2928
82.292  82.2977
82.2907  82.2955
82.2944  82.298
82.2793  82.2858
82.2925  82.2918
82.2951  82.2963
82.2912  82.2999
82.2961  82.2868
82.2955  82.2947
82.2713  82.2988
82.296  82.2963
82.299  82.2959
82.2807  82.2954
100  82.2909
82.2918  82.2987
82.2977  82.2936
82.299  82.2992
82.2973  82.2997
82.2965  82.2918
100  82.2957
82.2974  82.2951
82.3014  82.2989
82.2951  82.2987
100  82.2984
82.3  82.2978
82.2927  82.2842
82.2983  82.2971
82.2992  82.29
82.2995  82.295
82.2991  82.2998
82.2946  100
82.2989  82.2972
82.2982  82.2934
82.2984  82.2874
82.2987  82.2999
82.2997  82.299
82.2998  82.2985
82.2948  82.2995
82.2983  82.2877
82.2914  82.2964
100  82.2983
82.2937  82.2903
100  82.2954
82.2966  82.2988
100  82.297
82.2994  82.299
82.2991  82.2981
82.2924  82.2985
82.2964  82.2866
82.2967  82.2936
82.2925  100
82.2706  82.282
82.2976  82.2986
82.2943  82.2985
82.295  82.2998
82.2957  100
82.299  82.2987
82.2997  82.2886
82.2968  82.2929
82.2928  82.2975
82.2988  82.2954
82.2982  82.2998
82.299  82.2965
82.2955  100
82.2968  82.2875
82.2989  82.2955
82.2933  82.2967
82.2865  100
82.2981  82.2937
82.2798  82.2965
82.2861  82.2994
82.2979  82.2996
82.2946  82.2972
82.28  82.2942
82.2971  82.2979
82.2732  82.2962
82.2996  82.2996
82.2985  82.2973
100  100
100  82.2947
82.2814  82.2721
82.2995  82.2836
82.2914  82.2997
82.294  82.2954
82.2976  82.2991
82.2976  82.294
100  82.2878
82.298  82.2833
82.2954  82.2976
82.2997  82.2937
82.2997  82.2981
82.2936  100
82.2982  82.2931
82.2986  82.292
82.2892  82.2983
82.2976  82.2857
82.2973  82.2982
82.2957  82.2996
82.2966  82.2959
82.2993  82.2974
82.2963  82.2962
82.2984  82.2995
82.299  82.2997
100  100
82.291  82.2892
82.2899  82.2962
82.2899  82.2971
82.2983  82.2945
82.2969  82.2998
82.2973  82.2947
82.2912  82.2961
82.2919  82.2989
82.288  82.2938
82.2894  82.297
82.2996  82.2718
100  82.2989
82.2999  82.2999
82.2927  82.2934
82.2933  82.2969
82.2944  82.2944
82.297  82.2933
82.299  82.2895
82.2959  82.297
82.2956  82.2929
82.299  82.2803
82.285  82.2863
82.299  82.294
82.2944  82.2993
82.277  82.2983
82.2769  100
82.2858  82.2963
100  82.2982
100  100
82.2963  100
82.284  82.2974
82.2951  82.2876
82.3  82.2922
82.2966  82.2996
82.297  82.2979
82.3  82.2996
82.2978  82.2913
82.2987  82.2873
82.2938  82.2975
82.2942  100
82.285  82.2897
82.2889  82.2943
82.2995  82.2879
82.2846  82.2969
82.2978  82.2968
82.2961  82.2889
82.2944  82.2995
82.2973  82.2783
82.2995  82.2977
100  82.2805
82.2973  82.2971
82.297  82.2854
82.2954  82.2985
82.2975  82.2993
82.2976  82.2929
82.2995  82.2964
82.2998  82.2976
82.2923  82.2936
82.2925  100
82.2853  82.3
82.2875  100
82.2968  82.2986
82.2963  82.2911
82.2904  82.2959
82.2991  82.2946
82.2994  82.2964
82.2995  82.2935
100  82.2922
82.3  82.3
82.2961  82.3
82.2972  82.2999
82.2978  82.2868
82.2976  82.2974
82.2965  82.2951
82.2957  82.2891
100  82.2956
82.299  82.296
82.2971  82.2887
82.2912  82.2935
82.2917  82.2945
82.2994  82.2989
82.2949  82.297
82.2997  82.2994
82.2849  100
82.2976  82.2964
82.2924  82.3
82.2989  82.2971
82.2958  82.2969
82.2968  82.2892
82.2827  82.2997
82.2899  82.3
82.2983  82.2987
82.2971  82.2857
82.2918  82.2794
82.2989  82.2989
82.296  82.2896
82.2942  82.2964
82.2947  82.2937
82.2896  82.2956
82.2876  82.2899
82.2888  82.2985
82.2984  82.294
82.2977  82.2975
100  100
82.2981  82.2968
82.2846  100
82.2915  100
82.2968  82.2987
82.2962  100
82.2987  82.3
82.2981  82.2898
82.2998  82.2981
100  82.2981
82.2931  82.2926
82.2982  82.2995
82.2845  100
82.2953  82.2999
82.2966  82.2952
100  82.2843
82.2951  82.2971
82.2979  82.2961
82.2997  82.2994
82.2994  82.2862
82.2974  82.294
82.2973  82.299
82.2985  82.2958
82.282  82.2967
82.2979  82.2995
82.2975  100
100  82.2989
82.2946  100
82.2904  82.2978
82.2962  82.2966
82.2925  82.2974
82.2978  82.2976
82.2965  82.2931
82.2989  82.2997
82.2985  82.2992
82.2931  82.2972
82.2982  82.2942
82.2902  100
82.289  82.2985
82.298  82.2965
82.299  82.2972
82.2965  100
82.2989  100
82.2977  82.2971
82.2921  82.2957
82.299  82.2928
82.2984  82.2995
82.2979  82.298
82.2969  82.2841
82.295  82.2961
100  82.2957
82.2991  82.2995
82.298  82.3
82.2969  82.2991
82.2867  82.297
82.2908  100
82.2927  100
82.2918  82.2988
82.2962  82.2929
100  82.2896
82.2914  82.2994
100  82.2782
82.297  82.2835
82.2969  82.2996
82.2998  82.295
100  82.2776
100  82.2999
82.294  82.2998
82.2969  82.2929
82.2978  82.2999
82.2932  82.2907
82.299  82.2935
82.2926  82.2971
82.2941  82.2935
82.2975  82.2984
82.2974  82.2956
82.2947  82.2994
82.2983  82.2963
82.2997  82.2928
82.2952  82.2979
82.2953  82.2955
82.2995  82.2979
82.2982  82.2921
82.2947  82.2916
82.2988  82.2928
82.2953  82.2915
82.2998  100
82.2991  82.2957
82.2882  82.296
82.2987  82.2803
82.2877  82.2968
82.2911  82.298
82.298  100
82.2952  82.2978
82.2989  82.2999
82.2871  82.2929
82.2977  82.2989
82.2914  82.2945
82.2924  100
82.2998  82.2964
82.2925  82.2947
82.2943  82.2946
82.2971  82.2964
82.2952  82.2894
82.2961  82.2985
82.2931  82.2988
82.2815  82.2651
82.2974  82.2991
82.2922  82.2997
82.2998  82.2965
100  82.2974
82.2942  82.294
82.2901  82.2914
82.2943  82.2991
82.2876  82.2897
82.2962  82.2962
100  82.297
82.298  82.2977
82.2907  82.2975
82.297  82.2972
82.2989  82.2939
82.2991  82.2981
100  82.2937
82.2976  82.2933
82.2883  82.2997
82.2988  82.2965
82.2963  82.2986
100  82.2957
82.2998  82.299
82.2976  82.2961
82.2958  100
82.2983  82.294
82.2886  100
82.292  82.2985
82.2937  82.291
82.2893  82.2946
82.2951  82.3
82.2927  82.297
82.2993  82.2988
82.297  82.2998
82.2992  82.2977
100  82.2997
82.2942  82.2998
82.2985  82.2883
82.2978  82.2871
82.2982  82.2996
82.2972  82.297
100  82.2701
82.2981  82.2857
82.2903  82.2926
82.2987  82.2936
82.2983  82.296
82.2948  100
82.2998  82.2973
82.296  82.2974
82.2999  82.2904
82.2988  82.2993
82.2892  82.2949
82.2999  82.2996
82.299  82.2986
82.2984  82.2992
82.2999  82.2966
82.2983  82.2829
100  82.2964
82.2963  82.2958
82.2944  82.2934
82.299  82.2935
82.2964  82.299
82.2965  82.2926
82.2988  82.2985
82.2992  82.298
82.2952  82.2981
82.2968  82.2974
82.2994  82.2965
82.2949  82.2968
82.2947  82.2975
82.2837  82.2991
82.2995  82.2881
82.297  82.2968
82.2993  82.2924
82.2998  82.2979
82.2966  82.2934
82.2987  82.2948
82.2896  82.3
82.3  82.2994
82.2876  82.2934
82.2932  82.2924
82.2902  82.2949
82.2624  82.2997
100  82.2997
82.2979  82.2933
82.2998  82.2952
100  82.2999
100  82.2982
82.2904  82.2996
82.2849  82.2937
82.2987  82.2993
82.2982  82.2948
82.3  82.2947
82.2997  82.2952
82.2864  82.2978
82.2985  82.291
82.2968  82.2963
82.2989  82.2962
82.2864  82.2904
82.2862  82.2964
82.2966  82.2988
82.2856  82.2918
82.2971  82.2991
82.2938  82.2901
82.2959  82.2821
82.2877  100
82.2993  82.2987
82.2977  82.2851
82.298  82.2976
82.2974  82.2971
82.2959  82.2988
100  82.2981
82.2768  82.2972
82.2892  82.2976
100  82.2942
82.2909  82.2978
82.2959  82.2906
82.2938  82.2945
82.2938  82.2966
82.2798  100
100  82.2964
82.297  82.298
82.2962  82.2821
82.2951  82.2806
82.2955  82.2979
82.2966  82.2962
82.2931  82.2947
82.2973  82.2951
82.2964  82.2867
82.2915  82.2975
82.2988  82.2935
82.2912  82.2978
82.2864  82.2971
100  82.2859
82.2983  82.2987
82.2955  82.2989
82.2908  82.2963
82.2904  82.2995
82.2997  82.297
82.2872  82.2965
100  82.2955
82.2965  82.2948
82.2986  82.2994
82.2957  82.2989
82.2949  82.2935
82.2856  82.2922
100  82.2932
82.2975  82.2995
82.2944  82.2972
82.2993  82.2982
82.2996  82.2896
100  82.2929
100  82.2996
82.2993  82.2917
82.2882  82.2997
82.2985  82.299
82.2891  82.2987
82.2841  82.2926
82.2997  82.2887
82.2948  82.2941
82.2954  82.2987
82.2917  82.2993
82.2717  82.2976
82.2952  82.2944
82.2974  82.2985
82.2935  82.2989
82.2981  82.2954
82.2922  100
82.298  82.2957
82.2949  82.2988
82.2925  82.2894
82.2815  100
82.2967  82.2999
82.298  82.2981
82.298  82.2892
82.2929  82.2956
82.2994  82.2882
82.298  82.2951
82.2991  100
82.2974  82.2937
82.2977  82.2958
82.2992  82.2948
82.2942  82.296
82.2937  82.2905
100  82.2919
82.2988  82.2918
82.2986  82.2843
82.2971  82.2884
100  100
82.2963  82.2936
82.2999  82.2985
82.2955  82.2949
82.2984  82.295
82.2997  82.2973
82.2929  100
82.2977  82.2987
82.2923  82.2965
82.298  82.2982
82.2976  82.2978
82.2995  82.2998
82.2817  100
100  82.297
82.2999  82.2947
82.2925  82.2939
82.2969  82.2999
82.2995  100
82.2921  82.2938
82.2963  82.2939
82.2939  100
82.2985  82.299
82.2935  82.2969
82.2963  82.2946
82.2937  82.2929
82.2926  82.2998
100  82.2971
82.2883  82.2977
82.2965  82.295
82.298  82.2956
82.296  82.2982
82.2959  82.2987
82.2988  100
82.2928  82.2998
82.2948  82.2897
100  82.2965
82.2994  82.2984
82.2986  82.2914
82.2984  82.2992
82.2985  82.2988
82.2931  82.2984
82.2911  82.2959
82.2988  82.2978
82.2888  82.2988
82.2982  82.2949
82.298  82.278
82.2981  82.2981
82.297  82.2987
100  100
82.2995  82.2993
82.2966  82.2743
82.2975  82.2963
82.29  82.2938
82.2976  82.2949
82.2965  82.2908
82.2994  82.2967
82.2999  100
82.2899  82.2954
82.2956  82.2951
82.2898  82.293
82.2799  100
82.2997  82.3
82.2993  100
100  82.2964
82.2872  82.299
82.2937  82.2958
82.2962  82.2947
82.2835  100
82.2946  82.2981
82.2996  82.2859
82.2983  82.2953
82.2939  82.2831
82.2953  82.2975
82.2986  82.2999
82.2998  82.2978
100  82.2849
82.2984  82.2936
82.2973  82.2958
82.296  82.271
82.2864  82.2944
82.2986  82.2972
82.2983  100
82.2941  82.2964
82.2957  82.2971
82.2923  82.2983
100  82.2989
82.2915  82.2957
82.2938  82.2986
82.2934  82.2937
82.2999  82.2981
82.2994  82.2991
82.2927  82.2938
82.2993  82.2966
82.2902  82.2998
82.2956  100
82.2977  82.2978
82.2964  100
82.2824  82.2962
82.2956  82.2958
82.2988  82.2933
82.2995  82.2999
82.2956  82.2946
82.2953  82.2967
82.2983  82.2919
82.2838  82.2832
82.2978  82.2922
82.2938  82.2785
82.2992  82.2879
82.2947  82.2999
82.2959  82.2943
82.3  82.2856
100  82.294
82.2972  82.297
82.2999  82.2959
82.2956  82.2987
82.2839  82.2954
82.2968  82.2973
82.2949  82.2991
82.2966  82.2895
82.2933  82.2971
82.2959  82.2996
82.2955  82.2967
100  82.2985
82.2904  82.2902
82.2946  82.2953
82.2903  100
82.2964  82.2972
100  100
82.2934  82.2983
82.2899  82.2989
82.2999  82.2993
82.2965  82.2925
82.2963  82.2991
82.2954  82.2979
82.297  82.2971
82.2894  82.2994
82.2942  82.2971
82.2978  82.2997
82.2993  82.2863
82.2866  82.286
82.2926  82.2925
100  82.2972
82.2997  82.2971
82.295  82.2989
82.2975  82.2931
82.2895  82.2641
82.2911  82.2873
82.2873  82.2858
82.2969  82.2964
82.2993  82.2996
82.2957  100
82.2975  82.2896
82.2969  82.2905
82.2991  82.2946
82.2968  82.2968
82.2959  82.2991
82.2991  82.2984
82.2988  82.2965
82.2969  82.2985
100  82.298
82.2921  82.2844
82.2974  82.2937
100  82.2952
82.2995  82.2981
82.2964  82.2932
82.2955  82.2999
82.297  82.2987
82.298  82.2963
82.2883  82.2964
82.2993  100
82.2979  82.2996
100  82.2958
82.2967  82.299
82.2941  82.2914
82.2801  82.2989
82.2985  82.2957
82.298  82.294
82.2938  100
82.2943  82.2936
82.2963  82.2954
100  82.2958
82.2996  82.2992
82.2969  82.2919
82.2911  82.2991
100  82.2966
82.3  82.2999
82.2993  82.2972
82.2978  82.2999
82.2979  82.2948
82.2983  82.2886
82.2812  82.2987
82.2954  82.2988
82.2916  82.2983
82.2956  82.28
82.3  82.2971
82.2926  100
82.2892  82.2989
82.2941  82.2924
82.2968  82.2988
82.2982  82.2945
82.2992  82.2995
82.2977  82.2977
82.2984  82.2916
82.2911  82.2993
82.2969  82.2904
82.2988  82.2974
100  82.2972
82.2976  82.2994
82.2981  82.2954
82.2981  82.2979
82.299  82.2951
82.2842  82.2975
82.2983  82.2967
100  82.2995
82.2999  82.2995
82.2994  82.2958
82.2963  82.2913
82.293  82.2966
100  82.2938
82.2962  82.2952
82.2935  82.2952
82.2912  82.2942
82.2934  82.2976
82.2886  82.2994
82.2804  82.2976
82.2983  100
82.2998  82.299
82.2989  82.2873
82.296  82.296
82.2852  82.2931
100  82.2943
82.2978  82.2923
82.2988  82.2954
82.2972  82.2936
82.2968  82.2994
82.2908  82.294
82.2871  82.2982
82.2931  100
82.2992  82.2906
82.2966  82.2957
82.297  82.2984
82.2875  82.298
82.3  82.2986
82.2976  82.2996
82.2937  82.2915
82.2978  82.2978
82.2905  100
82.2933  82.2966
82.2999  82.2996
82.2943  82.2957
82.2973  100
82.2953  82.2977
82.2933  82.2847
82.2988  82.2927
82.2989  82.2985
82.2938  82.2929
82.2975  82.2898
82.299  82.2988
82.2979  82.2878
100  82.2939
82.2986  100
82.2933  100
82.299  82.299
82.2865  82.2962
82.2994  82.2994
82.282  82.2982
82.2999  82.2954
82.2946  82.2956
82.296  82.2976
82.2975  82.2972
82.2942  82.2987
82.2985  82.2912
82.2939  82.297
82.299  82.2876
82.2946  82.2995
82.2997  82.2914
82.2946  82.2969
82.2977  82.3
82.2979  82.2946
82.2952  82.2942
82.299  82.2939
82.2914  100
82.2953  82.2978
82.299  82.2997
82.2978  82.2971
82.2898  82.2992
82.2957  82.2978
100  82.2909
82.2918  82.2949
82.2972  82.2984
82.2927  82.2993
82.2938  82.2979
82.2972  82.2923
100  82.2996
82.2965  100
82.2983  82.2951
82.2987  82.2728
82.2977  82.2947
100  82.2997
82.2999  82.2995
82.2983  82.2954
82.2983  82.2977
82.2964  82.2956
82.2995  82.2945
82.296  82.2967
82.2989  82.2969
82.2944  82.2925
82.2961  82.2961
82.2854  82.2998
82.2959  82.2971
82.2929  82.2995
82.2797  82.2988
100  82.2938
82.2973  82.2966
82.2988  82.2995
82.2929  82.2933
82.2918  82.2957
82.2972  82.2917
82.2776  82.2958
82.2896  82.2999
82.2997  82.2961
82.2985  82.2882
82.2927  82.2994
82.2983  82.2901
100  82.2901
82.2835  82.2981
82.2964  82.2905
82.3077  82.2994
82.292  82.2957
82.2915  82.2947
82.2979  82.2781
82.2887  82.3
82.2993  82.298
100  100
82.2994  82.2851
82.2928  100
82.298  82.2996
82.2965  82.2976
82.2938  82.296
82.2785  82.2937
82.2944  82.2942
82.2971  100
82.2846  100
82.2973  82.2934
82.2972  82.2849
82.295  82.2999
82.2908  82.2985
82.2944  82.2963
82.2928  82.2954
82.2939  100
82.2955  82.2977
82.2927  82.2982
82.2992  82.2938
82.2947  82.2928
82.2982  82.2919
82.2882  82.2996
82.2782  82.2949
82.2995  82.2901
82.3087  82.2896
82.2967  82.2948
82.2993  82.2986
82.2839  82.2909
82.2961  82.2884
82.2951  82.2989
82.2998  82.2979
82.2993  100
82.2992  100
82.2907  82.2957
82.2975  82.2996
82.2975  82.2934
82.297  82.2933
82.2999  82.2981
82.2994  82.2889
82.2984  82.299
100  82.2924
82.2977  82.2892
82.296  82.2999
82.2999  82.298
82.2974  82.2946
82.2944  82.298
82.2827  82.2924
82.2997  82.2808
82.2986  82.2924
82.2992  82.2991
82.2973  82.2955
82.295  82.2987
82.2992  82.2969
82.2924  82.2999
82.2974  82.2926
82.2945  82.2891
82.2936  82.2998
82.2986  82.2976
82.2819  82.2985
82.297  82.2962
82.2926  82.2977
82.2925  82.2997
82.2962  82.298
82.2911  82.2996
82.2996  82.2929
100  82.295
82.2973  82.295
82.2994  82.2994
82.2878  82.2909
82.2947  82.2935
82.2922  82.2987
82.2998  82.2987
82.2999  100
82.2963  82.2855
82.2997  82.2997
82.2881  82.2924
82.2904  82.2905
82.2957  82.2904
82.2971  82.298
82.298  82.2983
82.2926  82.2991
82.2999  82.295
82.287  82.292
100  82.2933
82.2985  82.298
82.2972  82.2773
82.2977  82.2955
82.2987  100
82.2969  82.2987
82.2991  82.2996
82.297  82.2872
82.2871  82.2952
82.2957  82.2986
82.2908  82.2914
82.297  82.2891
82.2982  82.2979
82.2967  82.2969
82.2987  82.2962
82.2985  82.2937
100  82.2969
82.2978  82.2931
82.2909  82.2981
82.2933  82.2996
82.2984  82.2942
82.2935  82.296
82.2989  82.298
82.2947  100
