1     1      660.07   658.72  
1     2      657.63   658.16  
1     3      658.59   660.51  
1     4      661.21   656.44   
1     5      656.42   660.66   
1     6      658.54   655.66   
2     1      653.75   661.29  
2     2      657.63   652.82  
2     3      656.72   657.92    
2     4      656.66   660.78   
2     5      661.5    654.26   
2     6      658.24   654.49   
3     1      660.28   654.22  
3     2      652.41   656.73  
3     3      659.03   658.58  
3     4      656.76   655.88   
3     5      653.47   657.54   
3     6      656.53   657.28   
4     1      660.14   655.1   
4     2      656.72   657.27  
4     3      654.23   659.32  
4     4      660.93   660.62   
4     5      658.99   655.39   
4     6      653.19   656.86   
5     1      662.44   656.89   
5     2      656.81   659.55  
5     3      657.21   660.31    
5     4      658.69   657.41   
5     5      657.75   659.27   
5     6      661.16   658.26   
6     1      658.39   658.1   
6     2      653.04   659.67  
6     3      657.68   654.7   
6     4      657.13   658.77   
6     5      654.78   659.44   
6     6      663.19    654.9   
7     1      663.01   658.46    
7     2      657.69   658.08  
7     3      657.02   661.11   
7     4      659.47   658.18   
7     5      656.89   658.35   
7     6      660.5    659.26   
8     1      660.35   660.94  
8     2      658.47   660.87  
8     3      660.82   662.15  
8     4      658.73   664.79   
8     5      661.05   659.45   
8     6      659.09   655.62   
9     1      658.5   654.47   
9     2      651.36   657.9   
9     3      657.07   656.71  
9     4      658.82   660.15   
9     5      658.14    659.5   
9     6      660.81   652.74   
10     1     655.82   659.1   
10     2     655.8   659.64   
10     3     661.26   653.65  
10     4     656.32   658.37   
10     5     654.92   658.66   
10     6     659.62   653.11   
