1 658.9898 659.3631 657.303 
2 655.5111 655.7046 660.2997 
3 657.4592 658.2276 653.9969 
4 655.0218 659.3119 657.8584 
5 659.297 659.9246 657.2135 
6 659.996 656.2805 656.1722 
7 658.4907 660.712 657.8076 
8 660.0576 659.2121 661.3116 
9 658.82 656.6925 656.0313 
10 659.7945 654.7249 657.0456 
11 657.5866 660.618 656.7914 
12 656.9771 656.9401 659.613 
13 659.1273 657.6454 657.0515 
14 658.9896 656.1989 660.1867 
15 657.5931 661.2356 656.5756 
16 659.6173 661.2764 657.6269 
17 661.413 658.2211 658.194 
18 658.8768 657.6461 655.017 
19 657.1156 659.6507 657.3697 
20 658.4947 657.4483 661.396 
21 656.6407 656.4911 659.8478 
22 660.9957 658.24 659.0687 
23 659.2379 658.8811 661.8141 
24 659.1138 658.4421 657.4564 
25 658.8983 658.462 660.3442 
26 659.6957 656.8689 656.3906 
27 658.6628 656.0217 660.2779 
28 660.1218 657.5314 659.5106 
29 662.5416 659.4086 657.9188 
30 658.9327 659.9615 659.2521 
31 661.2572 657.3951 656.1092 
32 657.6046 661.7212 657.4976 
33 659.9473 656.6819 658.0584 
34 660.1106 656.1623 653.5768 
35 659.0009 661.3307 657.9574 
36 658.021 657.5324 659.2738 
37 658.0445 658.2608 661.1171 
38 657.8302 655.5301 659.2645 
39 658.3302 658.1948 661.0273 
40 659.8431 661.7188 660.5077 
41 656.9204 656.0744 659.119 
42 658.785 656.8652 660.2806 
43 657.2739 658.5283 660.9449 
44 656.9992 658.2386 656.3622 
45 657.097 659.0036 655.5226 
46 660.2403 659.8627 662.5001 
47 655.2978 659.3716 657.2743 
48 661.7083 656.5117 657.6092 
49 658.8643 657.3963 660.8436 
50 658.9718 655.6747 660.0826 
51 659.1095 656.7392 660.4032 
52 657.446 658.5247 657.1878 
53 664.3053 660.676 659.9668 
54 659.8525 658.8394 663.429 
55 655.9358 656.1021 659.0492 
56 658.5987 656.5325 660.2314 
57 654.7072 656.1601 657.4735 
58 659.7255 660.383 656.8646 
59 662.1722 658.0477 657.1782 
60 661.3017 657.3654 656.9149 
61 662.1828 657.2865 658.2257 
62 659.9105 656.0026 656.2863 
63 661.6257 657.7488 656.846 
64 655.8168 659.0161 656.29 
