 658.9898 659.3631 657.303 
 655.5111 655.7046 660.2997 
 657.4592 658.2276 653.9969 
 655.0218 659.3119 657.8584 
 659.297 659.9246 657.2135 
 659.996 656.2805 656.1722 
 658.4907 660.712 657.8076 
 660.0576 659.2121 661.3116 
 658.82 656.6925 656.0313 
 659.7945 654.7249 657.0456 
 657.5866 660.618 656.7914 
 656.9771 656.9401 659.613 
 659.1273 657.6454 657.0515 
 658.9896 656.1989 660.1867 
 657.5931 661.2356 656.5756 
 659.6173 661.2764 657.6269 
 661.413 658.2211 658.194 
 658.8768 657.6461 655.017 
 657.1156 659.6507 657.3697 
 658.4947 657.4483 661.396 
 656.6407 656.4911 659.8478 
 660.9957 658.24 659.0687 
 656.9589 656.4908 659.006 
 657.7329 660.221 656.3814 
 658.9194 658.7178 657.1578 
 659.8884 659.8954 656.0505 
 658.8934 660.4102 658.4558 
 656.0567 662.473 663.7815 
 659.5027 656.1049 661.0936 
 660.6663 659.3553 661.4178 
 657.7922 660.6988 655.8905 
 657.7029 656.3227 659.8581 
 660.0696 662.5142 659.8178 
 657.9275 661.7846 658.3372 
 658.1834 655.0568 659.7525 
 659.4228 660.5299 658.6109 
 662.9984 661.9083 658.4478 
 658.3405 659.8276 657.7806 
 661.6501 656.896 658.1713 
 658.91 659.1296 661.1489 
