13.92  13.94  13.92
13.87  13.86  13.98
13.92  13.96  13.88
13.85  13.96  13.94
13.89  13.94  13.89
13.89  13.83  13.82
13.92  13.97  13.94
13.95  13.97  13.99
13.91  13.93  13.89
13.93  13.85  13.88
13.89  13.96  13.89
13.88  13.91  13.92
13.93  13.98  13.90
13.88  13.86  13.92
13.94  13.99  13.90
13.92  13.96  13.90
13.96  13.93  13.93
13.91  13.94  13.86
13.98  14.00  13.95
13.93  13.91  13.95
13.86  13.86  13.91
13.96  13.94  13.95
13.89  13.88  13.91
13.91  14.01  13.90
13.94  13.91  13.92
13.95  13.98  13.96
13.94  13.98  13.95
13.91  14.07  14.10
13.95  13.93  13.98
14.01  14.05  14.02
13.88  13.95  13.89
13.90  13.90  13.95
13.95  13.99  13.95
13.90  13.97  13.93
14.04  13.99  14.04
13.91  13.99  13.93
14.08  14.07  14.00
13.91  13.92  13.91
13.96  13.93  13.93
13.97  13.95  14.01

