1 656.9589 656.4908 659.006 
2 657.7329 660.221 656.3814 
3 658.9194 658.7178 657.1578 
4 659.8884 659.8954 656.0505 
5 658.8934 660.4102 658.4558 
6 656.0567 662.473 663.7815 
7 659.5027 656.1049 661.0936 
8 660.6663 659.3553 661.4178 
9 657.7922 660.6988 655.8905 
10 657.7029 656.3227 659.8581 
11 660.0696 662.5142 659.8178 
12 657.9275 661.7846 658.3372 
13 658.1834 655.0568 659.7525 
14 659.4228 660.5299 658.6109 
15 662.9984 661.9083 658.4478 
16 658.3405 659.8276 657.7806 
17 661.6501 656.896 658.1713 
18 658.91 659.1296 661.1489 
19 658.4004 658.6431 657.6044 
20 661.0174 657.2799 657.2395 
21 658.588 659.1312 657.3479 
