 658.51   655.14   
 657.71   656.45   
 656.81   659.68   
 657.49   659.89   
 659.27   656.15   
 660.15   656.56   
 655.64   656.25   
 655.54   658.78   
 662.09   656.15   
 658.27   660.62   
 657.89   655.62   
 656.01   661.8   
 655.06   656.46  
 658.39   659.21  
 659.83   656.13  
 659.45   658.75  
 658.67   656.85  
 654.9   661.97   
 656.47   653.55  
 656.38   655.75  
 655.59   655.57  
 659.51   657.8   
 657.63   656.41  
 654.84   657.09  
 655.69   656.12  
 654.58   659.53  
 659.09   656.01  
 656.44   658.25  
 660.8   655.67   
 656.31   660.16  
 656.34   657.64  
 655.75   654.61  
 656.45   655.2   
 657.56   657.37  
 655.34   654.78  
 657.44   661.1   
