10.20 10.21 10.11 10.15
10.12 10.17 10.13 10.15
10.12 10.17 10.20 10.20
10.11 10.16 10.18 10.20
10.15 10.17 10.11 10.14
10.19 10.20 10.11 10.18
10.10 10.13 10.11 10.13
10.14 10.16 10.18 10.22
10.20 10.22 10.10 10.15
10.12 10.16 10.12 10.15
10.19 10.20 10.12 10.14
10.12 10.13 10.20 10.21
10.09 10.16 10.14 10.17
10.16 10.17 10.17 10.20
10.17 10.19 10.09 10.11
10.17 10.18 10.10 10.11
10.18 10.19 10.14 10.18
10.17 10.18 10.20 10.21
10.10 10.12 10.10 10.10
10.14 10.18 10.10 10.12
10.12 10.18 10.11 10.13
10.16 10.18 10.14 10.14
10.11 10.16 10.14 10.16
10.10 10.12 10.10 10.12
10.11 10.12 10.10 10.13
10.11 10.14 10.16 10.18
10.17 10.19 10.12 10.13
10.11 10.13 10.13 10.14
10.18 10.27 10.11 10.13
10.11 10.15 10.15 10.17
10.11 10.13 10.10 10.13
10.10 10.11 10.12 10.14
10.13 10.13 10.10 10.11
10.12 10.12 10.09 10.11
10.12 10.14 10.12 10.13
10.11 10.14 10.14 10.16
