1  1  10.27  10.27
1  2  10.28  10.25
1  3  10.25  10.29
1  4  10.29  10.27
1  5  10.27  10.26
1  6  10.26  10.29
2  1  10.20  10.32
2  2  10.32  10.22
2  3  10.21  10.25
2  4  10.24  10.33
2  5  10.33  10.21
2  6  10.21  10.25
3  1  10.30  10.24
3  2  10.25  10.26
3  3  10.27  10.30
3  4  10.27  10.24
3  5  10.23  10.26
3  6  10.26  10.30
4  1  10.31  10.28
4  2  10.28  10.20
4  3  10.19  10.30
4  4  10.31  10.28
4  5  10.28  10.21
4  6  10.21  10.31
5  1  10.28  10.24
5  2  10.24  10.24
5  3  10.24  10.28
5  4  10.27  10.25
5  5  10.25  10.24
5  6  10.24  10.29
6  1  10.17  10.17
6  2  10.15  10.24
6  3  10.23  10.18
6  4  10.17  10.16
6  5  10.17  10.23
6  6  10.24  10.18
7  1  10.33  10.29
7  2  10.27  10.29
7  3  10.25  10.33
7  4  10.32  10.27
7  5  10.29  10.25
7  6  10.27  10.33
8  1  10.34  10.35
8  2  10.33  10.30
8  3  10.34  10.34
8  4  10.32  10.32
8  5  10.35  10.30
8  6  10.32  10.33
9  1  10.28  10.23
9  2  10.22  10.25
9  3  10.25  10.28
9  4  10.29  10.26
9  5  10.26  10.25
9  6  10.25  10.29
10  1  10.20  10.24
10  2  10.22  10.28 
10  3  10.30  10.20
10  4  10.20  10.22
10  5  10.24  10.29
10  6  10.28  10.20














